1;0.14334149591031894
2;0.18134634737291477
3;0.005712531784918418
4;0.13460637060107766
5;0.11721945013749012
6;0.14339783153629795
7;0.18626555987633764
8;0.010292570749713216
9;0.07635408803668811
10;0.06318865513194319
11;0.05267917655873011
12;0.11275352548078937
13;0.19641915185456543
14;0.17130814373468548
15;0.0996857248761389
16;0.1557657168589887
17;0.1507805349017309
18;0.07457706324029777
19;0.06018656748804339
20;0.029948222968130822
21;0.08944325189316649
22;0.055730950322142175
23;0.05307329374229557
24;0.11277442991213922
25;0.11970915003966807
26;0.042892384283642906
27;0.1077555929795489
28;0.012416848968842365
29;0.05725960385703149
30;0.09761978492533585
31;0.04743531328717068
32;0.0676975636607069
33;0.18781873985333258
34;0.19153869902401655
35;0.14553498511789853
36;0.0389555195593571
37;0.01692762644106225
38;0.13274147443171866
39;0.03661913929861924
40;0.08681180755742193
41;0.12939965406553067
42;0.10119695188259559
43;0.04814726312251519
44;0.13008429818594344
45;0.13592565607391605
46;0.172876910216784
47;0.0015461053061954335
48;0.17208573054899545
49;0.08946264678839543
50;0.00025593477485730265
51;0.18377243274704302
52;0.08075462294701417
53;0.06674657627928615
54;0.012505393422412636
55;0.05062988599737839
56;0.007827053058727619
57;0.0060890834838265295
58;0.001146185427494162
59;0.06754761136685643
60;0.12080325059318496
61;0.10311044696170057
62;0.03499773898885557
63;0.05196832345146401
64;0.14157517223781577
65;0.12439794187666023
66;0.16293963624571595
67;0.108862628289087
68;0.06479177715939932
69;0.1317129128774884
70;0.09078821417531294
71;0.17995281050478193
72;0.19207037196854482
73;0.17304369471241904
74;0.10790021532217209
75;0.07462460604219166
76;0.12745368575746913
77;0.12720674510944968
78;0.12398168509887929
79;0.15967946235679062
80;0.1858636652215513
81;0.11417306688868537
82;0.06216300959468138
83;0.11210258737004751
84;0.1597484649101592
85;0.1846632820616718
86;0.03206876823196605
87;0.02820268408186486
88;0.19832448531524172
89;0.0842990205496677
90;0.08028358612257257
91;0.07955010183153555
92;0.06104935657071469
93;0.13840630811220617
94;0.13702845441157674
95;0.1796908712139304
96;0.19193457643952005
97;0.1332507715219392
98;0.19236397565222263
99;0.04524843729644737
100;0.034013693055615905
101;0.13725259947071783
102;0.11302400316156432
103;0.10625335131594411
104;0.11999426785729812
105;0.008429320813796505
106;0.06535597907961732
107;0.12978478548381678
108;0.08772187161565614
109;0.023336102693261584
110;0.07142089372406771
111;0.027238670195409154
112;0.014000411517880763
113;0.10186946034319358
114;0.033731208627590784
115;0.1359240644548377
116;0.0301089194693974
117;0.17719597151650615
118;0.18813660053932665
119;0.15970787634536082
120;0.09362816550219318
121;0.11297618555954934
122;0.04154565865895548
123;0.10721515169584904
124;0.08284130962314458
125;0.00712805336392377
126;0.16265423328633088
127;0.0010667500938709828
128;0.14117681287700898
129;0.03271717564130572
130;0.1002374318343659
131;0.05157794549501456
132;0.13988557006116276
133;0.15229977620085064
134;0.12465440383640908
135;0.06268926575396445
136;0.14923878915372615
137;0.05822345043719282
138;0.04979661595254046
139;0.17633092446680276
140;0.12903860076386156
141;0.16453664693233858
142;0.04969999213826357
143;0.048119946606880105
144;0.07160640292354759
145;0.07557746411427523
146;0.0003131537419652997
147;0.18902983133152887
148;0.15551089374513866
149;0.13593495335075947
150;0.06666458629074455
151;0.06122530467319192
152;0.08179071087594658
153;0.006931609424792895
154;0.04288500092022336
155;0.0825182285437079
156;0.19406416561990955
157;0.1261437234570805
158;0.18165004896743553
159;0.1559108017019427
160;0.009745144165584585
161;0.17429833409726092
162;0.02575039194495754
163;0.023001366610336693
164;0.11733287270510016
165;0.03094095338710048
166;0.1655195105571684
167;0.08020177527936315
168;0.11277509458451314
169;0.18175875185972237
170;0.02068439454996922
171;0.15255337858310322
172;0.11765468694908086
173;0.039575181745073906
174;0.18475456475186436
175;0.15509599021067055
176;0.01822399613550405
177;0.03243443218955098
178;0.04457702064240226
179;0.144815652164995
180;0.015497941792829973
181;0.048018543710338424
182;0.04954280661108475
183;0.025452410645401935
184;0.040605094329950436
185;0.06006739132618007
186;0.08448840702411653
187;0.09272063843349605
188;0.15341991459480075
189;0.10824963462341229
190;0.09855303871342858
191;0.11660483425174116
192;0.14977856408592694
193;0.0949207733933001
194;0.05372456061288329
195;0.062273220109155175
196;0.006318089776560254
197;0.17019801059552997
198;0.15296576411253782
199;0.148922416539881
200;0.17855980689312564
201;0.16438040926574427
202;0.1743614812081364
203;0.07652897297933592
204;0.07319949445344427
205;0.1168894719355861
206;0.13760074634238748
207;0.1370770731291714
208;0.1689951857138026
209;0.011979948759019022
210;0.10632634361753471
211;0.01674800945651511
212;0.05670820789476188
213;0.027317525192965708
214;0.008779268874274205
215;0.1607378407176972
216;0.15518670132773343
217;0.19445289360705975
218;0.16133731166901827
219;0.07510190744475986
220;0.1294348680395064
221;0.05208954747626163
222;0.17165969813401763
223;0.0014960934811198978
224;0.1920574679237834
225;0.027031377692575534
226;0.044925542914477305
227;0.1193317391346356
228;0.1076816609967321
229;0.1582963462204982
230;0.0553604740986861
231;0.09261428944676245
232;0.06859369389867498
233;0.1815834628141316
234;0.08185748415596611
235;0.03721081148949699
236;0.13863810246756558
237;0.09661533466492478
238;0.06183825881858978
239;0.0380124017024297
240;0.06213436124569554
241;0.029850323889893726
242;0.05974709161844505
243;0.1605383251811064
244;0.14452289352255354
245;0.18288916443834544
246;0.07287088831162698
247;0.0843398333596817
248;0.017478382976126295
249;0.05813292129307286
250;0.09108665588789665
251;0.15156548358770816
252;0.18143423974681802
253;0.05352153429778091
254;0.1908784475095574
255;0.0003860423214318232
256;0.13343758422170565
257;0.03519582606433352
258;0.08740687734691897
259;0.1653939114933339
260;0.12413634009237709
261;0.1920566088353583
262;0.09886700157514848
263;0.028709314717297874
264;0.030545582550266293
265;0.1249561751480637
266;0.06995760309402824
267;0.12578365259920446
268;0.12304906485251865
269;0.058880946817786134
270;0.17303816024920282
271;0.08353917379630851
272;0.09264794627673392
273;0.004947851450338892
274;0.09302656665374809
275;0.17451899937835452
276;0.0382025174356349
277;0.07744736248434086
278;0.14965484926041647
279;0.13874650066738012
280;0.11013116259442533
281;0.16665474660303406
282;0.0801424063345356
283;0.19738495001329825
284;0.0032740881957957547
285;0.014164396488238352
286;0.06165440990064746
287;0.1664804031558142
288;0.00802126407182513
289;0.07050117459843026
290;0.18551973318391618
291;0.1570947931311847
292;0.03644758355707143
293;0.19527638998198005
294;0.12334823045478159
295;0.19379450206669518
296;0.00793917559132209
297;0.009413624808165322
298;0.09775554736379331
299;0.010701984721173586
300;0.06740864196089898
301;0.17808543325896053
302;0.13817230855881588
303;0.09482313262655495
304;0.15085574573383928
305;0.12858076574082286
306;0.13602215279216323
307;0.11192612868503118
308;0.10177709540346927
309;0.08916156870955826
310;0.1465966917227908
311;0.007525907347773564
312;0.13734354572108035
313;0.08653565402200168
314;0.0037882430428897162
315;0.08943590484333207
316;0.1710970862816013
317;0.048584263092659535
318;0.02521115186328109
319;0.15377290807531346
320;0.09739770219203406
321;0.19801549127686482
322;0.042459861250633994
323;0.14653426005614123
324;0.09446236261996313
325;0.011407382578180414
326;0.1380974121910938
327;0.01640281349822861
328;0.07968107145382664
329;0.18886514758271186
330;0.027806135178304325
331;0.16598160750177943
332;0.1657833025713377
333;0.1858878130920063
334;0.05402246568752958
335;0.1990031306326876
336;0.01692988207493582
337;0.19461574879265098
338;0.1822186884932954
339;0.02422650476130006
340;0.03580402922579438
341;0.08898394127450455
342;0.17017714533091846
343;0.1820528998470581
344;0.050009690916537376
345;0.03086612410536336
346;0.06269466772399294
347;0.05927918074592258
348;0.19988319891749984
349;0.10386536607907129
350;0.015929474486168438
351;0.17901775559784427
352;0.08030605466767116
353;0.04857057450514455
354;0.08947274323583723
355;0.13642403986980808
356;0.1907783822742557
357;0.15876127370149687
358;0.023048248784868552
359;0.058174873343793614
360;0.0290161060735755
361;0.06645104960205649
362;0.004593207366050601
363;0.06915631371990019
364;0.12708630001674248
365;0.1017451848544784
366;0.1637358177673378
367;0.16374128707760535
368;0.08322306363397303
369;0.17956044887688852
370;0.1785792430355377
371;0.19162225653997975
372;0.014334562079907687
373;0.011551467123329218
374;0.12583839927819146
375;0.006163925064976184
376;0.04412042481451579
377;0.0816977205282299
378;0.030577678194091896
379;0.059514371936777825
380;0.14005870864226339
381;0.0054798450978975404
382;0.16816618955818496
383;0.01427608618707086
384;0.17312243438619473
385;0.17303956132708861
386;0.007631057519461026
387;0.1620525840029303
388;0.03177687137910439
389;0.1838774563869725
390;0.07285097415871092
391;0.15988262948731657
392;0.16843956964137116
393;0.1508497799759906
394;0.14421059182222734
395;0.14633624857832994
396;0.06802407175838597
397;0.007908686836424983
398;0.14615830023138887
399;0.1709397285223011
400;0.10906367169718999
401;0.14352137093435383
402;0.043979307576912555
403;0.04161773387246768
404;0.0038457726702405774
405;0.10502902713691545
406;0.15559324124319526
407;0.08691824100381079
408;0.04912904362071411
409;0.1992347424490082
410;0.07263546516301377
411;0.1459438281159215
412;0.10837829020222144
413;0.08325627004734602
414;0.07021438484472944
415;0.03791636648273331
416;0.08591953020496984
417;0.19320039862000996
418;0.07266278424326482
419;0.09949597038479444
420;0.16045304513279496
421;0.021008874016909696
422;0.12879368557628168
423;0.1682346184841967
424;0.10151341699322809
425;0.01806749069850946
426;0.08080431064098381
427;0.002378231995170821
428;0.018430462282049188
429;0.10124018420156373
430;0.1017038187636059
431;0.08822984851974952
432;0.09464109367126679
433;0.07933471542969167
434;0.11721396078568046
435;0.11128545761812986
436;0.16187915658482427
437;0.17095619126807268
438;0.15213751158065336
439;0.07082176429520874
440;0.07527871654372575
441;0.11077859729518257
442;0.15812743724166659
443;0.014301552094149917
444;0.16418830550316033
445;0.010285544508328349
446;0.01358827370760516
447;0.1875179022025268
448;0.050445109066833464
449;0.04721520204412477
450;0.13666792257430624
451;0.054377336470965765
452;0.07528992360969583
453;0.10467447819620815
454;0.1010495499716261
455;0.022029808906139814
456;0.123569925930477
457;0.02391565299669303
458;0.10565015775120723
459;0.1653762332963902
460;0.03947984252012311
461;0.12553532721741026
462;0.08711847841926157
463;0.085677579532528
464;0.01734053055382292
465;0.03128170676367346
466;0.19458373212832178
467;0.1263661429886061
468;0.03485920014689308
469;0.07820336354805107
470;0.044252249532240634
471;0.07254160606398696
472;0.1744563603291091
473;0.0004046568073693191
474;0.16821365216966724
475;0.007012894498264344
476;0.10311396074866341
477;0.19996110876131767
478;0.17148296285942685
479;0.15681389105607568
480;0.110794021171691
481;0.0019909975367836895
482;0.14322636191215857
483;0.0035265082578907372
484;0.041126368182540785
485;0.0023011550232362233
486;0.10138398099905876
487;0.029130292356457255
488;0.16142170699120673
489;0.04010237605069218
490;0.19998032751726494
491;0.12758137250411866
492;0.015221399489064003
493;0.03638885796031859
494;0.07692801657468991
495;0.06094887982372332
496;0.03757381796444126
497;0.17123233852797617
498;0.05511855672558812
499;0.09259274602668739
500;0.04705340615160634
501;0.12876917376793548
502;0.11206413527913262
503;0.19698844510954
504;0.05699804548403001
505;0.03985911202526402
506;0.028867608835589854
507;0.14570609283376382
508;0.16361662618631267
509;0.17630935136667547
510;0.11717112998573696
511;0.018074100843243124
512;0.118929094021554
513;0.13459475545004418
514;0.18173927726559128
515;0.17995619722776973
516;0.199625334505968
517;0.03449601498669121
518;0.05636505693385248
519;0.04583659013093042
520;0.14260807722791358
521;0.11366522355906286
522;0.14612502460587928
523;0.14428656007800025
524;0.05791538609822214
525;0.03188939611227173
526;0.032340786595199456
527;0.15432288458570254
528;0.10693351010569281
529;0.04209389262541255
530;0.10925387411544957
531;0.07544321278645727
532;0.0031378417939992745
533;0.10984420634223419
534;0.055258370764802715
535;0.0002513385386657907
536;0.16003073218621877
537;0.18710544306576937
538;0.19773467469443107
539;0.14662574968430042
540;0.12336181069684536
541;0.17934705398590634
542;0.0749574651397155
543;0.05436739052151181
544;0.17604862872766838
545;0.07256574974805914
546;0.05929595440659106
547;0.044588567099503054
548;0.022828685889958702
549;0.1400877192898159
550;0.026995881332043316
551;0.17564335600569328
552;0.09009108506089059
553;0.09456664771607048
554;0.10935348230277563
555;0.030022907284843404
556;0.11594083664777909
557;0.1257224501083534
558;0.04717676202125496
559;0.0690415513348657
560;0.004631576201255916
561;0.12187841147942675
562;0.08628909577755473
563;0.079074469739406
564;0.024769529220446198
565;0.05374744914589083
566;0.1258449453480333
567;0.18771250390143085
568;0.0938653592192166
569;0.006381017954601553
570;0.1624538609281502
571;0.1480270864745621
572;0.03621889968406666
573;0.0865778548091535
574;0.011974738108231686
575;0.1466416272051536
576;0.13241673517275301
577;0.11088926293062827
578;0.023927677590732777
579;0.185075508685902
580;0.08996776371422588
581;0.14463372211101858
582;0.1970091926748812
583;0.09123199403043117
584;0.02842957330378977
585;0.1218233768013981
586;0.1317032813921973
587;0.16807744841286532
588;0.1049304320742005
589;0.10121321513791846
590;0.09309567328881903
591;0.028664543140654232
592;0.11366068108487588
593;0.004001018037731008
594;0.18724821269979428
595;0.18330072171182418
596;0.005707249862024067
597;0.14384955508088548
598;0.1629407392259135
599;0.09432938461612594
600;0.17008363096847684
601;0.19780395355758726
602;0.16563529902295906
603;0.09843779625074123
604;0.16056724025547978
605;0.12014471044099043
606;0.1746696587442549
607;0.06808179360043394
608;0.14986643921717205
609;0.06185094392713726
610;0.05491278069903798
611;0.0897847775581882
612;0.11787746900030216
613;0.04714767482846525
614;0.09932215388671661
615;0.08805657639137177
616;0.18724019847995876
617;0.18874075086471226
618;0.1290773197305128
619;0.024690927492970083
620;0.06256669610277343
621;0.15206386566424457
622;0.05087926642491103
623;0.09437962598407917
624;0.01597216672835311
625;0.09254147686273456
626;0.05231736427710294
627;0.17584109967239442
628;0.13626363224582708
629;0.06690089463665008
630;0.09475326811582421
631;0.11494484048285065
632;0.1569497259957089
633;0.16516534174512582
634;0.010201800842492448
635;0.1506734998705076
636;0.0310942701897035
637;0.12213841038368434
638;0.047721733203504285
639;0.19977416943761228
640;0.08888115589642978
641;0.031504103110234175
642;0.11040253152399045
643;0.10291944005233161
644;0.12363904838507137
645;0.14379032823604368
646;0.0849490414452645
647;0.1535740829422396
648;0.1341220497978727
649;0.15363687644612312
650;0.15969197332459004
651;0.17096276873375024
652;0.17852732530467413
653;0.019557877815339908
654;0.17112431662581057
655;0.1002875211316156
656;0.1316123018443314
657;0.1307168098371046
658;0.09867584450885121
659;0.06913184023490913
660;0.06176773043712731
661;0.18517479311513643
662;0.10572607981067741
663;0.058894890537524704
664;0.05466585020626152
665;0.06313638380841716
666;0.012634502434861129
667;0.1275745758380169
668;0.08456882860940562
669;0.14604337432241693
670;0.012298360022262212
671;0.014267177810100852
672;0.05062434846143569
673;0.09988688492941736
674;0.15503064655662024
675;0.13494189396479914
676;0.0568598952016369
677;0.025646585344915596
678;0.17405750109380147
679;0.05645044161780586
680;0.012864111550966652
681;0.190809214633032
682;0.07359225141907791
683;0.17158996915023694
684;0.1450023133030792
685;0.058668779632528395
686;0.05481109599536363
687;0.1344069515164601
688;0.08821479761768965
689;0.08016168178070081
690;0.12285735894585643
691;0.1978682006082522
692;0.15481468856314778
693;0.19828916418535417
694;0.12008443578643982
695;0.07277079136465295
696;0.009602417617121974
697;0.19642508295689678
698;0.15845235588769602
699;0.1750375631160382
700;0.18764721806261517
701;0.04446656520792902
702;0.0845598180182934
703;0.05002571926205373
704;0.006153496416183346
705;0.020287507386967697
706;0.10149741926158312
707;0.06546727292370724
708;0.1592119245759293
709;0.11437803823704357
710;0.007059021941542798
711;0.1180176546504343
712;0.10633375055982933
713;0.06078455695666807
714;0.1769347539256476
715;0.12529610737451044
716;0.09422320260156969
717;0.180554313339758
718;0.008994266764168457
719;0.07106137794978251
720;0.07102616673591082
721;0.0820149311575536
722;0.004920957196014797
723;0.12970554004580612
724;0.00424552478998288
725;0.1879329975977208
726;0.05453809066114548
727;0.14064533356511974
728;0.02083660060088435
729;0.04657414911015896
730;0.1325923816652553
731;0.1830430120208072
732;0.016351290599063796
733;0.028584420034286986
734;0.15108721682776213
735;0.0009871666903763065
736;0.11781363081163582
737;0.07883472561189309
738;0.18371674181101819
739;0.11422773305575558
740;0.021349477366623983
741;0.12726030879094305
742;0.1627535525202279
743;0.17805682553389227
744;0.1619172943765675
745;0.02380476858141105
746;0.08261786230759659
747;0.08970861122760716
748;0.07968169873668474
749;0.14424526826907302
750;0.007737072548959012
751;0.028517356131786076
752;0.01832622344307928
753;0.07857245473519547
754;0.12549974559563398
755;0.05583414414546346
756;0.04017679843455349
757;0.050721806193702236
758;0.1764413046539327
759;0.1067580008158065
760;0.004899450708238096
761;0.13405684376448854
762;0.08296214129082387
763;0.19127901940181258
764;0.07509780330103988
765;0.08731517714172837
766;0.15001066336056737
767;0.04699619091709595
768;0.12389369119789749
769;0.009531245684570734
770;0.14684516487771124
771;0.09314670858884266
772;0.0695000044075937
773;0.1976005769010358
774;0.14085432006383658
775;0.06276327829483379
776;0.08958230052814863
777;0.08498657364551238
778;0.01575192656240685
779;0.03716576752732783
780;0.1334795598814543
781;0.10703851766293802
782;0.01660499443797079
783;0.13789566731442046
784;0.08307056098530996
785;0.1164517331529055
786;0.020856706354883014
787;0.1965751184181323
788;0.15373433876562448
789;0.12185984020683616
790;0.11827721477057743
791;0.09696493940354696
792;0.01579758616875604
793;0.17703083486378698
794;0.10597553559769035
795;0.06757298255011661
796;0.10051174427557077
797;0.06307636535597393
798;0.10226817874193983
799;0.1388820899067574
800;0.07358114323552377
801;0.018546472618705345
802;0.13804192658555633
803;0.13061223085882556
804;0.14817602088248336
805;0.0057739862817702825
806;0.04538330764175735
807;0.190232228098505
808;0.012147545014059858
809;0.1553076958695368
810;0.06992502144913369
811;0.14239200116654718
812;0.19389592753950746
813;0.07626438323440235
814;0.09164796705853816
815;0.011255413210229138
816;0.1687696688954875
817;0.147046380639229
818;0.05997617154519894
819;0.1903910123523058
820;0.13777601323011396
821;0.004585840350328785
822;0.022185925472562797
823;0.1495460969420694
824;0.19331853194285628
825;0.05104264456840044
826;0.14417716013527312
827;0.020680641023157278
828;0.17333571531639486
829;0.14041065480863799
830;0.05530782400990933
831;0.006686003636590621
832;0.11588328827134944
833;0.0010031028470999903
834;0.05643051927276852
835;0.18753725748361674
836;0.11357955424929883
837;0.04548535409814756
838;0.05518669828310577
839;0.1040358418988997
840;0.1902319346513391
841;0.10722676427807926
842;0.14985689732051802
843;0.02438095566872063
844;0.03322783604307202
845;0.05280898693960785
846;0.08579481371575147
847;0.004807603857541021
848;0.028773545655491263
849;0.12295508223224941
850;0.05439133617096412
851;0.007760700259853626
852;0.1437305654805671
853;0.03844903238166373
854;0.1311949212437235
855;0.18853666649832992
856;0.06374167336059232
857;0.16682323141629954
858;0.12375177757524361
859;0.18570221562443354
860;0.09385515487542545
861;0.19246756725119882
862;0.054692537845771196
863;0.07400584552591093
864;0.05182018502175765
865;0.03749191002079049
866;0.09988026997098598
867;0.13656140342362066
868;0.1577496680742462
869;0.16476492888906824
870;0.013009143419209357
871;0.004840652927716561
872;0.09254654282818685
873;0.049707054195184355
874;0.06066033747210889
875;0.15246972190610217
876;0.17787582146111264
877;0.16919739805657694
878;0.060135437937030516
879;0.007643976489949167
880;0.09180768697522522
881;0.1748918925152776
882;0.07267096398067359
883;0.1893664810316978
884;0.16238808659475068
885;0.13276754182843473
886;0.13604048697265334
887;0.11870314661096533
888;0.17426578386861533
889;0.17445794594759748
890;0.08386951868103265
891;0.03421662431438684
892;0.19502540461319035
893;0.13752944285874427
894;0.03420510936165207
895;0.07568332879514479
896;0.016964324112031772
897;0.044931319810112426
898;0.19833954344946075
899;0.15036584192851443
900;0.03026916126992021
901;0.19724672794121595
902;0.007734518126242662
903;0.1678224715955559
904;0.09543948338783106
905;0.05718248985764099
906;0.007904687809148837
907;0.13440552058363478
908;0.029556029021038356
909;0.19160300719379209
910;0.1772319506322243
911;0.05131745031526607
912;0.11013673249730034
913;0.13912821793361094
914;0.1570666678104309
915;0.00026464545522455476
916;0.16681527103775007
917;0.17393057060165096
918;0.15248898013917314
919;0.09530479246026102
920;0.10094001571467262
921;0.028869176464279934
922;0.03633715893165836
923;0.10053783522404332
924;0.15187844038894882
925;0.007525926608643286
926;0.13990014549506272
927;0.03206496189973762
928;0.05952379924119447
929;0.022485972353701512
930;0.04391260242660527
931;0.021458079174072144
932;0.13438152609817136
933;0.12838614599669154
934;0.03277830424340995
935;0.1401603281176282
936;0.07441592657406747
937;0.18814771461824817
938;0.15511641969825346
939;0.10926889452160403
940;0.19219625838471815
941;0.011814280874609917
942;0.09638432952660114
943;0.13500435911661315
944;0.12291558438632977
945;0.0037434875950349555
946;0.06927707060309672
947;0.15994713401062252
948;0.05498387535418941
949;0.11677149624959429
950;0.12036551621609837
951;0.16213496421572324
952;0.03216095735401077
953;0.004639972342178012
954;0.14112859982759487
955;0.0944405228284459
956;0.045534097205507496
957;0.1791124146249662
958;0.11742196868278967
959;0.09065736935168778
960;0.19289257066863266
961;0.03264986149132596
962;0.07293476321468954
963;0.04077384901011323
964;0.1749050955314725
965;0.03379547228579754
966;0.11090146865764523
967;0.0805728407892895
968;0.1722158252449063
969;0.10802369667894321
970;0.11398638903602615
971;0.09753130691064354
972;0.14599249181662363
973;0.1667881555398667
974;0.08153546224595992
975;0.03473321682515423
976;0.16170015680131852
977;0.09172377339217264
978;0.12197787003299368
979;0.0379087934667931
980;0.12614059581010065
981;0.015150935263675992
982;0.076844833929886
983;0.08873472570552797
984;0.05835006933408065
985;0.1936249453700983
986;0.09106989097750846
987;0.026355159140492492
988;0.18037572078469533
989;0.12902384737476308
990;0.08666547821970574
991;0.19649367484942573
992;0.16958418737512726
993;0.0973996102218978
994;0.008757224513018436
995;0.07784610598741243
996;0.149995675003572
997;0.09672355840463141
998;0.14554530566626733
999;0.13207854703146563
1000;0.18051646182906964
