1;0.09097604441392655
2;0.0004830097379280307
3;0.052091894960732646
4;0.03667612068478099
5;0.07658995287423263
6;0.07979157827417023
7;0.034711897223270526
8;0.03752324632203755
9;0.09144490111582299
10;0.01777359783213095
11;0.021352533581360467
12;0.03346299648775824
13;0.026130311733293533
14;0.06982259827446571
15;0.08535963254409733
16;0.06406867628088754
17;0.02070309737110091
18;0.0501580355271714
19;0.02588623729717361
20;0.03795763586221094
21;0.06516750790087582
22;0.05878871403210617
23;0.07860338712307258
24;0.030952677694426847
25;0.024487982543599286
26;0.04085049373952914
27;0.054979332494269464
28;0.013825224015322957
29;0.07290175526466532
30;0.08238568709243546
31;0.08908075084994771
32;0.06628020589684837
33;0.0015106293642649705
34;0.009000606884878682
35;0.03112912629739899
36;0.04295770110538404
37;0.0905370854966851
38;0.07677281434719167
39;0.029863856490052545
40;0.02724420135908774
41;0.0014772642309463626
42;0.07029966171334148
43;0.04678720349634367
44;7.340537568911731e-05
45;0.09235756609947735
46;0.053398565807279745
47;0.06510219817987777
48;0.038928746263664084
49;0.014895537112130153
50;0.0668476873093417
51;0.09939718047501186
52;0.07747802191762318
53;0.08604857385312595
54;0.048418186524834816
55;0.0825403249981972
56;0.05788537618409846
57;0.06529083141428803
58;0.009101864714420926
59;0.07415764552085727
60;0.008508261702876952
61;0.03215189233359196
62;0.09966503565150187
63;0.014728293512253155
64;0.023323029840589416
65;0.05977307727991319
66;0.07321954018777671
67;0.048469045974672054
68;0.06323824160783961
69;0.0010719959382692213
70;0.07364488010785109
71;0.027868018711846545
72;0.06643733392544864
73;0.09238670488495271
74;0.06209048136644651
75;0.09161796540222888
76;0.08665955628687777
77;0.023683265071064608
78;0.0029107126854573066
79;0.09304888974780162
80;0.0856000952249998
81;0.03809825859018884
82;0.05792172922295078
83;0.09779412093520273
84;0.0656192704086802
85;0.00501118352358938
86;0.022481200215874554
87;0.012637160900735378
88;0.030798585666112144
89;0.033306233705815605
90;0.06183328616621563
91;0.022882010546682863
92;0.00847346164849433
93;0.017277750499404766
94;0.025974758626828787
95;0.05781201774279818
96;0.014727489805407758
97;0.0877481210316912
98;0.07340242355747784
99;0.06531188827394198
100;0.050839956417499
101;0.04233292315411163
102;0.0823283047795651
103;0.07190396899017408
104;0.07413409028015372
105;0.0782896090286486
106;0.040501381358566735
107;0.06685648511537177
108;0.05570958465523297
109;0.08312242607846136
110;0.046019323593350626
111;0.0012294555638315498
112;0.006650662590790057
113;0.07801785437144187
114;0.09201898806327466
115;0.05121994048739025
116;0.06790068544221133
117;0.021120071919202035
118;0.09814267140881182
119;0.037749335507736397
120;0.07656535007527326
121;0.04868396714172603
122;0.06285106370652707
123;0.0726591603996254
124;0.0677952098429248
125;0.0638580220676497
126;0.014632134657743656
127;0.022695737849928857
128;0.01844760044851933
129;0.04895905949317253
130;0.05146783970572232
131;0.003553602637524367
132;0.06302379452183753
133;0.011373175286825866
134;0.02528835760761723
135;0.04870248956048974
136;0.043281009398057284
137;0.05523753411314755
138;0.06131353786182612
139;0.05752561715064783
140;0.03952954952997267
141;0.07992076011369412
142;0.04882594182842949
143;0.0389735846794638
144;0.05233436412749746
145;0.05290007199002013
146;0.08504009940807193
147;0.08787086386649427
148;0.06932593613931554
149;0.05149586671848399
150;0.06954357626893541
151;0.08606846541599855
152;0.006874376495154356
153;0.00012130887129923052
154;0.09790106766691026
155;0.04473617396876324
156;0.03639659700316433
157;0.04153474549965458
158;0.050958738784169635
159;0.08807844785889106
160;0.029610604279455766
161;0.09016362856657462
162;0.036047811053067716
163;0.095076247275855
164;0.019566385713029467
165;0.03140717700410082
166;0.07076498186906115
167;0.010941654118202039
168;0.08157590474445613
169;0.033490110824151785
170;0.0404710164400099
171;0.017311780071417406
172;0.01266857945406491
173;0.04981669836259037
174;0.07725985753391335
175;0.06688676231701744
176;0.03214882456254834
177;0.04097089835461183
178;0.09161588553044689
179;0.07771333201510919
180;0.025590995549433407
181;0.032685005969754745
182;0.08777950497248022
183;0.0653763120790446
184;0.09175508660615453
185;0.04053175990800988
186;0.015558902036683498
187;0.08307058487204216
188;0.03762906127833571
189;0.023597480267710438
190;0.05836723446150574
191;0.0881907326422769
192;0.09416929258605387
193;0.005082789140444622
194;0.06900290060353167
195;0.010627642598587962
196;0.08095101705231383
197;0.07135802976138265
198;0.058096893754357795
199;0.06648535767249525
200;0.08837963224315307
201;0.0131341917958683
202;0.08417419297459851
203;0.04735495284416198
204;0.02554607676245767
205;0.09514763067519495
206;0.026666616193908713
207;0.08274852815039223
208;0.038220289620209874
209;0.016914769544263974
210;0.09594431334682263
211;0.0012268544542259675
212;0.01946032570659353
213;0.06832762910543874
214;0.03769395583361829
215;0.05949647093717833
216;0.06266350857649641
217;0.02329847638443421
218;0.047353652814738446
219;0.0740861160683962
220;0.08392951998276756
221;0.005027917107705482
222;0.06901158983923987
223;0.007829159365775896
224;0.09158222933377333
225;0.09713714273570051
226;0.0015305557623272903
227;0.03838379566161261
228;0.07696711243631572
229;0.035478401708321464
230;0.08402556200344889
231;0.052838950395965034
232;0.06604866303842523
233;0.09952452759820471
234;0.04436094450975697
235;0.09236707593769301
236;0.05976045546620332
237;0.03223451733145503
238;0.03715916280738642
239;0.04868704650728603
240;0.02519582633665194
241;0.012538472544872427
242;0.04018114758974805
243;0.07423197270979542
244;0.018187725900803076
245;0.08983891091932589
246;0.04788041948979447
247;0.05193250619507461
248;0.004730724314051971
249;0.09406468562597131
250;0.03893298237894589
251;0.04057450030199024
252;0.07180843107302005
253;0.013313804665679574
254;0.000787495708711361
255;0.034577132853183735
256;0.05799725017912029
257;0.08049656036815345
258;0.0132712081031642
259;0.04882310909915743
260;0.07095190560373468
261;0.036917404896858366
262;0.002235036812384839
263;0.02838316912209561
264;0.0896825802617805
265;0.07764892102424725
266;0.08449021919302506
267;0.03070675310435469
268;0.0059033570799717165
269;0.06739540394198333
270;0.07046398267063844
271;0.03231776587925215
272;0.09931899398604281
273;0.06642535643998955
274;0.07056539805405065
275;0.0877286718449237
276;0.05364753371051395
277;0.025830998292339702
278;0.029224571974336123
279;0.06779033934941969
280;0.06450341949945841
281;0.07518010928399002
282;0.033446586390778334
283;0.07535956478820276
284;0.0852929911065222
285;0.09756041608644034
286;0.08743127836448228
287;0.09535679141753413
288;0.09935636786921197
289;0.09371594509601547
290;0.09111667105432165
291;0.07955285069953082
292;0.06421311918150287
293;0.09608551697344254
294;0.04233687023622085
295;0.03327578434724864
296;0.06204467403669019
297;0.01156336115739276
298;0.05039109405729883
299;0.0382685916787433
300;0.008873744132098805
301;0.07306860876458
302;0.02920166178544833
303;0.02751314303473649
304;0.019996815570603246
305;0.0989719751802598
306;0.03296063261694502
307;0.07989343925049695
308;0.08005080219681193
309;0.010016078554878538
310;0.053059729339695244
311;0.02360912711735688
312;0.018687268848869988
313;0.05566566876458115
314;0.041494058635544534
315;0.08880548069262839
316;0.0896527328222562
317;0.0025501648018253498
318;0.09877507008107839
319;0.018066920333677784
320;0.04316210206982805
321;0.017174800116316512
322;0.00924287835716583
323;0.08406583590561921
324;0.07886525696364599
325;0.06637940455781204
326;0.058740174994820996
327;0.08232925318653049
328;0.059889339110957646
329;0.0893641460761219
330;0.05891588644577539
331;0.03628597163395402
332;0.0010146455718099134
333;0.04450741794949053
334;0.009818729698417095
335;0.06146594478993766
336;0.021101897529594096
337;0.05342313126442488
338;0.03630652105604733
339;0.09716713742256354
340;0.029728610894227993
341;0.04755792384651045
342;0.03241487228331293
343;0.03808313045231115
344;0.09473584648500359
345;0.025448700029868168
346;0.041686577115518056
347;0.08584461294991197
348;0.02623050877633385
349;0.05834279796449457
350;0.014704922558723478
351;0.08883777720002933
352;0.08505604452093427
353;0.08478907059538278
354;0.05271397171900745
355;0.041332214170214
356;0.06620508666288154
357;0.062156827106049174
358;0.07327213650222626
359;0.03583548683894105
360;0.07593181267851729
361;0.040805438910603425
362;0.09175062455287394
363;0.08701244282159255
364;0.01838083340060498
365;0.033340538022454014
366;0.05265672082477649
367;0.055565644687935706
368;0.003338430189262132
369;0.030031671458361244
370;0.0751573615140087
371;0.0717212061540581
372;0.019698201415769556
373;0.005406688586749375
374;0.09312839003089045
375;0.07502882201724805
376;0.037833066527199616
377;0.07308941037864572
378;0.04713605363727738
379;0.06977064552928257
380;0.020767328889908065
381;0.051638518669741146
382;0.041062193805904514
383;0.016781991008066068
384;0.06721267947755662
385;0.09359408813316789
386;0.060423934982515914
387;0.027850223144075183
388;0.09612647782989991
389;0.0642053031983652
390;0.06842137952892285
391;0.009473432080199318
392;0.09318455918710547
393;0.030634906216730762
394;0.02996035703709923
395;0.07025027665788382
396;0.09107488775576583
397;0.0038407410211058982
398;0.04447212025829981
399;0.017687256491843783
400;0.08809030689856513
401;0.03222751197316026
402;0.008148058472379616
403;0.07648479297393004
404;0.05414035450242645
405;0.023720522976128557
406;0.0366257277013474
407;0.057068182640599166
408;0.08612451857692927
409;0.031995904901960796
410;0.01267338151505023
411;0.06314468409167193
412;0.022240203967508435
413;0.07413452860477845
414;0.010776590973417112
415;0.06707526644175581
416;0.08656726106950094
417;0.060548939094532975
418;0.04340207827513231
419;0.00619078378426764
420;0.03597795759570847
421;0.03612408819199704
422;0.004537374878216727
423;0.09625340832271195
424;0.008428498349113234
425;0.03917162159719097
426;0.05118101080884289
427;0.014950460933797061
428;0.00489681072427246
429;0.04038904374969837
430;0.05238421512609111
431;0.05712612413329511
432;0.07968268486769033
433;0.04328779135658215
434;0.05018818378486714
435;0.05639986203036826
436;0.022953830166176595
437;0.024581902916306464
438;0.09615097410220068
439;0.06355121105130188
440;0.035949726324924616
441;0.03500940562469018
442;0.04829107282091073
443;0.04083384482272132
444;0.06815241184823512
445;0.01014246347301947
446;0.045828193323251734
447;0.014090266104935368
448;0.02965125516779943
449;0.01892747453782713
450;0.0020315308065380734
451;0.08756119588979085
452;0.04120657086306604
453;0.05231316403637351
454;0.05425192305785083
455;0.07001440255843797
456;0.006891011866168895
457;0.05407772631844243
458;0.02966209593850712
459;0.07094982173466449
460;0.06884746817569436
461;0.0796255283183799
462;0.050980049078055416
463;0.09422162803830975
464;0.03872117904384928
465;0.06470360537838542
466;0.08155660501542634
467;0.07826300922793177
468;0.0015553979877599767
469;0.0474456720141726
470;0.045485575171696324
471;0.04831855207154169
472;0.09524451784438329
473;0.03924585753941665
474;0.05521429817157922
475;0.09970712901919347
476;0.0929083426672309
477;0.05433310525722097
478;0.06415712642048169
479;0.07921056764749279
480;0.09096486721720046
481;0.027794329987517265
482;0.015372814726131945
483;0.08215310572768268
484;0.0001558728407663801
485;0.004971997803865292
486;0.01165905704893715
487;0.0828103090157416
488;0.05812045553908193
489;0.01471628991044609
490;0.08100765698324308
491;0.02181159251804815
492;0.08290503070810223
493;0.0021115246257725428
494;0.04410474518731148
495;0.06564424238810639
496;0.05216105986305698
497;0.01972646170475344
498;0.04891458261135561
499;0.00037002590631735055
500;0.0016500586748875558
501;0.08613587184713847
502;0.0263190315939432
503;0.06004427227010539
504;0.03689762829885029
505;0.003985794638252394
506;0.005115955253341875
507;0.042770465283632646
508;0.001962909455551565
509;0.022801218744792462
510;0.09015020255705175
511;0.010635669215794797
512;0.05579669401709077
513;0.007189194629127072
514;0.055696530229326496
515;0.049417695972976794
516;0.07681960368683349
517;0.07475157198818606
518;0.020019354488304022
519;0.09017072366220852
520;0.0923901221045893
521;0.0917770604342288
522;0.057531023918352964
523;0.021136836502708603
524;0.09217757408943182
525;0.07475772356570913
526;0.09759673663649274
527;0.014226726516041578
528;0.010073240296416187
529;0.0336397025358844
530;0.022698869321539486
531;0.02379214034434296
532;0.07496915409454996
533;0.03075789697357415
534;0.07160959780950803
535;0.08292371140877511
536;0.027610694136199345
537;0.09570190817093177
538;0.01681192101473187
539;7.196656208499076e-05
540;0.06316593680057475
541;0.06198046874198953
542;0.01460943082400562
543;0.009091434808223497
544;0.06888771597587486
545;0.0074818151405752105
546;0.0954883252691749
547;0.05152210649761302
548;0.09333872110259207
549;0.009429726734658295
550;0.02606294304335534
551;0.008711120320966537
552;0.007234455038433996
553;0.04380484889911284
554;0.010332395512751913
555;0.011501544445427515
556;0.015726390099803034
557;0.05864967594428158
558;0.014283290436249485
559;0.09797534307121836
560;0.007788229821559845
561;0.03635478786380114
562;0.01424028463642122
563;0.06100352733367962
564;0.08966225084989438
565;0.06565079355334862
566;0.01641707347349878
567;0.06162377799675842
568;0.05521337250866372
569;0.04004950364350253
570;0.025752172820299648
571;0.05361444076534656
572;0.015425061231938809
573;0.00886802567615389
574;0.005352572282268731
575;0.011790360472525387
576;0.0670998319926072
577;0.027826871547820355
578;0.05996897582337246
579;0.038106218808980546
580;0.024675456565694965
581;0.03318111498224997
582;0.033985427746590684
583;0.026139017063044848
584;0.018866876307015314
585;0.07831960478268254
586;0.05371543499251405
587;0.029477347004523338
588;0.04590910842833045
589;0.01642544773745378
590;0.05399220775990526
591;0.09069631245592945
592;0.0920219642312284
593;0.08836789106624236
594;0.005371336571438613
595;0.031107683912692766
596;0.09804329814523698
597;0.037422894606435435
598;0.03614739904880109
599;0.045077489916270023
600;0.040347955491528545
601;0.0004236423842572945
602;0.036539923552570866
603;0.03205472987126136
604;0.06436495215383795
605;0.05454533289151874
606;0.049185047838689815
607;0.032165638584149114
608;0.07819678001433188
609;0.07824899089809348
610;0.041281166410475356
611;0.0016156611958195622
612;0.08695931748115368
613;0.07311470631308484
614;0.06604981103239062
615;0.028302471259555387
616;0.0998656695483538
617;0.0329391540399139
618;0.02173559570925109
619;0.05772999816857499
620;0.08308257665233396
621;0.0027319595240430485
622;0.0753255935565714
623;0.00038478342234283814
624;0.060552559645312115
625;0.08555631159369387
626;0.06051676382726137
627;0.027649945126411224
628;0.09019445891055677
629;0.08111576983058791
630;0.07578529315594132
631;0.0717718626984301
632;0.07271240288084507
633;0.0876010359732786
634;0.03188890010775202
635;0.06161316985309454
636;0.030365356683272796
637;0.009415894503991763
638;0.03276555360237748
639;0.010200892318288758
640;0.061851082082516134
641;0.04768179044239377
642;0.09669696718445014
643;0.03634259819526616
644;0.017957620649839023
645;0.03090402352775168
646;0.019015152246252456
647;0.032784042078310593
648;0.0732034845936642
649;0.004505846011286674
650;0.07593377675076803
651;0.013250557414604493
652;0.030673803752771678
653;0.04532671529290897
654;0.07776564166131424
655;0.011518742670730242
656;0.021211669844380165
657;0.0020864065558246713
658;0.0283866598837768
659;0.017990969269911485
660;0.06769583365572371
661;0.02021225225207133
662;0.08166012084160702
663;0.016457723681349578
664;0.028622272130862936
665;0.02601861165608187
666;0.08796227939868383
667;0.07926121623773351
668;0.08773714488133821
669;0.05983695239977421
670;0.019701461540060673
671;0.009018672838098851
672;0.009579574957993098
673;0.037552246129099534
674;0.08571847130158927
675;0.0923853188340018
676;0.049533421883175215
677;0.018591969876824845
678;0.09658306403731194
679;0.09818564432658358
680;0.0849789429284734
681;0.01980873222948777
682;0.0135275477894944
683;0.0525880418807995
684;0.05172566669285446
685;0.09674669046396178
686;0.03993544472367261
687;0.07667785217136791
688;0.07589000982966214
689;0.006677450153443476
690;0.06280469679289166
691;0.09689193096031956
692;0.0768635959380583
693;0.022185013328260863
694;0.06490218422004174
695;0.07011971577943048
696;0.07389782659208999
697;0.04830330072216907
698;0.04166522986356383
699;0.07251848191592902
700;0.07191932747588456
701;0.03829670346292211
702;0.024391313415536176
703;0.031703177085459014
704;0.06739179024976563
705;0.08121105374471232
706;0.037860960597046134
707;0.08168508745837573
708;0.02724774798733325
709;0.0257071095638864
710;0.03443047064145425
711;0.09950424273249064
712;0.014867157405341214
713;0.02140613285548154
714;0.0034039454625707233
715;0.07500802326653122
716;0.012068935036997963
717;0.07810183941449493
718;0.08569982209449938
719;0.02604586331301553
720;0.06268890254952415
721;0.04791019751307645
722;0.013928269690210028
723;0.015450619664047217
724;0.055551233506553346
725;0.0057027580635616755
726;0.061065360583183494
727;0.046549748917214834
728;0.05192942418978894
729;0.05144841514910821
730;0.009171542961253309
731;0.05506423490921765
732;0.01455872436181025
733;0.06750017709250096
734;0.008275059886369507
735;0.016936983170234378
736;0.06988421383018799
737;0.05862713232907366
738;0.010838821766604657
739;0.052769295018849444
740;0.05067475542912458
741;0.09263186435790936
742;0.01679675228018307
743;0.08316270824631294
744;0.018921596438262536
745;0.005553772270255364
746;0.008516112224035744
747;0.06701660416148891
748;0.004199381267613123
749;0.03407803133407572
750;0.058259538152104655
751;0.08037924077049197
752;0.09926202697834144
753;0.05571136749713427
754;0.034192390870557
755;0.03709879558102446
756;0.04656970708925517
757;0.028170500626711406
758;0.020862676968792473
759;0.03354586795026406
760;0.05786364328630472
761;0.02812985517705723
762;0.08166021196726607
763;0.03319046735228909
764;0.01562028016219874
765;0.030467136180083787
766;0.06560515724313941
767;0.03139135409113645
768;0.03149350727487926
769;0.014415745402602355
770;0.04747618562117848
771;0.05898593343032889
772;0.05929050515604509
773;0.04420446736922722
774;0.022835639164155798
775;0.055847498823386514
776;0.010227111828186764
777;0.0472625744513027
778;0.0503282030207026
779;0.05289111103538422
780;0.020686633448705496
781;0.07568412297958761
782;0.024374627890789913
783;0.018084009832771863
784;0.07916121924565528
785;0.07290626269217661
786;0.01792507354658032
787;0.002651265697506655
788;0.0015184825348084853
789;0.04547193251327372
790;0.02004776980485399
791;0.05284713180837134
792;0.012905604529101245
793;0.05029332868417885
794;0.025202055665143733
795;0.00037350516228042976
796;0.01666370730531218
797;0.02120350547960023
798;0.08180463784816194
799;0.033151453216778703
800;0.04964804903267215
801;0.08556022215691485
802;0.05553744790705835
803;0.03903837433388729
804;0.08314393458134559
805;0.03455108961989545
806;0.04603048706168594
807;0.05836456331996387
808;0.008274820322527899
809;0.035709124228369915
810;0.013786616796048113
811;0.0628739544474798
812;0.07080029477999253
813;0.009276871810653531
814;0.02348886056767895
815;0.05150894679976731
816;0.01857683427322875
817;0.08682844691071617
818;0.024134687645124532
819;0.04421041134789593
820;0.029291450436610845
821;0.08811653382505176
822;0.035442497399219466
823;0.08767583812431153
824;0.06757648446062202
825;0.07310506223796252
826;0.028482862810127643
827;0.05636502409763921
828;0.06829319380160907
829;0.08211236053392058
830;0.07312182443637229
831;0.09378001436809918
832;0.04145346838227271
833;0.03094585804376492
834;0.06326963879745309
835;0.011214118001572106
836;0.07699443534698279
837;0.07297659863394279
838;0.054680021153412875
839;0.02703910497106714
840;0.03583127956658231
841;0.05387614936382286
842;0.0003179380020055356
843;0.037690917681593994
844;0.08098132955893576
845;0.07718522419795021
846;0.06451692274288215
847;0.058807951880015225
848;0.07255093764193525
849;0.038504936646434354
850;0.0765329283582103
851;0.06578711337744057
852;0.03797874799717842
853;0.06414968206633137
854;0.04581718534757399
855;0.0033798341549199475
856;0.06121256918874096
857;0.09756310148788506
858;0.0354422556829372
859;0.05061871872432692
860;0.02663048691330552
861;0.04924970924127641
862;0.012279234598949874
863;0.07864616365728133
864;0.07528095363436936
865;0.09578943950272174
866;0.05967995847441311
867;0.021232982548046054
868;0.06525977104482959
869;0.04657759163539804
870;0.06272240495715502
871;0.08573042243004401
872;0.04976019233268752
873;0.02747662373727694
874;0.08716398908771622
875;0.09488774476499734
876;0.03326250668503196
877;0.07012699852033295
878;0.04881764550876069
879;0.054809221789776624
880;0.03679479531263126
881;0.08926691690842711
882;0.010029627038649137
883;0.08682203115547835
884;0.06769511932917836
885;0.06773476171240543
886;0.006666296772719283
887;0.054957525147433385
888;0.0093761072697793
889;0.07154075198954005
890;0.07810689825647293
891;0.05881410993853501
892;0.017913911466613586
893;0.04041076060125381
894;0.0626412364934343
895;0.08765911245313536
896;0.030260734244418386
897;0.09942208024568377
898;0.06248539389263095
899;0.02646043611127158
900;0.07880167802491944
901;0.054813465930881405
902;0.08567756842622816
903;0.059083440605615434
904;0.036948701370418904
905;0.08189354575890151
906;0.00580736920310947
907;0.059276539443442834
908;0.08218297204614831
909;0.011274102911140838
910;0.07294973794522212
911;0.02172521196484316
912;0.029154870089958485
913;0.038545245168997135
914;0.009760709616838559
915;0.03768085703795653
916;0.08577572362760603
917;0.03382635042557066
918;0.028382567045656105
919;0.04901019469610973
920;0.09718715509593931
921;0.09440318783649766
922;0.052337404376538756
923;0.05281523925209031
924;0.026382514862960352
925;0.02487640685348863
926;0.009122938177284124
927;0.07881752920215739
928;0.002466178702554767
929;0.08956897484208666
930;0.0742491554425199
931;0.016663411973984944
932;0.05707841670301588
933;0.08414023414661094
934;0.023034771333990067
935;0.06592528858167172
936;0.0017660554898684122
937;0.08961154501787372
938;0.02492338778103459
939;0.011586660217432898
940;0.08035700021900288
941;0.018187439305949005
942;0.06212326499041576
943;0.01595244020823683
944;0.06029881708808729
945;0.05427200219869558
946;0.01431525900605568
947;0.06394888947676658
948;0.007080336369770169
949;0.012606681405815912
950;0.04369427448037725
951;0.026584220352962686
952;0.03392742650130413
953;0.09700171489120335
954;0.09375746357219727
955;0.0016425998806797295
956;0.0610136037362256
957;0.029661183164652428
958;0.016782944478346707
959;0.0011713399652024338
960;0.017683491563999676
961;0.06570966095798311
962;0.08181946266617679
963;0.028696457470052873
964;0.016338191003331348
965;0.05927961830744789
966;0.03558018432436532
967;0.0719702909947436
968;0.08207574857723161
969;0.030864116381809817
970;0.0843384106546899
971;0.06342332198279783
972;0.0539901601536008
973;0.031027770710942006
974;0.0370182489558602
975;0.09172002137401336
976;0.09879162241814636
977;0.033158474326453295
978;0.02225377690219066
979;0.061914859671599536
980;0.03491205987975895
981;0.08571668892066527
982;0.06388722424258593
983;0.017533182849551954
984;0.08167097254746541
985;0.020650082876698096
986;0.08011167822963149
987;0.0612931205497153
988;0.026415553612459175
989;0.08258604214819948
990;0.06557224366575061
991;0.02207504853352915
992;0.0638350907105666
993;0.05749883165540526
994;0.02947423137560228
995;0.011795538384593697
996;0.01820999130079254
997;0.021786543785875714
998;0.09255511922466486
999;0.03929639518748469
1000;0.014543393995553267
