1;0.09324775287861807
2;0.14097983926025667
3;0.00890519991760146
4;0.02606020834788383
5;0.14019384561719617
6;0.03450811840309422
7;0.16589833753138672
8;0.1978001581497888
9;0.16163429616139705
10;0.08801984065464118
11;0.11251469400990066
12;0.14055059901256842
13;0.06932210227643179
14;0.10250527602195242
15;0.039779762534924816
16;0.07814157945546839
17;0.15096833111155328
18;0.1505514568252377
19;0.13994945637421924
20;0.19717451175555634
21;0.1005094894692781
22;0.04597958701290477
23;0.16090539238534343
24;0.02225176335445769
25;0.033749065064985116
26;0.03832827737411515
27;0.17332661054937717
28;0.19961120680924616
29;0.1265869292843285
30;0.062401204023810955
31;0.1568549767539204
32;0.1860660092986814
33;0.1928883905637971
34;0.0971700459748514
35;0.10490822768659198
36;0.151617700172115
37;0.14812749501024972
38;0.09052998268733692
39;0.09437039874730407
40;0.004525214317281767
41;0.09589195089623755
42;0.15397348490974874
43;0.06153953881214511
44;0.1631763177123406
45;0.10834569618417247
46;0.008720868700460894
47;0.04261857949969641
48;0.016133401465218602
49;0.1558889203199057
50;0.19441460369343838
51;0.02900954426285012
52;0.02272238064710812
53;0.07626873594449848
54;0.1095401976029919
55;0.11401285923754244
56;0.018338704535409846
57;0.026368851696509533
58;0.04226389609808528
59;0.05470527715766256
60;0.11959025382106114
61;0.13901525161402592
62;0.06999287990805687
63;0.14477245156783905
64;0.10858940990778272
65;0.10589574735018584
66;0.16137354286199618
67;0.13255553960904623
68;0.070292255314292
69;0.016396824943130574
70;0.07965246549465055
71;0.1896803454566957
72;0.19899589548529598
73;0.0018810405209609194
74;0.18402426259789992
75;0.10717648483970646
76;0.05884520960349271
77;0.18848279599749032
78;0.005645448633770123
79;0.026131364916940347
80;0.14965326136167253
81;0.12768743498777585
82;0.007248248189082429
83;0.17975498005924642
84;0.1306776289174728
85;0.0038180373635585464
86;0.007125252272614891
87;0.09221542288900973
88;0.10205187869736834
89;0.03667148045401092
90;0.10846781401554043
91;0.14281888866512618
92;0.1140326588763754
93;0.11534843200649154
94;0.01936161467394193
95;0.08734956873470015
96;0.010663757669803587
97;0.13954921228837483
98;0.14618995556536593
99;0.11841032430924842
100;0.010180478651121172
101;0.0011313850501292633
102;0.02443699307151568
103;0.17699856437920725
104;0.15339891340810877
105;0.1364303653793356
106;0.1632410077984975
107;0.08312940854396125
108;0.09217218395681881
109;0.08791199807196513
110;0.12286930388966738
111;0.030724593568987338
112;0.06467334944553214
113;0.09252069163186682
114;0.19605680872464296
115;0.04135944465843314
116;0.17620161191005868
117;0.07674036581268483
118;0.11339233581475268
119;0.13953321034900343
120;0.06954681056293126
121;0.021357639513793415
122;0.07529928166110347
123;0.10924470536615175
124;0.12375080055153408
125;0.06451389106303873
126;0.115985579431871
127;0.023832413478656347
128;0.027065011135980435
129;0.06435983146877587
130;0.12363167880116835
131;0.1479778183857242
132;0.047128672958928024
133;0.0029902813593117197
134;0.0802361997310058
135;0.04194161914341277
136;0.10729057709612631
137;0.10753476700936758
138;0.09428650566421184
139;0.1302727878336934
140;0.058610802471052284
141;0.17947295463883384
142;0.10499175839960967
143;0.19421462934911632
144;0.18060843436239715
145;0.1161016728479883
146;0.05351183636074706
147;0.10867016843957517
148;0.1560798756870282
149;0.12325646476518555
150;0.12442914524893184
151;0.04622658545928504
152;0.04700129063499088
153;0.0917446276263909
154;0.18447506199670985
155;0.047361520440138555
156;0.0831549601724636
157;0.07820337493150875
158;0.07202332292166184
159;0.08152145447870551
160;0.17380089779428237
161;0.0840007014173042
162;0.13054798956727062
163;0.06839153907804583
164;0.08975562479794806
165;0.1291138896502434
166;0.1481682600270133
167;0.01291617883204299
168;0.009518308979478807
169;0.14134929395055315
170;0.1676936764422858
171;0.16629031258184176
172;0.028052631393287064
173;0.012578815768554375
174;0.054933413419489235
175;0.04108661684475934
176;0.11554454426524426
177;0.14172589228036325
178;0.03512728292081187
179;0.19745274795745574
180;0.19262508321855268
181;0.13395598497559189
182;0.02587423263259372
183;0.07108751213883034
184;0.1273065895832171
185;0.1864620420405561
186;0.032072280516675745
187;0.11076880795129854
188;0.19915248550588838
189;0.029078211856146143
190;0.11622193011897108
191;0.12737044315857898
192;0.10117034328216644
193;0.04539915083878117
194;0.07335371589711644
195;0.17570043783096068
196;0.10696791800098407
197;0.15857623259253467
198;0.0466323775781963
199;0.15486990380875654
200;0.12563190712762914
201;0.06912049369273716
202;0.1160176708741077
203;0.07054701908280579
204;0.07380852607855348
205;0.009748482641448742
206;0.0805359057401688
207;0.0136903710831084
208;0.10456139331651192
209;0.1052763416401916
210;0.1645370569098773
211;0.09809329116195933
212;0.1766700397443929
213;0.011127296784952967
214;0.05435380995947159
215;0.10546332115578719
216;0.07040809709213458
217;0.1293344291066792
218;0.09261815872493775
219;0.1740298192569401
220;0.124464738112118
221;0.14499553272435706
222;0.19131407737032494
223;0.0849230077652363
224;0.13783087080199188
225;0.14184893066523685
226;0.05241835369650097
227;0.00672231916198085
228;0.09540811683508205
229;0.12255949432472263
230;0.14048467495730757
231;0.004555608672298761
232;0.037519591057241876
233;0.0358890369872696
234;0.16370903976240758
235;0.0004979198640715055
236;0.05232375980411744
237;0.11469531853567337
238;0.04418229829510239
239;0.19531847670448876
240;0.08802682882411579
241;0.18291372487068627
242;0.1391819788829611
243;0.19783155783802106
244;0.07055948368080776
245;0.10451619632261606
246;0.1250301648146067
247;0.048920012653564895
248;0.024586418462367133
249;0.10568033672646991
250;0.1267291277447736
251;0.1963870787545483
252;0.10202389088725271
253;0.18470001087893712
254;0.16706365634948026
255;0.1985743125318581
256;0.1587222868464418
257;0.06085967747991037
258;0.11177617944683282
259;0.1877458670369961
260;0.17223461988154298
261;0.09688008851040542
262;0.10091238874385605
263;0.00517648974971583
264;0.11311871704427512
265;0.14699469076036362
266;0.15419832782985676
267;0.1624003482675099
268;0.15585215625443294
269;0.1549568005934897
270;0.0853489194085601
271;0.02035404658026221
272;0.13133814037356403
273;0.041688731471444945
274;0.010076417173902376
275;0.06205491190299661
276;0.02578197740532613
277;0.1592007046414346
278;0.14675066235422896
279;0.016895842903255187
280;0.15821566352700941
281;0.005331965060649879
282;0.11424195348594113
283;0.14485962576254546
284;0.011894524247260098
285;0.026991691954672926
286;0.02449163336090048
287;0.17994809297180114
288;0.028295213663129815
289;0.0856962618491989
290;0.1014827000424382
291;0.0992407753927419
292;0.16330480727724056
293;0.16530957256371134
294;0.1941425285392043
295;0.10831760806162057
296;0.09156285918635919
297;0.043319771667959465
298;0.07525982784850022
299;0.08712349279434062
300;0.053471832520526875
301;0.03080429738477517
302;0.08876841922798401
303;0.059279823666365174
304;0.09805717759410755
305;0.14674641810638597
306;0.15922115223129593
307;0.10594715265050275
308;0.18802120105269637
309;0.02214697054053574
310;0.06544951945510945
311;0.1178813050633051
312;0.046077419453514824
313;0.09223991012930746
314;0.17806086560411905
315;0.08671824160556335
316;0.07117479325775704
317;0.04855257578417254
318;0.11619599684580695
319;0.03250324582474451
320;0.01857203229938509
321;0.10178002115440155
322;0.08414080442059134
323;0.19056960953496982
324;0.08504952215161575
325;0.1054006836031683
326;0.022901654083336134
327;0.15790230420335474
328;0.11070337518759109
329;0.10315391950435769
330;0.18849241801812414
331;0.16589884921453812
332;0.09245236055804172
333;0.10781263348884494
334;0.0467112193078006
335;0.08220150500038548
336;0.015366648705134534
337;0.19721835166617163
338;0.08631141871289412
339;0.17964315153049404
340;0.10006050740563262
341;0.006179776123534153
342;0.0499317615673109
343;0.04584563267220774
344;0.19607718769731336
345;0.010856704061951406
346;0.19233682204721708
347;0.07626276239173119
348;0.06790366544651803
349;0.05233606253897072
350;0.12288402497251555
351;0.01579803319483548
352;0.19427052248161872
353;0.06504615390417538
354;0.0445277974985439
355;0.01006139621630835
356;0.14252464382472405
357;0.17769441365090868
358;0.16627975062159883
359;0.021308528348537737
360;0.11320539053157125
361;0.03034783796639311
362;0.0069442066567913414
363;0.06932851916516025
364;0.04639850988768364
365;0.07826341150746266
366;0.0034739017288537124
367;0.15549632275804737
368;0.02829847563882515
369;0.07838554092971002
370;0.16422517429014882
371;0.16347356089059342
372;0.19569840343719985
373;0.010614621081354159
374;0.11078857913356675
375;0.15791250644772364
376;0.19969718427098204
377;0.02111202974888329
378;0.08681938511219947
379;0.1817268243312925
380;0.04648778107271465
381;0.13681295675576596
382;0.13227954696705663
383;0.18488015232793753
384;0.11194402745515533
385;0.17552553497901666
386;0.0833830713289179
387;0.0659575223516705
388;0.09446352719383466
389;0.16352816422396507
390;0.10256121352515589
391;0.037896184391631074
392;0.04986440434013406
393;0.13652811116557806
394;0.05670001119478046
395;0.09707256668555903
396;0.10263311594077325
397;0.12317615863647313
398;0.08392072272095961
399;0.1821760513843027
400;0.1952832777230311
401;0.097455694387831
402;0.13619637164185805
403;0.14891109843567335
404;0.11855863473213527
405;0.10015405914061958
406;0.001124734586406384
407;0.10935501175101553
408;0.1840476079076511
409;0.09664763519477432
410;0.16177521605610373
411;0.02898611664665296
412;0.13647339963554983
413;0.030478096872284158
414;0.0011577008496216124
415;0.01355307581528924
416;0.1686570207981804
417;0.13539387787655516
418;0.1303288975403597
419;0.036936760008827174
420;0.03072479642395598
421;0.014439794899510507
422;0.1763888373551742
423;0.19390997879899896
424;0.14499331525544953
425;0.17808662978989187
426;0.13854599986224375
427;0.1598410118844649
428;0.11939944151144599
429;0.053851367762997954
430;0.016501800272398448
431;0.05166722887888253
432;0.08263249380360596
433;0.05476603325857628
434;0.13873413626934028
435;0.08275069998576812
436;0.07230817708292299
437;0.1566209653135256
438;0.10186746778344516
439;0.19933111123194971
440;0.0911805082111929
441;0.043076253407572575
442;0.039990422726037214
443;0.08403156502075759
444;0.14146408042296207
445;0.08006471665770803
446;0.04025375449439561
447;0.1336473199770014
448;0.15809649236044732
449;0.10623517917424936
450;0.0312574562519677
451;0.06792269401449301
452;0.09482730131421285
453;0.023512037872438475
454;0.10896597688138937
455;0.16481304296804253
456;0.09399305744841434
457;0.11435468908563118
458;0.19185517491752813
459;0.014953602092932172
460;0.10787727590048657
461;0.07960596229993706
462;0.11596497612891138
463;0.07832256629099642
464;0.005462847524562076
465;0.003528498914486078
466;0.18649475314519592
467;0.0016320027877406718
468;0.08912845697574859
469;0.09479621685032857
470;0.15086593077674287
471;0.1491442269518905
472;0.013023890433267238
473;0.18364913904768143
474;0.07603216737792527
475;0.07871856578455028
476;0.18431887438661754
477;0.14713256468495514
478;0.08603635397917496
479;0.15248926757048742
480;0.1282655160141513
481;0.046641266316209934
482;0.00866781322922845
483;0.09630040644049001
484;0.03165716562742926
485;0.13583173366158627
486;0.1729097243388516
487;0.05330814111392195
488;0.09089774020687268
489;0.059091875861050025
490;0.13948084116915613
491;0.05705224248116221
492;0.04659149831814613
493;0.18037051935465062
494;0.11598190708928534
495;0.03667019863420878
496;0.01327296793668682
497;0.001534050413008048
498;0.024098745766435472
499;0.13764147497938614
500;0.116523561042523
501;0.07541411189093844
502;0.0015364061841158573
503;0.02011905873369786
504;0.05620773625155906
505;0.18747332707359368
506;0.04947703126081953
507;0.08819638346854566
508;0.1422682066853134
509;0.05874042018539643
510;0.12377866128889692
511;0.06556056647559086
512;0.03386676297158688
513;0.1749524897408293
514;0.02659166027680875
515;0.002679383529543955
516;0.13146346535245615
517;0.16827169851311907
518;0.1526314713686806
519;0.11828723276819789
520;0.19137644460704142
521;0.17328256883756
522;0.0231334251511939
523;0.12365860498783716
524;0.17928578773065051
525;0.1692597572711394
526;0.17199712781419918
527;0.05976036898388129
528;0.11904511637854716
529;0.0403621366716278
530;0.11586593915019382
531;0.0938087602558201
532;0.11709503809951394
533;0.03727890745172313
534;0.13221774216990992
535;0.011272748422642698
536;0.011539727569324466
537;0.03273603339843228
538;0.19444072444610883
539;0.026439839354572215
540;0.012446388428121558
541;0.17984163400833003
542;0.18213514361391148
543;0.057841242892182336
544;0.11533600763889172
545;0.11646508613311093
546;0.15932340192810168
547;0.04227788996362789
548;0.06756041994415156
549;0.145941512725214
550;0.12919971630155702
551;0.061485975649948094
552;0.11318541475818067
553;0.04646555792827056
554;0.05424860188691843
555;0.019546255386664747
556;0.1460392962214675
557;0.19094401229346747
558;0.15840804693784674
559;0.045772574444889406
560;0.011167426442735162
561;0.013074064703728162
562;0.130612938115925
563;0.12641970469778183
564;0.14528003671382583
565;0.08066981821524488
566;0.05553122813228981
567;0.19204783521457097
568;0.14689881479421837
569;0.011671297391515956
570;0.1647025020019818
571;0.011263176935812004
572;0.18080198112391688
573;0.06414205801858423
574;0.018919883235123905
575;0.09606623430171571
576;0.1739799865557492
577;0.035013758325065196
578;0.07207896527072351
579;0.19924622711159462
580;0.1381912798764579
581;0.15864548622554775
582;0.00868577394607144
583;0.12734788542335457
584;0.19789715346656905
585;0.047324019046055876
586;0.036457290543148925
587;0.1922789273249321
588;0.07685856152199073
589;0.09167279321592028
590;0.017405185844334748
591;0.08383221079129609
592;0.14670817610619624
593;0.19859565858120798
594;0.05082136274992393
595;0.04474797484923823
596;0.12149154073166935
597;0.1425743433843266
598;0.1696381525210746
599;0.19181580980390484
600;0.1825875936763506
601;0.03695933008386556
602;0.06936643877535223
603;0.02515512828670008
604;0.11529523392533857
605;0.030083284533903187
606;0.038808557109594945
607;0.16567723563156234
608;0.19850637073553756
609;0.03921140622109305
610;0.06116540054602986
611;0.0065404962011329955
612;0.1418612404487179
613;0.19626635980381776
614;0.1681259265225917
615;0.0821321069623867
616;0.08784284787711688
617;0.10623945397851238
618;0.010716821060640515
619;0.09273248528965042
620;0.19560828343458425
621;0.07177139260840766
622;0.03717332641890845
623;0.13156246883931208
624;0.16811086852853377
625;0.19440416470824867
626;0.08341459006674978
627;0.059422476742904067
628;0.1779825218511449
629;0.060291576162264465
630;0.19173138741681622
631;0.001347096570655948
632;0.06878206815178663
633;0.1471494186221773
634;0.032390446968623275
635;0.05883174839243965
636;0.184067572649878
637;0.03562644342842438
638;0.17689006155596457
639;0.08725804152918325
640;0.16051993666685704
641;0.08369408435419375
642;0.03423598658788401
643;0.14835452826030168
644;0.1053625684661045
645;0.003232373611261208
646;0.051345618097309226
647;0.08685123969448327
648;0.15799462126715258
649;0.07554973693244518
650;0.04232532672419012
651;0.17336062318333714
652;0.014398200506966963
653;0.16297585406829812
654;0.03590326245439462
655;0.020332308571720525
656;0.12851336190970455
657;0.19832791751922874
658;0.01703593170197062
659;0.12383714468508347
660;0.026602763927559916
661;0.14499384986198652
662;0.1554184343315519
663;0.12859870645294214
664;0.09649892021915647
665;0.09949812847763112
666;0.12926035791725513
667;0.15942256764688512
668;0.021377858944716267
669;0.005422183699151884
670;0.19348250026238412
671;0.09436793379938305
672;0.11637821165673445
673;0.10871068566418791
674;0.05863956818147018
675;0.1468588989350504
676;0.19004218097227701
677;0.17577162995973064
678;0.07337267446020927
679;0.187959702871619
680;0.19477200229945116
681;0.1332335958722218
682;0.19638847394316594
683;0.024646655470089
684;0.09489264831531817
685;0.037306747458629476
686;0.054589791075384954
687;0.05673429184865184
688;0.09309969341822255
689;0.07685914740497189
690;0.13024193046425378
691;0.03507467520553105
692;0.06630876937550023
693;0.1812017570272252
694;0.07737682825655053
695;0.05884775961349445
696;0.19036557184891056
697;0.07775608357895628
698;0.1441677283110663
699;0.07979095907122594
700;0.04364964736381201
701;0.17188715628671322
702;0.03303710104938962
703;0.12008302463587539
704;0.08052747836309881
705;0.11184172885970488
706;0.10635277829229701
707;0.1275362108921577
708;0.14328564836796914
709;0.11348529145218048
710;0.02371713074979691
711;0.11403686996466325
712;0.195151947465242
713;0.023620878858085195
714;0.04151437162915566
715;0.026915902643615364
716;0.01639020942758649
717;0.08651414294677294
718;0.012704564896341997
719;0.08627560038829898
720;0.03296095724918149
721;0.12572724071923322
722;0.010433898545103305
723;0.13157058835488752
724;0.016171377369889762
725;0.07533971987337676
726;0.08026290852895049
727;0.006422879677961868
728;0.19973676303525278
729;0.0754486587693703
730;0.05640848148265592
731;0.10799447263941292
732;0.10900198674340061
733;0.016810874806003295
734;0.19718450725614212
735;0.008513779263842626
736;0.0018388026436779725
737;0.15633464654299045
738;0.148378510411249
739;0.17383549355487568
740;0.06755007075218951
741;0.18318087313305365
742;0.08303894366717984
743;0.035943039299618264
744;0.1752998380081344
745;0.03415220675018045
746;0.027475491682516753
747;0.066196148764736
748;0.05715395759614372
749;0.17065722744641082
750;0.08194062450425706
751;0.10238686366161197
752;0.05822143404092626
753;0.11934795299701546
754;0.18863670780937483
755;0.06351473752435892
756;0.09841224481527176
757;0.015315223686121926
758;0.19106941299979618
759;0.14151789575396026
760;0.014981007073955978
761;0.1277311743381274
762;0.10393477320580745
763;0.04856243055229095
764;0.1125187915932515
765;0.007464025759741611
766;0.0878372264512072
767;0.004915856679043618
768;0.12534513327135982
769;0.1098958271328153
770;0.09417228898689001
771;0.14134079700224117
772;0.19247861021104204
773;0.030337784226533326
774;0.18417593189515374
775;0.167909607311849
776;0.10002970204623621
777;0.1722064872111222
778;0.14464512868755292
779;0.13881837176356607
780;0.08183808908689501
781;0.16316577862472242
782;0.16743064803968263
783;0.14552377473025613
784;0.08684354367982045
785;0.06881235579087834
786;0.03919524899339564
787;0.1716426864296562
788;0.17348766361403783
789;0.06108230147791205
790;0.18439240347136265
791;0.055123225316873685
792;0.12025171511682098
793;0.09895120350611633
794;0.1869177384144807
795;0.032997760951240095
796;0.154246417665087
797;0.18451342057343803
798;0.1670029909027111
799;0.0629171684395625
800;0.10808107705427959
801;0.09354865764371277
802;0.19304003496941916
803;0.14640290534910533
804;0.058236362988380225
805;0.1418980493391381
806;0.1270269059248865
807;0.06853028050338528
808;0.057826045809046094
809;0.13043704701568856
810;0.11428448797754068
811;0.16091375042109196
812;0.034978916650656444
813;0.11016465749951712
814;0.04053234842535006
815;0.09121334258768542
816;0.16970441522623647
817;0.07650355267658551
818;0.06409455344240236
819;0.13595916508799674
820;0.19239593098594487
821;0.07384387356809395
822;0.16816026821094376
823;0.06291107558593836
824;0.051524210855607835
825;0.03876759036098825
826;0.050918285669328635
827;0.14579446126050924
828;0.11096846663954973
829;0.15838249679868655
830;0.18187786399488423
831;0.0766506535191164
832;0.19163738627704843
833;0.06899625483633534
834;0.010246151212920341
835;0.12877372447712354
836;0.1003692202404186
837;0.015590193214448034
838;0.07292088009772534
839;0.09523827770895149
840;0.08960024372763953
841;0.1770594179666922
842;0.11356941560584242
843;0.04396560648378925
844;0.09306922560445541
845;0.16202595624095673
846;0.128721857354895
847;0.03782657364653563
848;0.0027069738920988185
849;0.18747273356128696
850;0.09836850631030097
851;0.16192327127369435
852;0.10830010235904886
853;0.04409432779594771
854;0.14353669677565103
855;0.17469137920320224
856;0.17872047592812698
857;0.018393622280851774
858;0.13025702266167202
859;0.1581527643213254
860;0.02166008489660705
861;0.19877843646493715
862;0.030189834434511332
863;0.08616502381983618
864;0.011434996068544923
865;0.016990341181040525
866;0.126323994361397
867;0.08463555252794053
868;0.06753170411473762
869;0.16746871154396592
870;0.15617068774569104
871;0.13974528713436482
872;0.17049268561491515
873;0.013000776860954511
874;0.06200836491098023
875;0.058350718750808175
876;0.1467555696491772
877;0.18080327776355737
878;0.06921846745806948
879;0.16485277988967154
880;0.16491754864603508
881;0.19517007640128084
882;0.012606977123712637
883;0.03245802453654541
884;0.18655545851458546
885;0.1679118743784703
886;0.1556325484332311
887;0.1184909875939601
888;0.0055602643953214905
889;0.06468679154445367
890;0.07335926228384941
891;0.09276331685019266
892;0.013198326011506147
893;0.11040829526785255
894;0.0729762373536095
895;0.1489273111616153
896;0.029529788335482834
897;0.00206838096853057
898;0.032852644357574914
899;0.159466046369759
900;0.03973241806685177
901;0.10800374856752804
902;0.17640908615726272
903;0.050124286294055256
904;0.19648528209693794
905;0.021435357094913954
906;0.17206900116593543
907;0.14854738711513907
908;0.12892841410340705
909;0.10435488023125235
910;0.008585092724934329
911;0.12083709671437728
912;0.03476108638110873
913;0.08742555495500877
914;0.15980173212749527
915;0.13248264330780046
916;0.18010833122170347
917;0.0541081253265882
918;0.02898628046167531
919;0.037744378009243976
920;0.04645170802968823
921;0.1149175674612884
922;0.1644172663766574
923;0.060597659991613956
924;0.06422099942299071
925;0.1619859798444
926;0.058785482464702055
927;0.1571019095008885
928;0.08172134946042726
929;0.001855261583436807
930;0.11497554519322571
931;0.047510559456508596
932;0.1959245658356364
933;0.10842659821304167
934;0.08724488547774385
935;0.10376710787857642
936;0.06461860318742747
937;0.1558109916986532
938;0.10652987714881729
939;0.11153887864609886
940;0.017272722896994244
941;0.0014136371328985265
942;0.19317412110712068
943;0.05703892521780718
944;0.17777268461198123
945;0.033314862056998185
946;0.13659439937786075
947;0.11195777600354224
948;0.06251401351118667
949;0.06487236669561718
950;0.04678318118937828
951;0.058609976239075316
952;0.10759779534778442
953;0.11856290231400585
954;0.04052748173031431
955;0.07116227868769971
956;0.15330490105131436
957;0.09797709869127263
958;0.12680853548821056
959;0.13704100361376567
960;0.09621722453115433
961;0.19328463500961982
962;0.15314237399981362
963;0.09011916199525796
964;0.11021435481994468
965;0.023983494263453142
966;0.12699459409458055
967;0.004725464482155762
968;0.13357709292956307
969;0.10177597060540225
970;0.03326321642078363
971;0.029211785805442283
972;0.07659950574277273
973;0.04841402573709397
974;0.14838072009532055
975;0.17621729029128955
976;0.18097811976545924
977;0.10700483509534807
978;0.007710680464899733
979;0.037937583355697836
980;0.03378590054666888
981;0.09562441558120248
982;0.12428790797123435
983;0.07902677595871999
984;0.08210183843616348
985;0.11142875265927375
986;0.052943762510038433
987;0.11927621361362413
988;0.026774916534083395
989;0.18116090816067743
990;0.028600796736940916
991;0.1258380634051162
992;0.16719266621414428
993;0.06613419755696663
994;0.03862018797934477
995;0.020895856846279794
996;0.045914512500595375
997;0.01334966593115803
998;0.157966504109494
999;0.18720480326714067
1000;0.0817638449360073
