1;0.18162646969358637
2;0.10537336397475368
3;0.08167376940631421
4;0.08768880438959295
5;0.04400531129516985
6;0.12975461229905774
7;0.012581338963560996
8;0.08092380654510226
9;0.14696075507328424
10;0.03903719507003567
11;0.011510775650621597
12;0.19027780885671397
13;0.03779392155558821
14;0.06937722005291454
15;0.165185730939306
16;0.196242651902247
17;0.18073539950193665
18;0.07256984217838812
19;0.05819705410891381
20;0.052132661585069684
21;0.18471718288405767
22;0.15311864840073952
23;0.12243513212939863
24;0.12346290240292523
25;0.16576503986855606
26;0.05375880111205953
27;0.0017621719587616936
28;0.18167298352885286
29;0.04678552725591983
30;0.12485079808303208
31;0.1178756864977711
32;0.1594251321256438
33;0.07909520312734049
34;0.13898946329021025
35;0.1086922293164504
36;0.11595814037021022
37;0.09385027703955298
38;0.19858949442692292
39;0.012224167930194563
40;0.12534276475206674
41;0.1699745855998393
42;0.14234739046696052
43;0.13847582860102564
44;0.06936234987139223
45;0.14566806988034864
46;0.1976288603223017
47;0.12163183451194629
48;0.19894197101581268
49;0.14461488416452106
50;0.024722380932553568
51;0.09738542295054889
52;0.07636296035552936
53;0.035291013306713935
54;0.012258128118431612
55;0.1517213532782291
56;0.08105566806397542
57;0.1627656488496181
58;0.04202890341953052
59;0.01680890810599538
60;0.15638124418224741
61;0.09195642382592933
62;0.10359252339312278
63;0.09190039785348834
64;0.059843423537706025
65;0.052222380863270135
66;0.07004960577592075
67;0.16049136039735612
68;0.19449316937106922
69;0.08941900673754333
70;0.061987227905557066
71;0.05099203426573565
72;0.13443526408300122
73;0.024180388939655153
74;0.07210074820122683
75;0.10635044391079936
76;0.17386454847711974
77;0.02537466356903184
78;0.15068988959687332
79;0.16752334522324783
80;0.018673130784127735
81;0.017032161520310042
82;0.04962126650833561
83;0.16370561773630438
84;0.01382162437905492
85;0.0037067074098761977
86;0.16985685681009288
87;0.033650074414782453
88;0.09311196165680602
89;0.09936807091109251
90;0.036029430368120875
91;0.10777346827795142
92;0.08847972100779394
93;0.0016652479343632677
94;0.15344399647406126
95;0.1997316191622618
96;0.15327039639104312
97;0.1766030887236819
98;0.17157977013803818
99;0.18059911983215937
100;0.05295316411704885
101;0.05802631202775477
102;0.0103934965315043
103;0.05737517934700991
104;0.14037657196540806
105;0.033404503991807964
106;0.08086825042184305
107;0.07546278881915947
108;0.14193723796526583
109;0.011404480294254627
110;0.19022015375424983
111;0.007443887459543519
112;0.012463589517927766
113;0.0625153547132868
114;0.0955594595071308
115;0.11711331275227216
116;0.10294408435824692
117;0.05591229734050667
118;0.06103393700837907
119;0.08178566624297035
120;0.10997039630675219
121;0.0007443800247105337
122;0.06173376419549992
123;0.18676019749735395
124;0.03582500670707136
125;0.05556738096865837
126;0.17579737221169245
127;0.11380488059306587
128;0.12260013592516149
129;0.14060632225769307
130;0.0007438932619776573
131;0.05667587173844986
132;0.13893109007740626
133;0.19682646977847124
134;0.09478351244004556
135;0.13439254001841794
136;0.1484240955985707
137;0.15272453142874787
138;0.008571826091814172
139;0.10264310593810244
140;0.02309939257589193
141;0.1301319253122891
142;0.13296484449871457
143;0.06862948162587601
144;0.11213662705602133
145;0.0063973290247080206
146;0.03901924074200039
147;0.11328815590163809
148;0.13335508957912182
149;0.08945999214527459
150;0.19946585699165453
151;0.19754090939284524
152;0.11280762797464772
153;0.14048703014373365
154;0.09931144005289934
155;0.04429396411525488
156;0.11049504487823521
157;0.06240587922167056
158;0.027187125631464883
159;0.006784969382816187
160;0.11216185663761034
161;0.19347487727663787
162;0.1474088815534389
163;0.00782466641912869
164;0.1525318212969266
165;0.03381770588360507
166;0.01846416950158072
167;0.15229785586037775
168;0.15449042167413862
169;0.10310780788946139
170;0.1682994161934493
171;0.19819413189561985
172;0.1957953774694082
173;0.13299268077980556
174;0.07026050243149584
175;0.04883334101898913
176;0.17052078916876445
177;0.15718760366588938
178;0.1680867747397604
179;0.17795380225622215
180;0.020481106504033633
181;0.058932384368992154
182;0.09246321082466256
183;0.191722864246993
184;0.021693191861734885
185;0.06105292689802855
186;0.16992704442051598
187;0.15368201721925914
188;0.05233919632293234
189;0.16417466594394828
190;0.13676759282043113
191;0.1701740367586633
192;0.05473428993194893
193;0.18341284899120985
194;0.19968378600493264
195;0.003811819574408082
196;0.036743130476260565
197;0.0478869687553922
198;0.07615303856586622
199;0.1991400212300789
200;0.12396333653469241
201;0.16535625905707874
202;0.18640326719354872
203;0.1309927312413306
204;0.11453222740040475
205;0.04503621234595881
206;0.010972511298512134
207;0.1749003667969957
208;0.04341193937687873
209;0.1499430600796408
210;0.012611328422972102
211;0.15516662752448482
212;0.19987963399159378
213;0.08207350236828458
214;0.11813830482631459
215;0.0011221613464665215
216;0.037627406209378746
217;0.028726769389600615
218;0.06551770312473007
219;0.05638758671725233
220;0.10156349771281373
221;0.16376649937434837
222;0.11196246499837154
223;0.17591752634990052
224;0.18550563294544725
225;0.08459888626281845
226;0.04486732985628779
227;0.040370967783463566
228;0.04096453216504512
229;0.16880054932615587
230;0.19812788380380553
231;0.0489942959313062
232;0.06644121470780207
233;0.1658712921547322
234;0.15740412698665232
235;0.05580571378087593
236;0.09830940227065346
237;0.14263893021069282
238;0.03217942114396832
239;0.11014228645053195
240;0.058714584930170836
241;0.020329778400258847
242;0.00958418807378323
243;0.03736890875539909
244;0.1594216372154418
245;0.06205501198866206
246;0.05953032926627573
247;0.1674482065817579
248;0.15176539075464132
249;0.012389110772718405
250;0.01871024657195348
251;0.04966790195355415
252;0.12641798748344943
253;0.13217285470433052
254;0.05012049557833116
255;0.1884666909319511
256;0.06024639709282245
257;0.06693347172393652
258;0.19329370570570112
259;0.1783560083448128
260;0.051849645638513
261;0.12869401939308422
262;0.12534285572139348
263;0.1620846332041311
264;0.060503725360642684
265;0.027850273888003298
266;0.18703544956340812
267;0.15688547301899525
268;0.11656097796412401
269;0.04606054383903935
270;0.13751801233348918
271;0.03656213402666233
272;0.11364700867674192
273;0.04320561914534236
274;0.14166274179095315
275;0.1863424573872856
276;0.1230946476423299
277;0.16214497191013444
278;0.005492892356453005
279;0.1769248054670108
280;0.13602012756049386
281;0.07441498353589818
282;0.19655401662509697
283;0.12696864275670725
284;0.10786679037201029
285;0.1490136816134828
286;0.0400051997696389
287;0.014129670644010118
288;0.12285551682553586
289;0.0773629938149957
290;0.040662195012413416
291;0.04971350391075309
292;0.06098886224574727
293;0.0800085184512104
294;0.1898347719660872
295;0.09487980507205432
296;0.011159159310174928
297;0.1344376538869164
298;0.030049319476419114
299;0.07692179004435465
300;0.0019140790285569365
301;0.07570617249869299
302;0.14785086368614353
303;0.06994932449409899
304;0.13100588008764308
305;0.08511533273878902
306;0.055584294182375205
307;0.11853520264098852
308;0.1945922125791768
309;0.06684090405076136
310;0.04614130709821869
311;0.18732390012693328
312;0.18608659519374265
313;0.021776345809430088
314;0.16649853770694992
315;0.07027514541392621
316;0.1711040936409012
317;0.062191395318268075
318;0.02412331826654597
319;0.1781704297217781
320;0.12841122242380973
321;0.055526378887808314
322;0.07413343987912656
323;0.15362198035170518
324;0.17512161524536504
325;0.07367221058968368
326;0.16210645610459806
327;0.14861197912177718
328;0.03190540029139804
329;0.13164067146175548
330;0.01987054845326497
331;0.038954280901559904
332;0.08836945738641132
333;0.02561079432130551
334;0.018314014228055564
335;0.03540729401186935
336;0.005970461932897475
337;0.11724374233717055
338;0.09041454528908797
339;0.0006981433008698579
340;0.028268109831188572
341;0.06885298957277988
342;0.1780128213575085
343;0.11493960577262144
344;0.15104866001472786
345;0.1428125001853001
346;0.09859153299017052
347;0.0723665193272276
348;0.10123049626952896
349;0.012648308033304235
350;0.18244924506550655
351;0.1306086315750972
352;0.08610271918890895
353;0.05921568139865994
354;0.02764517088632028
355;0.15520572765789045
356;0.04987149375044289
357;0.15108767971088038
358;0.004789851612639096
359;0.07498913870260836
360;0.04572738653195474
361;0.10918819306732759
362;0.07706923249657315
363;0.08349905792308619
364;0.17182332154869867
365;0.023439909296997755
366;0.060025244751362665
367;0.13272324386905376
368;0.1260303299545442
369;0.1007834206051089
370;0.020537206174596912
371;0.019638159740557694
372;0.19602364540177464
373;0.11712387234717339
374;0.141435917598486
375;0.038733128431948344
376;0.09320241805582773
377;0.03630151136119913
378;0.0009808458630059303
379;0.01137099153021124
380;0.04607846348135028
381;0.021080732264893178
382;0.1214715104165147
383;0.042226301980162265
384;0.11389000250784607
385;0.13472032613019788
386;0.14231395515577394
387;0.14240788307406202
388;0.16075818374968967
389;0.06983528718782388
390;0.1058160410871958
391;0.10562711246039727
392;0.00313302837943783
393;0.01705349626131807
394;0.14542487361004125
395;0.10375226998828711
396;0.08814266791117394
397;0.08907566740943317
398;0.09242752001143409
399;0.07423402074772648
400;0.18865490822055814
401;0.11596826607714435
402;0.10265050526651281
403;0.16404402857218914
404;0.19635177848054847
405;0.158033135939861
406;0.14256101995682316
407;0.1376178802684371
408;0.058240724562423886
409;0.060972768333115226
410;0.19773799645923326
411;0.07851939882682324
412;0.18817110398856804
413;0.14065664334393888
414;0.08778108215208287
415;0.1305023827103334
416;0.03779341718345486
417;0.1099930280589404
418;0.13948942551289714
419;0.050196983179272014
420;0.03835523129419569
421;0.11669707043101359
422;0.0658581193195034
423;0.04588285445717571
424;0.16019860354783907
425;0.14032560810659372
426;0.15857278704758965
427;0.18545674855425248
428;0.10393279976568628
429;0.09296161498342544
430;0.025833205294221753
431;0.03556653642451868
432;0.17530583211509018
433;0.14439746542089849
434;0.06846635285841328
435;0.19499278392332742
436;0.1887438982224002
437;0.03915624143540755
438;0.1720661908358427
439;0.1381335487722627
440;0.19619559958734262
441;0.04663224202829861
442;0.016767223405445897
443;0.14420264982237846
444;0.04218924651187755
445;0.10112463935667913
446;0.17532643973060652
447;0.12521209075246387
448;0.08810436119192362
449;0.09875731759964237
450;0.1384760101716397
451;0.14634459883646492
452;0.1829162598120814
453;0.188989726784634
454;0.08553300707779948
455;0.015666346204575854
456;0.030215537373094372
457;0.06045479579971074
458;0.15680033082384479
459;0.014760294427744493
460;0.18492422943395914
461;0.07031520545331674
462;0.016024764708435234
463;0.05685700569388646
464;0.1708616250589195
465;0.018263642768032117
466;0.017257580573491627
467;0.13965043226787596
468;0.1272653008495804
469;0.0005881999308229081
470;0.18781722135170356
471;0.026335483482478318
472;0.16465830745113116
473;0.12077842584670624
474;0.17394629293657562
475;0.06097236357211211
476;0.14568321486359578
477;0.023244820009459377
478;0.13768686865343172
479;0.11566836400414687
480;0.17222334630385802
481;0.09992163111653728
482;0.03898566538255743
483;0.1991751668860252
484;0.05621186495242425
485;0.1680949480431644
486;0.18805860955510156
487;0.06039702843930437
488;0.006334468899786283
489;0.021451353225748607
490;0.11565110259055869
491;0.13795253649765027
492;0.059415682664744646
493;0.0689787857393968
494;0.12119209904668578
495;0.12170513740277702
496;0.06580104248646149
497;0.026005359781332005
498;0.08530093558762207
499;0.14965432088367767
500;0.02575685313661276
501;0.04272155621554572
502;0.064192894164174
503;0.0015219422103259995
504;0.12846660302685775
505;0.02758059884594848
506;0.07785153062577835
507;0.008421692509525158
508;0.1652773933925595
509;0.01613459991333597
510;0.11731953647955967
511;0.14604987407928768
512;0.15005926260064198
513;0.046133952350535704
514;0.08330852324473204
515;0.18636093701800138
516;0.11953040666228157
517;0.11512945474452319
518;0.18213669347965888
519;0.13083189048092686
520;0.06628362302740735
521;0.17409387004135304
522;0.033010728544640065
523;0.06886371302701044
524;0.03355822450242159
525;0.12258847267265141
526;0.07962649775538085
527;0.04406966295069632
528;0.01259966948089173
529;0.10718499893280678
530;0.1906597552643079
531;0.019114199720835747
532;0.026096579207805462
533;0.17649370238448947
534;0.07691631596286319
535;0.039215126260908596
536;0.06413554132439507
537;0.11560869074014124
538;0.017028612463230463
539;0.09037455874106055
540;0.04981529266829126
541;0.13886442692175466
542;0.05868092563783694
543;0.1468894390157538
544;0.0752459205926601
545;0.06825378161943887
546;0.12280392047244537
547;0.13809503779510407
548;0.01654980602421736
549;0.08356708662137316
550;0.007872536783482832
551;0.04565358320661528
552;0.0684820369384878
553;0.12271685830082638
554;0.1666654520705384
555;0.12837284612008387
556;0.1972207090883692
557;0.13672257167668558
558;0.19972624616360105
559;0.14257048756179422
560;0.12032305633191637
561;0.009254662946488112
562;0.07826623782711198
563;0.048397261168952356
564;0.045854418868334836
565;0.12887820142547715
566;0.14698810186491904
567;0.006440220953780718
568;0.11776222723432182
569;0.14518994755053194
570;0.020399182312541855
571;0.18539317451248022
572;0.10772453783174869
573;0.030773272974692192
574;0.005998261017506801
575;0.1153401794423107
576;0.14568208093988105
577;0.10330093884238865
578;0.1367456212146224
579;0.13881269135171656
580;0.199568171652551
581;0.04116204984851035
582;0.0027346342510945476
583;0.10151654150624559
584;0.08393721031039235
585;0.0712550982393013
586;0.05027708548012675
587;0.13464856544338918
588;0.03877512936073757
589;0.08006747326118535
590;0.10001666526605722
591;0.04714445576861575
592;0.05583895045035321
593;0.14055334828633648
594;0.18531353060516928
595;0.17261787388636182
596;0.07123230622565056
597;0.05551476435756837
598;0.1950287757450878
599;0.0027039586356440107
600;0.020473784248819717
601;0.04139566567637052
602;0.07829488869571188
603;0.19375318252970672
604;0.10676152376930564
605;0.16802124363129797
606;0.10932791656730885
607;0.0447435606843732
608;0.06204205176515949
609;0.0620267619437023
610;0.19210461967268128
611;0.17273630867602674
612;0.13290731534441474
613;0.13799779839471488
614;0.18180055259948782
615;0.09899468612651663
616;0.1546783778118416
617;0.04002610892113461
618;0.006742430044741754
619;0.14322458396484747
620;0.09325043223944368
621;0.1480550803003683
622;0.09682459887439819
623;0.19703420577077665
624;0.19157408101367457
625;0.14783553897681587
626;0.07900769723384914
627;0.17836173962679158
628;0.15807658188487447
629;0.15504279944372162
630;0.11531079775946328
631;0.10447940853709602
632;0.18639159152180018
633;0.1489184874032565
634;0.0860120669736379
635;0.02352150564853055
636;0.13443426391725968
637;0.018361847176443537
638;0.147434438727669
639;0.021966343233826936
640;0.12887806389810633
641;0.048347986853967066
642;0.12175462662143298
643;0.14479257582228278
644;0.10633657903572523
645;0.11386873486511061
646;0.15323521797164485
647;0.15552144135564694
648;0.01275642947130491
649;0.15942660562316047
650;0.047321158675385604
651;0.042302561739502045
652;0.17668932974071133
653;0.13279704156578667
654;0.11840915257186424
655;0.1389723230530088
656;0.14558687243707938
657;0.09881764997827835
658;0.18499629917605764
659;0.0009957833353306355
660;0.06655640765262297
661;0.14379205551312635
662;0.028750537555087854
663;0.1303101775010266
664;0.009216307597456064
665;0.05585644650580484
666;0.18857036505984182
667;0.17288174518695484
668;0.09061835381579997
669;0.10090017499386501
670;0.0030446837231258073
671;0.12613575540105518
672;0.16342015161079543
673;0.06469422316940805
674;0.13320590786784314
675;0.10036039959670479
676;0.10956387083826634
677;0.15657922752608744
678;0.07679907143214267
679;0.1684013898889354
680;0.036689058662656926
681;0.18705245463010742
682;0.18809980638970134
683;0.16808053284624414
684;0.05828406282559025
685;0.052747953809291294
686;0.07869350312230067
687;0.02969138918563088
688;0.03665658366455744
689;0.10886432466715586
690;0.045057109303509396
691;0.13262495677822236
692;0.07557396920136582
693;0.07160147684891387
694;0.13541554814925874
695;0.00407423224452903
696;0.10061298967250794
697;0.00332683001731493
698;0.11669872890042449
699;0.14339906966703148
700;0.1307330856499591
701;0.16531049960429886
702;0.1560089189702041
703;0.03159219472517727
704;0.1296758418017413
705;0.17540925333762664
706;0.08048498084180233
707;0.10767023584963038
708;0.07326732010520383
709;0.1947183359619069
710;0.19038591489472098
711;0.14723767808409316
712;0.17363429470931238
713;0.19419887464222255
714;0.15977128334215288
715;0.16142821347708017
716;0.03581093805736964
717;0.1311756185993422
718;0.01387244182882117
719;0.06695307839719333
720;0.19658142995893246
721;0.09335361819307185
722;0.032874334216737
723;0.1417660400296027
724;0.09125883608229246
725;0.1212398624194045
726;0.07483113300610011
727;0.09860217885386742
728;0.15880339923348574
729;0.07110400910443089
730;0.17026406747014314
731;0.14455218473534215
732;0.14926902966566866
733;0.034968381939611916
734;0.18408856512967497
735;0.16690763014453538
736;0.17070241339084585
737;0.10155996215233072
738;0.18631961261103813
739;0.04376813966254274
740;0.10840995143179194
741;0.13905508051250728
742;0.1439442899804926
743;0.12784491826690716
744;0.1847698366417165
745;0.04770441723723504
746;0.1229469518897052
747;0.14858836438706735
748;0.1638918251754216
749;0.05758179598434032
750;0.1930643464042603
751;0.152747668372319
752;0.17715882844367392
753;0.18416311656602552
754;0.12011869012733548
755;0.15407987998436193
756;0.18576109315030698
757;0.09874182074110377
758;0.08036860106454867
759;0.09305997637624422
760;0.1943886007512145
761;0.08431965275402586
762;0.013468272700242334
763;0.09698991352761355
764;0.11190744227860626
765;0.13123855307871252
766;0.18697855761285473
767;0.17120051857094898
768;0.09394724074562924
769;0.04736473543667901
770;0.08487958664972349
771;0.002955560779285449
772;0.10641195182672297
773;0.18538529343766516
774;0.1391202725602909
775;0.15835124841219872
776;0.12869283759463865
777;0.15330659493306967
778;0.014269586331440598
779;0.11044335604824373
780;0.13047264515441626
781;0.03465875687825677
782;0.09354490364400839
783;0.013410758700099112
784;0.10092616737980449
785;0.1122892370083834
786;0.050569588749497775
787;0.15585882090071834
788;0.03559143694037459
789;0.025889628230904727
790;0.11582142141565265
791;0.11311555630474263
792;0.18343538093263756
793;0.16984279053335366
794;0.14396205924273497
795;0.04996531027528035
796;0.062222186596008734
797;0.02437448868094354
798;0.17657869832548567
799;0.006866052877147633
800;0.012187500922084184
801;0.1355982918725931
802;0.1549761139084954
803;0.18365052160280482
804;0.14157034015882736
805;0.07057474509990928
806;0.0547742428086923
807;0.199800595049465
808;0.05529495605271704
809;0.1391755973469506
810;0.146106910974781
811;0.08099939303727906
812;0.005568460012037657
813;0.053562952411405476
814;0.006081838129851103
815;0.035830695597060404
816;0.16369339484099174
817;0.038365361664371926
818;0.10530672595951154
819;0.03812540553099786
820;0.08333208568307558
821;0.017752915661075796
822;0.17652182582155246
823;0.0624067301758124
824;0.05023179648327121
825;0.19005501926937368
826;0.04957574988863962
827;0.04349802281986399
828;0.10147920448899153
829;0.16413425099675383
830;0.11038308294720434
831;0.17124333688708626
832;0.17913936247728512
833;0.1054728282720522
834;0.022504726697464884
835;0.1123885036570542
836;0.14625069965226398
837;0.13286335709627153
838;0.15257498480305223
839;0.16578883457575438
840;0.012782993823891454
841;0.06261955785765115
842;0.03746824118541976
843;0.03734953223152269
844;0.10725978294361574
845;0.11372767824326227
846;0.10264127287461938
847;0.11408763367889388
848;0.0608232018548647
849;0.06889796707110048
850;0.018797690901294906
851;0.020674168633505866
852;0.19507377716712715
853;0.06117417314318463
854;0.18282014230860186
855;0.09999233143300278
856;0.0029089111740829843
857;0.154264991793358
858;0.11019610023811013
859;0.051453998225467285
860;0.023771882506646816
861;0.14700982791030517
862;0.1460792425647787
863;0.1940202748577695
864;0.02677917070059026
865;0.14143979543482524
866;0.10388435955367943
867;0.047280752000953274
868;0.14710247496954798
869;0.13553830265336195
870;0.1732360001329898
871;0.15022819993755995
872;0.07696536569223911
873;0.001770976578188499
874;0.07127896962210263
875;0.1974321625209067
876;0.14196142159189593
877;0.19142867446215284
878;0.09632281001881798
879;0.06546819095570178
880;0.12891468326041491
881;0.08745492498837933
882;0.1751671416438314
883;0.06341877233401774
884;0.18114143391695786
885;0.12290116902025383
886;0.14830270490149733
887;0.04342443713393147
888;0.15255492660008138
889;0.19266339752880277
890;0.09978530596178226
891;0.08734690117381022
892;0.12513848513467493
893;0.1289429046783219
894;0.15507827319626596
895;0.10734266673966608
896;0.08526655199746508
897;0.08633549151039313
898;0.02231572289566293
899;0.11543552383311723
900;0.15206859054767
901;0.0923344433262777
902;0.10848736549772556
903;0.1893124265604519
904;0.17464879920716045
905;0.09090173512569938
906;0.04883093354821724
907;0.08250801456633682
908;0.005577103982656407
909;0.14313014017912154
910;0.11683323361465203
911;0.18531559095690014
912;0.09019531478286312
913;0.18008023313255958
914;0.057566836844274466
915;0.09670034086370996
916;0.16103642819785038
917;0.17400024165022618
918;0.14171254949293485
919;0.15564055811444383
920;0.13751757694390668
921;0.05105050063306456
922;0.025503499733731273
923;0.18358092305905457
924;0.02935092860122355
925;0.04043821553554832
926;0.04036882711376682
927;0.1698983269831144
928;0.16171671761875406
929;0.010559270142931721
930;0.15306918101880626
931;0.06391290483308594
932;0.0008053327921540899
933;0.12839361018975937
934;0.11323601206187613
935;0.1697941712393388
936;0.16913504783996836
937;0.1068654672349601
938;0.024599791881589117
939;0.1474003848545308
940;0.009334120986814565
941;0.11863138939629841
942;0.12922874226476697
943;0.18884820167276917
944;0.023322882910643307
945;0.09684036166555175
946;0.18506740240195418
947;0.10785497118406911
948;0.16077363971771627
949;0.15362053999809164
950;0.1505225272352856
951;0.12733499825662292
952;0.0560716761377585
953;0.015878776187218203
954;0.02506820507431966
955;0.14106304037017384
956;0.1486898012937362
957;0.051600170124853455
958;0.13017813278819465
959;0.17540020532161563
960;0.06667452394035918
961;0.08760562528861622
962;0.08678131180181502
963;0.0990374217732309
964;0.14236926485858553
965;0.17319149655210708
966;0.15371029308255707
967;0.10298378558738219
968;0.12601001269506953
969;0.11541572957042812
970;0.04008204455177902
971;0.00562322098028818
972;0.12004787959051354
973;0.19658570042838155
974;0.0994269385591702
975;0.06046180862120745
976;0.06573821904345488
977;0.12865642134851768
978;0.15933802644215078
979;0.12387114417106722
980;0.09452568203980037
981;0.015597271043758677
982;0.0030986214107317834
983;0.1464724913772296
984;0.15637109285152512
985;0.04609191321426891
986;0.05041439639361631
987;0.18130140774857634
988;0.17363919513613277
989;0.19059294180685227
990;0.06023110407170269
991;0.06957717618226958
992;0.06863708016809962
993;0.19655488343753116
994;0.15543277426876267
995;0.10160000160582923
996;0.1692828635633694
997;0.09336387856377498
998;0.17712654782193035
999;0.1997413059953312
1000;0.0748832425972235
