1;0.10021328475517047
2;0.03454882078312232
3;0.011049004914687743
4;0.063282862796457
5;0.17122181059357355
6;0.10328840906822477
7;0.04857154996252109
8;0.11315412878534077
9;0.19809313925476196
10;0.057116673306390614
11;0.097288355650039
12;0.11914475796996093
13;0.19055334958682907
14;0.14634352136782872
15;0.10193639974515188
16;0.15756682674692712
17;0.018138949714635633
18;0.05289962369296151
19;0.0845836351055803
20;0.17212280409719924
21;0.15609363256028613
22;0.12305163061276701
23;0.1349014383566443
24;0.15020973206370244
25;0.006889890364283047
26;0.015422493609358013
27;0.06203377999762514
28;0.16343806216887244
29;0.03683297701855448
30;0.013291477436270483
31;0.19497392620251294
32;0.04777006110536495
33;0.049825498563584494
34;0.08364123623967508
35;0.131799889866404
36;0.06635512089483966
37;0.0750957326370667
38;0.09349772617101447
39;0.07801917704856093
40;0.09496563088721913
41;0.10113511469476276
42;0.06195902279136361
43;0.08292604912555324
44;0.17067960506583954
45;0.04496450723400354
46;0.01166995527633461
47;0.002693035325266058
48;0.06809449239377818
49;0.01358862670732306
50;0.16951404551132132
51;0.07212232903589692
52;0.1477208084568072
53;0.17041165669601474
54;0.12983355056812504
55;0.1305310972726048
56;0.032710276827363625
57;0.13729025324027247
58;0.006515122058756862
59;0.16366205368325473
60;0.05429949367141802
61;0.1293889719585521
62;0.07779033447069582
63;0.1567041296518667
64;0.13687395021348728
65;0.1428001715344689
66;0.04474425037462548
67;0.06928075456967812
68;0.14559798454248138
69;0.11647121813857655
70;0.12630463669955724
71;0.10469403268841126
72;0.0448232257794982
73;0.043809203495635156
74;0.09301423520633066
75;0.15762566586637583
76;0.1355663335309071
77;0.07141432184306433
78;0.05713725244639332
79;0.0001941741407565312
80;0.14243656409775227
81;0.12281832424734768
82;0.11565490983445664
83;0.0708446129265645
84;0.021908383957452673
85;0.06245532722689236
86;0.08023928342038239
87;0.08077953653258224
88;0.13638614925768186
89;0.1298520161312097
90;0.07594938652808847
91;0.11142642903615652
92;0.16775952949591225
93;0.09838194441376769
94;0.10458899389949015
95;0.09680976003522478
96;0.1415192195234782
97;0.11096313631075579
98;0.15331269166234188
99;0.06571750507170895
100;0.19345509264317295
101;0.0294830010718935
102;0.04726839545930939
103;0.14377124888982878
104;0.03737824648023953
105;0.12268856584592235
106;0.1372139027079619
107;0.09825933105411462
108;0.15116474651245587
109;0.08153249099131746
110;0.014165377259359091
111;0.05692616285762613
112;0.005605720195766418
113;0.1094729307317741
114;0.010614318219365405
115;0.05119097241811093
116;0.13267517431727088
117;0.13030450700816185
118;0.0969267001578512
119;0.10290059668099301
120;0.036884582411366655
121;0.18777649466380097
122;0.09298419774455041
123;0.18245268413886287
124;0.15388817271455013
125;0.17340079989413967
126;0.12742751186773163
127;0.0258729510838988
128;0.17596469607596069
129;0.08498724150207759
130;0.16295029270548925
131;0.19332014556169919
132;0.03286160794824018
133;0.12082322936236173
134;0.10484562345604516
135;0.19667144816904197
136;0.033215493598036265
137;0.059292679235040335
138;0.15428523206815925
139;0.12080753895100196
140;0.0482072033900921
141;0.05445387370575401
142;0.006621572153479871
143;0.00029643256940183884
144;0.17655433177853663
145;0.05683776860725059
146;0.19021915619676438
147;0.03026794147619536
148;0.15596681791661415
149;0.17529988467750185
150;0.028281961040021078
151;0.012776200756637924
152;0.014580235532837604
153;0.17053859801485705
154;0.12247245006875876
155;0.08533334424290571
156;0.04077494563198228
157;0.16439611065335633
158;0.037894615715170214
159;0.10840592881376857
160;0.002692405840039269
161;0.017691706685533548
162;0.15494263710796194
163;0.17996104717225414
164;0.0755351387477879
165;0.0018486861235102793
166;0.15244111594756984
167;0.08082873991632529
168;0.15075213565784684
169;0.0863617708109026
170;0.03787904668099105
171;0.09763100399952013
172;0.1802863103222225
173;0.05468947891486547
174;0.189266975839537
175;0.1088523545258826
176;0.09550680780438946
177;0.14276111883277434
178;0.08937309331509187
179;0.12161614918936672
180;0.15155856006936036
181;0.16796979603043713
182;0.083958446493266
183;0.17865222747209214
184;0.08023054978652966
185;0.0039653879195989065
186;0.1059076334598633
187;0.08046912002828482
188;0.14978525602238646
189;0.18262408198132463
190;0.11783861315044944
191;0.053880162472787846
192;0.1132889127975802
193;0.10492802028838782
194;0.16584092831274458
195;0.007613948724665387
196;0.17177432790096087
197;0.10211914537522807
198;0.023226378002199313
199;0.06775039554977157
200;0.13648052139913108
201;0.12818151882796966
202;0.11850409445968578
203;0.07572292864437757
204;0.15574299750302595
205;0.10470436539636091
206;0.03344713773418957
207;0.00965264419876395
208;0.06460833140105258
209;0.13065173372984382
210;0.1003669194799308
211;0.08324551532680383
212;0.1433139247551762
213;0.008097025644373845
214;0.15378293806887766
215;0.03247750974332939
216;0.12366568638218972
217;0.0782144922169074
218;0.09861401606358121
219;0.14286439163708314
220;0.0018952623821419491
221;0.05171627681489133
222;0.05994771319891406
223;0.07529326034550742
224;0.022955957976601705
225;0.11578557185334107
226;0.1364421534880411
227;0.023799290377066896
228;0.08044859241898812
229;0.07382988716362211
230;0.1924462329200326
231;0.03283804836237416
232;0.17886603853667013
233;0.11733782772460771
234;0.09543936404700692
235;0.09206094499129186
236;0.15592260722218412
237;0.1555382180897195
238;0.13784034900158174
239;0.1433186549483044
240;0.17826408356191176
241;0.000783064888623386
242;0.020716940719044466
243;0.19983153156907527
244;0.19550969308995
245;0.056777617872062106
246;0.032932978710066466
247;0.08190353140728233
248;0.01756396601452792
249;0.1983685944856209
250;0.09905517524256587
251;0.03183556284132776
252;0.10418880914808681
253;0.165537306086697
254;0.061951118197508204
255;0.04598251593536931
256;0.17830053747141436
257;0.01561761223694882
258;0.07482707956303451
259;0.1285917660667111
260;0.11650735931369277
261;0.15099805350620088
262;0.14555481672540205
263;0.17963779411165826
264;0.07731326406654584
265;0.163387996490616
266;0.030875937095294417
267;0.19523883247627588
268;0.07209311817000152
269;0.015123395239093673
270;0.11158034557213295
271;0.020504382659609945
272;0.18607160214921936
273;0.11208452518676125
274;0.1031187736975352
275;0.15176615032450344
276;0.1796336258454327
277;0.059271225836997156
278;0.08476830633956028
279;0.048244688116245785
280;0.06011537840023136
281;0.02365504343134448
282;0.07923878056670056
283;0.18486167928288275
284;0.04735542406764599
285;0.09289786964024385
286;0.004930818219529232
287;0.05150203193763279
288;0.12377437117565969
289;0.17892711438760947
290;0.00811336924563726
291;0.059379795804753055
292;0.1416043716265362
293;0.0034066558827733798
294;0.14470394899652272
295;0.1795925616620785
296;0.005295009344883539
297;0.07603971562436329
298;0.18741681964644413
299;0.04569088453202674
300;0.0468365585346773
301;0.18650386975305902
302;0.19780686066255956
303;0.024803833229961915
304;0.1686241400445183
305;0.10508302491760194
306;0.014485418084630242
307;0.06615571809993377
308;0.03210028765109052
309;0.19948556190688807
310;0.032577204193537934
311;0.09072216158786202
312;0.09479775525323464
313;0.1992548717275595
314;0.04069143443018322
315;0.1256871087798017
316;0.19697780113653676
317;0.0017423683679501868
318;0.08589804495507013
319;0.0943619771292988
320;0.15983538288098575
321;0.14816343434782805
322;0.06436638494256468
323;0.019674298576559935
324;0.013209418008593899
325;0.12478123300001775
326;0.013897503755802499
327;0.10218790782699655
328;0.1130747800596335
329;0.051714963593944833
330;0.08249040547721703
331;0.012031415896520837
332;0.04895111246787298
333;0.160617186448956
334;0.0789831990578807
335;0.17426361731551096
336;0.10590875930387236
337;0.19079134735986347
338;0.14163548314393778
339;0.013918571684412219
340;0.05748739252063864
341;0.14194725147866546
342;0.06564767855750094
343;0.11272865042336402
344;0.017210273357910765
345;0.17074304283572564
346;0.12829128501888443
347;0.05937298975005534
348;0.16067930834351685
349;0.08581501521848288
350;0.1997270471878052
351;0.10148514699700716
352;0.059752532382194426
353;0.051494748613205354
354;0.12377268267692768
355;0.14885310078555444
356;0.10697019133072075
357;0.10114923193855713
358;0.027298711035058834
359;0.10747577257053023
360;0.14037177877556922
361;0.10410567012992589
362;0.17827034624081645
363;0.08157564216956037
364;0.06165885105675999
365;0.08025826522467235
366;0.18989278736617293
367;0.05722460577474686
368;0.03234847647336108
369;0.1819215250402788
370;0.18460068520487766
371;0.11929468205953891
372;0.062445193790853365
373;0.19009120266444424
374;0.03185611464389206
375;0.03360314392664656
376;0.0794768770515617
377;0.11294230105039281
378;0.03128422613930872
379;0.1436109845246504
380;0.07140277550653709
381;0.16117581998852615
382;0.04640375022269834
383;0.04765935826823418
384;0.17279345329710113
385;0.15152019745895565
386;0.13601128128645434
387;0.12740299980794975
388;0.16480460713043066
389;0.01232275778632459
390;0.0759511704486815
391;0.011223340377842606
392;0.0018765280613549208
393;0.08994134866407665
394;0.03133374689117598
395;0.06511590985517444
396;0.050432661321026195
397;0.06781781273717656
398;0.19145338209872637
399;0.11151906770216911
400;0.1400593182116497
401;0.12681714769100363
402;0.10684010997346705
403;0.030391430736996506
404;0.09664393874532494
405;0.17965716547551924
406;0.04757721365431858
407;0.07424800968638941
408;0.18187220818200642
409;0.14299659340229995
410;0.14941281936170078
411;0.058918013617719936
412;0.1814329680833746
413;0.084053402283476
414;0.0600997230873164
415;2.431060138834429e-05
416;0.1580185426963593
417;0.07118661130463529
418;0.054595552733030454
419;0.07055403689354078
420;0.0678186732250435
421;0.13589887547673707
422;0.06014961102008396
423;0.023679922451826353
424;0.14132553231029776
425;0.06263470594663721
426;0.057640877363771506
427;0.07694209554432958
428;0.18278315491173258
429;0.052901865691124164
430;0.18666470534655
431;0.04670994997161029
432;0.1488028565250893
433;0.18751760394006028
434;0.08943950307661633
435;0.11050173006739406
436;0.054755338343486094
437;0.19031466023768276
438;0.01649051079558759
439;0.01764568395274413
440;0.11432525874956947
441;0.0905122386381919
442;0.1361598756800438
443;0.1253979291718624
444;0.13972597284201432
445;0.09118139953286596
446;0.11562840131005821
447;0.13918646711301078
448;0.09570346659031942
449;0.16682946601740925
450;0.08962515336552888
451;0.09933652607700093
452;0.0562594249573509
453;0.03323603531827766
454;0.07167932133420951
455;0.04536118542182064
456;0.01251037110300881
457;0.054665075646101305
458;0.12043675309283926
459;0.14586820732899167
460;0.13135003290438604
461;0.05534258526607425
462;0.17004502585932688
463;0.0034912648820513595
464;0.17318481643577713
465;0.14904796094237152
466;0.15362091747386433
467;0.1448283271784453
468;0.09147227462744596
469;0.15190055202027272
470;0.12216892744603954
471;0.037774738972838964
472;0.18565124687461804
473;0.03627778893445146
474;0.10163433544685546
475;0.047773728658128456
476;0.052522661727833514
477;0.07737172928672982
478;0.028831619569185032
479;0.04894755204328216
480;0.08232666741127191
481;0.06299674105232614
482;0.0016245550249235352
483;0.13290125389992347
484;0.060350433691602624
485;0.19446329163187537
486;0.12593529721325913
487;0.07271057550206121
488;0.08251593781311582
489;0.024730612719463932
490;0.04415860289998957
491;0.08788978714294911
492;0.11600119253879104
493;0.10008132155184435
494;0.11462114990410227
495;0.06566800525017624
496;0.14460750880505346
497;0.17103359588046627
498;0.13859019153803867
499;0.16464963994783066
500;0.12678241001641385
501;0.11749291710669847
502;0.0518284264377028
503;0.12377167129873648
504;0.12040308008709533
505;0.1408983590993027
506;0.013641715560503665
507;0.08734725246200366
508;0.11251023865695575
509;0.03135652475488295
510;0.02215363838132225
511;0.16400610245288338
512;0.0318625995150321
513;0.18121800357832513
514;0.09123646962654042
515;0.18709303228427632
516;0.0013901502274200396
517;0.07873997814189748
518;0.00504532716401589
519;0.02172899374763433
520;0.18020028785238762
521;0.0006811207872121638
522;0.17923262672512852
523;0.1506260404869676
524;0.09738629489037383
525;0.11241032415737229
526;0.08173295202135014
527;0.01432189524573002
528;0.1874967256200003
529;0.1670489006609085
530;0.032808090385982
531;0.08953903279733824
532;0.18813119907025305
533;0.17218755809887004
534;0.14637593068524252
535;0.11705813726500805
536;0.06059947878825742
537;0.12344160468960273
538;0.018600389194641975
539;0.17265927135019157
540;0.11497623439838807
541;0.11743734677637918
542;0.1008612412306915
543;0.03613051559528995
544;0.13697899048793014
545;0.022583964727494445
546;0.11607161306127274
547;0.1099655235226142
548;0.08080395735261484
549;0.014967243471687253
550;0.14256638511564354
551;0.06051445555782056
552;0.061888522514498924
553;0.07895145292256055
554;0.13026502583741745
555;0.18011370063379226
556;0.1227394269372695
557;0.04116710222585394
558;0.1718317347103416
559;0.050534183360465806
560;0.11773624068136788
561;0.12163983242404108
562;0.06037842862493568
563;0.14710863697699736
564;0.12132498539909542
565;0.04712877647171668
566;0.08896271226982003
567;0.19088550192866988
568;0.07772948711153416
569;0.19795400580072797
570;0.16283678823301237
571;0.027131798564306343
572;0.18984568069100655
573;0.18512701768161544
574;0.05751223531437997
575;0.18209563788298908
576;0.004420286962015485
577;0.18733826729073244
578;0.19952418103129982
579;0.17066470288884558
580;0.012005321280359272
581;0.09532021307836228
582;0.10420899682290735
583;0.014455000153946608
584;0.04327603193514487
585;0.09917733595622616
586;0.1922750437678984
587;0.07779446504744597
588;0.050093571330610945
589;0.08849142743264123
590;0.10861858661786566
591;0.06598054744228857
592;0.14917312026121213
593;0.1615582178027767
594;0.18029090704866735
595;0.13219669724888808
596;0.005710504049762411
597;0.12646641690557067
598;0.021672607987311833
599;0.14674362097578114
600;0.015389356904641894
601;0.09697387028780896
602;0.163896192872331
603;0.10341677962072833
604;0.02004746863421132
605;0.15778840283659026
606;0.1139986945272124
607;0.010559119259465954
608;0.15138130003431904
609;0.021814751525898225
610;0.013759231605902268
611;0.1805218779665395
612;0.1342944945507998
613;0.14883606011164288
614;0.19208988600229024
615;0.1600818356790079
616;0.08337905855849698
617;0.1510390522205665
618;0.01809139645105262
619;0.03145491650850805
620;0.13726789667085532
621;0.12433811066354646
622;0.17726991630262598
623;0.13596036631309108
624;0.1433998211719196
625;0.16039660066919706
626;0.07746006137420335
627;0.02274896965747164
628;0.19611999680036596
629;0.03585674431925547
630;0.16444771659657828
631;0.024291543048156353
632;0.14348456579430344
633;0.19962727171331246
634;0.10976402597448272
635;0.08184292177232314
636;0.1321334229978766
637;0.17682721925341957
638;0.011372266717657877
639;0.19557461215043387
640;0.08407250596636828
641;0.09506211865857517
642;0.004164743305881658
643;0.040234321063207415
644;0.1323211070981207
645;0.126172968772673
646;0.017221954106998474
647;0.03050983276347845
648;0.1693023041077495
649;0.11339218794681526
650;0.15843895663292584
651;0.044992595767219014
652;0.1026247821926702
653;0.09196322666351336
654;0.06252040633790923
655;0.030364234478821507
656;0.05003077120487281
657;0.10500299085240515
658;0.1725131332204299
659;0.037542048615164816
660;0.15290406673910847
661;0.02446395018020067
662;0.11619861436151252
663;0.12127162947479563
664;0.11503742381511045
665;0.175451271400661
666;0.08679466928970309
667;0.11763799726595961
668;0.04810832648317725
669;0.07772128320190308
670;0.02697706344775304
671;0.17062265296471302
672;0.12384045356707539
673;0.038878494259267066
674;0.11229419285238246
675;0.12349850414904968
676;0.039746162563958715
677;0.06644287033192167
678;0.11801427902912731
679;0.17399297879011233
680;0.09570270651634293
681;0.0015673312506454984
682;0.18740368973785593
683;0.05759201230013736
684;0.10671693064411042
685;0.019032349580019692
686;0.05336709340194579
687;0.16989028567382264
688;0.06447779250221423
689;0.11723216737137342
690;0.1000674153108676
691;0.12961918351835577
692;0.19169874473458004
693;0.1465931325526065
694;0.028594953779059365
695;0.1596397363060459
696;0.13756665215864394
697;0.05787913532278095
698;0.07406503087841088
699;0.09754191027036013
700;0.10007235546371328
701;0.12544379189955515
702;0.09404611608423855
703;0.1729222360843246
704;0.03747696983423112
705;0.14084423196888907
706;0.14389429787426986
707;0.038472475664443166
708;0.18569452737621678
709;0.009621820513955371
710;0.15017837167367626
711;0.10299939263703291
712;0.18452406016911138
713;0.050010162362293234
714;0.06504527289012443
715;0.04833910239931678
716;0.024001635342990692
717;0.13312652067328998
718;0.1258857103805525
719;0.17591269604231263
720;0.01425651856994492
721;0.16415400595663898
722;0.09134912009867886
723;0.0763415892136804
724;0.0915162068113012
725;0.04068354307854796
726;0.1422702618727554
727;0.12326680069568532
728;0.04480156510474229
729;0.07815308460160342
730;0.1952983976745304
731;0.015751402297628125
732;0.1705853438296011
733;0.11366981611163288
734;0.10038880435225557
735;0.1240927578751397
736;0.1084208559809402
737;0.053447333014810305
738;0.1369110435214657
739;0.13096726250956017
740;0.0385784380042665
741;0.07480966336195016
742;0.03142855197159522
743;0.049165560525255385
744;0.19825245984889425
745;0.029214482898606887
746;0.06666159610195337
747;0.1783685304322269
748;0.16888179696592392
749;0.027800242610714367
750;0.041195172420646346
751;0.008276459854965057
752;0.17057235118662778
753;0.18619031827834098
754;0.034468614441203395
755;0.0958140104359693
756;0.1998530432154339
757;0.15508138256572102
758;0.17940160860055832
759;0.045825950669301174
760;0.02375755258592123
761;0.12118204574330955
762;0.026836186515200634
763;0.17179774007774656
764;0.1422707203725235
765;0.0933656853119531
766;0.1557578893754751
767;0.16947139426334398
768;0.0370425899745459
769;0.11313376201649304
770;0.050652143362648144
771;0.05131123253463126
772;0.11438896309577887
773;0.045070356251457014
774;0.17700619141032484
775;0.07342268639282819
776;0.07572900834306043
777;0.11232869000458445
778;0.18013154481903904
779;0.009030792686218914
780;0.17134604837787218
781;0.10641155382124104
782;0.08779707394243133
783;0.16199039194918405
784;0.09914450179167936
785;0.060808648953100855
786;0.10723976713596065
787;0.05644376015918362
788;0.04754164613224954
789;0.1760514044713363
790;0.09743054584470948
791;0.16000217123110244
792;0.14140276099920424
793;0.17610754511511906
794;0.013205899939782518
795;0.07768398153490802
796;0.04544831516092112
797;0.1543627218318765
798;0.0687587863765271
799;0.1121324967797788
800;0.10753260761394215
801;0.0046401916968323185
802;0.18172623175432598
803;0.03668548048811524
804;0.1486619481067605
805;0.10002970064716706
806;0.10308943914737163
807;0.18204802163031372
808;0.021792741516854886
809;0.14508167053047175
810;0.02228326881711449
811;0.15330956716563582
812;0.197890663735394
813;0.19893872160422266
814;0.1254420381662348
815;0.19524522325941784
816;0.036413490620135436
817;0.04828000885637436
818;0.18410068214642042
819;0.19173083686205733
820;0.0562301762438564
821;0.011873525726876166
822;0.17979474277419008
823;0.0609575936777653
824;0.14584710735532733
825;0.05925506793978903
826;0.13137750108559865
827;0.030850809470957287
828;0.06926049220118329
829;0.18370113747816408
830;0.19245740675922093
831;0.12170920570017939
832;0.03517383100662563
833;0.14072597813350698
834;0.07029873416427872
835;0.06384088058384729
836;0.04466575820581231
837;0.09787223046605541
838;0.03210862514704784
839;0.14110175494791408
840;0.02058082396727743
841;0.13885186245816394
842;0.19094922460924257
843;0.06379438290473237
844;0.08083894594471333
845;0.1204754438105744
846;0.048116730329367835
847;0.15137859816605914
848;0.04680801562632347
849;0.16707009075975907
850;0.05370456647815103
851;0.14720007124810455
852;0.10054593347560892
853;0.12732959241790337
854;0.13724470234421676
855;0.033362145205358365
856;0.15686080061468263
857;0.15914021268624745
858;0.1990242976207644
859;0.07767263394465831
860;0.19159689728643298
861;0.011556705468550012
862;0.170200447107541
863;0.12059107784471002
864;0.06460853221364175
865;0.1922665280095554
866;0.010287122604962451
867;0.1060406483303956
868;0.16433553746119153
869;0.1474535926047319
870;0.18570193454583375
871;0.049096028070689024
872;0.03768737339724464
873;0.18992910922016737
874;0.09806765370697151
875;0.14888702360310088
876;0.15963463233548772
877;0.18273852780517383
878;0.07120819664203282
879;0.10973961740080243
880;0.18183688467469727
881;0.019505260080937295
882;0.1676776462413706
883;0.18955516495286032
884;0.06850053531637411
885;0.15554748590780676
886;0.13825234930829036
887;0.021749103846221265
888;0.11866705071932318
889;0.04939749105387577
890;0.10952137696670994
891;0.09275084698305512
892;0.009690400187422288
893;0.0020716948302307524
894;0.05831842612769862
895;0.07042019051438185
896;0.16435058781001155
897;0.08039981277417962
898;0.05840653631268553
899;0.12766730741246887
900;0.007807465861516039
901;0.13498344725929196
902;0.16628955128471692
903;0.11139997021379854
904;0.08416128482440906
905;0.19098010069874405
906;0.07054728988180492
907;0.025554228666097203
908;0.11097950472800991
909;0.024162231526397827
910;0.17215252239071593
911;0.1320047233381196
912;0.1243173040999732
913;0.09656367986003432
914;0.11161054964879534
915;0.03894243700883633
916;0.10508159519600152
917;0.0609009886788866
918;0.09465797349269811
919;0.11067001676029567
920;0.09930015876
921;0.1408635797590418
922;0.17452784841954333
923;0.10482737594024592
924;0.18093504967609972
925;0.16719009131527227
926;0.12911462997931797
927;0.05585900993671902
928;0.08912553404711772
929;0.020248981766791397
930;0.07457498422910283
931;0.1189763543435936
932;0.07652730179618857
933;0.13907542772372974
934;0.0699991163160028
935;0.16905332506100335
936;0.120631097326999
937;0.16951010199248318
938;0.026376821043420984
939;0.14071803470758834
940;0.023709094175775092
941;0.07297705968072495
942;0.0633512948024547
943;0.09449757578588863
944;0.12018184225656861
945;0.1721675716937773
946;0.08828530721169266
947;0.0171524129319808
948;0.09963773163341916
949;0.1141100135440695
950;0.008431185954226072
951;0.004909589535628256
952;0.14798044438892313
953;0.13447053593639835
954;0.008707177528470878
955;0.18934307849721554
956;0.091817107692384
957;0.09963398756284224
958;0.007673651548077887
959;0.028034494706943837
960;0.10806725603088721
961;0.09901383277179761
962;0.16645368974173386
963;0.013538975024216728
964;0.1087186772107674
965;0.18364589901845638
966;0.017818067120452176
967;0.06489080395346636
968;0.022385071297445516
969;0.1457059966991476
970;0.13785988601063476
971;0.025179145624444343
972;0.18806540624396811
973;0.07030890731439801
974;0.07764438954380644
975;0.1312380448657166
976;0.06423765250171941
977;0.19711243349343546
978;0.04808753477144372
979;0.06573077129784631
980;0.19460750899674992
981;0.14175968878859288
982;0.060970251475785546
983;0.11299523877549977
984;0.18491833326013132
985;0.008739032313131246
986;0.11151711410823394
987;0.14708222689206848
988;0.09483655858835559
989;0.06544483822996319
990;0.05704065244782522
991;0.08909005533316149
992;0.0334099828337453
993;0.0850486636053388
994;0.09758029602147716
995;0.15821207840217658
996;0.007541768178400865
997;0.008664278521844348
998;0.19690805256009414
999;0.1206071457119591
1000;0.03277469467125815
