1;0.18574690590078513
2;0.11503504370715122
3;0.008296045456116442
4;0.036612176479236536
5;0.15470840239686062
6;0.046940098117856044
7;0.045585568265391285
8;0.03956119345685423
9;0.044757838196274505
10;0.11743595140264479
11;0.06282961963510265
12;0.14658744356496972
13;0.1759595448154127
14;0.13027979143502896
15;0.03418367261097124
16;0.043016162335644405
17;0.14647354704069296
18;0.020095256511072225
19;0.026979317001529824
20;0.09108746907185646
21;0.02120177646191748
22;0.08934547942168847
23;0.18840950899328013
24;0.017547226621489023
25;0.03839193795784444
26;0.09604025479221696
27;0.06085918124384409
28;0.13395835147324373
29;0.10683923633439263
30;0.15234124404692406
31;0.026921249345261168
32;0.0458664883215298
33;0.1791170721951776
34;0.15858229130819365
35;0.05593883723578646
36;0.10521808579991097
37;0.19227049708962365
38;0.019558060406290136
39;0.1651508966170525
40;0.06744280135745054
41;0.04797742114103205
42;0.11042228190652315
43;0.06189655030656585
44;0.10707672575867735
45;0.13652469519174745
46;0.19628121026673453
47;0.025899806888592437
48;0.12956407759745042
49;0.06054699593611295
50;0.013662344605995714
51;0.04366400463435587
52;0.18744104749345025
53;0.16079093651282517
54;0.10466584165076064
55;0.014562190369901097
56;0.09306830982684765
57;0.07519748719715372
58;0.16343318504174864
59;0.19047092332676957
60;0.086745133138306
61;0.13244696044179638
62;0.022927488423457577
63;0.15994787571876568
64;0.19077782827051198
65;0.10605108336790632
66;0.08901220383551121
67;0.0019792974144280163
68;0.07895504686998743
69;0.1965599506573342
70;0.049132142624412234
71;0.029857429255665237
72;0.16192313809382375
73;0.15018519525744156
74;0.11555781302722848
75;0.02044471144000981
76;0.1786646927922948
77;0.1866591644553374
78;0.0684532257758692
79;0.13615136881620418
80;0.04721004897405104
81;0.14926088090723585
82;0.010102007786424828
83;0.09660461769560452
84;0.028196683927402846
85;0.08147139956772383
86;0.1642777897080161
87;0.019813199826509177
88;0.09478128122785859
89;0.1310165339877405
90;0.18789984901921242
91;0.027983208485975953
92;0.18935966531446538
93;0.10001818941734548
94;0.07790758661396127
95;0.15300659068954947
96;0.1502522962521602
97;0.16054494163128172
98;0.04153508097748331
99;0.09176134279664419
100;0.030867085573290542
101;0.1444701942490065
102;0.13697831108907466
103;0.02263812699255754
104;0.14687922414620566
105;0.04002282567487461
106;0.06742915637776335
107;0.1542522165844331
108;0.10376994792087016
109;0.08992641411218415
110;0.013762996849495758
111;0.03455094196782687
112;0.02916556054952484
113;0.17620312597124788
114;0.028645419172097508
115;0.16868843565142788
116;0.06886901228154323
117;0.16100069278306217
118;0.14885562513401931
119;0.10726676277345751
120;0.0005180404663894578
121;0.1271057739880244
122;0.1382157123419079
123;0.06620551957390444
124;0.17637004783732596
125;0.05359300711561499
126;0.13539854961483452
127;0.15218309852114192
128;0.1054776881949121
129;0.1984623517955941
130;0.07628963763676155
131;0.1162637272129486
132;0.07706832366667993
133;0.14102425174507643
134;0.12501353532365506
135;0.13343225258047797
136;0.0016430358098083577
137;0.14019529281058646
138;0.07491352731518013
139;0.08503276058956209
140;0.010853856952752872
141;0.1797587793912534
142;0.1814176289963637
143;0.17168804191845516
144;0.10143388512988893
145;0.012189794148415145
146;0.1356556343713377
147;0.022563287195058335
148;0.19865333094222604
149;0.10508140813100893
150;0.13175161160200385
151;0.008988743470733241
152;0.08143669619318078
153;0.05766357529153865
154;0.09308231195163208
155;0.16660203883371438
156;0.17484262341896437
157;0.09302648193536732
158;0.12361680220926721
159;0.057276669838837974
160;0.08746155123641614
161;0.0788023779632618
162;0.08786870702955017
163;0.012873024236075349
164;0.13076398003083342
165;0.10712146132182264
166;0.08211399319948143
167;0.10875325809665336
168;0.017605742251663694
169;0.1993469370763696
170;0.13925889714528683
171;0.12219073525393181
172;0.025388986728910413
173;0.057802572092039275
174;0.1344399099041394
175;0.02281680534302584
176;0.022996174659424187
177;0.08670262909645043
178;0.09211189374092617
179;0.19679055617254884
180;0.03025787086571834
181;0.011298059139553618
182;0.0952813979738415
183;0.046154397414031295
184;0.004788071992708432
185;0.08133448515098335
186;0.17076336604572986
187;0.18696318702255166
188;0.09270969236021082
189;0.015358427718162383
190;0.10947463926150058
191;0.05574522070332036
192;0.17872524715486185
193;0.00913550576915383
194;0.18673284346112298
195;0.19708107271833847
196;0.056019664815158944
197;0.03582616506002747
198;0.08951603534884643
199;0.0013991835840429401
200;0.12238489516035343
201;0.03547564851277907
202;0.07908189986312153
203;0.09558207636969773
204;0.09344262192702724
205;0.0856433644204427
206;0.1402256958600022
207;0.12294308512289057
208;0.15446157838349567
209;0.11668892944325204
210;0.13141787341667321
211;0.08525270856104042
212;0.18782096564962975
213;0.14413403718134984
214;0.14422430491341107
215;0.15420712816660098
216;0.14165703766897078
217;0.11243163040338555
218;0.12831278060916737
219;0.1291382585826115
220;0.12570633113012747
221;0.028856098403750165
222;0.08812324285054694
223;0.14549161404759084
224;0.18665389250086517
225;0.04706689059139704
226;0.14076777693893278
227;0.0015310917825626547
228;0.019071481488937583
229;0.1279569559367838
230;0.11208104295656973
231;0.0677046601131388
232;0.15120286070310482
233;0.07003684515844615
234;0.19471730501696377
235;0.00453751356688712
236;6.184753435864999e-05
237;0.11524214491767137
238;0.022782940119019313
239;0.05493062035810679
240;0.11072856874023972
241;0.1881579545758599
242;0.1716537979446492
243;0.0317263250230206
244;0.02545265827986425
245;0.17643494784395364
246;0.1643641162218688
247;0.18030441507908823
248;0.145745721045655
249;0.11668145465701157
250;0.10732471537402638
251;0.008240619689291573
252;0.09670050643331346
253;0.011753548495881018
254;0.0011940481025648044
255;0.06869463364049491
256;0.10242022911576881
257;0.10972094063964476
258;0.13020609935598168
259;0.05316881277155161
260;0.17528234321531896
261;0.1467928092857946
262;0.1654485617778252
263;0.1440898613989284
264;0.012295535148985182
265;0.03177467956622528
266;0.003616401600276098
267;0.11154921540100947
268;0.06425907666692424
269;0.12413910845727055
270;0.1464581322795311
271;0.12938315752549454
272;0.08235871194743656
273;0.029618718602046748
274;0.14638404705129854
275;0.11838884438433273
276;0.16363586860512871
277;0.12830339733315418
278;0.14697972842865223
279;0.016307337925795064
280;0.15119766100824128
281;0.08977420147738553
282;0.1990332728890009
283;0.10255268907906856
284;0.17565229718625644
285;0.17681311731550237
286;0.06871737180884828
287;0.10026085407198314
288;0.14357528414693296
289;0.031664178078275755
290;0.0382416954574812
291;0.17415865308600764
292;0.007839503841073103
293;0.08321940895941658
294;0.10779613862952964
295;0.18374775149028988
296;0.1187952431189121
297;0.035867629326766126
298;0.09299434244835614
299;0.14632968125325235
300;0.08084670748298867
301;0.0294476588589224
302;0.18048242073630094
303;0.18004572954764994
304;0.18715880218015224
305;0.16718264254451284
306;0.04449715699722195
307;0.09024866297166614
308;0.041420511976516486
309;0.17900029210141707
310;0.03606776904575975
311;0.19356796947683197
312;0.19705654535611053
313;0.003933023546635695
314;0.17422547309216418
315;0.18450201255830337
316;0.15773536467798024
317;0.16957609724762304
318;0.17195635994863184
319;0.0484609945873477
320;0.19860160702260857
321;0.011245594470840437
322;0.05209830794628048
323;0.10853690574672266
324;0.05961473291442059
325;0.008105009314912403
326;0.12102780865078869
327;0.1442167759079538
328;0.06643241598956103
329;0.06633257468021177
330;0.08990688186860085
331;0.08584984218170887
332;0.1266231496995889
333;0.17132815071454305
334;0.14222919904382755
335;0.17507652417979383
336;0.012183508865590921
337;0.1339494868878842
338;0.03081524530314954
339;0.15864270128116198
340;0.12260889566177989
341;0.08053501957094111
342;0.11345781428494234
343;0.14802406694275058
344;0.0289579351245727
345;0.01808938909782365
346;0.16419673934709209
347;0.19869298817683825
348;0.09855788315437884
349;0.03898191383451615
350;0.19652461316101336
351;0.18294216520476145
352;0.11458644653180623
353;0.08545595001381917
354;0.16506649799164105
355;0.18842520548592123
356;0.03413355313511686
357;0.11752469052568351
358;0.09567455354101935
359;0.17272922044561223
360;0.05051215317265423
361;0.07779201623915251
362;0.12144890138714011
363;0.18112506234715525
364;0.08731075165040805
365;0.11166256821928577
366;0.034882713144247644
367;0.08729964116469142
368;0.17214243554444097
369;0.08913263659730142
370;0.16718983677633384
371;0.15990697295780196
372;0.09245086674929155
373;0.07373651984569725
374;0.04061912066123612
375;0.008994979803090653
376;0.06381440472796199
377;0.16094503469534785
378;0.11937941382211736
379;0.17395438897110851
380;0.049215972466649244
381;0.16795131593102633
382;0.18130229843862677
383;0.19839960291007955
384;0.07357212665220468
385;0.11168919057777134
386;0.12055514413734647
387;0.13899594116867212
388;0.18011818622305048
389;0.051914573755061325
390;0.04598568350107124
391;0.03007648364044684
392;0.1297467871120948
393;0.05809781179460525
394;0.1363078931168619
395;0.15273712125691807
396;0.05988392209901364
397;0.11930783393678408
398;0.1047394117522008
399;0.0737455754436412
400;0.08838277634345199
401;0.19713854713739754
402;0.08869003732150207
403;0.11948050021581538
404;0.10386613690318613
405;0.17563177487970047
406;0.1408586649359121
407;0.1502825744490813
408;0.044599252307668195
409;0.04354087745767141
410;0.19788352786024954
411;0.07346329167775038
412;0.027417977786187
413;0.07612876128860886
414;0.021304758912499236
415;0.0018213052288145182
416;0.1910710348618192
417;0.04283287695130669
418;0.15649235672151884
419;0.1089801802044077
420;0.10024670825657916
421;0.03482012951156301
422;0.07791838646923988
423;0.17330195054848296
424;0.08551043939442333
425;0.02777816438726597
426;0.031022906922318707
427;0.14870332476122627
428;0.045520891032481005
429;0.07819274286151677
430;0.014344295844280942
431;0.042845731215164044
432;0.0005397601878485592
433;0.044574104320333
434;0.06593101213955287
435;0.0715650506189469
436;0.0645798519844014
437;0.15282843264329066
438;0.04994867223224467
439;0.06717634358512928
440;0.05150112529978974
441;0.02135081547896496
442;0.15311026717872922
443;0.08210765431678875
444;0.04441206525152919
445;0.14918709913361897
446;0.10675029317434155
447;0.05600416248824121
448;0.1630500156309621
449;0.1863913573377406
450;0.050542911425922536
451;0.1275318308651505
452;0.14538215137396437
453;0.03278731228491061
454;0.10234365589057755
455;0.029781374659349314
456;0.18833685615584625
457;0.13653497554453123
458;0.14051670936093327
459;0.016294990361202435
460;0.18462434624223317
461;0.15948130669058566
462;0.10989663336665736
463;0.016659470879470308
464;0.15994687870014213
465;0.050110648672932204
466;0.11740040551805792
467;0.13810872205709226
468;0.17195733087039067
469;0.03999248268714737
470;0.17953517678433917
471;0.13461922694299175
472;0.0672730398387629
473;0.10164384144966171
474;0.07682591940557736
475;0.08830369921897402
476;0.11998040892579849
477;0.12499317050278394
478;0.08954743615268895
479;0.0017746563604858602
480;0.1827574416898563
481;0.14467774929641056
482;0.12785583009564255
483;0.01253819895226851
484;0.07670537963125884
485;0.03224805256684047
486;0.07659712478232794
487;0.19495727341962227
488;0.10787781681646705
489;0.03171438960213975
490;0.058758153636936754
491;0.16427436866261208
492;0.111016977667427
493;0.004548289721536958
494;0.11231043907548861
495;0.17899582745564624
496;0.09698615202707916
497;0.14243618166350053
498;0.10566540584566474
499;0.09185875540928508
500;0.1000784663131869
501;0.14760710066311514
502;0.014738496705001825
503;0.0923293974736068
504;0.1552812319686098
505;0.13881641646476692
506;0.0888970317693981
507;0.050495760591741545
508;0.1852214239126246
509;0.08202882028060983
510;0.006321143893046277
511;0.12030670422563101
512;0.08875260783323254
513;0.11714200003009066
514;0.042893445274598666
515;0.05459160514097699
516;0.11425307949553426
517;0.006609986831626369
518;0.06206408117207263
519;0.17565673944020918
520;0.14160272042009847
521;0.0025320017758494687
522;0.0830559710299548
523;0.1399387992499443
524;0.15910942388613747
525;0.12040691728420004
526;0.08098166492987567
527;0.0999933057294628
528;0.02089209155105083
529;0.09967538594163339
530;0.18102103455453084
531;0.10086477553796513
532;0.09182294986696429
533;0.14611895090453328
534;0.1257731247712376
535;0.18068328407141007
536;0.11797669664389515
537;0.08559533159998128
538;0.09910725782421717
539;0.09697295961478639
540;0.10952136797400223
541;0.11912378967919826
542;0.11836976474368824
543;0.07679702502266719
544;0.07741329160759036
545;0.09723063739680059
546;0.1335739036401301
547;0.019735756504649007
548;0.1938196503044214
549;0.13876960908934796
550;0.10089536460705831
551;0.08452619302490683
552;0.04561927380803055
553;0.05298445376808583
554;0.14938957555313387
555;0.060628646678302395
556;0.07989102898254244
557;0.1958118656848652
558;0.10133682976348107
559;0.17841895565028698
560;0.05640785402887114
561;0.18666608441350205
562;0.04360233578168256
563;0.07398078827132518
564;0.18120196219706974
565;0.057648928648511746
566;0.04488044201985952
567;0.15018072705954702
568;0.018329886724397927
569;0.08735249329517387
570;0.07894295130399286
571;0.016825636385921872
572;0.16086704931516904
573;0.0460958821572161
574;0.1060398965083562
575;0.186722592717521
576;0.039311721613752626
577;0.1139960346250289
578;0.18176904062210975
579;0.11354016192983883
580;0.15293243812467705
581;0.11290638737113329
582;0.12467648187049539
583;0.028845554152207332
584;0.1687373680818369
585;0.14545823515609155
586;0.15291849891384868
587;0.06304580434852568
588;0.16984024190800126
589;0.1595828468825595
590;0.09043710050467678
591;0.05943431022029919
592;0.04723402066732805
593;0.16313330183019725
594;0.14688435529946123
595;0.0702628606396533
596;0.04106830281130061
597;0.06623050433122053
598;0.026551905915942232
599;0.030136148511272023
600;0.0237319516184922
601;0.15230805161904154
602;0.07667268427752048
603;0.051852940292127996
604;0.06563227794127782
605;0.04453741258735671
606;0.09242199297458789
607;0.09328439379002784
608;0.08834602992175236
609;0.009352874791531218
610;0.1894482779220537
611;0.1625590326072231
612;0.0059446964498575785
613;0.01750437949087962
614;0.038532441061014104
615;0.09656440900819555
616;0.036755720364068045
617;0.08390108771579703
618;0.1947949443553883
619;0.19001053350036498
620;0.05909930818384943
621;0.1280837837296567
622;0.016360487644793763
623;0.07672888020952405
624;0.006124408773773094
625;0.1081258723750973
626;0.11243820845946412
627;0.15014705532228897
628;0.1375242451484834
629;0.15368521100687352
630;0.022716910480870812
631;0.15030072494065966
632;0.12642544169238712
633;0.07953943998845073
634;0.030953825498373735
635;0.17958928598973056
636;0.15992374747396007
637;0.07184993718835835
638;0.10069061304204106
639;0.006723652019834847
640;0.13366756180830985
641;0.028585246879721794
642;0.15721613174602445
643;0.19319102718606404
644;0.19534842423185886
645;0.0776716699541036
646;0.09408528480890455
647;0.1473074846971503
648;0.15782694087216478
649;0.11768463229049704
650;0.14762136925553554
651;0.1568594010160884
652;0.03849355296681332
653;0.07209870514681009
654;0.1008474146978483
655;0.01962105186146712
656;0.16684509615566043
657;0.1998480451696243
658;0.11214395188402973
659;0.013248442932838356
660;0.05373308824176733
661;0.14233194098890253
662;0.1131856726471538
663;0.12065598460194862
664;0.11420249640468438
665;0.193789111285052
666;0.0877770074404689
667;0.026375664499959053
668;0.1924373064451147
669;0.18017943542336656
670;0.19893588690644026
671;0.07296323532926074
672;0.014378678013653824
673;0.0003635634763153872
674;0.14659313830161544
675;0.15739686437469225
676;0.11689545860037909
677;0.13372255821427106
678;0.12159682253716407
679;0.08439198158397986
680;0.15774207839060816
681;0.18353435014072422
682;0.012923207022127615
683;0.1425949905791104
684;0.1360292411790285
685;0.13624694200602488
686;0.06656257293239723
687;0.05623728317890262
688;0.08313249210136264
689;0.18745123475371442
690;0.17475245308156429
691;0.025189165118751824
692;0.13134924913153986
693;0.17121240783783254
694;0.1716828026095693
695;0.14939662168009704
696;0.025475651664549282
697;0.19469955995327407
698;0.13687078827201712
699;0.038207205649254575
700;0.04957520715512496
701;0.07356154796370347
702;0.1973988032697399
703;0.1561418986789901
704;0.1946369278820723
705;0.10135752192582592
706;0.03951800623072228
707;0.16884137843690628
708;0.17130400816212743
709;0.1956647647565517
710;0.0006248691672213314
711;0.04376429828000577
712;0.02417539366906596
713;0.08548053954668691
714;0.06320195330749993
715;0.04344564165298046
716;0.17144218565354238
717;0.17799177122526533
718;0.17089760674136203
719;0.05384147650520208
720;0.03626449224466488
721;0.127265910108441
722;0.18153949898944421
723;0.07087192574669283
724;0.08287786916941525
725;0.05190593393712058
726;0.12616256250542654
727;0.10362981547864894
728;0.16054647806058384
729;0.11314814355977448
730;0.15403920578985839
731;0.13505422346553717
732;0.07976961518295556
733;0.01248531276224576
734;0.155623497183198
735;0.05269869353919443
736;0.030266412979340476
737;0.10997266385289683
738;0.02511689680012741
739;0.14689240290121228
740;0.12964210705553023
741;0.026623665519168283
742;0.18897381793427007
743;0.15765793991536972
744;0.132815727897248
745;0.011067312677363318
746;0.10902094129997203
747;0.04485681086175208
748;0.09668557308037494
749;0.0749955702935036
750;0.015782178051273466
751;0.12631997045875978
752;0.18804833891377262
753;0.11551528947908768
754;0.08329016238917171
755;0.03449786023936261
756;0.07103986206274304
757;0.00010412167521942628
758;0.11504465018028852
759;0.07778261714851882
760;0.006829672228459472
761;0.12208977064002498
762;0.033932800132044805
763;0.012458214964730208
764;0.07589851779784601
765;0.016599454206435806
766;0.16937797771900942
767;0.18244255542780366
768;0.11699742196830697
769;0.19482732818614235
770;0.1509072771334669
771;0.11447448749329435
772;0.10423501540338796
773;0.09145992725868697
774;0.09416072566891627
775;0.01708420538658675
776;0.1657603393006867
777;0.17886189503428693
778;0.12989944637939008
779;0.017282364352783432
780;0.055293300708370685
781;0.1987123663665569
782;0.050338240582255916
783;0.13943586933407265
784;0.15845795102294152
785;0.0392603130179614
786;0.16040498054895005
787;0.127013894958936
788;0.016102295607923225
789;0.0961932088359327
790;0.021560148603433606
791;0.17691450856317742
792;0.054596383335709736
793;0.022390682501576276
794;0.019539056474153195
795;0.048216576997667154
796;0.0023163066264920485
797;0.13486688689011658
798;0.10926401983619508
799;0.09633260040741382
800;0.016019817288078376
801;0.14123744090730547
802;0.1546358395937333
803;0.17521255427913768
804;0.14762033860946863
805;0.1365093914923796
806;0.13354685592628185
807;0.12193758018992154
808;0.06085715286820901
809;0.10962167726380785
810;0.1291647547525265
811;0.037483892473872696
812;0.1177710925456659
813;0.10329967756629599
814;0.147558768956614
815;0.019191872016399027
816;0.10582045529507356
817;0.15038347800500607
818;0.16733470271114045
819;0.18541176144078295
820;0.14314320390221055
821;0.12499584823025985
822;0.024438095655521686
823;0.07778353264308896
824;0.056215248067085694
825;0.09015947854411391
826;0.17793571956431603
827;0.12303098475619773
828;0.16171861771384086
829;0.03383031982750415
830;0.1984723298721417
831;0.03571505351452331
832;0.17526738998309108
833;0.14658561825489455
834;0.09061229086725481
835;0.010443029571052765
836;0.08369569160349882
837;0.08251735692151288
838;0.09502185699834938
839;0.08907696444526925
840;0.11790338362885305
841;0.199781970215965
842;0.18656023714420278
843;0.16585763472422058
844;0.06439443262919874
845;0.16513595515254
846;0.06761372427994115
847;0.1111189438496826
848;0.04695272243696052
849;0.08358431453611666
850;0.08033521059905707
851;0.041065240008217145
852;0.06840423168484522
853;0.09613880300399624
854;0.08656018723090704
855;0.003152764986570933
856;0.017371499397319145
857;0.0990669798927653
858;0.005186016078173816
859;0.08006416042072306
860;0.15819154153433745
861;0.05282216812137084
862;0.18418096576304446
863;0.09901886241725828
864;0.018864188089184622
865;0.17754353474798706
866;0.1495485339494192
867;0.14257261727586754
868;0.15218185187577649
869;0.04812870331911123
870;0.1700548894290152
871;0.11408812888872161
872;0.1786409504035391
873;0.1367451747618832
874;0.04315067112031368
875;0.08870388700555337
876;0.005095818292295795
877;0.14339310718688758
878;0.1408977378144752
879;0.02273336627459868
880;0.1270366970433395
881;0.021549787960024738
882;0.06839212651248104
883;0.05094694672827121
884;0.10903829709399085
885;0.1497277094099844
886;0.16130168114599597
887;0.0654756033180465
888;0.007532792836331259
889;0.16457187698780923
890;0.19458343865109665
891;0.10237387013940116
892;0.10380146191176876
893;0.05886105713449055
894;0.09002622973167335
895;0.1888803043461927
896;0.15476043745522972
897;0.18760476262797898
898;0.0010318843252215216
899;0.16206860297465653
900;0.11280065302262239
901;0.016610877989934946
902;0.09918170243995961
903;0.07145991274113571
904;0.15363744563603066
905;0.14064573360881627
906;0.10555325952071895
907;0.13219833756826485
908;0.05462629507534825
909;0.06604581456562726
910;0.09394115152891613
911;0.1663937038847956
912;0.10306643818944253
913;0.048501979832403966
914;0.1692693428756386
915;0.14650743195296176
916;0.015791935744337016
917;0.012852174580049303
918;0.15237380470015024
919;0.18818049048997917
920;0.11253804084657976
921;0.08134455415404518
922;0.07526394834756744
923;0.1084552398666677
924;0.04629302149775605
925;0.005047460900538448
926;0.09952308594353548
927;0.14149899113992848
928;0.03963621632660746
929;0.07776838284116692
930;0.1794132530970047
931;0.06177276923834554
932;0.11041101372476086
933;0.006499946740899132
934;0.07606668230773568
935;0.04693223731492751
936;0.022723141434926708
937;0.14053712882987743
938;0.14113592592484137
939;0.18338318477629773
940;0.036057099604842914
941;0.06090542546388458
942;0.15576811173222738
943;0.1610522134988261
944;0.185767976527639
945;0.08708560027209998
946;0.1660389958894299
947;0.01191898898581696
948;0.08108943729657068
949;0.15001081002943237
950;0.19263932259600838
951;0.01072395973264344
952;0.05717444771827647
953;0.17609484892380825
954;0.10135556936093529
955;0.06895151893068822
956;0.1540734156205242
957;0.021983703428520608
958;0.028112453943608885
959;0.1472895960504811
960;0.05477086630852246
961;0.06488645469901498
962;0.02034926945596416
963;0.14256929487963452
964;0.09189480608338325
965;0.05247091231134913
966;0.06109832898107943
967;0.01417986516112777
968;0.18274398788641713
969;0.033084515711414485
970;0.18208288424858488
971;0.1391803406601116
972;0.10780335445823655
973;0.1809744046720727
974;0.02901597387107917
975;0.11213734802727625
976;0.01689328219342534
977;0.07074189966210141
978;0.15107683971056585
979;0.09038051913690048
980;0.1742387281919258
981;0.01805628296602666
982;0.05628336654461779
983;0.1445566344420636
984;0.1050476101008921
985;0.14299789717048372
986;0.015519049335332526
987;0.19067958512927316
988;0.12642162200288526
989;0.0961855805055951
990;0.007752332788882455
991;0.04760930791664691
992;0.10550941749790049
993;0.045710906727857006
994;0.013761709421738245
995;0.06411832947209298
996;0.11743589656177592
997;0.06492512088365872
998;0.16283662690161269
999;0.06331453055125157
1000;0.025058339781231245
