1;0.18321543838010246
2;0.15917224388456763
3;0.03690106372099749
4;0.10561356287542273
5;0.16509430985361218
6;0.1925909959035179
7;0.045798342175745105
8;0.14357956350646162
9;0.08303586232609753
10;0.04283499189443751
11;0.0790617266912387
12;0.12587140822689077
13;0.05637372870254387
14;0.18543926393714844
15;0.19923628702887927
16;0.12027612305784019
17;0.11074216085611031
18;0.029500117122032266
19;0.1738116173176062
20;0.14778166706049656
21;0.13535528487322865
22;0.16221600672312123
23;0.053292536074876384
24;0.1416098421058879
25;0.10183367675554918
26;0.024209118481853253
27;0.14032151071394164
28;0.0634441738683132
29;0.12599238144302327
30;0.1461767875271449
31;0.12674926179238818
32;0.13281302140968212
33;0.11022707937893378
34;0.059412153454598826
35;0.0900631630199928
36;0.13937965081783224
37;0.05335751294924598
38;0.1554780594361152
39;0.1685212285115087
40;0.19978797539036025
41;0.042504168377749556
42;0.07667967534484313
43;0.09980463855069557
44;0.05449978951398862
45;0.02550703269853585
46;0.14050386409205018
47;0.11497751864345124
48;0.017571163887004016
49;0.10047218353084242
50;0.09926263409965164
51;0.03582526730874913
52;0.10047369278726247
53;0.025074725657888975
54;0.05722860123179532
55;0.11953535414203331
56;0.10497752331938148
57;0.19517262466961444
58;0.16009009948229677
59;0.1703590885417432
60;0.021497204065535347
61;0.1523307900984355
62;0.08175249257176181
63;0.1791347667848503
64;0.06190931608562096
65;0.08072418326855171
66;0.1595814365806962
67;0.03443665264499387
68;0.013696363365580978
69;0.04624399278471476
70;0.19898791835780366
71;0.04220715509936575
72;0.03581154857647084
73;0.04789922165607317
74;0.14507538190808075
75;0.11732698156731039
76;0.09836313522368373
77;0.19655892511673276
78;0.016028881395817773
79;0.09794057234972778
80;0.011276911769137012
81;0.11165368560160521
82;0.14418781200906483
83;0.12996461339865364
84;0.11438011713448547
85;0.15601551042175693
86;0.09671981343761989
87;0.0009668735179869659
88;0.09634200328490049
89;0.0812339290985517
90;0.12501757225455437
91;0.1258178536771144
92;0.01097685296527793
93;0.1552777353653775
94;0.007807746799921845
95;0.1044796432911232
96;0.1771606907111203
97;0.1597062917922645
98;0.13673630216438662
99;0.06345053535771819
100;0.0020088277323486283
101;0.19855128764028243
102;0.05609301206713544
103;0.05653780943766998
104;0.01865668753514249
105;0.023924246884561698
106;0.04857199475986911
107;0.1577384733631642
108;0.13423061499376096
109;0.17242577617698235
110;0.10806671200941026
111;0.09119440132955925
112;0.1851269198729325
113;0.034013955536230635
114;0.19026741383376683
115;0.18969182973779408
116;0.02180265906400183
117;0.07075409903025191
118;0.131595160577681
119;0.13484220189291934
120;0.07962777352354158
121;0.14183348155201583
122;0.0024830022624838135
123;0.028944779142517252
124;0.16450796416708063
125;0.009369295375835418
126;0.10842253185792526
127;0.11211956374797982
128;0.022931057121883813
129;0.07619791930424052
130;0.19187471846480544
131;0.14272000552357303
132;0.1861614289896264
133;0.17799363362539075
134;0.1686615011904692
135;0.030899750323931066
136;0.1597451520851847
137;0.05311767044961233
138;0.19709251255602844
139;0.03611551728575007
140;0.1793099843778918
141;0.19797024103353153
142;0.0005539705422311193
143;0.09911055307258224
144;0.014626873865708668
145;0.12725720390722337
146;0.023860746014552438
147;0.07450738250439819
148;0.17603029852124547
149;0.003777052117054569
150;0.029326897557811038
151;0.09058677271544849
152;0.15580913527878548
153;0.02711008625481657
154;0.051015254786058485
155;0.018173845254584743
156;0.14498100705913314
157;0.0563670589688728
158;0.13347286741206263
159;0.019729144288726453
160;0.09656005546443874
161;0.1747237526209893
162;0.030158626916209897
163;0.03212995016190641
164;0.1462381586779544
165;0.15258572582878704
166;0.12935221747634634
167;0.0984172622004677
168;0.03679983581183832
169;0.11861261730431633
170;0.06341055505049398
171;0.07445026037472793
172;0.11736051677783783
173;0.10976159945092555
174;0.14917999037853935
175;0.001268014291524855
176;0.05944859045232851
177;0.12272216631028371
178;0.11670307901818096
179;0.1247278745680091
180;0.15739270346575687
181;0.13471305987217255
182;0.19336314515507894
183;0.14188636515950384
184;0.12785328545636937
185;0.0331626197207467
186;0.03505621354627293
187;0.15273591526450203
188;0.1546657781648496
189;0.13055297037985086
190;0.02120022431264299
191;0.12727365091987006
192;0.14034099552486276
193;0.11252252597175923
194;0.09893838431092611
195;0.15864602525119698
196;0.06801042249450916
197;0.02144643624270706
198;0.1055948705056191
199;0.042287570564564336
200;0.19468854009099185
201;0.12127307047639498
202;0.051524977919566964
203;0.025006754090087326
204;0.07202698707521925
205;0.10537219708662487
206;0.1290712656165812
207;0.17476096879994285
208;0.06176482572269777
209;0.038925515745913124
210;0.14156275238784552
211;0.08635131847958233
212;0.17450245045871687
213;0.10576880766699066
214;0.13048355196126293
215;0.10880915035321777
216;0.1764276506848395
217;0.07929666721804136
218;0.16250699868085286
219;0.06604528399614032
220;0.10000300695769165
221;0.0018297361154901992
222;0.052031073613686196
223;0.08464726084644823
224;0.05042432627604685
225;0.19793236543820572
226;0.06152750705496493
227;0.09396836937265861
228;0.19790196913902156
229;0.17003856465709544
230;0.09534426797860512
231;0.022332681514740372
232;0.19966614845616448
233;0.19998480249252437
234;0.18813554499864046
235;0.16706449757235464
236;0.034542816190116524
237;0.1274184532853396
238;0.1854200416730383
239;0.06473152339397104
240;0.1888325353339297
241;0.03304033066783041
242;0.18183137396237684
243;0.17744769655283918
244;0.020655207221817885
245;0.004657006024744392
246;0.14884692270555405
247;0.19998204064735298
248;0.06604886047255572
249;0.1838396991477707
250;0.1766164338841093
251;0.11414831432894781
252;0.009270453792778955
253;0.08767761814239275
254;0.1155613820389478
255;0.002032456470091959
256;0.03053643625566196
257;0.19248653475326657
258;0.07435003635426576
259;0.19232008099752973
260;0.15418462288776746
261;0.07297550758928949
262;0.09674929455400326
263;0.12087363877426056
264;0.14628395990075393
265;0.11136781071025813
266;0.0424014019287706
267;0.07772623306282456
268;0.09411455479836102
269;0.1303022674609837
270;0.04349944643592046
271;0.19785468695479458
272;0.00032783606602724283
273;0.12277665998634768
274;0.15849247319393883
275;0.11293651512848685
276;0.1667636969846863
277;0.05980448593151982
278;0.04044199540533891
279;0.10122501304792292
280;0.07882366610852834
281;0.0774983660034188
282;0.10283387389219999
283;0.184979235376719
284;0.03646818265439862
285;0.1433518745177821
286;0.16480384283148983
287;0.021083087286727167
288;0.1393203793035311
289;0.18682736750542717
290;0.05483497875049248
291;0.1334919908811942
292;0.0994208427143757
293;0.01383864636684682
294;0.13300743421460925
295;0.17163018000026914
296;0.08365569017294268
297;0.025577756427955567
298;0.14436466612552276
299;0.015620921829059164
300;0.04599019771610838
301;0.12666954926802612
302;0.024722504835208572
303;0.03248675532159935
304;0.10676234878376252
305;0.06551714521101189
306;0.1853435060912848
307;0.037803619728866256
308;0.18153340749804087
309;0.11137410177517132
310;0.0921012171731253
311;0.008942764981978503
312;0.004629748722959004
313;0.11753908063442031
314;0.15573337629050368
315;0.04234928983905997
316;0.16364212374901835
317;0.1482020375895272
318;0.15013603518211135
319;0.19224274188224033
320;0.17390268595258707
321;0.1698424299143229
322;0.00045151267195160384
323;0.0029674250229191792
324;0.007539714760345428
325;0.13841820887718773
326;0.06495775597364468
327;0.04884215898576327
328;0.18385962239603304
329;0.1601333269326745
330;0.15188236194729435
331;0.14626712871810552
332;0.15410323844517743
333;0.09972658912977228
334;0.150971498182228
335;0.18925091109232045
336;0.12650374627587652
337;0.1597661625965195
338;0.15126353070118836
339;0.17523104274733525
340;0.10822131250643326
341;0.17819400458121704
342;0.08585597717550181
343;0.0004127365436497277
344;0.1856470651543656
345;0.13813060430636123
346;0.007801947585164926
347;0.12589992347663279
348;0.1282698901183027
349;0.09623265176269598
350;0.1481656587230432
351;0.037388150578013056
352;0.10145888141250087
353;0.06247806414938084
354;0.137715589692503
355;0.05038987860099542
356;0.013411196833608897
357;0.0019417153362461194
358;0.0908144374914939
359;0.05195831450961872
360;0.07379360948928103
361;0.18439260815293376
362;0.15051174261853217
363;0.12475616092735597
364;0.09169406991867979
365;0.10699169352373504
366;0.18494418360607146
367;0.06338302738901995
368;0.19809565293476655
369;0.1971585213528525
370;0.026623978604637125
371;0.13860388328060355
372;0.17772039596445066
373;0.15533861148668487
374;0.19363472882362612
375;0.19608052822636401
376;0.18813920339200949
377;0.1721718423805155
378;0.06109149833630816
379;0.014890711067823515
380;0.12863935824740022
381;0.1881889565343318
382;0.06848969044246829
383;0.19346015097105373
384;0.0946891979951071
385;0.09487832363900095
386;0.1708587733074205
387;0.030171188315651378
388;0.08654895733414669
389;0.06462470690286114
390;0.023433933541637565
391;0.19686924647342907
392;0.029473330675281618
393;0.07400373794170599
394;0.057530032927597535
395;0.11612324126343154
396;0.11812387033163807
397;0.05483631241023641
398;0.07352758726237212
399;0.0732610945740293
400;0.05228991552865108
401;0.002377411012882358
402;0.10491416037810658
403;0.1772451709353367
404;0.16359366560463373
405;0.17582235722478212
406;0.1472913438045785
407;0.029923524226330756
408;0.0672980604566598
409;0.09903433197221607
410;0.08051542857443172
411;0.1674784200735627
412;0.04902013786252599
413;0.029130128151721113
414;0.0308744455037971
415;0.08998105725549993
416;0.03708839735756491
417;0.05302883856235585
418;0.03976901570868572
419;0.03731624043470596
420;0.05423846785104263
421;0.0818811887243232
422;0.07444596817961516
423;0.033273036902744794
424;0.030576170382350654
425;0.05729689028908063
426;0.102989102782999
427;0.00546189265148871
428;0.19299833174863124
429;0.16742251574517408
430;0.19200483418132316
431;0.07378532747062012
432;0.028951994009629868
433;0.1002295402504624
434;0.05536245903417741
435;0.11114624450755756
436;0.0035595246650922396
437;0.08591460587783584
438;0.06833401619221394
439;0.15621454318483985
440;0.0759957125672883
441;0.0072340127883059775
442;0.19723417954197447
443;0.19859361079045154
444;0.04667712646054498
445;0.06972092496449837
446;0.040939603003074754
447;0.11927186674703674
448;0.19601336305361483
449;0.15695367304770733
450;0.12784125302416102
451;0.11886974605388555
452;0.1772002616564988
453;0.16138444389327586
454;0.0829908736064901
455;0.14171357593426165
456;0.1286704311747944
457;0.12233984780691337
458;0.1056803185972584
459;0.0031941002076608885
460;0.17640653639788156
461;0.09302583227112791
462;0.14243594487021646
463;0.1257834576707677
464;0.1200578195148464
465;0.07755152879831043
466;0.11644025362041077
467;0.052183091288492925
468;0.13031795252342562
469;0.0508660757891934
470;0.07276512709362952
471;0.03415835523786657
472;0.029945700141969137
473;0.15896927307178488
474;0.1576259015837521
475;0.03214211667929454
476;0.05149385012426373
477;0.03574060384869067
478;0.16591858277849691
479;0.039716146844463854
480;0.008332215893865747
481;0.0627822080086369
482;0.15145070979428316
483;0.10447764383937574
484;0.06059195541452729
485;0.08311160158655945
486;0.17335850690936705
487;0.11655615952206598
488;0.12192295232974922
489;0.007004505580952692
490;0.019579768513614672
491;0.14154772608411212
492;0.10047916434936224
493;0.18818766189830533
494;0.004491826903657392
495;0.004171314596165887
496;0.0817792968231452
497;0.04657632873571036
498;0.01574466740095686
499;0.173514889278352
500;0.05241455416514369
501;0.1113033494761687
502;0.0215438120373884
503;0.06859848046939963
504;0.13232619825007907
505;0.049143546846469155
506;0.08479200900392887
507;0.18448830671148686
508;0.12178974673040255
509;0.05811455631036169
510;0.19030201186456183
511;0.010354392134046965
512;0.18239999356309156
513;0.03756957017541214
514;0.0794887003238969
515;0.12338906550625435
516;0.03901247128789991
517;0.15403207904326113
518;0.09801065533492669
519;0.04434022266193918
520;0.19953970836691345
521;0.17095064140252755
522;0.0633164767897214
523;0.03440463971650148
524;0.09241444050647173
525;0.14803329112208855
526;0.032974283062374286
527;0.010024043643150704
528;0.17584204643846235
529;0.1603957466588877
530;0.001444079724858516
531;0.18709787933505184
532;0.161888313325209
533;0.10784530241848744
534;0.069848384309649
535;0.05621697363863903
536;0.1110489911980869
537;0.1669542642219236
538;0.06089061632830561
539;0.13441663831380368
540;0.14391989378541922
541;0.061103531928491474
542;0.14275511618709127
543;0.1671557753281417
544;0.011556064872493721
545;0.003041136970239333
546;0.014221946023414735
547;0.09016581398156404
548;0.105560539257468
549;0.13992441136210282
550;0.037302662044285166
551;0.00925452518341161
552;0.154101218482523
553;0.0001240551713767024
554;0.049023578485391434
555;0.10980917053808592
556;0.05738237277682656
557;0.008916773725294558
558;0.019262200360861993
559;0.1912115099037813
560;0.024604559904763713
561;0.1650863261246805
562;0.012626739671207133
563;0.15792437512282276
564;0.13974822071039747
565;0.06359461836018224
566;0.17771450152639526
567;0.15866575085231696
568;0.05863459467327812
569;0.059746285648979436
570;0.06270791917959213
571;0.04774483638973666
572;0.12616995428120578
573;0.1817042505655725
574;0.06640455987612784
575;0.19298889848730566
576;0.18603228554497642
577;0.1993452656367083
578;0.15547863757103395
579;0.008548689979333779
580;0.06207505810349032
581;0.07428912015809779
582;0.19666831970962262
583;0.0575464754739155
584;0.06488393625247357
585;0.08867089124830536
586;0.1244343123896181
587;0.06549712756559725
588;0.13866996449641988
589;0.1805893892259197
590;0.032099990566113616
591;0.020388923999536138
592;0.040351646863799155
593;0.14495911589344557
594;0.062087409429410136
595;0.1462483169302714
596;0.07238693996765433
597;0.12777932394029792
598;0.1282115803299397
599;0.09725756457930246
600;0.13220950816731128
601;0.19478260345867263
602;0.10206456163407174
603;0.10375906845268706
604;0.039781592767272805
605;0.04959938317362753
606;0.043118769644566714
607;0.05229980870450195
608;0.015621762039810961
609;0.10850252106103345
610;0.053934814465405136
611;0.16145974567997182
612;0.0599770090126091
613;0.10145993239800669
614;0.06569041771932393
615;0.10563575019392074
616;0.016669370296060106
617;0.04410836074634137
618;0.15370282900743137
619;0.016029911624363957
620;0.09969566695897299
621;0.1130423454025199
622;0.11262932229687168
623;0.06640343167374718
624;0.1429882629886428
625;0.024882911023791587
626;0.05121157556781524
627;0.12795087997542054
628;0.061998873657521686
629;0.0861371013601814
630;0.15229097489670163
631;0.008208167324225713
632;0.1402961688710089
633;0.041521680097266894
634;0.04493774071385608
635;0.019548353157813916
636;0.15714523113340262
637;0.1715874487991584
638;0.016428711659573027
639;0.07244857025674144
640;0.16829634767758403
641;0.07012333925572588
642;0.11060836550086944
643;0.021994416041477605
644;0.13786473812062325
645;0.16190596989452402
646;0.10319633220558225
647;0.03942159374068948
648;0.05210083291387733
649;0.09156884734460471
650;0.019738174785471175
651;0.04618649928914114
652;0.14603616614193843
653;0.09549058982256671
654;0.06030673105141957
655;0.06774691432883753
656;0.07600144486827752
657;0.17066461956674386
658;0.013427772495634982
659;0.08682873998450785
660;0.14666486894423494
661;0.19376484365313945
662;0.19992208546825255
663;0.04875962513019947
664;0.1765363435163585
665;0.14037875148988815
666;0.05033394167687342
667;0.17900770244931485
668;0.08010080717193986
669;0.02327810159326591
670;0.11762571614753153
671;0.002476860291354766
672;0.07999740451000958
673;0.1722111244005251
674;0.06555685324380123
675;0.014159680914984697
676;0.12195988845193123
677;0.006099970312161873
678;0.12090190736090033
679;0.14689374804971855
680;0.11258366518170725
681;0.17726171149079617
682;0.03289809227554465
683;0.0045777508253392
684;0.1952007338463027
685;0.027220449268702086
686;0.153633027435625
687;0.05884934348143592
688;0.19526976671976187
689;0.1731470978700214
690;0.12465648525149586
691;0.13470951254392796
692;0.06754702852676293
693;0.17071756143278913
694;0.12112324514381381
695;0.05762889185361371
696;0.1289088434658241
697;0.18629549785026173
698;0.06585145763918253
699;0.14440632310370524
700;0.03921018510576033
701;0.18950451731819273
702;0.09997210061208506
703;0.08338353711235891
704;0.021093233429498717
705;0.1086079804025732
706;0.19861500602369825
707;0.03506856065470785
708;0.043152599292444506
709;0.038873971785593465
710;0.12328678858007372
711;0.026969927427639685
712;0.047639902775534516
713;0.12380286886223975
714;0.07561746443167792
715;0.17810756194378308
716;0.15877713800645266
717;0.08597699934299055
718;0.12511666197060028
719;0.08830398967610753
720;0.04771228043389928
721;0.1227468789039382
722;0.14669636991398038
723;0.028222368187763937
724;0.06523189991300758
725;0.1948187142261618
726;0.1175288990348883
727;0.09769029813488238
728;0.13218654413056066
729;0.08587226969114509
730;0.1402483917268156
731;0.12089009137983525
732;0.033536718938207664
733;0.05009055374027441
734;0.11149703279988626
735;0.16857404013301197
736;0.1978168925473529
737;0.15779590892556777
738;0.199961144547113
739;0.06900832551684997
740;0.03125607638046162
741;0.1542332607108032
742;0.19244070462173804
743;0.12237840885261944
744;0.10860379043585258
745;0.08661807260918208
746;0.13345687407016932
747;0.17644050894127183
748;0.17823660338961705
749;0.1942088966572289
750;0.03421615594762053
751;0.016835923342915993
752;0.09002407341168345
753;0.17753384691141447
754;0.09137235452812315
755;0.07707066662505944
756;0.13473899835797928
757;0.03364174854310422
758;0.16915262657810995
759;0.1419403993790926
760;0.13273571764112188
761;0.07572687051427476
762;0.07212125490024202
763;0.18326432975681842
764;0.19269768080807273
765;0.015639810407303067
766;0.12745770747240856
767;0.1973397966214282
768;0.02149985330845199
769;0.18508919834802404
770;0.02947955782564471
771;0.16681724595556027
772;0.19442921903235255
773;0.10884150124876396
774;0.039449489143725064
775;0.15832193687343607
776;0.08589050368935275
777;0.003653670425257061
778;0.06467703561695308
779;0.08051402121073728
780;0.01701019805122397
781;0.04917680327138305
782;0.07161747554219836
783;0.08787515567642189
784;0.04816851798076758
785;0.16778303701048353
786;0.194770557567134
787;0.12129934423671357
788;0.047919717932322616
789;0.04672192925997723
790;0.19577397768265722
791;0.042140582929209615
792;0.07825958049212339
793;0.025554012512614688
794;0.005989381611373457
795;0.12207855617019832
796;0.07164463473779992
797;0.1328339741902332
798;0.11013037915008239
799;0.08371040373697265
800;0.16940499727517666
801;0.08685581555196586
802;0.09279578732105223
803;0.12893098622745505
804;0.15916304667938572
805;0.03535396031188276
806;0.19303829418836185
807;0.030359441193080164
808;0.05214003963677134
809;0.07937006173665449
810;0.17593405595523373
811;0.15433540758778716
812;0.1454733252192637
813;0.05282708778969125
814;0.05751448395851362
815;0.08916789151779521
816;0.12931225902010385
817;0.03765595955505022
818;0.09028270584179612
819;0.11437130312087458
820;0.1968949014047447
821;0.16239685761812703
822;0.18137607122963506
823;0.008487468061795057
824;0.1758202484725272
825;0.17454284220507185
826;0.17770583624415875
827;0.02172971040583547
828;0.01605140233989184
829;0.10862305344135591
830;0.12549411568727195
831;0.19014776356952318
832;0.02407220744800087
833;0.06845777782544053
834;0.0551877872473098
835;0.18837031101139456
836;0.14265455960252557
837;0.10249365865656578
838;0.006671098196200953
839;0.19910453112221044
840;0.17549300419042416
841;0.08351262402287646
842;0.05054765645921895
843;0.0008782634224623331
844;0.004020131797313531
845;0.06510256917352315
846;0.07763344690547147
847;0.03287448754770739
848;0.00905710201984471
849;0.15955717183221774
850;0.03208999096346012
851;0.07761655873284212
852;0.016638864340196593
853;0.17928919090079398
854;0.17773471333129212
855;0.08095601944399136
856;0.18021946767148522
857;0.1665601403215521
858;0.02208711459425583
859;0.10933713818285361
860;0.09961258317855817
861;0.046956557982017255
862;0.0690783369809127
863;0.15235562648840553
864;0.19442566624544122
865;0.19776326520400517
866;0.13794561956926563
867;0.16771478728356493
868;0.04109443410859235
869;0.17014815431213176
870;0.06319390627111668
871;0.043133039948800384
872;0.17063348161099268
873;0.09764119064025759
874;0.18373648347074936
875;0.07743103534985502
876;0.032223020050244265
877;0.15571582281471974
878;0.026880112144169813
879;0.10859207875530888
880;0.13805789677065491
881;0.09298942482777689
882;0.191639333990894
883;0.08208898838146471
884;0.10789977187794864
885;0.153038307636628
886;0.12509708777850245
887;0.005269790597082303
888;0.13043014784046156
889;0.04359462656589
890;0.012301691919684577
891;0.07097042032368726
892;0.1499076866746312
893;0.1869336297878564
894;0.0022310383637458076
895;0.048129045920192876
896;0.0693621330878061
897;0.08058050765525865
898;0.16565998733602763
899;0.12362710895603178
900;0.15601062938750318
901;0.08895177368351465
902;0.18006099466623682
903;0.05183653151733694
904;0.17860643624315276
905;0.024643589818347425
906;0.10729089992501051
907;0.18696545058444328
908;0.026070008791591628
909;0.04742889096239205
910;0.07328032842993866
911;0.05311352225814561
912;0.07369655674266562
913;0.12047802656674488
914;0.1536737396718781
915;0.19581507086470284
916;0.14437000475307446
917;0.013184091753724725
918;0.15204690723965933
919;0.029240530134995613
920;0.07000301397951203
921;0.08706534562361663
922;0.11840982560177896
923;0.18518616353462222
924;0.19061895081768832
925;0.09655499256111427
926;0.11078964712352245
927;0.06937511891426316
928;0.048651965010876014
929;0.18459675390428537
930;0.15007520040093808
931;0.005853091270827804
932;0.09294984708750487
933;0.10399867567042027
934;0.0557323383243928
935;0.06364122705654306
936;0.1635218029667558
937;0.1888563249464695
938;0.08578502972493657
939;0.09765622325100615
940;0.12897374507699086
941;0.03316950265456886
942;0.07362101082791217
943;0.021555879475696926
944;0.004947844211690988
945;0.1511887756712771
946;0.026691419596118385
947;0.1885150497515313
948;0.043041223190769556
949;0.12644795625308733
950;0.12738031487091536
951;0.14392563283558935
952;0.0914363083352028
953;0.11111220969860931
954;0.08501074184584881
955;0.1480211562822035
956;0.1313202047437146
957;0.16270384939000127
958;0.11016995407185065
959;0.14664931687920954
960;0.1721084965214209
961;0.04889277784259505
962;0.10553170540143367
963;0.11703367312099702
964;0.15455069721194897
965;0.09405423156052471
966;0.14853143178945388
967;0.18650261450318958
968;0.010742844435495336
969;0.16843730096426912
970;0.009157327499608115
971;0.06846145909805279
972;0.14188938371111515
973;0.09129299371603478
974;0.16921803129569865
975;0.19743509642122103
976;0.09863090403905127
977;0.03957229522917247
978;0.15877247537855976
979;0.08324868903441739
980;0.11433801702386417
981;0.18848661112134024
982;0.165753327671225
983;0.08716444012763913
984;0.1500058033916599
985;0.05638945344761939
986;0.1145661983085977
987;0.16664290580643745
988;0.19910763845033513
989;0.1702595543039458
990;0.09831446250829173
991;0.045456605108607474
992;0.11264828065152332
993;0.18655806935482988
994;0.032534404067336854
995;0.09083060519476233
996;0.0864440711596455
997;0.19540847924519747
998;0.046795641755594565
999;0.12895740455011215
1000;0.18250400656755564
