1;0.034714947987831625
2;0.05474107934258154
3;0.08783196099882001
4;0.01750030521982703
5;0.08987295239729548
6;0.06206246669892288
7;0.01003750115691825
8;0.010048578002186836
9;0.09086427122745672
10;0.076564116073823
11;0.03979503902115003
12;0.08565654079941853
13;0.04271814610209212
14;0.0040120107025062085
15;0.022295721598894837
16;0.008059281538391217
17;0.04259497932323563
18;0.0861400828693578
19;0.006515461616348939
20;0.0869698032387895
21;0.034076681314323766
22;0.039001761687029214
23;0.07856535426007083
24;0.0587162622894848
25;0.010231755983101077
26;0.06172581009900309
27;0.0141766476417872
28;0.03375582943498101
29;0.018239256126621386
30;0.028272006808759156
31;0.08416640160526918
32;0.0882351259732104
33;0.08622670644666508
34;0.05788775946754929
35;0.09807473063431695
36;0.09921024032930413
37;0.06259395241457248
38;0.09999837616034254
39;0.05250075453164901
40;0.04197881089989537
41;0.010730177910176065
42;0.06793023669907
43;0.016078900822863586
44;0.08447724077254397
45;0.0024359667269639785
46;0.06851815643337923
47;0.03817546374433162
48;0.09229202567950649
49;0.0046517722230440045
50;0.07576244306578496
51;0.02557328809641396
52;0.022122983075431937
53;0.024252064925385855
54;0.08882746219054367
55;0.06624330105631987
56;0.07919715794579783
57;0.08578522371019667
58;0.06585673942820212
59;0.05052978837705672
60;0.08456318733895149
61;0.04929890349458704
62;0.078627767927888
63;0.02054412123456202
64;0.06588084386941853
65;0.04497097219976209
66;0.02800302776447129
67;0.054442925489727415
68;0.03209917508282872
69;0.09661825705768164
70;0.09476002291077652
71;0.04713043399823074
72;0.08083044955605581
73;0.045681239002410105
74;0.0052875581432554
75;0.09720400016409621
76;0.03989072618310398
77;0.0710843003959533
78;0.07253017972125686
79;0.052790689568212514
80;0.014899623039241661
81;0.0811524674072504
82;0.0799278940221249
83;0.0762232247288273
84;0.03556829235041747
85;0.09516928044217443
86;0.0762146310542316
87;0.025172381532777323
88;0.03677244042768638
89;0.007363535805198707
90;0.060113492306851396
91;0.03628149045235081
92;0.02894669455086897
93;0.04963017672793834
94;0.0429195070035121
95;0.006814278171866106
96;0.03589153386329839
97;0.09080438152319575
98;0.09708980955117358
99;0.04198343822959714
100;0.0583208962551156
101;0.059290766210719784
102;0.028662785349747623
103;0.06321387241618799
104;0.007774525494690554
105;0.014516465987177663
106;0.034123174199671515
107;0.037721562473972625
108;0.011437355200448064
109;0.05898473316589149
110;0.0059617175840058325
111;0.03416356058174571
112;0.0048179076379446075
113;0.08344161810972346
114;0.09560691434920382
115;0.0959019935010465
116;0.07133044628619084
117;0.08727435013944265
118;0.09353623554631814
119;0.0801310614541271
120;0.08400953905491373
121;0.03535615325702503
122;0.07306490051954166
123;0.006362772402464157
124;0.041806724003141095
125;0.036350521859816944
126;0.026937305059565375
127;0.01726678406543398
128;0.08285018340983034
129;0.08683422077675411
130;0.0016366938223552397
131;0.029921703923332543
132;0.01648042193934073
133;0.09990298834386041
134;0.052067803985858696
135;0.020182726149931274
136;0.010661798373793885
137;0.032845766865895534
138;0.09607494321991088
139;0.021878465319542486
140;0.05591284186214676
141;0.05317820085832878
142;0.09135126778046224
143;0.000301857872567346
144;0.02214893621616698
145;0.04239745080084322
146;0.09809624694363188
147;0.08683200838938561
148;0.0012524178139682873
149;0.09764221612056612
150;0.04787317805798668
151;0.0754128754160861
152;0.03412672107967355
153;0.04596481828185284
154;0.0094483133895387
155;0.011127632239966635
156;0.06940723497057427
157;0.087018790025387
158;0.055685360883245605
159;0.0011001947071941577
160;0.0062898964377311245
161;0.054277981678113575
162;0.06216563104475107
163;0.0987395337518094
164;0.05988554502322735
165;0.032060021964449084
166;0.04655425276777131
167;0.07051401049987166
168;0.08290582182775619
169;0.019946057038870837
170;0.07295832659248278
171;0.05235313459727401
172;0.08710474725394371
173;0.05354918683499556
174;0.02239435121388632
175;0.06653174465805915
176;0.09279253994646991
177;0.029410474505940712
178;0.0986804198351261
179;0.0680870830215459
180;0.021826095415404714
181;0.09417328383481666
182;0.08574842696704854
183;0.09652274336813083
184;0.06369853924060963
185;0.08673163498865827
186;0.0777238470751911
187;0.04180207415585363
188;0.01606144755443342
189;0.038421698436161195
190;0.09474946743421127
191;0.029568744659993252
192;0.07313588075421848
193;0.008974098919431196
194;0.04760611114013294
195;0.0007617786248820813
196;0.0937955050944712
197;0.08913845611341438
198;0.04250838344752488
199;0.038381420693854064
200;0.045623822110180005
201;0.030544200472323424
202;0.0074085638709166625
203;0.0013896072668056149
204;0.014437460113301426
205;0.017336193164423686
206;0.0716376399365355
207;0.027162779891077363
208;0.07883277452373963
209;0.05273069611729703
210;0.021585099776656014
211;0.09542766694974998
212;0.012420244805030057
213;0.023089948230179957
214;0.028211865384448444
215;0.05037651563536666
216;0.09603988465779342
217;0.04358573160828534
218;0.08530362079656513
219;0.07710042371743626
220;0.025858912483056586
221;0.05290979035007129
222;0.09105081215417232
223;0.08541413173873602
224;0.0380636618186973
225;0.03327551333452574
226;0.020169132002899562
227;0.025406255912770806
228;0.054585118161417756
229;0.023829507756138502
230;0.006863522902948738
231;0.0481546648549137
232;0.0886004410355099
233;0.02246156661697342
234;0.08592194490601651
235;0.028279156004454777
236;0.04148602617730557
237;0.0387727831766228
238;0.03692100290852536
239;0.011414104048592178
240;0.05323396559364894
241;0.04497031284885063
242;0.041599187155672096
243;0.03971293062615272
244;0.0004977280832211717
245;0.004497985789538983
246;0.05257090815806162
247;0.08827999159999941
248;0.025700709979135518
249;0.09338315816599618
250;0.06358153151711342
251;0.018278930884566714
252;0.021139212261169937
253;0.09333389681328891
254;0.06318054025299012
255;0.01891784493986204
256;0.02572263247733052
257;0.0662219187350301
258;0.09880316748033469
259;0.03812145324241592
260;0.08064715159976515
261;0.023930353383250558
262;0.09932490333527655
263;0.027837666698077523
264;0.012230688307975891
265;0.07940156404800947
266;0.07088936319505804
267;0.06861205314371324
268;0.014787377943800861
269;0.09719539004684187
270;0.0846088623135527
271;0.03453756183759034
272;0.05620729425346208
273;0.057443006905857276
274;0.09263520480290671
275;0.07182020874011558
276;0.03799079120668809
277;0.00660906299897035
278;0.0265887019941378
279;0.08575304856482185
280;0.01825852571554054
281;0.03642084449106251
282;0.037980315667364456
283;0.021324432094504665
284;0.026520074397907156
285;0.02578188572449516
286;0.047086843250238354
287;0.08404802503165706
288;0.05764282435255646
289;0.05384586469503501
290;0.03356051423749245
291;0.020089130232153765
292;0.0014384838017360458
293;0.03928716274053954
294;0.03356431522602234
295;0.06821422471385868
296;0.08504548638358954
297;0.016602502591547965
298;0.08118137728201319
299;0.019496104075348165
300;0.07334131546894997
301;0.014526215030515755
302;0.09504193952154112
303;0.046912624665007986
304;0.015321955807217104
305;0.08130390108808859
306;0.061529066493570476
307;0.05983526742303744
308;0.09117119495668195
309;0.0952532269527946
310;0.07321122659466414
311;0.04441400503241077
312;0.08295757793378504
313;0.01820557751498698
314;0.018755984403995053
315;0.014659956121903284
316;0.043569708363612986
317;0.08901254727652806
318;0.05635270585673775
319;0.06310881924759493
320;0.0045514399563481465
321;0.09483700534145334
322;0.06672630738298194
323;0.08600385772900619
324;0.00749343645214029
325;0.0667208939790545
326;0.022619385299068165
327;0.026698919410035406
328;0.06433396630621126
329;0.09832442562115018
330;0.0973207899585664
331;0.0033664774377162423
332;0.07943796832643032
333;0.011307846236215358
334;0.08844665847868778
335;0.06482233861243326
336;0.04648770494880951
337;0.056304451885027654
338;0.04649901034065887
339;0.09469369163621585
340;0.06775932711739947
341;0.0688363454513281
342;0.05308618360622619
343;0.06071593860244398
344;0.03197550654671227
345;0.01741772379717802
346;0.07481957594185411
347;0.02351462634690369
348;0.03887820450814683
349;0.03403726564907711
350;0.007132563341597365
351;0.08122896614270708
352;0.007449240270156677
353;0.07636558556741155
354;0.0014140262746391132
355;0.0295711426275869
356;0.05692987397658608
357;0.039296059241426644
358;0.017081197914254765
359;0.062424433617307595
360;0.017670518771717693
361;0.06327559086486059
362;0.017962626834562356
363;0.0201280454830042
364;0.07114905027921525
365;0.030039798475485803
366;0.008437503689023296
367;0.01697358664876659
368;0.031989244698435074
369;0.07971837455298608
370;0.02610130571651762
371;0.045098099271774196
372;0.08352097694062122
373;0.061938682617683885
374;0.0022896333484239252
375;0.0065017847328576635
376;0.06457365020887795
377;0.040829176605441775
378;0.05309275230316473
379;0.06968734204507707
380;0.04381493333493476
381;0.04194522858933211
382;0.07006794564849214
383;0.04382900282587501
384;0.08728640126906811
385;0.004325191431306364
386;0.007292823811766125
387;0.02442015974877514
388;0.0717810372768057
389;0.09420780875798204
390;0.07581002804643379
391;0.09797174547909837
392;0.026294371461534738
393;0.02193967788484712
394;0.0023191457786365666
395;0.04017999988872798
396;0.09274337339907629
397;0.006876719833354583
398;0.09043535259517965
399;0.04008428924727752
400;0.055852448366381924
401;0.058440260682448224
402;0.00951626007132036
403;0.08175254069470762
404;0.023211863625586818
405;0.07924927048729984
406;0.08582467986229003
407;0.019480063158293617
408;0.04538808326081272
409;0.08233732402617788
410;0.045853663807925084
411;0.037107251151098364
412;7.940572306044392e-05
413;0.056085854545343206
414;0.08608695066450624
415;0.04095270496398007
416;0.05006060852934955
417;0.09180160512470698
418;0.0029886625073332175
419;0.012182025187832636
420;0.05158111893286754
421;0.003166642039911283
422;0.09639905272158535
423;0.0583390234479383
424;0.07390287758352654
425;0.024071093733494288
426;0.09282076791335718
427;0.07865745652357542
428;0.08676490473031928
429;0.04855195551194376
430;0.010197020858844287
431;0.0490460559100976
432;0.06745292721078949
433;0.03957640833068676
434;0.031210921184041153
435;0.054133642785724335
436;0.0047910316919015155
437;0.04263591155117605
438;0.08401529076614714
439;0.034561601981930805
440;0.03980025662854203
441;0.03259740710700139
442;0.04802631566665471
443;0.07413313407846656
444;0.05708048979602403
445;0.020499483531704322
446;0.07574747897240669
447;0.07637992209873999
448;0.03665441046277693
449;0.07287964383761517
450;0.03393263440200298
451;0.050102182146467236
452;0.052414728590444784
453;0.0317748881157673
454;0.02203541780688554
455;0.00230061785370409
456;0.03693293590167745
457;0.014362938354204059
458;0.05364291326839076
459;0.07049063749067697
460;0.0924836227954347
461;0.09245886918047351
462;0.027378080459363997
463;0.09888644997839499
464;0.0638553010218214
465;0.028616160443909078
466;0.0016999033280623245
467;0.040569305535628146
468;0.03103194948867806
469;0.04217400655084822
470;0.06023632704835159
471;0.01925839397989905
472;0.09694774584559919
473;0.05761991274753994
474;0.012865647584998108
475;0.02397672677004853
476;0.009559859351519807
477;0.05914135562141901
478;0.07473967148111102
479;0.03638666735553902
480;0.07125251040384172
481;0.0955279638263329
482;0.02262632812845047
483;0.08852626786627427
484;0.02104450015753556
485;0.0855481461370734
486;0.01464695643789834
487;0.07898704430565062
488;0.039358287844575436
489;0.09296243554010442
490;0.0022905675384737203
491;0.021034212739664285
492;0.0013592971814027856
493;0.00790639023086447
494;0.049791149580656696
495;0.027734377901704743
496;0.03399905640521824
497;0.05067111895638685
498;0.02132828735459611
499;0.01007174066282972
500;0.09309062499777732
501;0.020454508852207034
502;0.07070538384516713
503;0.03946451169257603
504;0.09588076099896177
505;0.03216138022174927
506;0.04800294547199632
507;0.08891502688501382
508;0.06179711799013961
509;0.0005784676679877588
510;0.03714106227075693
511;0.09665108226219393
512;0.0975056591391729
513;0.012996524226775009
514;0.07009495502606604
515;0.015041904184800649
516;0.010812194470114823
517;0.06639068418236532
518;0.07421196395502828
519;0.08878885759495286
520;0.007287933096383148
521;0.019392754419337157
522;0.050676989154501084
523;0.06533362881537434
524;0.06127541318590431
525;0.06443492959126862
526;0.016463704484010834
527;0.07883985601150886
528;0.04874787368142254
529;0.02436963415494835
530;0.020626550286353088
531;0.09741372681384425
532;0.06443347360832102
533;0.03397971290911642
534;0.007235027524969285
535;0.016992459720660425
536;0.08389285514928387
537;0.0685993346454979
538;0.04941282818258635
539;0.09662984570567118
540;0.09572394985971473
541;0.04819064428186453
542;0.08291768320245269
543;0.060375694375560986
544;0.09253930319168492
545;0.07239235092350714
546;0.005882773952827347
547;0.027245526592816594
548;0.04468283787344212
549;0.06599721285121232
550;0.045906748987368066
551;0.08300276080745596
552;0.09177253757618897
553;0.004561267151189297
554;0.014363772907059048
555;0.08456649207039724
556;0.090690214503776
557;0.07326166919388415
558;0.07051703464308176
559;0.0725663043732429
560;0.06822722906392885
561;0.09006432224953781
562;0.039659469067226595
563;0.00879702829058523
564;0.012739338076259111
565;0.04847344403209485
566;0.09322173219821084
567;0.019275655441234964
568;0.07177021750461614
569;0.047875132745618804
570;0.007269142484104952
571;0.09360304435787849
572;0.015293446997329353
573;0.010303820896023342
574;0.03681848889251639
575;0.03092781992832906
576;0.05819404546254186
577;0.05600359737350133
578;0.07463757090612658
579;0.07727332774861827
580;0.0644423476898921
581;0.016303302681650023
582;0.028510143034965685
583;0.06580419829037175
584;0.05124791575730432
585;0.09057378152112219
586;0.021681526374344652
587;0.0837739085027017
588;0.02587242437576769
589;0.060904849555088236
590;0.07869236426288921
591;0.0295826963843429
592;0.04224126078094212
593;0.07959187061199091
594;0.05020490572841133
595;0.02795601070285585
596;0.0675017873579085
597;0.04780426282443086
598;0.0767034988049838
599;0.038240407175178875
600;0.025315805817156603
601;0.07133596262367398
602;0.07571087433158359
603;0.058171171435892115
604;0.00208437046485479
605;0.0018594309159373102
606;0.042244535072985215
607;0.03741849741785124
608;0.060774099615596225
609;0.09661827519834015
610;0.05703146480075447
611;0.018106519296282687
612;0.09661874487934521
613;0.001973766125538734
614;0.08255312961332044
615;0.025132871939012758
616;0.003858696830986708
617;0.053968191259106395
618;0.07209330635635894
619;0.08475314922805924
620;0.06138457590626878
621;0.0975157040961448
622;0.06454634885823322
623;0.04198393917665958
624;0.06892585362547692
625;0.024654015167907807
626;0.09251626708006776
627;0.08280934052506696
628;0.05280480838649529
629;0.07431202232276214
630;0.09438935706680633
631;0.09504933426458101
632;0.06548639150151099
633;0.07047781445144068
634;0.060041992707919656
635;0.00013195625863543503
636;0.049322612937250224
637;0.09150256918747958
638;0.07147224231118292
639;0.08531039618042355
640;0.015035389410477475
641;0.036693384374675335
642;0.027943377987509645
643;0.00933251587235069
644;0.002130865894418721
645;0.005529357400812396
646;0.05902025482822653
647;0.029868013995360078
648;0.023580701400457472
649;0.053095612666537464
650;0.03622864140883294
651;0.02367795863350468
652;0.0326532633399898
653;0.0315512956122896
654;0.013823014022519332
655;0.015697347941070527
656;0.029550488226020744
657;0.0033965801326332314
658;0.07642969857200038
659;0.07638808459427215
660;0.01979858795190116
661;0.08794815360387478
662;0.09044068364810062
663;0.05762043251243152
664;0.06347071084317812
665;0.09483321141808268
666;0.06877995967192554
667;0.01713176215573672
668;0.0011681734744501294
669;0.00596141450903146
670;0.09023556350829712
671;0.012328898399420807
672;0.07916994651707465
673;0.042951622195177765
674;0.04396914946297001
675;0.010755154088339547
676;0.092012199645077
677;0.016892053019300413
678;0.07517719708749687
679;0.02318428388732431
680;0.023930732944885458
681;0.02663360930345923
682;0.032490420262042366
683;0.005577910904112227
684;0.05329086706804847
685;0.017510030263697386
686;0.016152035176412262
687;0.09620732683436352
688;0.01745069458009214
689;0.09712035402176741
690;0.09017575547602383
691;0.053712933890872575
692;0.09324175638888364
693;0.06694036247697659
694;0.010530179405116713
695;0.09241317546395714
696;0.021871744757835543
697;0.033698789507987416
698;0.020731916810895368
699;0.06323982839947931
700;0.03269934384836263
701;0.028325112658611065
702;0.09345771441171921
703;0.06415395334979053
704;0.01624277525812835
705;0.0433477795049453
706;0.07446340702095476
707;0.038386799342605665
708;0.05333240743110669
709;0.041233348154815996
710;0.014172365489130367
711;0.05962453500004819
712;0.07801847343507692
713;0.004500412885510774
714;0.04396023309787039
715;0.05951477805082295
716;0.053116532957299595
717;0.027009762627320057
718;0.09593117428289077
719;0.03329160834171058
720;0.09929511279878989
721;0.043523875016604464
722;0.06408725031218022
723;0.07248640680997151
724;0.07856770391550724
725;0.04041470900890548
726;0.09880951274523897
727;0.09475992985312641
728;0.03171150251237381
729;0.05836275384566251
730;0.0958283253699731
731;0.009929622833853858
732;0.05601763741795525
733;0.06612489584846443
734;0.02552403471823197
735;0.04430871655233083
736;0.07665997521462388
737;0.09083299224448498
738;0.04718240423997583
739;0.05407642524559583
740;0.02249434622024047
741;0.003952673014267639
742;0.048239754082762265
743;0.019824099722914934
744;0.02234187789500929
745;0.08187749685261053
746;0.09838037254753747
747;0.0998158823248583
748;0.023024083370102547
749;0.057758096354102166
750;0.08396825076547292
751;0.08064271285915536
752;0.0756258026324638
753;0.006536563345206248
754;0.07056231697196012
755;0.09565801218598506
756;0.0006419729980602917
757;0.09208900191362562
758;0.0021581075987972763
759;0.05856938594723188
760;0.020492205390031562
761;0.08492219270715155
762;0.018058642311741514
763;0.04453420945763123
764;0.0023171896855257224
765;0.059323089109380424
766;0.01798217662781536
767;0.030576702304214942
768;0.07843088355506521
769;0.032794310947318106
770;0.06415180753124367
771;0.05023371826333916
772;0.016846614669780834
773;0.015798678840361315
774;0.06847404529824813
775;0.05336181838702397
776;0.03211895071881683
777;0.05737666254817027
778;0.05647776766891865
779;0.0019337074112619314
780;0.053868885452790775
781;0.019004912580347012
782;0.08322479386541207
783;0.033715980639928644
784;0.07442155587570219
785;0.03591775639214023
786;0.09227942391902931
787;0.07684714006299188
788;0.025819556261850396
789;0.04117440248697838
790;0.04855826385327544
791;0.09550460893551474
792;0.07207990887072856
793;0.05068893386124576
794;0.020054540569735824
795;0.09389096449662038
796;0.038473525310332934
797;0.0496481620246415
798;0.08163559802807535
799;0.025270090544539537
800;0.08817264180894471
801;0.09655140560383836
802;0.042906771282690284
803;0.013203542856137363
804;0.09986726165555028
805;0.09010230518327016
806;0.028358751340412047
807;0.02278751122845737
808;0.04832734028530583
809;0.0759896875890324
810;0.07422204299706552
811;0.05490800299144275
812;0.06633663928094527
813;0.06282087383306083
814;0.03576545288605028
815;0.09320743552362853
816;0.010751182289541939
817;0.01592140096875271
818;0.07685927367201772
819;0.09023609746641609
820;0.05068990521705596
821;0.012015469703545556
822;0.007775323104314469
823;0.015769611429583386
824;0.06758442756470151
825;0.0502337602866796
826;0.013872980616654464
827;0.017113882376127966
828;0.03364918512093427
829;0.04819306804702605
830;0.07459921720972566
831;0.028435504309137317
832;0.09974032920988865
833;0.0761364404533278
834;0.038642170001377624
835;0.05989649502211011
836;0.019603957039779452
837;0.09148753820463451
838;0.017675705015935708
839;0.011401444980120091
840;0.09176693936823138
841;0.08846120074986291
842;0.03142545470838437
843;0.09927987232435653
844;0.09331990652121724
845;0.03073795387244238
846;0.09847680507167414
847;0.009501781842589076
848;0.03139581462000899
849;0.04749135323375014
850;0.07459777526583809
851;0.09524584659768144
852;0.005243182746100428
853;0.012194908091374036
854;0.05299989720699199
855;0.06114526906927018
856;0.09908548770125766
857;0.05020901477080869
858;0.08884623613209587
859;0.09123517790445651
860;0.008142002271684446
861;0.004732994938901381
862;0.06401105540672603
863;0.00053156804969684
864;0.06246474847414213
865;0.07484717358282318
866;0.052549933753082645
867;0.04865609304934313
868;0.08768946427557206
869;0.06859957135502195
870;0.011395542755434852
871;0.030670116285509696
872;0.04014744095720264
873;0.021447857658017024
874;0.07502472221627368
875;0.07916883855069229
876;0.009254189690948966
877;0.004069076993350418
878;0.031168557517843833
879;0.029216457265168673
880;0.09398736583935771
881;0.017547899654129864
882;0.08098352122764657
883;0.028380675495586063
884;0.0875411213847611
885;0.05052804154182966
886;0.08651013466626972
887;0.08864088948793758
888;0.07484024922573705
889;0.05737260530740893
890;0.0642562946769696
891;0.07719904512455089
892;0.0308222042862906
893;0.028624502888289983
894;0.0045658299111405514
895;0.0831351057850002
896;0.023890877494676933
897;0.05755782686056574
898;0.009326590362207033
899;0.03940620653112225
900;0.04851849225308613
901;0.09320210113993091
902;0.05638783975422617
903;0.06456371290540301
904;0.0279885118906961
905;0.045138887649247686
906;0.06119029744791599
907;0.034493958825456195
908;0.006150818805506964
909;0.049094889996772785
910;0.049668779732232306
911;0.015628320469811163
912;0.051960976225009815
913;0.09286555810131018
914;0.011184536185768191
915;0.06366865636413974
916;0.04906954655132515
917;0.07126680812677753
918;0.05295130395128964
919;0.04028832935141252
920;0.018182920592557394
921;0.06068989289438165
922;0.011009575130238026
923;0.04364844144566578
924;0.09990428777728692
925;0.020232335589782293
926;0.007560867884340139
927;0.08666026716081242
928;0.07004750486546511
929;0.0613408090327094
930;0.021327462114890772
931;0.041478330584760165
932;0.0024352547194666065
933;0.03630377033358556
934;0.09398248800541734
935;0.03613895198947984
936;0.09043591354564284
937;0.03595695251446392
938;0.09276417460456073
939;0.09954493118286137
940;0.030516646960015815
941;0.06634584562757627
942;0.023925959303243684
943;0.03535255732508622
944;0.01153606541384521
945;0.016738023178143747
946;0.07548273047998481
947;0.09750593596017208
948;0.02032487875054381
949;0.08249026521639247
950;0.0013324803518611095
951;0.04620169987954458
952;0.06543909225805367
953;0.09235308006324816
954;0.09514892435161532
955;0.08601510304646208
956;0.09178334789874609
957;0.010348414916436378
958;0.02889908986856664
959;0.03460286550127887
960;0.027239022384361957
961;0.02517021607172626
962;0.028072563596370836
963;0.09094669414802958
964;0.08429553654785345
965;0.020488831004495445
966;0.026507197742662216
967;0.0931557357947142
968;0.08890259504505113
969;0.043845175476045384
970;0.049211946315115766
971;0.08840833501958811
972;0.033053135610126676
973;0.01132694164490149
974;0.0997727702799608
975;0.044436089890572295
976;0.08696391843047506
977;0.05155807450883862
978;0.055364892312953176
979;0.07717632177311907
980;0.04911209301414076
981;0.004165014513210575
982;0.029816208180199123
983;0.06360090921377443
984;0.04199236770514279
985;0.0013056075255277301
986;0.050847663419089945
987;0.08505589333288925
988;0.029356529116498144
989;0.0778520621096026
990;0.07311769403007666
991;0.08810228090041367
992;0.09389069282879821
993;0.015270123739567876
994;0.007639159105025395
995;0.06191596955165477
996;0.032121022456376803
997;0.09676733609526258
998;0.07039412918781959
999;0.07405528659611546
1000;0.06360400074311873
