1;0.11218086790169712
2;0.1650008435616327
3;0.025623903921635716
4;0.16351266608949483
5;0.02416623120226935
6;0.040582394411137694
7;0.16679438427688875
8;0.19867033160718833
9;0.07949175293550624
10;0.0023094823426434985
11;0.11627387263637501
12;0.03428661042470822
13;0.13485363867107672
14;0.041360410589409716
15;0.017587240704237984
16;0.0508026044377667
17;0.16397327820674626
18;0.07746740988700136
19;0.19278305880489854
20;0.18634841278151515
21;0.12571762599018307
22;0.01480577704732391
23;0.010402324148393727
24;0.0978750883834828
25;0.11628571604826826
26;0.05439497716215565
27;0.19239564694359307
28;0.1420300286726655
29;0.11471152760165677
30;0.09385026119574394
31;0.17252426304236032
32;0.08650314222888844
33;0.025538184719383652
34;0.09818545024617975
35;0.11790140339231643
36;0.0830271806961582
37;0.05565508556664603
38;0.0020840584417235685
39;0.17917083446966187
40;0.019615342108190294
41;0.049400573075313405
42;0.1607913526189036
43;0.1107538436821341
44;0.10548137508653535
45;0.12892888782302742
46;0.03955376795179782
47;0.0006890853851267754
48;0.05592574578035839
49;0.12069150604006627
50;0.18984110711593075
51;0.03265737725532938
52;0.13035637648865617
53;0.1577566212110405
54;0.019164730927227924
55;0.012139561015133027
56;0.14412130335125942
57;0.05189338455362067
58;0.08149724747301551
59;0.04242479933488896
60;0.13479656958738326
61;0.04009480879025869
62;0.07269991394007513
63;0.11454447134291784
64;0.08496882804703043
65;0.08686675787494756
66;0.12607389920080656
67;0.1136559156561151
68;0.13428601180343888
69;0.12630293109028914
70;0.056294070505706256
71;0.025022171826811948
72;0.06959228409622564
73;0.10280796683586813
74;0.047671617614576015
75;0.04480425168668718
76;0.09255206101084486
77;0.09580971121604719
78;0.06323425427696498
79;0.13337039108870072
80;0.16552344277583614
81;0.1441672994015711
82;0.1767080385507186
83;0.09937607684418828
84;0.08993725752031048
85;0.06528388699266507
86;0.1634140530038549
87;0.09424537037859558
88;0.03482541965970361
89;0.07326552584515748
90;0.03479502561407668
91;0.07964881802461546
92;0.15540113553082194
93;0.0958217911389713
94;0.19546934421387477
95;0.06598594060645198
96;0.11682135809885229
97;0.16765694454925695
98;0.19710112670176427
99;0.10230289862042814
100;0.18426285911972354
101;0.03281895377390838
102;0.07630944861182068
103;0.13390012489209976
104;0.1733973435862083
105;0.16630054927604976
106;0.1429772675947214
107;0.00817501240210281
108;0.04309635662234619
109;0.07347043196500858
110;0.07193398964290505
111;0.1823765706179797
112;0.155309199573269
113;0.17286533234918375
114;0.16496041810881634
115;0.05617412563122442
116;0.1338761869851559
117;0.12190769180028203
118;0.16919926054794732
119;0.17036368858328002
120;0.05730899066531481
121;0.1628520547395437
122;0.1217351761165872
123;0.19101768473521316
124;0.006472383470322862
125;0.007805109961601198
126;0.021486392912940258
127;0.12306976087811582
128;0.12001846857689001
129;0.059422572323918524
130;0.19601057443674674
131;0.07022626032325945
132;0.03566093497145757
133;0.11388061215088668
134;0.178540473110801
135;0.05572272887000376
136;0.0786357580164613
137;0.1449991096568805
138;0.15375429366763538
139;0.05698143218386294
140;0.047258228991611896
141;0.1769379251571728
142;0.004590222203372285
143;0.14482288436190868
144;0.07800858728953695
145;0.18613128846195318
146;0.11072683107737223
147;0.08998478407579087
148;0.03596774458082199
149;0.14126854853099127
150;0.007049557656615879
151;0.16537578531848968
152;0.19656752535025607
153;0.004015404676433643
154;0.04282893258175007
155;0.03783670103356634
156;0.07846923440085188
157;0.019974703755350265
158;0.07652525363240033
159;0.07751369700791151
160;0.06059639207885168
161;0.03352788589058089
162;0.14697507809921834
163;0.04764426703213059
164;0.12722786357569704
165;0.16368679602166458
166;0.13660355129412668
167;0.039767224317979966
168;0.13884936051762672
169;0.17485276636205435
170;0.11027336767205949
171;0.1497691800881857
172;0.1569255917321808
173;0.044783602480198616
174;0.11869516235721239
175;0.13926859431633518
176;0.022621755244162635
177;0.15829955896833864
178;0.10460341369929405
179;0.19614639967939568
180;0.09973639163681512
181;0.09565028422656854
182;0.04933995502189419
183;0.06346448194855568
184;0.1810273853542872
185;0.14740995542986465
186;0.1611145973868637
187;0.10575169834149095
188;0.18349195610450064
189;0.038741305865594655
190;0.09337964853846506
191;0.1727126460039834
192;0.1276001532431926
193;0.09595273559527484
194;0.010810681364285247
195;0.14028324092745967
196;0.12693589856539136
197;0.10171902769377811
198;0.010232050064504429
199;0.15715176998927027
200;0.1301677177883602
201;0.11723027335530907
202;0.05877242466950819
203;0.15392449145270565
204;0.15486781861864576
205;0.14063305310201454
206;0.18388197182370514
207;0.012652031799353147
208;0.13011070363566812
209;0.025176927772899683
210;0.17879602677041084
211;0.16382529758553274
212;0.058455285665773585
213;0.008263396419244206
214;0.18245167535652945
215;0.10103410016079983
216;0.07557133078650549
217;0.032010796928427475
218;0.14238280877708445
219;0.1556353948033079
220;0.03325504580863952
221;0.006623052715053923
222;0.14028726489533191
223;0.10301165683669078
224;0.13924030623513012
225;0.18934373575262053
226;0.11367280904011373
227;0.15678039604904556
228;0.0045864595704558035
229;0.15868362730780722
230;0.192261321293244
231;0.11407365457965102
232;0.09478797451796168
233;0.0653692536502285
234;0.06819269967527113
235;0.14339563183248072
236;0.03939713754510184
237;0.1233190121484489
238;0.1953475621697145
239;0.1538000960418362
240;0.12580417936084395
241;0.15578899929236695
242;0.18194000729779153
243;0.13667590390838172
244;0.05720306539735727
245;0.14592852317271227
246;0.006383822340452983
247;0.08311530263384342
248;0.14875501175174294
249;0.10307287605326057
250;0.11013528382877034
251;0.10148415882679102
252;0.1715162770987764
253;0.007490575643712561
254;0.10356730761800387
255;0.17693580404351647
256;0.030912484413565533
257;0.11433729450734056
258;0.13615081492006303
259;0.08696360581884616
260;0.1999723377331051
261;0.0841371418987732
262;0.1501814712946731
263;0.08433387984939869
264;0.06348771719187217
265;0.07809799396758997
266;0.07388536164674078
267;0.0802545395362851
268;0.03388131740104996
269;0.0010301066106776613
270;0.030987310627977528
271;0.1746284428799778
272;0.10361934881959156
273;0.039282694829570745
274;0.1527438555014955
275;0.19551126289479281
276;0.17502663593508413
277;0.11826135476939648
278;0.1562300929139646
279;0.13455003757859343
280;0.12380085407316942
281;0.18817460938026484
282;0.12914066275015712
283;0.09913426687195584
284;0.15816594052365796
285;0.16821953607860912
286;0.12942958447345784
287;0.14086185745537413
288;0.03687947911018317
289;0.017895349514120397
290;0.12054901208758705
291;0.13175164532423775
292;0.11902826949242551
293;0.006004077035061117
294;0.0068493632513881636
295;0.19170888237717293
296;0.16127359478054917
297;0.13297556237004504
298;0.13418076882513724
299;0.11165709225128302
300;0.029059024418466597
301;0.106396617965279
302;0.11351680709723436
303;0.07340847496566148
304;0.13806395149167613
305;0.03426427141892663
306;0.1738000991552566
307;0.09985201327706117
308;0.006739536562326398
309;0.10150860158052799
310;0.11624786266501241
311;0.13549720708915974
312;0.08793166645655622
313;0.17327463216812966
314;0.012560186267889552
315;0.0899955719191758
316;0.09207297072666319
317;0.000925641610719552
318;0.032915563138936045
319;0.09596685470381242
320;0.11508794216172165
321;0.08791059349583284
322;0.1459399100682842
323;0.09364252267009293
324;0.16822792568462072
325;0.13204043965182244
326;0.05222891311273697
327;0.019872611700903334
328;0.029797828765914882
329;0.059449394240733255
330;0.15942231167716323
331;0.12702121579362508
332;0.13580874711267063
333;0.11315939081987184
334;0.18688953481837045
335;0.15656680512394608
336;0.18776611288286058
337;0.09442494720061888
338;0.05466711820178345
339;0.04362232657555927
340;0.09965695357130418
341;0.09265202652822141
342;0.04054453419010509
343;0.008475076300199169
344;0.15063163759795362
345;0.09988412655045059
346;0.19374924826625728
347;0.14068766177037284
348;0.13843052865882222
349;0.09738551690055677
350;0.12250153727190992
351;0.07199789619909754
352;0.067722139602494
353;0.11840816509006608
354;0.12763212377469763
355;0.1169709411306023
356;0.03659482285297593
357;0.19295292505458217
358;0.04492839450211057
359;0.1693180183447594
360;0.10944029456976961
361;0.19363053896226334
362;0.11548969881878374
363;0.04910485846292956
364;0.12551203433562455
365;0.018634468246875625
366;0.06972322899407789
367;0.11473025168160558
368;0.0923310450445051
369;0.13209749189618655
370;0.025595222789739382
371;0.1903193110380279
372;0.10245180150384495
373;0.06190451466291713
374;0.163487106479418
375;0.16974115967077935
376;0.05451793227818298
377;0.19408042866924047
378;0.19511738152463765
379;0.13610943107455067
380;0.0004830096961035313
381;0.02698039831396193
382;0.12596327326001505
383;0.02988527663943226
384;0.1930711022024612
385;0.14570268924095192
386;0.1446666457280089
387;0.18858996177110954
388;0.10845238838844432
389;0.06911506679158626
390;0.02846281253498295
391;0.17208987846816176
392;0.03224999309423893
393;0.10331879469785583
394;0.1689750641754002
395;0.07641082411844656
396;0.037340990196953784
397;0.0900783420877086
398;0.03865283418520289
399;0.16934499604220432
400;0.04146395722022181
401;0.1308193625927961
402;0.190574804190175
403;0.13598820644042978
404;0.09684801015391563
405;0.04412931914932734
406;0.09966242171775636
407;0.07115309745355676
408;0.11898058122951816
409;0.14055581179389628
410;0.06501870602820313
411;0.16522126593884146
412;0.14361995034438896
413;0.18185745284045826
414;0.11811088161236578
415;0.189527792540947
416;0.006219537159266953
417;0.04294761660014273
418;0.07739399975449911
419;0.02461711331524328
420;0.018857020684924033
421;0.03359981567622725
422;0.08928922544268109
423;0.06906614797688164
424;0.17160642752837668
425;0.18749095483250364
426;0.14547778405837722
427;0.018701034272135122
428;0.14322909624378014
429;0.07152490350245247
430;0.08372066672138333
431;0.04551844518709025
432;0.1234220898593367
433;0.054789576315445856
434;0.17657527332340678
435;0.1022096233602442
436;0.052179323642434966
437;0.0069065997465897816
438;0.17832975331783713
439;0.02283845265698117
440;0.08920694372449028
441;0.040233946291376624
442;0.11268521543627735
443;0.055090664225719004
444;0.14424065596086524
445;0.04863905301641898
446;0.04548409433519538
447;0.0431643966874034
448;0.08382990263558823
449;0.19236323313267947
450;0.028806127767460922
451;0.06308345176961967
452;0.06580401076454641
453;0.023297607583556746
454;0.14372004943493707
455;0.1887516870448904
456;0.04203693087369225
457;0.15605134593660208
458;0.01608564623233526
459;0.0563605265016574
460;0.08352733189639701
461;0.17089363016824416
462;0.05629961848059131
463;0.15303804072701988
464;0.172912469431341
465;0.06355056991731474
466;9.974218136847846e-05
467;0.0444493137680539
468;0.04710074992660758
469;0.14625448644892233
470;0.18072840224171782
471;0.056407837556341094
472;0.0938712616350589
473;0.1879658919319823
474;0.09656338876253112
475;0.05109459706553188
476;0.1501945309793498
477;0.12182959619943873
478;0.163159121225369
479;0.0343502776741186
480;0.15454758642870137
481;0.1538620496373079
482;0.08122612389555202
483;0.04765964722484415
484;0.1117482649217378
485;0.16430906755737473
486;0.0035541450126450828
487;0.14376261857854417
488;0.13110964304560974
489;0.03446657488088905
490;0.014666847373340765
491;0.10792297663864406
492;0.001060525249937805
493;0.03129343837980985
494;0.02466071929313749
495;0.093778379138707
496;0.15788556624643982
497;0.14939665820310813
498;0.14782948046198863
499;0.10403294352509043
500;0.1666965901883415
501;0.19008678693011716
502;0.17746068175960847
503;0.19970171800960843
504;0.020938429344312004
505;0.15387555767102903
506;0.17214133950476138
507;0.04369914227987173
508;0.08615846023596714
509;0.10046616155225455
510;0.17505069180179209
511;0.14729809241638733
512;0.13384061986960824
513;0.1996229168222668
514;0.12288269477049946
515;0.13236478130330898
516;0.002487026306428919
517;0.04918734593676797
518;0.11815698921343501
519;0.024946757414552035
520;0.18722066072259874
521;0.1362840295374254
522;0.1605177427883861
523;0.03583378805867199
524;0.08124096238627937
525;0.1894326205138882
526;0.1822596278055157
527;0.10894241627250367
528;0.17410976416083668
529;0.18978704780503955
530;0.13315841776463033
531;0.05448891005586858
532;0.02968859190482469
533;0.0073147307114425075
534;0.12046051393407563
535;0.1447102967094655
536;0.05623278262955725
537;0.12181609900949703
538;0.11056018704486695
539;0.12629507238271134
540;0.12235966350924406
541;0.11668085543501133
542;0.17336565994296263
543;0.06574238460743571
544;0.09607331091356747
545;0.17144534583050608
546;0.11392111904230183
547;0.060392305046790586
548;0.0935524037359735
549;0.17225626125136606
550;0.1368959766006642
551;0.1842445684564984
552;0.016084849144945457
553;0.04410746409865776
554;0.11345413750939098
555;0.17335064789106736
556;0.031646234578678545
557;0.10835786772203036
558;0.009483456784338729
559;0.05232862929459663
560;0.0336056111833134
561;0.011522665291934199
562;0.16835892202091818
563;0.1605160448651296
564;0.1409275129019102
565;0.17960433767653283
566;0.18666554268483299
567;0.14832412093870348
568;0.02212254683891839
569;0.061092636246506606
570;0.18034480485687643
571;0.07023502865491538
572;0.16558923310291304
573;0.07858360372220577
574;0.15697114236329668
575;0.11170885711706496
576;0.060160380033491424
577;0.03293364380667181
578;0.03964567920173088
579;0.17062067271220718
580;0.07849859794377317
581;0.017974902769705193
582;0.14012939050518822
583;0.06655450194678694
584;0.1012364949302938
585;0.08981971314106754
586;0.12660234921544614
587;0.13343231079748905
588;0.020924283782518274
589;0.15339905269344561
590;0.019758303573793157
591;0.09071581924699511
592;0.1212276898108856
593;0.003925444847542337
594;0.1324763225957342
595;0.19641726173817764
596;0.05422029096102992
597;0.012264374776048026
598;0.027155690746670992
599;0.16419751344653202
600;0.010324115105856936
601;0.01936532132462685
602;0.12270628171840164
603;0.0678313461554727
604;0.15092491902800992
605;0.19773407572054935
606;0.164705144957564
607;0.07167509543180776
608;0.1804539892912797
609;0.13231808449335966
610;0.07578216121308677
611;0.06359994329998064
612;0.08512158444282772
613;0.07838192694655631
614;0.05179683961253887
615;0.08475359505499502
616;0.17901786859997987
617;0.1461403229677812
618;0.1221172888835766
619;0.1338502687679463
620;0.019385210254229037
621;0.1763012265190705
622;0.037431391174003605
623;0.06994510828783511
624;0.06130098305718299
625;0.03944418571498079
626;0.10440135804930767
627;0.1907780016688212
628;0.1081155631483579
629;0.10783498121357518
630;0.1378261387868647
631;0.17948568189856942
632;0.08778503614159211
633;0.014580599794356264
634;0.16120438750728483
635;0.05983723140394057
636;0.02150119826341186
637;0.13190478948686407
638;0.08054044232690245
639;0.19485587680767888
640;0.1427541162501439
641;0.030733020916910436
642;0.10371165101821665
643;0.14762979900227322
644;0.06309438627728796
645;0.13244370786631185
646;0.08168622269270971
647;0.1235217156374932
648;0.02753706196605972
649;0.16837529762279754
650;0.04412490073783584
651;0.025995212182700803
652;0.08241371258978454
653;0.1972130961578346
654;0.09567131990164737
655;0.12380387117364772
656;0.14977414723704527
657;0.005277317661621584
658;0.17015681622490478
659;0.06316030300924501
660;0.15129266803417574
661;0.09969543451661927
662;0.15188952783630133
663;0.010111177877982902
664;0.10773308177572112
665;0.09498742067634088
666;0.14859352395068792
667;0.045790453958885195
668;0.09736046374270016
669;0.01960425574907412
670;0.05590642209602419
671;0.0665916888680826
672;0.16232043775512978
673;0.013277331475906885
674;0.03412635363948524
675;0.13709372648279392
676;0.10366640714432057
677;0.10545187591816554
678;0.16376385266103746
679;0.0908518812827386
680;0.17591115349518632
681;0.08648535610877123
682;0.17805593996224073
683;0.09397111637456175
684;0.015333818216432295
685;0.07406290732520181
686;0.0130516942330575
687;0.13404917639823696
688;0.019050827922586746
689;0.016283266726002266
690;0.05642243664010416
691;0.10261646493926574
692;0.12895216120737102
693;0.021082899512063172
694;0.05757343901967063
695;0.1744229990940452
696;0.11263557930104018
697;0.167874307278308
698;0.17318497784284004
699;0.11271528514781244
700;0.032806179141407245
701;0.12736554228743177
702;0.18294956328122858
703;0.17031892524812456
704;0.15947472407289345
705;0.06912835934061944
706;0.09455948299588764
707;0.19558902885284843
708;0.1262423585681292
709;0.05233940738987353
710;0.04879928847422266
711;0.1361293473666246
712;0.09583744490035676
713;0.07423318644765212
714;0.19869808592998034
715;0.19425195210570867
716;0.12053770605010941
717;0.18517292753191014
718;0.15242911108728546
719;0.044185994678661134
720;0.0035012232704324966
721;0.08627876942090883
722;0.06276012139997132
723;0.13721977594963364
724;0.0932172598490033
725;0.004968665613310642
726;0.04828934606386395
727;0.06805406432937922
728;0.09771452998330513
729;0.16356109341019973
730;0.081986261043403
731;0.17418754674254824
732;0.19059394764706614
733;0.04421058606886668
734;0.19990502586573047
735;0.11027053093493028
736;0.06232870344865396
737;0.13605881838332884
738;0.0027200375119394993
739;0.1539057865980913
740;0.1230843650926758
741;0.06637376763266081
742;0.17586360507660712
743;0.014381901592093006
744;0.05031710596488346
745;0.1615447135952135
746;0.15453511335376363
747;0.002123038039678371
748;0.1729094976372676
749;0.1853477789731003
750;0.16797236831293438
751;0.06335345396980512
752;0.15736208447839004
753;0.15010653153533782
754;0.035896629539177605
755;0.04120001661499342
756;0.10865219408975249
757;0.15676671544196955
758;0.15655910952393062
759;0.18876545587377047
760;0.09436458920796542
761;0.0830731260291887
762;0.012814236612798326
763;0.028713800515084834
764;0.11780519486222325
765;0.005721175905602638
766;0.16597736766108767
767;0.012431695316107572
768;0.07952169612441198
769;0.041656418231315696
770;0.1344172781260124
771;0.014440539949442567
772;0.05056649842909842
773;0.02132016200460614
774;0.07529240442962633
775;0.02777276203224113
776;0.061908522385757975
777;0.16373910663636165
778;0.12681281554689144
779;0.019042470908311106
780;0.1127398756107986
781;0.09989596129350287
782;0.046075479712453626
783;0.0012636144629884162
784;0.004742760701559746
785;0.06830260573497249
786;0.16624039218396489
787;0.1051156710586082
788;0.0733286104406667
789;0.17187120881964835
790;0.1936165697470036
791;0.047595396401491755
792;0.13989119653561438
793;0.08786693935768877
794;0.18950837664948342
795;0.15549365973189777
796;0.13944632190754208
797;0.12483497313719359
798;0.02874651339218375
799;0.16324384605965492
800;0.1896480115503477
801;0.19903978310718676
802;0.08216376067678065
803;0.055101407665031535
804;0.10865823194319074
805;0.02349600584769891
806;0.07829765510118454
807;0.01562791052076413
808;0.009408902526261276
809;0.17063461421187073
810;0.10233082876073263
811;0.1137697007518917
812;0.15559024185145331
813;0.013933087529899014
814;0.16967014824578364
815;0.04782754297799599
816;0.11380375245412111
817;0.13234734638255288
818;0.1821219629890202
819;0.09829520531240271
820;0.09154922674436455
821;0.17370132642956243
822;0.03721830405051907
823;0.04944686280736821
824;0.1597656186270574
825;0.08387937206825953
826;0.06977729890709208
827;0.10528549495495541
828;0.042495805024774125
829;0.07978218081946967
830;0.09077487659135411
831;0.0979572120350621
832;0.15348431937705215
833;0.06032750377078033
834;0.06949531253793877
835;0.15409929894357652
836;0.07028482117466595
837;0.1277191463051694
838;0.04422234940578216
839;0.08604180942635309
840;0.11148480264264707
841;0.0019240621501644519
842;0.08071210847067965
843;0.10126276524752978
844;0.14110641978449262
845;0.14703290489789309
846;0.18222161360042177
847;0.06591682557354643
848;0.12700567071473498
849;0.17886547246115866
850;0.07721995788761196
851;0.01653581388617851
852;0.07604093688721288
853;0.03808171886549386
854;0.041200092988292684
855;0.1527629828083723
856;0.1481691350188459
857;0.09180502715680819
858;0.0748041707518381
859;0.09774947301030248
860;0.03985918704475682
861;0.1934302901722349
862;0.15519426072601827
863;0.16507219051927668
864;0.14431677854695152
865;0.07163982068878261
866;0.02778035465595683
867;0.13363458105131298
868;0.00787849427876497
869;0.18640622669464993
870;0.057854845589292436
871;0.027430067963988128
872;0.18744059476795605
873;0.19178865008514603
874;0.0017783572878813604
875;0.06029295858022435
876;0.14734606084627364
877;0.10031445941896533
878;0.1082144683567343
879;0.07347753026519832
880;0.18733449869489113
881;0.08854592596587003
882;0.08383675644150007
883;0.0874142276222234
884;0.08139522132251707
885;0.02287312123639562
886;0.053448438849435134
887;0.1378951985932849
888;0.17771861612567197
889;0.029300512512707957
890;0.04505099172661673
891;0.0069124142888743025
892;0.14872868629602864
893;0.03343961590571516
894;0.17689895511225537
895;0.1539217283935015
896;0.054082309156353196
897;0.021661263585595836
898;0.07409474008878757
899;0.15209905096896192
900;0.046994052548447046
901;0.12985222562635143
902;0.005167867416966798
903;0.18325100507329248
904;0.19599578713784105
905;0.015182163356102474
906;0.17473413131317608
907;0.01858749758199656
908;0.18058154270591278
909;0.034301403970587764
910;0.04251057419631441
911;0.10337309911104015
912;0.006024984041948356
913;0.04786362517221639
914;0.17656214667699424
915;0.10200389296411244
916;0.05308505307457401
917;0.15954347407713532
918;0.040673453599700315
919;0.1010903406094203
920;0.015190046109078571
921;0.12525436963382883
922;0.11267810643285421
923;0.16046351968036698
924;0.04430067470467165
925;0.018640103876442483
926;0.0551244114401684
927;0.0032914182899903555
928;0.0705366108287471
929;0.13817607436738213
930;0.1177067015913603
931;0.1637283141530863
932;0.10962547926397864
933;0.09364626906445368
934;0.12054347789550209
935;0.00452854865132124
936;0.10823462397433806
937;0.10082797923454748
938;0.16365939768859838
939;0.12619922141300668
940;0.02356411634104616
941;0.08285942344433722
942;0.10432856281100274
943;0.1271217371202147
944;0.12388183458617592
945;0.07951506650414256
946;0.1325099180699958
947;0.17278007259272987
948;0.1596319362815778
949;0.10095534441733212
950;0.1754656107203248
951;0.007572806169765145
952;0.1670708335745966
953;0.022400986408712378
954;0.169622230058965
955;0.19444304093131334
956;0.1353804215237737
957;0.019363304199871825
958;0.10682121163854269
959;0.03852224976337504
960;0.13412793507659326
961;0.09894521033512266
962;0.05031590998440638
963;0.08115453973566054
964;0.06447261865169114
965;0.18306510767582898
966;0.17994493990337623
967;0.16953480917261265
968;0.14114227160919146
969;0.1201013007328681
970;0.12760458123655935
971;0.14954648634084342
972;0.0488101950578393
973;0.056425161577316564
974;0.036816882466865784
975;0.13189609096592575
976;0.17755470433254772
977;0.18371421908133445
978;0.01668744771800752
979;0.10433009272953174
980;0.07328483133831594
981;0.17928674275236645
982;0.05193251775826893
983;0.16101836771005004
984;0.107989435042382
985;0.0340218695106562
986;0.1929124724061928
987;0.15167609841882104
988;0.13446078343625398
989;0.017008543263185127
990;0.03476339893403253
991;0.005547531127392547
992;0.16083963540095064
993;0.10741314057928644
994;0.16251459284123004
995;0.11089251632923802
996;0.12308925001977498
997;0.06588036396571069
998;0.08095107288410763
999;0.02132336428128383
1000;0.035644178699741125
