1;0.08384325498584339
2;0.02920381787692541
3;0.016068519688624338
4;0.08829760130361972
5;0.02119489988204868
6;0.06724643648571722
7;0.010586976472805355
8;0.09662290755198522
9;0.05303455471108981
10;0.03832577297503187
11;0.0722654280194817
12;0.0426040836056788
13;0.03958088823804721
14;0.07685838306526477
15;0.036145406290630566
16;0.07870568879447375
17;0.0936899924815527
18;0.07851626137261952
19;0.03793772126063636
20;0.022438410062879357
21;0.03324278283595483
22;0.0910627087260086
23;0.02140772762379625
24;0.040875093918153395
25;0.04931605899173637
26;0.014507821435584945
27;0.06615826747855268
28;0.05813280193675792
29;0.014764766487275394
30;0.022052017055843677
31;0.09262426895377428
32;0.03719914330063501
33;0.05035892833730432
34;0.06008447573043433
35;0.013259799656887818
36;0.046332496375658
37;0.06833502132242003
38;0.023197230088638165
39;0.04528904165538155
40;0.0759338688631654
41;0.0572195343789786
42;0.09085821276833797
43;0.0077391185319184656
44;0.0723836875573869
45;0.07876259027994753
46;0.05765998146443707
47;0.03963380822208114
48;0.03326201896607082
49;0.07326085923905448
50;0.03392767110395724
51;0.06784476008416135
52;0.08169090865048956
53;0.028474243531628998
54;0.0923412910808889
55;0.0744384233271558
56;0.023766525828088317
57;0.047902015358269434
58;0.03660185032441056
59;0.040368632028866064
60;0.09322581011272256
61;0.021439791860031854
62;0.09246510375219612
63;0.07939734277061875
64;0.008593634641888882
65;0.013741393071105702
66;0.002036653344673245
67;0.08354026301048355
68;0.07477109341138174
69;0.09528195992217815
70;0.022510408758622303
71;0.05268964748540601
72;0.023485662930573116
73;0.08137471572658943
74;0.08837706671323015
75;0.0907000357585061
76;0.058348286972100406
77;0.06492962629036542
78;0.04969973812013711
79;0.017754093724480512
80;0.09250171168330226
81;0.06401802553553984
82;0.08292884607139112
83;0.05164526744886824
84;0.09230876674576248
85;0.022782351354091946
86;0.07417477758348623
87;0.07899003821095431
88;0.05134783733783992
89;0.041756911508452156
90;0.006403178847922486
91;0.06880259717193174
92;0.006162717812905061
93;0.022584131591699898
94;0.044293142687252256
95;0.07186320295680347
96;0.06969458571728686
97;0.0950455891900406
98;0.05256347323719497
99;0.06202007696641376
100;0.02280326388276869
101;0.07520985629480666
102;0.04818735968073998
103;0.07003837966158086
104;0.027730581922517927
105;0.022351396503744226
106;0.03829596061583688
107;0.07741766232923647
108;0.04668963912760803
109;0.044187933987058586
110;0.07487853921644368
111;0.06183435854382029
112;0.03105531911258047
113;0.09622015384927805
114;0.060256195282134155
115;0.06656452571702885
116;0.001054718042821279
117;0.06197136255633856
118;0.08530306226513862
119;0.022438453336953226
120;0.060564999221862995
121;0.08485486825048344
122;0.020056012597249165
123;0.03756289801941516
124;0.046421280546263835
125;0.08633172580739673
126;0.08342067238261643
127;0.07702898780604557
128;0.01517941097729646
129;6.026245245980278e-05
130;0.014336536186445027
131;0.04326676722303983
132;0.011892388258945154
133;0.09550596856440426
134;0.08815819891537202
135;0.07852487269233019
136;0.07746226890953749
137;0.08513992143144516
138;0.08737810374606886
139;0.020232277323002514
140;0.06255125993720423
141;0.02243550428268777
142;0.07695802894724485
143;0.09944766514583177
144;0.08882451193592185
145;0.025493066847168
146;0.06429636690947714
147;0.04424883102606228
148;0.07209139687251197
149;0.09159810747921043
150;0.06080270568498271
151;0.02387849918859153
152;0.04117705586986754
153;0.030804671898543613
154;0.08391214440301133
155;0.0022066398942120814
156;0.009741290021819572
157;0.09939904069117987
158;0.0064864459751313944
159;0.03883759901942016
160;0.04344257089765925
161;0.024626207311813843
162;0.03904215365409868
163;0.026536264608514618
164;0.046166938917459203
165;0.0762400489088067
166;0.046989391415736693
167;0.0353565356326731
168;0.09400323870983479
169;0.02582717777038651
170;0.03604316418078779
171;0.03760751898904823
172;0.04111928561186742
173;0.0687815066956831
174;0.09276651082269538
175;0.05846131165073614
176;0.06207068699255556
177;0.013340516124335755
178;0.08838175745281751
179;0.09535256327028091
180;0.02429360313556519
181;0.036933408748441
182;0.07113703760235515
183;0.05443526214090192
184;0.03562602597812258
185;0.05629239785844681
186;0.08295884953567895
187;0.01899857981390316
188;0.027245556033765286
189;0.0590388507315969
190;0.03754429809501744
191;0.06187355276530529
192;0.06198952277265505
193;0.0787456627943452
194;0.013229421526511765
195;0.043512127919853684
196;0.013574518887586696
197;0.0718486832641983
198;0.024989701792056087
199;0.03236023376347661
200;0.067066185092701
201;0.009052080784066375
202;0.004661438581718558
203;0.06996914272542025
204;0.018528105948057184
205;0.08213940625534315
206;0.03149417915862125
207;0.08589313354394444
208;0.03646357026715449
209;0.06736063010036673
210;0.06774003266749247
211;0.016944193013444585
212;0.04511805561872726
213;0.03562829716461302
214;0.03829834880443849
215;0.07035151866826227
216;0.024874029947400414
217;0.09481295797606466
218;0.04307533490228457
219;0.00022290340385963117
220;0.0728595533869337
221;0.05462440227618029
222;0.019224489085021435
223;0.02243753902761191
224;0.08713563757723523
225;0.01940564412226441
226;0.060556410012437924
227;0.06428781495636077
228;0.015235270748960096
229;0.019495950546354016
230;0.038038743562272485
231;0.09740433897794701
232;0.08371358376883276
233;0.03146755942055991
234;0.09098765992918244
235;0.09750466233632712
236;0.029974014481979283
237;0.0526867654393183
238;0.09953742440494107
239;0.03203255802585938
240;0.009956280993456591
241;0.06440087644992426
242;0.07870864426149304
243;0.007247409494016222
244;0.00841875702239595
245;0.04467133774418311
246;0.05118901989374347
247;0.06078731055750233
248;0.057511450573888206
249;0.048373439612673236
250;0.06248277445536611
251;0.07447097435601366
252;0.06179154647397718
253;0.031153022473773606
254;0.0011442130190272293
255;0.03326771555306395
256;0.015718671725358624
257;0.014610145105805716
258;0.028989008405035266
259;0.08859192317357135
260;0.07336495824745287
261;0.07595619122167431
262;0.024703043326167063
263;0.04395709034840244
264;0.04459452755664907
265;0.0951694658889893
266;0.093971255418649
267;0.02534847900205194
268;0.0961110094003856
269;0.06276028893549465
270;0.015442522967222205
271;0.08178587429724665
272;0.03566643500406376
273;0.07791115254517539
274;0.024204745819765394
275;0.022218571964348913
276;0.03287849088088373
277;0.08309721321443074
278;0.09307147093359863
279;0.00449563354626914
280;0.05990728725537371
281;0.019313676152736794
282;0.07285933792193687
283;0.08850549592544682
284;0.029916607154433596
285;0.0765893635323812
286;0.08865186886075954
287;0.0006433886984596127
288;0.004729419980450467
289;0.09939552487762977
290;0.05742824415602932
291;0.08215580841430192
292;0.08256468477360251
293;0.01846860867224457
294;0.05773279903476935
295;0.05708217737882774
296;0.05717252517573201
297;0.069863093080756
298;0.052370893012252874
299;0.02634613630964705
300;0.025383472736237256
301;0.03147704270249634
302;0.05552316979148436
303;0.08669899962258837
304;0.0626816015633178
305;0.08878588229583856
306;0.026490142457521307
307;0.0794850491400761
308;0.08655826468911895
309;0.014380272867384948
310;0.062399725852494085
311;0.0923016555627558
312;0.057444380014685936
313;0.022490253279165196
314;0.012804453470939448
315;0.07959765568301788
316;0.009600827181880267
317;0.09070998231617548
318;0.08121874822483519
319;0.09731287947772085
320;0.03741479538260312
321;0.03851572237939693
322;0.0534592095050645
323;0.04328049577217716
324;0.023444461308786947
325;0.035372856200991
326;0.038318863437052465
327;0.026873842440034757
328;0.004056000611027766
329;0.08641576645031132
330;0.032045539444603824
331;0.012298293079979185
332;0.02691050083011577
333;0.009388342544807927
334;0.016691464720623363
335;0.004885103170634286
336;0.0007061568351528936
337;0.04548922229534546
338;0.0036021536064338223
339;0.08238895218450064
340;0.05237992843104568
341;0.04707309773543186
342;0.021124825911978586
343;0.018932499891664213
344;0.047406366048031334
345;0.07076784476609058
346;0.007694259198764087
347;0.06575171138372153
348;0.09517349435443351
349;0.05363728474715978
350;0.018799230055033755
351;0.049060477899414846
352;0.03973736702018498
353;0.038082300023875505
354;0.0057701305944649955
355;0.08620287187063069
356;0.046036766942653254
357;0.09643123038657565
358;0.03440589798852878
359;0.019113761277631272
360;0.0384056878904684
361;0.08589983704788778
362;0.012988601450462834
363;0.07524675012994025
364;0.02619928270577663
365;0.07688778060574826
366;0.04352732678027737
367;0.035751050743920966
368;0.05117958201563963
369;0.04003944481080646
370;0.021928473705797792
371;0.022136691447426173
372;0.09285822718665702
373;0.02821225860162855
374;0.012312808983392065
375;0.08474372213999176
376;0.04587815878059192
377;0.08064243466342098
378;0.08197562917895662
379;0.06690755460888163
380;0.09987164503496174
381;0.08992626836965278
382;0.025954900112149983
383;0.07871123782667633
384;0.053866545924319935
385;0.06302752416025474
386;0.03028097587162757
387;0.03960512426073061
388;0.03073275037602179
389;0.045678082060706254
390;0.04525363947528249
391;0.015360393562566965
392;0.06385527381627044
393;0.05542943661014171
394;0.08294632112442529
395;0.007394377186377821
396;0.08876979592446907
397;0.03489252384853225
398;0.009980648156525773
399;0.021125372521215602
400;0.01095518525504472
401;0.04066584936198088
402;0.08266178538389383
403;0.08532707571995612
404;0.021393703830495204
405;0.09723963313905042
406;0.08146822869495939
407;0.09885105837028278
408;0.03881196405212141
409;0.014214674674753026
410;0.043964079371679746
411;0.08980096733181368
412;0.09682040730565311
413;0.07125980954287002
414;0.07237805863583067
415;0.0014948584004782274
416;0.029504903772510496
417;0.07631230201117317
418;0.04860588114143038
419;0.05787372659152429
420;0.09541638708292757
421;0.06483144507196222
422;0.06678979522073021
423;0.006994713543049669
424;0.0024118895146847175
425;0.0558353676867302
426;0.03143696310069034
427;0.08084543965127065
428;0.07499782282253546
429;0.01182817978356523
430;0.0690248003454184
431;0.019272108097647636
432;0.007490395645173987
433;0.09137406181036041
434;0.04169294948987984
435;0.07126226000363145
436;0.04099954585989479
437;0.008150935559027229
438;0.03723961536039795
439;0.023536561503910647
440;0.05817951126040749
441;0.03792663753391954
442;0.019292749820560964
443;0.06998018017775884
444;0.06474417030415468
445;0.05296321003820638
446;0.09398172176650019
447;0.08057181206852093
448;0.03309631288081143
449;0.0383034510615991
450;0.05343097064421246
451;0.004371830136300248
452;0.07952558018385636
453;0.00586331049264226
454;0.07470540966712483
455;0.04436671603720467
456;0.05564470506188764
457;0.018052428289501377
458;0.044062632843332374
459;0.012296977250970287
460;0.009432305452228729
461;0.05619601269249426
462;0.08414909584617009
463;0.04251863976044436
464;0.0322848385107032
465;0.033794740134851224
466;0.09761055963099534
467;0.050677570149050825
468;0.06199246830399116
469;0.07983884848268182
470;0.014136350003002297
471;0.0013332611472328115
472;0.07010780456459849
473;0.08219148304108426
474;0.053735874350413174
475;0.08508586814743818
476;0.06829921897669348
477;0.046365879282257154
478;0.09095322219557493
479;0.00284490588627323
480;0.022275219665510795
481;0.034947304511368994
482;0.009402591951555218
483;0.0600531603111959
484;0.09235153503832055
485;0.005445194284368571
486;0.07070329654978938
487;0.054870966138494105
488;0.08988411786462294
489;0.06909583683043911
490;0.0333586303606379
491;0.08406005182157802
492;0.07785832936846321
493;0.04639403613427084
494;0.0296377776952242
495;0.043464764724711814
496;0.04303375518114218
497;0.05265602194917612
498;0.008653942141542558
499;0.054544538034930326
500;0.03512826291441501
501;0.08490029984265861
502;0.03278638905782281
503;0.05127524501425931
504;0.09916184986374901
505;0.03360276633076166
506;0.09046482842175868
507;0.09292393848697332
508;0.07428133143377917
509;0.027498547003914423
510;0.033682977616092694
511;0.00682859899987125
512;0.03358684017851362
513;0.0570645686065592
514;0.06154317632032844
515;0.07387492108361099
516;0.024145028809662173
517;0.005614728970515015
518;0.08769838355778395
519;0.031660803290704934
520;0.07925084792058362
521;0.01597979947942163
522;0.07485088017096629
523;0.03352231970201697
524;0.06822597567690598
525;0.0638592181277589
526;0.008450398603898823
527;0.032325513318481394
528;0.05184662955560868
529;0.04718126285007915
530;0.09003267779759251
531;0.009132628804729481
532;0.008746939254969744
533;0.08394284193922773
534;0.04028825079140568
535;0.06194554643249553
536;0.030047949639979123
537;0.06422782977667883
538;0.08784958649041164
539;0.04893506732604935
540;0.031450055115464406
541;0.01803162046795942
542;0.04684543728877952
543;0.01592311230768807
544;0.0308410965428773
545;0.04024716778993714
546;0.004001153160609505
547;0.004891361024985841
548;0.06775164006906698
549;0.026978230669824632
550;0.03778192388657431
551;0.07502883036328283
552;0.09223858935537943
553;0.026906428732227518
554;0.052756319193997085
555;0.004743325985270186
556;0.09702977390814758
557;0.034698727313084037
558;0.09592788133117224
559;0.026692955988271094
560;0.09955489676440726
561;0.0656524613843449
562;0.07232277697300311
563;0.0602516326465836
564;0.015601071794150712
565;0.06981192027004195
566;0.06840883257118309
567;0.06734897715651704
568;0.004032827382476534
569;0.01773674422348337
570;0.08088102069099404
571;0.044409721535244064
572;0.05986817109829275
573;0.083681496053698
574;0.0017342446583388238
575;0.016725554413306365
576;0.018852817492860385
577;0.061871764944879976
578;0.07222274978617872
579;0.08364591010088712
580;0.008790813027937484
581;0.06823023539625715
582;0.09386898700391307
583;0.03893641963379072
584;0.05499912344036763
585;0.05770396492723662
586;0.06132588279626855
587;0.03858622766739661
588;0.05424553567511108
589;0.030760511517085587
590;0.07443111258852972
591;0.080396653900227
592;0.05242575871449945
593;0.07820128523715293
594;0.06140482382030941
595;0.01993118145892561
596;0.09129286331335829
597;0.04917166492052169
598;0.0986699816848676
599;0.08128964665234444
600;0.06390603740266884
601;0.01708748275123704
602;0.005841773033509967
603;0.08427167146509668
604;0.03818547678118592
605;0.03752522791976164
606;0.029045316381022104
607;0.05605710469140014
608;0.09229711638416073
609;0.08191039749234014
610;0.06610402658414476
611;0.04117835457617253
612;0.04784012336546861
613;0.05722140843769202
614;0.09746698424326726
615;0.016185059524856882
616;0.07139190404970717
617;0.08446909292143809
618;0.012635301101802077
619;0.08233423017351615
620;0.02822405158402045
621;0.012451709849033876
622;0.09535904107680966
623;0.07903413011377557
624;0.05356245377166309
625;0.034528974656480416
626;0.06780274239207075
627;0.07023439724159444
628;0.06811820453971444
629;0.011912779253250884
630;0.0816374583761738
631;0.00400843399703752
632;0.09418155645290321
633;0.03584542388810852
634;0.007911324052551738
635;0.06265362294162997
636;0.050814780983057965
637;0.01716494742560386
638;0.08800380312601831
639;0.0289630646658398
640;0.05198851543084735
641;0.02226608599397767
642;0.038839481723498805
643;0.059616295122388176
644;0.00014317369484330157
645;0.03730072206708939
646;0.0124151522105578
647;0.00106896831331057
648;0.04236136980935684
649;0.0834833379342541
650;0.03584140122448678
651;0.061861785761812005
652;0.052533771854079925
653;0.06485741242962352
654;0.08821655413680539
655;0.05792043681534059
656;0.036338754399310245
657;0.06355959703983347
658;0.028095303674696627
659;0.04657509016120295
660;0.07526114344439945
661;0.09766839572366871
662;0.033728677559224596
663;0.04296131531459385
664;0.05179245908727062
665;0.008335868169075356
666;0.045639055500406325
667;0.019048682634864967
668;0.01837488007897664
669;0.05481658268426995
670;0.08033860555718447
671;0.08663445812240088
672;0.08869156904848276
673;0.012064062218505379
674;0.06993444956464916
675;0.08349178869609124
676;0.06567346346807841
677;0.09848472815288463
678;0.06637232261840968
679;0.03313862245148979
680;0.00040982645160123624
681;0.07657872268684983
682;0.07259058906906882
683;0.05214095956663448
684;0.09244728921862261
685;0.05996583613836205
686;0.012249419459100597
687;0.05446744631062616
688;0.06855577614081165
689;0.0785488184578823
690;0.03627385882563089
691;0.060276224004643955
692;0.0919123041683814
693;0.024687430695560675
694;0.017693757052366765
695;0.045291131252847165
696;0.08808411875153307
697;0.0696016574572145
698;0.06743262373274579
699;0.07151502813700297
700;0.059877127498676234
701;0.032114249662072894
702;0.0746292553830256
703;0.09356672335074648
704;0.001928681697329926
705;0.011356570973711233
706;0.057919376387692525
707;0.07104824458331703
708;0.012065112440594251
709;0.09219117021124427
710;0.010830560483548635
711;0.05512745358924464
712;0.0639500989700546
713;0.04251848187242194
714;0.010267267138780978
715;0.09397049530517865
716;0.015017129490857506
717;0.06850681541524471
718;0.04333872866891332
719;0.01301055644057384
720;0.08157983369204541
721;0.09871901894940549
722;0.0836214356327028
723;0.007589385954664763
724;0.004922476248779329
725;0.04933802047053343
726;0.026417352899374615
727;0.09052639415452507
728;0.06931428481797768
729;0.05386995307959829
730;0.08001387675292085
731;0.024483049442545726
732;0.05962870502253719
733;0.09029320609076112
734;0.004706889245647883
735;0.025865437675181402
736;0.05387647018731804
737;0.027233978982514062
738;0.03310673122848795
739;0.09318505859993115
740;0.0614292001408309
741;0.051685560115656004
742;0.024424457317370654
743;0.08066516025091866
744;0.01586211603254233
745;0.06583311896770364
746;0.07518553165460529
747;0.05874210753735956
748;0.07961029610886435
749;0.024604926049914735
750;0.012789580141057945
751;0.0026608639310692684
752;0.04011718560122562
753;0.046826036295690425
754;0.0768027487924404
755;0.04761486980817799
756;0.03596618302799133
757;0.062205204672309104
758;0.0273986600651705
759;0.013295867888716407
760;0.00379672574518104
761;0.09335098165582972
762;0.09156646102455457
763;0.07972516099789395
764;0.04618565975420781
765;0.017230527637333303
766;0.04374204680178281
767;0.021714932033586522
768;0.025471753245751395
769;0.048837631730112234
770;0.05623490835368165
771;0.0060703072800299745
772;0.06850996568711723
773;0.06920760824208237
774;0.011228629188283323
775;0.05863585191305959
776;0.0329570539843127
777;0.05067797404910046
778;0.02837537099064104
779;0.062328600564657916
780;0.006220842786985559
781;0.07958909570934423
782;0.013346397367211793
783;0.006364308122202189
784;0.07866684453885392
785;0.033226030145141985
786;0.06941446117670184
787;0.014157237380013022
788;0.051076311609746766
789;0.07593772287514494
790;0.0067461938119155246
791;0.09998219750519152
792;0.02231719455692285
793;0.08608497703687806
794;0.08170331481603113
795;0.077924666256656
796;0.03291793836609959
797;0.003692029942715147
798;0.0720328573292424
799;0.07291085821800129
800;0.09228241870248265
801;0.08408408030671327
802;0.0760687398596289
803;0.0869187138505071
804;0.07974495469900167
805;0.043543758154400716
806;0.04770489898205056
807;0.09605961809165779
808;0.07876051291577837
809;0.04975542840825434
810;0.06404352125674752
811;0.09219796581195978
812;0.07399024643632285
813;0.08826947953996218
814;0.09276223241237873
815;0.08489813280723062
816;0.09892150236027464
817;0.0522616967143041
818;0.04929154688909468
819;0.010189570788172808
820;0.03493137677753815
821;0.07093443880568173
822;0.01469749589673568
823;0.05857983828752866
824;0.0439852318133159
825;0.05137937955512511
826;0.03828603980714861
827;0.07008285745684938
828;0.05732867607939275
829;0.02900349831292938
830;0.0073181213162168525
831;0.025747091184588636
832;0.029569015991267322
833;0.05212977738584862
834;0.05914215752122637
835;0.050302403352131125
836;0.016169315804059815
837;0.028969300619653582
838;0.09724499982547692
839;0.05199885609894225
840;0.07129351314207774
841;0.010278939745914551
842;0.0676017414890347
843;0.06967575577197603
844;0.010822567215646652
845;0.06249561506961435
846;0.0015595019740625939
847;0.09929052179632747
848;0.012201618442272423
849;0.03862110545202423
850;0.09652093483154928
851;0.03244733441241753
852;0.01422731744764092
853;0.09031249246384043
854;0.07138480967878162
855;0.0824155443610155
856;0.06713775868532569
857;0.04910423770598409
858;0.044195941116616726
859;0.024661413988416904
860;0.06695092058061611
861;0.07107054966432994
862;0.05980846291172866
863;0.04501707047806489
864;0.03599018882327284
865;0.09070205223219852
866;0.0005799102899582521
867;0.04185800914134588
868;0.09774633777211367
869;0.018859595493685433
870;0.01886504717960933
871;0.08757631816967675
872;0.007806270359287715
873;0.0706880976396122
874;0.03799027936332597
875;0.017381337618450166
876;0.060207280130677436
877;0.045354407632806154
878;0.09841950702355995
879;0.09620757013282474
880;0.035405601751665516
881;0.03172173264300419
882;0.0047106944255007055
883;0.01388193642788168
884;0.08732585066058922
885;0.035272669884150176
886;0.01624886673510829
887;0.006958834981664608
888;0.07849761830630796
889;0.08868881006484909
890;0.09324041770990266
891;0.0260331087102891
892;0.07879980811647037
893;0.06324147386196492
894;0.07205129215745208
895;0.05784849869423414
896;0.04949878378391148
897;0.09023669960311345
898;0.09494529149395955
899;0.084299023997372
900;0.02926124551162659
901;0.07729168702079892
902;0.0314884880809555
903;0.08486095367162175
904;0.07094373581611228
905;0.07706962117375936
906;0.02749107669442348
907;0.03210349365016373
908;0.03775051179183763
909;0.05051743581343541
910;0.09240331835456975
911;0.05513057384281755
912;0.08843273441081459
913;0.07721175305635614
914;0.07207829566015127
915;0.05794307376749355
916;0.04907763618260208
917;0.07774452692963987
918;0.08367483193318231
919;0.07189501917569793
920;0.09796951320640784
921;0.06321726622128322
922;0.07306676156743334
923;0.04558704384219096
924;0.019439564076947947
925;0.04057338586365014
926;0.07048614260224703
927;0.08839305078947995
928;0.044257505940177515
929;0.05371352467494437
930;0.060170732497568026
931;0.05841773929413692
932;0.07931800030231148
933;0.08079539479248735
934;0.013652680718967547
935;0.010205864161668278
936;0.044355091895311095
937;0.04491778175337492
938;0.05297014479101036
939;0.012272451664213214
940;0.002976274134076984
941;0.030832952941751902
942;0.025650196248018255
943;0.026880201604544463
944;0.05216678690793858
945;0.02255579914524245
946;0.06282267865709566
947;0.015054270330530396
948;0.0898667867340503
949;0.09586616381018638
950;0.02599190365996883
951;0.07826811457227714
952;0.04713541637031004
953;0.0813535291069387
954;0.058928394309539604
955;0.013032060661279167
956;0.020056809127522102
957;0.02610842215311824
958;0.046415821223456846
959;0.002001257582268323
960;0.04810651334690883
961;0.021564875491894422
962;0.04868312131217839
963;0.0856198410217966
964;0.045862178225383604
965;0.07722577489574492
966;0.07352553939873561
967;0.008998894146656666
968;0.05966141194641042
969;0.043127716044707144
970;0.060969783144601886
971;0.04388635268645872
972;0.052419768057765215
973;0.038331043649545565
974;0.07082582366458362
975;0.05758276910876391
976;0.00019184521604819206
977;0.07631534613733594
978;0.01412724404879695
979;0.0350472119056604
980;0.05398958987102305
981;0.01976896216526998
982;0.0028551632385967252
983;0.08491787020702862
984;0.0836651365137969
985;0.02438157134661516
986;0.04550845643206728
987;0.024154431396930146
988;0.0019708330444053956
989;0.05298187339080629
990;0.0653926958602347
991;0.05451481483130202
992;0.09899678342788769
993;0.08201431908340151
994;0.005801980041162203
995;0.04748662295056806
996;0.004009234992251776
997;0.01589694218282738
998;0.026105600360879402
999;0.0497863331137533
1000;0.01658167614381516
