1;0.025069744249670414
2;0.00032582862789556357
3;0.07711864348217413
4;0.09365532066110324
5;0.016616368198055443
6;0.0891308234928414
7;0.06828609750016146
8;0.009282317817759622
9;0.07762811049385432
10;0.0027232893787604074
11;0.0633313328656958
12;0.04042637470096752
13;0.07796485328929971
14;0.07017555703809424
15;0.08005657551714371
16;0.007621819828092447
17;0.09482974941028832
18;0.03787101383517005
19;0.018681528285873505
20;0.023220021419182404
21;0.0983255199370639
22;0.07158424698461716
23;0.08722375523824807
24;0.024955115277495145
25;0.0540081755042822
26;0.08077992381111844
27;0.06031497468628477
28;0.04803532591023494
29;0.0006062648449815411
30;0.05998974977234728
31;0.08208128045793894
32;0.04257029257354781
33;0.06505415451070977
34;0.07265102306538955
35;0.03589729159631896
36;0.041249957182351464
37;0.045641083262876685
38;0.052919814688493785
39;0.056502651054728126
40;0.020544001358809627
41;0.06288990186504333
42;0.06526617568110377
43;0.018470672047221172
44;0.08475532787765822
45;0.07886948120575815
46;0.031111387068292654
47;0.019168076984493822
48;0.006816123990077927
49;0.076832671075093
50;0.09109622684889489
51;0.02378326043710707
52;0.011887044882280496
53;0.012728849068873794
54;0.055567339266071825
55;0.05050064513861779
56;0.09675776382165546
57;0.027359894712604006
58;0.08486186595673928
59;0.05831231656262991
60;0.08343951394407122
61;0.01080790913664912
62;0.08805681219652108
63;0.03235453531358439
64;0.09877139960829384
65;0.07246538965912457
66;0.048885944656314385
67;0.06579253174825171
68;0.02525795284163761
69;0.06972069878164747
70;0.02881884652293606
71;0.01649905726506882
72;0.04818681690130745
73;0.08750073193188669
74;0.05840044586840585
75;0.07936858880328664
76;0.007497402063926639
77;0.0062985704737596685
78;0.09798395293699502
79;0.09066955166755324
80;0.07512502107805794
81;0.005336601609392278
82;0.0757907525806808
83;0.03170000261655566
84;0.024572500984435544
85;0.07222473696473644
86;0.07377981285912094
87;0.03707369017371953
88;0.023886270149762537
89;0.05648425053152774
90;0.034454570129351735
91;0.055464685917568785
92;0.03256538793344804
93;0.011014120590050015
94;0.07584499729927234
95;0.04765846861941068
96;0.09351177941005201
97;0.041610306570013945
98;0.08525783820158454
99;0.07238860464445482
100;0.01863803391937474
101;0.09913549773146177
102;0.035802118710457666
103;0.07150860567470578
104;0.08889872780025808
105;0.09998017836491176
106;0.09525832630580622
107;0.016585947519427647
108;0.03162229482182399
109;0.001843332073509818
110;0.0062543566158632
111;0.07293009236896732
112;0.07912826975856484
113;0.017994840856730667
114;0.01087777227810438
115;0.01057263944328235
116;0.010947837403270844
117;0.05281274881641085
118;0.0391278455405809
119;0.09985471763231532
120;0.059187215528838336
121;0.05507105346165713
122;0.0594385396349946
123;0.03916853231744097
124;0.09216576699211505
125;0.06083221729528966
126;0.09516947641004751
127;0.0235169887721715
128;0.04663113603492435
129;0.07505650592905615
130;0.0517050878717416
131;0.09837450746517637
132;0.09425360578639874
133;0.09000491494819629
134;0.071439915034521
135;0.09079078090871467
136;0.015216118584627403
137;0.0027220743209230404
138;0.05072353771143023
139;0.07401946767567884
140;0.035018718619405496
141;0.03239817431228276
142;0.07756920485478601
143;0.09577764833696589
144;0.0032747660027653393
145;0.03673322462383526
146;0.047037799429111474
147;0.09275178656491401
148;0.04270811918936246
149;0.07691286116264784
150;0.027443406258905324
151;0.05712387089573756
152;0.09325749037962222
153;0.0068865858889104355
154;0.0013576239061733886
155;0.08176324727901997
156;0.0369943691045946
157;0.006831344987121635
158;0.042681557425776395
159;0.004676755788498
160;0.09453916258446195
161;0.09261221310877125
162;0.07985989965215742
163;0.08584445288670584
164;0.007605437487966271
165;0.015677507865883344
166;0.0984237292040889
167;0.07181027410825826
168;0.014018015757913449
169;0.02487146800413731
170;0.09329551964794701
171;0.046161508590708326
172;0.03199424807213667
173;0.030043989118460346
174;0.08899224079660537
175;0.009281370083743745
176;0.06077535788539848
177;0.02753591243210899
178;0.05200223162671678
179;0.06995082224299626
180;0.05906884476369498
181;0.060881799798538416
182;0.03849810873891966
183;0.013456097632795185
184;0.054542025031057
185;0.031130733224306286
186;0.03834328879211951
187;0.03687328340199665
188;0.04439977576773066
189;0.026935775031717624
190;0.012831470643430709
191;0.021382503334071625
192;0.028275647049639
193;0.06466098744779375
194;0.06017205682227268
195;0.012711582992511017
196;0.06469174272740363
197;0.028438381395277403
198;0.051915183329438744
199;0.07104487738445889
200;0.02540143027573888
201;0.08325951083156442
202;0.05962377597989106
203;0.01810568997912402
204;0.09830440017649184
205;0.006476171725111857
206;0.058302189068514365
207;0.09699973423454615
208;0.04698869415420991
209;0.011556579558791968
210;0.06705087157798914
211;0.09952110545054005
212;0.0003780673081589692
213;0.006119004664668204
214;0.03911855576480791
215;0.048470034571269444
216;0.029820590642717262
217;0.03347769338913969
218;0.045065311487500516
219;0.06475651512641983
220;0.03908872665837493
221;0.08307301741694757
222;0.09782121873225727
223;0.09132581289085923
224;0.0024488184474826037
225;0.09182483882982875
226;0.04129038579425129
227;0.08216774920561459
228;0.012991902114424247
229;0.0018048979091929264
230;0.0008852388887363061
231;0.08624535954056513
232;0.09202698829824918
233;0.015566861001245703
234;0.07629590880963069
235;0.04370555729512211
236;0.024876666033863605
237;0.028584360642548802
238;0.006746985664841199
239;0.052946711534206915
240;0.08257936504493653
241;0.0993606980529698
242;0.0588283068353889
243;0.005429044319084742
244;0.022653627020715494
245;0.09642692932938673
246;0.08172828961080428
247;0.021352547177125394
248;0.06787089020632424
249;0.029806772542475192
250;0.07651482902190966
251;0.07463567586602309
252;0.07723385448162036
253;0.07292151860788046
254;0.023438485209527894
255;0.051763086621100775
256;0.09097170582714208
257;0.006233335819526065
258;0.05232976897289041
259;0.02298714016873692
260;0.006323218089485727
261;0.07166116248405927
262;0.013737317125785554
263;0.05783327528803181
264;0.09958363462966115
265;0.02305236381169853
266;0.0786777618223476
267;0.06574653588783966
268;0.04213509576986257
269;0.09181299782813836
270;0.0216962546916196
271;0.03875317479474523
272;0.07627417556553656
273;0.014949864468412268
274;0.026326881030400408
275;0.09426753365639624
276;0.04613540275794175
277;0.09702310371680532
278;0.04415980997172721
279;0.03535893254419444
280;0.005509212187574508
281;0.0925873511936009
282;0.010490168404077349
283;0.012292841115141773
284;0.06897009808106574
285;0.05732179280822491
286;0.0232593282031224
287;0.04501542653168045
288;0.09201684907842439
289;0.018680498982490135
290;0.08764851572184891
291;0.056624155960073565
292;0.013258032482808891
293;0.08596112657823507
294;0.07755071872673763
295;0.025024904151016936
296;0.08275361987750916
297;0.04009879088429272
298;0.06614235164201678
299;0.026944873529805936
300;0.031032036044980216
301;0.07521791683152697
302;0.06270160766633538
303;0.08891516647146903
304;0.028174284023659048
305;0.06938856393986167
306;0.07326379550456573
307;0.07216815371137131
308;0.04084373148955026
309;0.02153355083130222
310;0.054613983712109286
311;0.04695045018943104
312;0.07157468272453614
313;0.006996678525684941
314;0.06890955899377725
315;0.0029428904950923544
316;0.011901934187764597
317;0.07016353239375805
318;0.0011269677117027865
319;0.09447152971309629
320;0.06325434151749003
321;0.01916808777517988
322;0.07638017510231773
323;0.045631359978917735
324;0.0049826898257683385
325;0.033675774014897485
326;0.038338526629653424
327;0.08703410667694092
328;0.023420490916159553
329;0.03791039408690508
330;0.023864487810338342
331;0.032331445722969324
332;0.02915843452488716
333;0.017915835195556607
334;0.07856247274303248
335;0.05138369167390964
336;0.01289595941267685
337;0.0369894835070965
338;0.07308536830959365
339;0.0020224414907831
340;0.02356002946474922
341;0.014200453994506835
342;0.018788237632214433
343;0.08199125646627443
344;0.06453431253394841
345;0.004749584185779244
346;0.020427779885972244
347;0.02060966675611009
348;0.0878186859746441
349;0.044633280800733754
350;0.06740304124461206
351;0.06131265365245897
352;0.03226984168931934
353;0.09424317185455916
354;0.015631642894832678
355;0.08739492727744205
356;0.006035747011484039
357;0.09300738478257825
358;0.06962654704710623
359;0.08570780327048927
360;0.014787666608445183
361;0.04686685793246229
362;0.09637049435885087
363;0.044977938093290704
364;0.03222207883958298
365;0.04770799390085804
366;0.09938813083795253
367;0.05407991886525925
368;0.07123523150628795
369;0.07803631152080025
370;0.04736254577202248
371;0.037230036423242144
372;0.06198606517990229
373;0.02320581815831914
374;0.05914190374542355
375;0.03344760903926693
376;0.0899927323985244
377;0.08173954273286883
378;0.07847424002271805
379;0.038880684233714935
380;0.08623544334995331
381;0.024464370771838884
382;0.07813964426858266
383;0.030574225843532643
384;0.06278482162535316
385;0.07896936788087999
386;0.06107272692895837
387;0.03710432937170488
388;0.04677661095562311
389;0.048122942254512004
390;0.08902579442980935
391;0.09200271308171948
392;0.048195973570577005
393;0.08482420851846297
394;0.035118426451218036
395;0.013912498196725444
396;0.09608393640890363
397;0.04832748262590045
398;0.023166045345137345
399;0.08628073525710475
400;0.021541777896280468
401;0.04195994231176068
402;0.023690367445470817
403;0.09402191166996103
404;0.027427788508106635
405;0.017546856341428642
406;0.07107359184417253
407;0.02412060560062216
408;0.08487909924323264
409;0.07290285173876858
410;0.07851919287449471
411;0.06891171198527035
412;0.07553454246772508
413;0.023616674204655255
414;0.0550752069226953
415;0.08688561339491771
416;0.08348698153585395
417;0.09494272299462908
418;0.02587287570875704
419;0.017449490939655976
420;0.09949478667016365
421;0.0716840057896341
422;0.01734712959547562
423;0.05326961920405892
424;0.0040258667935835
425;0.06585804965075027
426;0.05783213001435558
427;0.04389122129600257
428;0.06035891549650518
429;0.012539029680982939
430;0.06575348610847279
431;0.040570830365490446
432;0.005330948588569396
433;0.034626600577307855
434;0.008152669302163752
435;0.01903386236016498
436;0.0073803910138444785
437;0.015355297285196657
438;0.0008659026167307627
439;0.0023200183813726905
440;0.03903673312531473
441;0.09877878309731487
442;0.04789289712509717
443;0.05378640986928445
444;0.030276619031871913
445;0.006267946998453233
446;0.00867856751356474
447;0.05778923529382444
448;0.0428603309743768
449;0.08883910817800239
450;0.0905423507712592
451;0.0811330430461657
452;0.045803829270471
453;0.03063958058849573
454;0.05822991446403242
455;0.05904262028511956
456;0.055875504130492484
457;0.04362017502172384
458;0.016907194003127835
459;0.09381711680071891
460;0.08778857126663414
461;0.027537569426013854
462;0.03436474560319246
463;0.006962183878537642
464;0.05185790287696151
465;0.059219486084931654
466;0.02149385900218964
467;0.051776849747217406
468;0.003800220145310429
469;0.02415024020950092
470;0.09868876947196623
471;0.040857182320170674
472;0.08751042264020384
473;0.020407600961940688
474;0.07051286960527901
475;0.06953453368862192
476;0.06959371945314106
477;0.06760749984945408
478;0.05553944847533426
479;0.007220538464597659
480;0.016913575694368254
481;0.07936883235013371
482;0.09490536960929152
483;0.06510072362110246
484;0.047408761716753844
485;0.005877005142601633
486;0.06645697085255418
487;0.04347564086123945
488;0.09100781809651252
489;0.05322668076422338
490;0.08811468587363665
491;0.054172673764635505
492;0.0018627681415092192
493;0.00024679537541946186
494;0.059002050176635706
495;0.004661922351822378
496;0.04462797860699578
497;0.04877653513957303
498;0.05943932394644963
499;0.09732030031412134
500;0.007872784052505067
501;0.018194469962072368
502;0.0010711476356165428
503;0.0424936297697334
504;0.020126001257982452
505;0.023853075323664485
506;0.07570504790680438
507;0.08581784113896464
508;0.0037998876683209785
509;0.033965393500883345
510;0.035843758729121045
511;0.02790978162202731
512;0.09488464504794858
513;0.02416100857230177
514;0.09241175057016394
515;0.02343896362097747
516;0.022782770649525486
517;0.058098714324704176
518;0.00845187667544287
519;0.07768238822492925
520;0.07711890741426257
521;0.04677891672789894
522;0.07811906989893659
523;0.08759864433546805
524;0.03311963123630553
525;0.0221035775037459
526;0.047904510435130436
527;0.030508359176643098
528;0.02429560616766351
529;0.055138611761073125
530;0.02030953786768033
531;0.08875765361707337
532;0.030770881409661124
533;0.015919209588159244
534;0.00448837048980606
535;0.0073565357727823355
536;0.0027503431289989336
537;0.010320434839387972
538;0.024608982882498933
539;0.0712804532542519
540;0.06759859861218571
541;0.09268760224398348
542;0.08041479489285386
543;0.04837577338817814
544;0.06384745520346449
545;0.09906185052093708
546;0.08809226167778307
547;0.012534603282297763
548;0.028346136842641725
549;0.048089200090761265
550;0.04696982045263618
551;0.015906913524553503
552;0.09368466887851479
553;0.02821270327765082
554;0.01571835342068775
555;0.09795826333385671
556;0.048862714362530826
557;0.07963967841242504
558;0.0097793902270238
559;0.03208767253805041
560;0.03773097682702157
561;0.07090006591170696
562;0.05300030526969236
563;0.08554591158641996
564;0.008414931821795658
565;0.03979197838549914
566;0.09082930638644528
567;0.03724821135855765
568;0.014465705485440572
569;0.0930787771193266
570;0.0031426374779292446
571;0.05424814260440122
572;0.08513881891442028
573;0.09467521712106028
574;0.024163763104011728
575;0.04825945823515454
576;0.07559883822094048
577;0.04884059138769614
578;0.033183972271550025
579;0.06914459374962616
580;0.07129389905155613
581;0.08951682562992361
582;0.06861068720390946
583;0.0585278576361542
584;0.08874834327915453
585;0.06083373205342051
586;0.024159031809318523
587;0.01761496415768643
588;0.0396140460973452
589;0.03963445747200144
590;0.0656199096128166
591;0.020070857040054103
592;0.07558963301072397
593;0.07874341144978414
594;0.02029521114418107
595;0.05720612041912948
596;0.036778076019159514
597;0.0023929942431121787
598;0.014986478291117933
599;0.09241712935090196
600;0.08727928399810288
601;0.06478876263557269
602;0.07991773892358456
603;0.051394412978511654
604;0.06605026037652673
605;0.08568508746727876
606;0.03666744434368322
607;0.049569381654071855
608;0.017911487163335682
609;0.09831946524728308
610;0.01478655178287337
611;0.08747474936403316
612;0.045308123669593074
613;0.0803231362048485
614;0.01586944953921744
615;0.060215441308342776
616;0.02801641841593673
617;0.047352813318655144
618;0.056342528683716545
619;0.08584448901843739
620;0.07054967320587922
621;0.09832953968977515
622;0.09965613242279492
623;0.024825228458919227
624;0.018553705867523453
625;0.011190654729041495
626;0.037675568031709766
627;0.05725484146902146
628;0.019494624395023332
629;0.057474330634009856
630;0.045811762663152615
631;0.01872101484977411
632;0.06928162843659859
633;0.02621652602191621
634;0.0504160302632885
635;0.07410082893391093
636;0.08454557004894941
637;0.05418097404352549
638;0.01929583349253934
639;0.05935871504795816
640;0.026546602894294426
641;0.0075504174126888035
642;0.09644241418081723
643;0.04473799176764814
644;0.09452565827612183
645;0.0261731799081972
646;0.0975198890627522
647;0.0008631791243047471
648;0.09925410662842162
649;0.04170795401054165
650;0.008856823101790123
651;0.026035561339387503
652;0.0027566135452072207
653;0.07006899570115536
654;0.04980772771967044
655;0.09906075180791452
656;0.07923060827981906
657;0.06542105352638532
658;0.007937318237302749
659;0.045362946975052346
660;0.07333761345094479
661;0.030540203756360487
662;0.09284254002657481
663;0.047276667530440145
664;0.053809346339384806
665;0.030954002665439753
666;0.04726314234042322
667;0.09570375424610418
668;0.06628475032135388
669;0.030253730996442685
670;0.06675873224657498
671;0.012460478687318222
672;0.04237153644693619
673;0.08002027307836719
674;0.07143588150855891
675;0.041480449639115374
676;0.014539075502397126
677;0.05708724936576729
678;0.02191679522879987
679;0.09087991863222235
680;0.0019845145458183833
681;0.059161873704704965
682;0.019341275377490155
683;0.036428516961251926
684;0.029607262959766092
685;0.021790932952155718
686;0.04726367422626472
687;0.09420352934940895
688;0.08744243207660735
689;0.03532781211903071
690;0.0593015990840583
691;0.055647331124732594
692;0.07759789765852264
693;0.08248930538136152
694;0.029110199308466714
695;0.03535257960792695
696;0.058732156503938794
697;0.054596285896590484
698;0.049653273105267105
699;0.014809350204811944
700;0.05794884610215463
701;0.05949385218889256
702;0.048686994167279035
703;0.07144901216210481
704;0.0230348878875861
705;0.03398228663248901
706;0.03112678245636018
707;0.09468950904120799
708;0.009610371615854374
709;0.010004541545532243
710;0.04385984047609115
711;0.05732103262900839
712;0.08963817694641688
713;0.047369884453210304
714;0.05257576650437114
715;0.09386400056297914
716;0.06888844212774001
717;0.015166929307603673
718;0.009420230708701773
719;0.03353103972999484
720;0.08891286243487978
721;0.030458132398499385
722;0.057686563937822566
723;0.09630567083788978
724;0.05262012437338609
725;0.037819674064238334
726;0.032480644248867534
727;0.014198909502601043
728;0.01768560219288238
729;0.015341441563419135
730;0.0694971549541317
731;0.047975115009173855
732;0.09039907320258374
733;0.060093968190141615
734;0.08550582179872218
735;0.06378479538718211
736;0.04658434133707854
737;0.006525014378279782
738;0.032761106960846935
739;0.029330174127394915
740;0.01940113530118054
741;0.03826217184191373
742;0.090257490367462
743;0.07032993171414231
744;0.0892983113019673
745;0.059839693866163814
746;0.08277694237704368
747;0.03920660158158834
748;0.03109475013008205
749;0.07943344162796034
750;0.039976966846738404
751;0.07232856483937389
752;0.030021703708992632
753;0.08517762120512797
754;0.05431578907179643
755;0.050276473733692054
756;0.03655074781403087
757;0.002557224002943892
758;0.03118504807599224
759;0.0679953974143057
760;0.0980024087623972
761;0.06295484507653772
762;0.014703219878923769
763;0.02933656211285676
764;0.07316651086495136
765;0.08725161420461791
766;0.05195492318427417
767;0.00577817040840426
768;0.06347646008434403
769;0.014500419386914432
770;0.019808796220893946
771;0.05350092401499129
772;0.060977216804218026
773;0.03670786927037613
774;0.016749632376837943
775;0.007848931212857069
776;0.07474609304815523
777;0.060488006669588756
778;0.025594418661341323
779;0.04626219695866828
780;0.01896104247822309
781;0.029314437094665503
782;0.07087677064289011
783;0.09351010308935488
784;0.09281076163008664
785;0.05120968634426423
786;0.01247583750750615
787;0.0064405251362646635
788;0.09559602720609466
789;0.048589509234722696
790;0.02838181476465699
791;0.08073670201361187
792;0.09369926757871724
793;0.08874385814769047
794;0.06071293167136324
795;0.08445386348763047
796;0.04264654732170316
797;0.06969534363559661
798;0.08988666843799442
799;0.05021915524542027
800;0.07600425200424571
801;0.04999496647502003
802;0.06412892737131444
803;0.0476036747160811
804;0.08618445216220967
805;0.06486260774082121
806;0.040456461323895125
807;0.09489719920526479
808;0.044980844338055805
809;0.019196205497962283
810;0.07011694331614692
811;0.050170714168077495
812;0.08916785990905599
813;0.030189900088310663
814;0.03649046192150664
815;0.06643784066119064
816;0.056860236511727606
817;0.054505782128733526
818;0.06332009323678747
819;0.060213719318421316
820;0.01834558596045267
821;0.014354919195491323
822;0.09472713696273477
823;0.07786524296184037
824;0.02953910765329143
825;0.09528980271445342
826;0.004905957591266031
827;0.044108289343606236
828;0.05292154360027884
829;0.0979939698457906
830;0.09547537096553116
831;0.05966920216741052
832;0.05634901895664679
833;0.03236956261173383
834;0.09668409048639585
835;0.07850288516015631
836;0.0861219748151608
837;0.05593656914335209
838;0.09113867210041322
839;0.04628665141807278
840;0.015475963648491254
841;0.08823786850563287
842;0.01853118324187012
843;0.01726764752444705
844;0.07312736152314887
845;0.04985324518495685
846;0.054180599654319574
847;0.03411744319487331
848;0.09229234821430513
849;0.027515530377217767
850;0.025330561942382437
851;0.02319919140626893
852;0.054899863448487796
853;0.060702033651912436
854;0.05962975924320785
855;0.091087232630789
856;0.06898428627736973
857;0.007725081206613971
858;0.09749797986472392
859;0.057965306572089086
860;0.0799510740368954
861;0.08837855419645264
862;0.029227178120011788
863;0.015639813937766957
864;0.06871879754025638
865;0.09193404471089395
866;0.020147435657170934
867;0.08281620607347166
868;0.04123683325422544
869;0.06544805853660836
870;0.043576096472208774
871;0.04217391386488602
872;0.026612219190551636
873;0.057762248012670284
874;0.049495557612333076
875;0.08084184099292631
876;0.06291268430781405
877;0.017209378458388182
878;0.09561541534862078
879;0.0471413416020869
880;0.055222272326830246
881;0.013125744445445254
882;0.004594709849650236
883;0.05104125996902967
884;0.02111780559157629
885;0.006273926453722789
886;0.0713993446179406
887;0.07934877991343701
888;0.09211469443753373
889;0.07988483024097852
890;0.056949478583916247
891;0.04163626096164879
892;0.036931435239599866
893;0.018460722287338693
894;0.0020340854165415314
895;0.0037485225382559054
896;0.0194765588285451
897;0.005384865761148595
898;0.0933928263392281
899;0.006522375928250146
900;0.048943527488345344
901;0.04637515286654268
902;0.06830437945923194
903;0.057800435688529994
904;0.08525602054039488
905;0.002941228532219942
906;0.007989848151390633
907;0.025504364404099825
908;0.07567527368575377
909;0.037984387505162025
910;0.024691191223091283
911;0.03209449666896206
912;0.000878456669931127
913;0.023006431499474424
914;0.03898278360578536
915;0.07068584738361573
916;0.012204174267140988
917;0.023763265187886153
918;0.06352580846778687
919;0.09758733191795353
920;0.016819778298431953
921;0.07487987547009699
922;0.07119049715792884
923;0.018722674478394697
924;0.02267602924501766
925;0.0014000007676790993
926;0.014732231302923017
927;0.0010221965339860639
928;0.055904220361009005
929;0.048179399089235735
930;0.01878265146386987
931;0.010651654064145089
932;0.05264756376303187
933;0.07020136062057107
934;0.05820232264548392
935;0.025565734345913017
936;0.0741984277859075
937;0.027430407501248113
938;0.06438652421178691
939;0.051753409534577716
940;0.08582343115098155
941;0.035365864811554716
942;0.09545404120378774
943;0.04716270701336851
944;0.040911453904093634
945;0.092624565537499
946;0.033559096708412305
947;0.06272541300173505
948;0.07235420416639975
949;0.015037514922737905
950;0.03065283936316522
951;0.05608508318357024
952;0.002103000141723721
953;0.07131855820082779
954;0.02906876495458649
955;0.08585070384348109
956;0.011157220341057162
957;0.05360346677427988
958;0.06248702391328035
959;0.009727115537548693
960;0.009561596883629798
961;0.000587063284158107
962;0.0648529250617936
963;0.08402591468857526
964;0.019052874404221976
965;0.05512642716161778
966;0.04649525998579384
967;0.0005760190792166609
968;0.03516808887980971
969;0.029563090390118965
970;0.08913927095993814
971;0.03524759127801217
972;0.03269084623098647
973;0.06197309391173894
974;0.04694297242113467
975;0.04374556259321713
976;0.09618310514734209
977;0.05866114852136892
978;0.02247849394812921
979;0.07139898985257671
980;0.07376297679303612
981;0.04620835437496473
982;0.0720827247354147
983;0.08368880686115558
984;0.04593210094249825
985;0.061967934309123424
986;0.055233010405168204
987;0.01696509824151644
988;0.05769981851244302
989;0.002228069234944807
990;0.0576359817183865
991;0.024162629669860713
992;0.004863561263352612
993;0.01409297290857995
994;0.041896998498551
995;0.04243471253174091
996;0.018729668799505696
997;0.09209678361555233
998;0.07499861058950628
999;0.01842475151244476
1000;0.003545685245383412
