1;0.008612364377044912
2;0.023630052844438434
3;0.0077341525672903755
4;0.09948035837508558
5;0.0158706345541083
6;0.0675735333470356
7;0.0735339189838946
8;0.04955601390735501
9;0.06641662936283042
10;0.018532914602662133
11;0.03279176652986706
12;0.09739106379416113
13;0.007203131579096589
14;0.046650470783451796
15;0.0260833189571838
16;0.02115615295315465
17;0.047861053016921055
18;0.08151000167864964
19;0.04321602429036177
20;0.08285624652141434
21;0.08148006469845225
22;0.013674134396582927
23;0.06101550877765313
24;0.07282255871708376
25;0.07163806234936286
26;0.05728220015573056
27;0.08810584998262876
28;0.029330255727759182
29;0.024207361785840043
30;0.09003980358897191
31;0.06948107672710666
32;0.06162432902109593
33;0.06688829954661744
34;0.07656616512242909
35;0.03583979015568879
36;0.019295595430307844
37;0.0014154264686981556
38;0.0491549995598137
39;0.023081777633804847
40;0.09399602190964618
41;0.023917572083726326
42;0.08430579338332188
43;0.08055466139905854
44;0.04567669440854425
45;0.03244170835552893
46;0.09978107864295702
47;0.010058856921691329
48;0.04415619241618557
49;0.032490450875231607
50;0.005674004510219256
51;0.03413935301758019
52;0.08808635269493942
53;0.03351847829881277
54;0.06818796821096565
55;0.05816943515924129
56;0.054688916868049414
57;0.05178161417439092
58;0.0857517828562317
59;0.06432013267979923
60;0.08845977536483529
61;0.08831923251713293
62;0.06959399227788765
63;0.06327031796521193
64;0.06389288225430796
65;0.06882351920571758
66;0.024697478365842285
67;0.07884325067955639
68;0.04829198534807862
69;0.02916972718426535
70;0.04357608421632239
71;0.08735413273490016
72;0.08392004315943337
73;0.044380939501210206
74;0.04750182154449104
75;0.053813018377405986
76;0.09281261582568154
77;0.045524662763739523
78;0.05520882977105521
79;0.09029973339233602
80;0.05952045357192694
81;0.02314421076378974
82;0.002765795366271795
83;0.0993235877880272
84;0.060646838427290586
85;0.06977373579259846
86;0.026196481919311954
87;0.020507714510307987
88;0.04126169785982073
89;0.011128052018069913
90;0.0829763426722778
91;0.07545200393698653
92;0.029199761887081878
93;0.037940329107667585
94;0.043271761320804694
95;0.07288774621846766
96;0.0776362490203173
97;0.04863182372748585
98;0.059774536234026725
99;0.06025269391433973
100;0.023606915368300476
101;0.01962744295354494
102;0.005520170182194539
103;0.029936302483637614
104;0.0071195911896812965
105;0.05389258453906373
106;0.02361923212895896
107;0.026924005620745886
108;0.010908145587421382
109;0.032145982935612515
110;0.06792166120683955
111;0.063508250893236
112;0.05033645889305177
113;0.09031399543768523
114;0.001697155150922758
115;0.025116744006819316
116;0.034732889531540745
117;0.07414397372856173
118;0.056609921014573766
119;0.09863523489404015
120;0.04057905068456196
121;0.041817252078243806
122;0.08697021744504832
123;0.03683481825594566
124;0.08737921528764037
125;0.026653009888119562
126;0.09082759510263493
127;0.07491660527392062
128;0.08165415152352366
129;0.09784711760077627
130;0.0029695571163156466
131;0.03686801506863152
132;0.0520975449602549
133;0.0582614484114084
134;0.07581136777221834
135;0.005702703754383942
136;0.07162880600626002
137;0.09963757498539727
138;0.01835886485016308
139;0.053715519858976594
140;0.03221398487026596
141;0.022571505474335563
142;0.043912059267012686
143;0.015694926839719125
144;0.07733834499091236
145;0.08088334993919147
146;0.04945790703357633
147;0.03800470374147807
148;0.012000893933339796
149;0.06583685855075877
150;0.07704434715434158
151;0.03506752637645181
152;0.01857734060820935
153;0.05542387278595733
154;0.09790170744603849
155;0.031213493840667062
156;0.06017218135509367
157;0.05422499357044779
158;0.026157018955855794
159;0.04271056325574975
160;0.039239566429949246
161;0.09030194088478274
162;0.0028234661375544424
163;0.008349039681613069
164;0.036057249974649555
165;0.049337908982214906
166;0.07567108541882593
167;0.09209588479695235
168;0.07350645966344163
169;0.0477977221041803
170;0.0866679524874432
171;0.013895085727515234
172;0.025506616602683288
173;0.024135500980669924
174;0.09461212534291702
175;0.019107422324007153
176;0.048617453142516136
177;0.05061721021185296
178;0.02935213130960812
179;0.099370023025104
180;0.001076085526228976
181;0.02436329213622426
182;0.06153461586404573
183;0.018928415128063106
184;0.007126071033305182
185;0.0012221969423694024
186;0.04868785302007759
187;0.06874962437002734
188;0.09467225099545118
189;0.07179178054134015
190;0.04597343065385541
191;0.021676813348259428
192;0.009355227005520517
193;0.006304379913486891
194;0.06375043152411722
195;0.06192677605851363
196;0.0665950647506037
197;0.017907112177562357
198;0.09529818336283996
199;0.05387177814856964
200;0.03571369813889765
201;0.06670595398959202
202;0.053289100501566614
203;0.07290961858753535
204;0.012266622753720658
205;0.033640110697650154
206;0.023446642336363968
207;0.03137123309896526
208;0.05651096526713759
209;0.0007950311435421132
210;0.008359176422854364
211;0.05485937843493415
212;0.06946956461812774
213;0.02673445677138774
214;0.03920024023581969
215;0.011943735556712421
216;0.0567264428022278
217;0.014530465276433603
218;0.021671536062358887
219;0.02943735251185338
220;0.022990503688113284
221;0.04036477882011913
222;0.014215229264835727
223;0.033549172468729384
224;0.04161312661970207
225;0.024638333307880313
226;0.09945790737290894
227;0.0062429009282862664
228;0.04753814648129508
229;0.06732192234036369
230;0.02766262260572392
231;0.04205491733646315
232;0.07444293700769909
233;0.06819544092457064
234;0.08443901864286425
235;0.028894840214216802
236;0.09677609006474158
237;0.01643390027839602
238;0.021891451499769933
239;0.052580445353578226
240;0.009446278862692581
241;0.08423535982599761
242;0.09468858949690322
243;0.08474825268746271
244;0.07246927481135738
245;0.014411480774655417
246;0.09985083821318746
247;0.024683500947296766
248;0.04229018195648957
249;0.04844009483184737
250;0.005493803289697763
251;0.026919831995894497
252;0.08569083680907626
253;0.07147363858014284
254;0.03339128663430615
255;0.04352143920579099
256;0.06925403859594702
257;0.03092452510110473
258;0.012728469073023819
259;0.044852764762438706
260;0.0067310480980234295
261;0.05084394028186075
262;0.09453009423191573
263;0.05881620592641219
264;0.05506499367485215
265;0.05773312445672767
266;0.030871684827781156
267;0.04380241809967083
268;0.008151335627509526
269;0.0166698475722459
270;0.05038425036561381
271;0.054518298812508706
272;0.033700017041345266
273;0.08078255988712234
274;0.013023403301977654
275;0.03282488631725792
276;0.005654766539474854
277;0.09632429904553727
278;0.08288023362154313
279;0.0053604755111356095
280;0.08851320353980235
281;0.08523764145400947
282;0.011165499455220707
283;0.08800410384447181
284;0.059708606343992415
285;0.07881358783125157
286;0.05717287189145272
287;0.04691405722728817
288;0.056381695361586937
289;0.013129739226457271
290;0.03557982879089144
291;0.04285970294743949
292;0.028218965326771595
293;0.08089002984315685
294;0.04986460448137439
295;0.061383858217573056
296;0.053603470218490504
297;0.04173238255147852
298;0.09479754643397294
299;0.017593023204161597
300;0.04912853984942415
301;0.004999814697909156
302;0.03624970673828311
303;0.08979516540079302
304;0.07392315046499301
305;0.0864051530179937
306;0.09186312544873584
307;0.05342662213982911
308;0.003535021115241843
309;0.014778102007152051
310;0.07036838199866624
311;0.026422624619495762
312;0.004717391438838037
313;0.041033058146744086
314;0.03309560880798656
315;0.07420288214254088
316;0.07321513658578604
317;0.08980327983246598
318;0.004532613714667955
319;0.054351564097425004
320;0.05806030061020963
321;0.07698242346173254
322;0.05216895588213773
323;0.0006449164314165645
324;0.05243816287390777
325;0.04911689351401321
326;0.058543502987478395
327;0.03504823876067838
328;0.018078060053784286
329;0.019311586233941802
330;0.016271967116739873
331;0.0592658773735802
332;0.03057493515999057
333;0.06853251516999821
334;0.01625847775717101
335;0.05060625721440396
336;0.029822214747514855
337;0.05283029662795624
338;0.03585539566842653
339;0.06138182940202667
340;0.05865019708792241
341;0.05476890496724729
342;0.018600690304978386
343;0.021555165841908586
344;0.07925599517004805
345;0.06686573192172006
346;0.08360466930488708
347;0.018349077803584603
348;0.005006203584128066
349;0.033562625352413236
350;0.08267883680643082
351;0.013511035172940567
352;0.0061733853983011455
353;0.06607141681470333
354;0.08887205305435693
355;0.09010971095860223
356;0.04901896499564721
357;0.037398046236795136
358;0.009231549484815206
359;0.0041027020754840215
360;0.05015069008279054
361;0.0686007249305034
362;0.03872684679088515
363;0.0031214990870222837
364;0.041340158016108935
365;0.07855378656376215
366;0.0338575039759911
367;0.053705177331644885
368;0.0014836247504583233
369;0.008351121395562667
370;0.06611806650464767
371;0.00999315377424106
372;0.07069717128066469
373;0.023808485901235577
374;0.045729402126754075
375;0.00039473230823976473
376;0.062425240704053135
377;0.051529354082407934
378;0.016782517615757744
379;0.006407380638657612
380;0.07243992273548462
381;0.021298247307356678
382;0.07585869812794467
383;0.01342728756705347
384;0.05905483523982431
385;0.059011378372777104
386;0.07323275639360972
387;0.03155109967988367
388;0.08241076930355042
389;0.019173635264636946
390;0.02375045366280153
391;0.04091188772811741
392;0.0010088497058980074
393;0.00616370462700635
394;0.020598962790202936
395;0.02183067162443242
396;0.036035852725977445
397;0.06171188531514546
398;0.02277967522520069
399;0.07940093779915591
400;0.043185466124292
401;0.037574161667528985
402;0.004040791655199927
403;0.028720399574465472
404;0.0044809164121034865
405;0.0793134335288806
406;0.04203624301845615
407;0.031323915391768944
408;0.01541890462704656
409;0.08830208873920341
410;0.09896609030346415
411;0.01628784237066201
412;0.001645745951743427
413;0.0644115488174472
414;0.05812773366285089
415;0.038197528015050865
416;0.07236716664358504
417;0.02899061171834613
418;0.08289979023926114
419;0.014351027381321102
420;0.026865357859618567
421;0.06886289372142562
422;0.04529527018338966
423;0.08661828236281531
424;0.09817483931000393
425;0.034377881023711365
426;0.08766100475002986
427;0.09264493410234251
428;0.0032110442475354996
429;0.012368407377247148
430;0.07831698546175646
431;0.05137210948118115
432;0.07742711312743888
433;0.03509095201791074
434;0.03479443596225158
435;0.004602784851565978
436;0.019549918578989234
437;0.06513082267696389
438;0.06149265411539844
439;0.062484196577090034
440;0.07960927868735623
441;0.09481573383504333
442;0.053690097492318005
443;0.07691421052611186
444;0.04177124624902401
445;0.02535719823265019
446;0.029042294129996305
447;0.09625251137939901
448;0.03500109554434242
449;0.08875557836057413
450;0.08749869401455722
451;0.05870297858957962
452;0.08671683853343481
453;0.029898835776379654
454;0.018095035521846436
455;0.03544244467897161
456;0.043800973633571605
457;0.02478593640129717
458;0.016195932174584895
459;0.020209053501157627
460;0.06956289663135838
461;0.004525216631800721
462;0.015163675804279176
463;0.0652264168299926
464;0.09112975171519505
465;0.0757149346905221
466;0.020091070833378157
467;0.08836749869170456
468;0.014930270607897934
469;0.06547047534338189
470;0.03177564734567408
471;0.03498653214463331
472;0.07851073028974306
473;0.012673023699701047
474;0.0072023886402612595
475;0.05581406433556812
476;0.05099939690507469
477;0.0021743798895363597
478;0.07213408940735085
479;0.05463643921472619
480;0.06523074145546803
481;0.08511457138155312
482;0.07924486593170611
483;0.08326098818928242
484;0.05869748052832076
485;0.07182139402340894
486;0.06969153765446322
487;0.09865463727769773
488;0.02226409963737367
489;0.041775350904117416
490;0.0416848907566315
491;0.015608317235324177
492;0.03511286723833373
493;0.04761835498621443
494;0.06715529115922543
495;0.001546434793353424
496;0.08958466094449197
497;0.0017731876896111111
498;0.017630638617480966
499;0.08897790355908718
500;0.019390846831405063
501;0.08441118426883443
502;0.09302375931861645
503;0.0031446826003377784
504;0.04326498600943765
505;0.01960711577001132
506;0.07310101852292611
507;0.04573707345760156
508;0.07795761840269136
509;0.04434988004979831
510;0.07480909096478716
511;0.09400619119197307
512;0.015739197238638182
513;0.05440464158625258
514;0.08734473370511048
515;0.0044645746578505065
516;0.08552246135142778
517;0.0651753693314474
518;0.022298153962173075
519;0.0018899226791141755
520;0.0009542549241793431
521;0.08412343606406841
522;0.07074413924860067
523;0.03258127092832835
524;0.030004898063236418
525;0.07134299050415172
526;0.01612210928683702
527;0.0589134532467796
528;0.06407150617916688
529;0.005191473263192237
530;0.050955268255785384
531;0.013392979454174725
532;0.015882591993192963
533;0.027483771615088262
534;0.04544321901130025
535;0.09223087293765626
536;0.03828920417843265
537;0.018303699945525786
538;0.04604576622551792
539;0.07181955863409689
540;0.0620700016941396
541;0.0010964577411207933
542;0.0916176009721463
543;0.050296032044227036
544;0.01707018978943381
545;0.004903715164090561
546;0.07195347983935352
547;0.011138401424336086
548;0.06542265738617625
549;0.059202688932378046
550;0.0203862624459355
551;0.06302162951893414
552;0.0720482201708727
553;0.034112891074737466
554;0.08898662035769256
555;0.00426719519115436
556;0.003855405381127397
557;0.07884290083566631
558;0.04166251948235932
559;0.07826972231618236
560;0.07786194405437935
561;0.09640321513281117
562;0.03999545831030359
563;0.037014260328648865
564;0.04877332176192211
565;0.0186515991985014
566;0.004524309658764558
567;0.05235176253062621
568;0.0767840901561
569;0.07855972926530001
570;0.099775224601302
571;0.02378931619599206
572;0.042412024659042036
573;0.04326607393074684
574;0.04453396449084086
575;0.04192429399338066
576;0.024556604084318413
577;0.09604482850533257
578;0.06465040659117324
579;0.0064449507124997975
580;0.030336741728080898
581;0.030668548510022965
582;0.09236953140140519
583;0.016101356573973057
584;0.04535370546388249
585;0.06074913933108871
586;0.002183434978141996
587;0.022148431384625824
588;0.044139962285328654
589;0.030877077665105657
590;0.07454698700959282
591;0.0054849801427586005
592;0.08637352730788282
593;0.06858313581851831
594;0.03570562137296473
595;0.07493908641752033
596;0.01583359151968856
597;0.06459357589888615
598;0.04089138704098194
599;0.06049353082777516
600;0.053456801910523793
601;0.06590158555557944
602;0.03369140220145407
603;0.08259529521217865
604;0.08964048041332127
605;0.00989838691259929
606;0.033498722396565976
607;0.06605030013594894
608;0.046151473723514295
609;0.06305212240434031
610;0.007033914422279908
611;0.006175281225136553
612;0.09931051923535039
613;0.07020135790744003
614;0.09973866506789023
615;0.007133692828569816
616;0.018571313820847236
617;0.011241615608782885
618;0.024403479034949518
619;0.027577523142916838
620;0.025532407119544288
621;0.09531297321786696
622;0.02415545878699127
623;0.06136003060834791
624;0.05894052849132099
625;0.011722039162884413
626;0.0020338370404406115
627;0.06804802407411523
628;0.048665548734675226
629;0.07262973947833672
630;0.09212690793819005
631;0.09844309257195831
632;0.030321667452768455
633;0.09121683486193248
634;0.02926812801202937
635;0.040488653537275314
636;0.028039164759636373
637;0.0748100543650678
638;0.03292214520946485
639;0.0312576037291342
640;0.09756475221313737
641;0.035780183614205006
642;0.0690368966431494
643;0.07680038407671325
644;0.06548119183302267
645;0.02535866014104342
646;0.004698287533562296
647;0.034871715951643505
648;0.06152426998056984
649;0.019326001338964352
650;0.03594799020294838
651;0.02869239755006662
652;0.08994314008451686
653;0.09361802898918119
654;0.06072479231543237
655;0.0209143545387781
656;0.056501193146384104
657;0.07455453224889168
658;0.0055494361579155995
659;0.053950549163161825
660;0.08650383219681736
661;0.08236103050173844
662;0.06343979265649236
663;0.07222143527120356
664;0.049008160828790205
665;0.033494632956843184
666;0.07096847786983083
667;0.07145051813894142
668;0.0819638551785777
669;0.0016857281127619418
670;0.048182447777848615
671;0.09372943217263022
672;0.036516869727656366
673;0.06958218328760815
674;0.054084341407811376
675;0.04067817177739722
676;0.07887182661002051
677;0.08816462729193039
678;0.06786177419018291
679;0.013429177216040013
680;0.059219818838415594
681;0.02785006625363693
682;0.06022888520066558
683;0.09913351068689302
684;0.06562263572154946
685;0.042290045619152984
686;0.06953795660920319
687;0.047059544015345206
688;0.0982621044874711
689;0.004956602718906389
690;0.0398251935124933
691;0.053315612549141994
692;0.027078683206267773
693;0.06163032210393304
694;0.05159192491885731
695;0.008815486682879126
696;0.08399149706447853
697;0.0885882503858107
698;0.05766948271088031
699;0.056586280984784035
700;0.007091116066397696
701;0.03260018134369235
702;0.09429816380561522
703;0.012696977521412989
704;0.08060386254806369
705;0.011147749152966535
706;0.01357090891284054
707;0.07465996239452925
708;0.08709529586081512
709;0.06934354043678966
710;0.04299124268705982
711;0.009478850626189772
712;0.08285013725148636
713;0.03785246203646512
714;0.055684083412665286
715;0.01678633614370494
716;0.06816853710114376
717;0.058618255004457456
718;0.045661858512868
719;0.07597136130752077
720;0.09877359684421047
721;0.017294521398135854
722;0.07354243727308979
723;0.07594337351733164
724;0.026496654852726377
725;0.029415162179538868
726;0.0931972899095641
727;0.08587974492959766
728;0.019044291993110807
729;0.02387337796087796
730;0.0590762295211823
731;0.0024345575592643835
732;0.09298786590041173
733;0.02337278990863494
734;0.03410580697827894
735;0.0449627372912541
736;0.046386183440714095
737;0.045356170646079885
738;0.021998858424982472
739;0.01812729865587943
740;0.07095108722781368
741;0.0852345713841246
742;0.039407051096210524
743;0.03589252382676646
744;0.05293809612868594
745;0.08859787525157496
746;0.04083381641419607
747;0.07994674013171874
748;0.051983248162729145
749;0.06979640610316637
750;0.01842342817634244
751;0.04745020004860985
752;0.017100488131743852
753;0.04067728579931621
754;0.0036766649987596822
755;0.028450654405315468
756;0.05524704627195795
757;0.03745355999239419
758;0.0722497799479146
759;0.08533447353214946
760;0.007347521531486889
761;0.017360821200139244
762;0.06628949463312635
763;0.07195957481270167
764;0.04874582291690641
765;0.07054627936879075
766;0.09390959236606072
767;0.09422054477916339
768;0.03897513947506692
769;0.017668619729787807
770;0.09392229381942069
771;0.0066980823270430985
772;0.09784761038346687
773;0.02230871391119074
774;0.05568732124746441
775;0.0778829516701404
776;0.08519359619713879
777;0.043741816112268656
778;0.03511039445502636
779;0.0771694241645093
780;0.05347085875235337
781;0.01152223973846015
782;0.029683166529657745
783;0.02388450593783036
784;0.042973099752907765
785;0.00012766744236722972
786;0.0475407718147271
787;0.012327155040168248
788;0.08549962169606551
789;0.06325526327971064
790;0.013484633760069132
791;0.0727109941584156
792;0.07877519354212607
793;0.06063810983073922
794;0.02417180973081704
795;0.0764441715417738
796;0.06439546858363428
797;0.011951934704453116
798;0.07924564210843492
799;0.032364039483136944
800;0.04357301466354906
801;0.03006987600770794
802;0.01837135435674957
803;0.08922237240277024
804;0.02352971597022655
805;0.09074946325194928
806;0.0657592856460778
807;0.08506677842368798
808;0.024961522240452408
809;0.021608207382850055
810;0.08657371639342434
811;0.041835122431969365
812;0.0535458785929068
813;0.08471261689064774
814;0.01254615631419811
815;0.08762646564408358
816;0.05562644181299198
817;0.08706377307568514
818;0.08038644060925186
819;0.061623316914740794
820;0.009307798275278866
821;0.08728072684418936
822;0.015818368023853027
823;0.05228580636200614
824;0.009615147367724087
825;0.015608881475952064
826;0.028519713393557113
827;0.002542548507424203
828;0.03896740249165168
829;0.08573406394136623
830;0.09219779198323552
831;0.07219207400039541
832;0.056137764876626466
833;0.09001394065049761
834;0.09964639239570851
835;0.07363596857925919
836;0.07415842598259656
837;0.08654710911021403
838;0.07358692714764908
839;0.037335377997412746
840;0.06189097621840594
841;0.08138008792993359
842;0.02400383333378525
843;0.01756846330066898
844;0.06958487938380006
845;0.0909739799356607
846;0.0019325581581121076
847;0.028691137802454494
848;0.03356949282818773
849;0.035755845535674104
850;0.031081803001564958
851;0.044869630491512505
852;0.06854633953364414
853;0.010163652539926338
854;0.08281132748571607
855;0.017207830009117
856;0.029779361507599023
857;0.024847425785629863
858;0.06362007450623665
859;0.04848765295515483
860;0.03809620993527088
861;0.08123159148460272
862;0.08723728283965819
863;0.07638687147647882
864;0.013867062032498058
865;0.051314077166731135
866;0.001516408300697303
867;0.008172868699485292
868;0.08571039801830524
869;0.05359732783066972
870;0.0625091694134975
871;0.04403338892729175
872;0.056162010564679135
873;0.025709298755422706
874;0.07296965968441715
875;0.026790460328545984
876;0.061664858489408315
877;0.05337174665170477
878;0.061885302075519226
879;0.08782568041816075
880;0.0957476497824526
881;0.0778285405862741
882;0.03759707705693778
883;0.06750806518626716
884;0.08151410072877557
885;0.07853247089805998
886;0.08360855200515427
887;0.09862388746739953
888;0.07438036527739571
889;0.06146574340313388
890;0.050588311231455046
891;0.02607870466265393
892;0.030311077913095008
893;0.04669792173875569
894;0.04764082997978323
895;0.021861353189630162
896;0.05691045397906459
897;0.056436363291963346
898;0.030561012518862642
899;0.0721472844126577
900;0.03880970084672776
901;0.055205435092515666
902;0.024581920560135386
903;0.08815479902035253
904;0.06573829692590337
905;0.006796761829780485
906;0.01281990719059798
907;0.06351987281952824
908;0.09604855522448263
909;0.017335960740430433
910;0.09904877798215578
911;0.08767926202844485
912;0.05408307869368929
913;0.016094154854614396
914;0.09036102168996792
915;0.054893102050453585
916;0.0434933161777641
917;0.046387133739203605
918;0.08340454716181173
919;0.030429071927364396
920;0.03440827460332773
921;0.04789093271820436
922;0.09817135916702951
923;0.07442857931025919
924;0.05157601181463023
925;0.07521735706734198
926;0.005070270245088604
927;0.0024261439382200936
928;0.06523202419814493
929;0.09545324238857404
930;0.06958361112447407
931;0.03466623087463141
932;0.05787635820477726
933;0.06225137440078075
934;0.03914078712105537
935;0.09455176173589902
936;0.0971683252991966
937;0.028969359442931275
938;0.0710033952638643
939;0.06117085828887608
940;0.006975089795230438
941;0.05470893926700135
942;0.07541091240293635
943;0.0834875889772711
944;0.02578045860059971
945;0.045568440310064295
946;0.016263312111646524
947;0.03161239799075787
948;0.022801929417183564
949;0.056380974596713346
950;0.08124956871690003
951;0.0720193160250176
952;0.0749919251383697
953;0.04558733395302485
954;0.006189074696648856
955;0.0669305420867141
956;0.014434644407511766
957;0.02173391084446005
958;0.01492356939339702
959;0.0950547623671246
960;0.05133638675652383
961;0.03568503430782005
962;0.02281244451625705
963;0.0604494620340023
964;0.06946588591874446
965;0.064332613294123
966;0.009246669898383242
967;0.03350628387000872
968;0.06356051712639285
969;0.09553135408516711
970;0.007051509352966334
971;0.07386696977214449
972;0.029433164106052734
973;0.008037301141050735
974;0.09134601015777563
975;0.08222176646706077
976;0.09098471358709997
977;0.0585510409222746
978;0.04770621236031965
979;0.021742244282874346
980;0.059438590549460484
981;0.050819420579611585
982;0.09620120206181837
983;0.06572994814933363
984;0.023624454842528
985;0.037123754371018815
986;0.048240311661655357
987;0.061935877421117363
988;0.023776431407529386
989;0.06969773116409221
990;0.03376100994438526
991;0.06206578208626201
992;0.03692650443078506
993;0.039451578903016905
994;0.01744014389353914
995;0.09577687262847949
996;0.07368336083008242
997;0.007568905008605908
998;0.02966357370827102
999;0.07981218113934269
1000;0.01519878279364364
