1;0.06467422648272719
2;0.003167530732186419
3;0.07084495655376781
4;0.022989635311834247
5;0.09812999586386043
6;0.0790309733862166
7;0.07854666596419374
8;0.06071470143989484
9;0.0147866605389834
10;0.06612913117349095
11;0.09062554953104172
12;0.014781827274931159
13;0.08219235464013845
14;0.017768266449678296
15;0.030976158757435382
16;0.0654574162538729
17;0.09498740243549851
18;0.04863720231765639
19;0.04516506874575757
20;0.015757475898721052
21;0.09607642204309035
22;0.04011507308112458
23;0.05277107195617917
24;0.01254447465341555
25;0.02658456861899714
26;0.09330489701892575
27;0.09607575092651882
28;0.02642432599948511
29;0.09534124109858011
30;0.09105931974124579
31;0.05207528302185047
32;0.03819895619487105
33;0.09439638016261351
34;0.03782285989945116
35;0.016277351337485247
36;0.08759070422837895
37;0.07880592930624072
38;0.001226000585054299
39;0.07456373520150195
40;0.0036854939856686753
41;0.07032950097624109
42;0.07557342507089297
43;0.08410199326957644
44;0.029226559524846388
45;0.06629252274812304
46;0.027424142516861528
47;0.06814174737197284
48;0.008721460800259795
49;0.020801182956143506
50;0.04839517925795535
51;0.02080383700307749
52;0.059233696802893615
53;0.05187973930452153
54;0.012061148120297183
55;0.08075114358839681
56;0.02549971425136227
57;0.06908694788840583
58;0.06028487859442977
59;0.033363884172299185
60;0.033911536749211844
61;0.02632832858861155
62;0.04904521423283478
63;0.09799269875335426
64;0.01079764873938146
65;0.08018975773999183
66;0.09063572514337692
67;0.047013653585195936
68;0.007066480114116491
69;0.034346530076554506
70;0.09151712925677333
71;0.056450002617296394
72;0.00518365994307074
73;0.012084354424679523
74;0.03773419951153783
75;0.08330498671949672
76;0.09711743717558576
77;0.09268290398967297
78;0.09221904670536546
79;0.035970952637555134
80;0.07094486209768074
81;0.052606550157690814
82;0.041489054729792196
83;0.046031446798664326
84;0.052871964242803764
85;0.022851543159197865
86;0.031526067079458465
87;0.08931499737616314
88;0.012223785057980975
89;0.04718257508033852
90;0.05029260334081192
91;0.03714633305641126
92;0.08375478684519433
93;0.013711457933902294
94;0.05003742869665691
95;0.07230446589595889
96;0.05956071686884186
97;0.010456817145751519
98;0.014724167748890106
99;0.07894490397030512
100;0.07684326680955308
101;0.05598566494902022
102;0.06464475735361183
103;0.0035076049075436935
104;0.07878274799142364
105;0.0667433973649063
106;0.09940422916847651
107;0.056446245321947176
108;0.06718295173004422
109;0.06733799535106018
110;0.06060802575044834
111;0.002200633660381635
112;0.04817747405876915
113;0.02953438459449538
114;0.038626762377797365
115;0.060380135883997425
116;0.0646816679165395
117;0.041260419194060566
118;0.09858458630437474
119;0.09331535539684344
120;0.03839631325144253
121;0.06360277047261625
122;0.01850670855023113
123;0.019117745690992186
124;0.0662874373011572
125;0.09133127241524377
126;0.0417671435687489
127;0.030293094270614385
128;0.036603867868654626
129;0.04844867999340138
130;0.01849672831835152
131;0.021868948162896418
132;0.0281587074201326
133;0.06163215520637906
134;0.05224694171393668
135;0.08807337492370196
136;0.09734314665086133
137;0.07302028166516002
138;0.004906122579576455
139;0.03496948224018794
140;0.05740967822395418
141;0.03238806903436581
142;0.03258018361812272
143;0.051931518562475854
144;0.06519480933618564
145;0.0687165034571909
146;0.06675221250798972
147;0.014991099384325968
148;0.04692616030207596
149;0.04919715085639407
150;0.06669223945319329
151;0.07879049671154885
152;0.08869591814564873
153;0.07773071981336119
154;0.08705706642607236
155;0.008345650404029436
156;0.0394146500500732
157;0.003902282426617032
158;0.05799454327199856
159;0.07530663871727894
160;0.02781787450643436
161;0.06350497143504656
162;0.06814608133939574
163;0.0454756377119988
164;0.02415169862632807
165;0.0964507137677798
166;0.08612835135306185
167;0.07356201195848312
168;0.011095691516366968
169;0.0952639218323736
170;0.05565737856204023
171;0.07850228084284869
172;0.02554390472975987
173;0.0026673468255455583
174;0.008589549413654574
175;0.03669960190147028
176;0.017150572438660673
177;0.07105421771575958
178;0.04487038432210334
179;0.08662826376970945
180;0.017354810554227707
181;0.006042381905182215
182;0.04313009799498757
183;0.0028361696368393256
184;0.001933786603450405
185;0.09410663226323873
186;0.06406052142438264
187;0.06060560775768922
188;0.012825589433785934
189;0.03350275581948086
190;0.026057226786572987
191;0.050424080087404316
192;0.0267637485370701
193;0.08441249776770957
194;0.028938499682704566
195;0.06761279454300925
196;0.08700031711730893
197;0.021236184688984708
198;0.07397479840326157
199;0.038527750601611746
200;0.008192439026290277
201;0.0007889043960682463
202;0.004483593561496302
203;0.09397243784139912
204;0.08200100866565364
205;0.020620591924451117
206;0.08939190189044
207;0.04255762961468035
208;0.04628477261880733
209;0.024910556694843614
210;0.049516463306729944
211;0.09881126899374576
212;0.09545239671011926
213;0.08650765199312285
214;0.008173149588929052
215;0.04046937341890869
216;0.049285797102392497
217;0.09224562187483015
218;0.07487137690080978
219;0.08345058526158552
220;0.050875842138391095
221;0.07814394668763487
222;0.007634053272005271
223;0.005677155046487115
224;0.051663262232360146
225;0.020365912727651148
226;0.027019428148392834
227;0.08260271376251294
228;0.08696911335218906
229;0.09228711643011069
230;0.07305312079234004
231;0.006863713397091376
232;0.011793347830106793
233;0.08576501233382011
234;0.07843865134363266
235;0.09716791477251621
236;0.08939061307194046
237;0.037866734351080844
238;0.057530130746543874
239;0.04032891195319014
240;0.07826973404759147
241;0.02917390291650317
242;0.08720017521669582
243;0.09889591596183792
244;0.0021174647380421854
245;0.02762284810366347
246;0.036260854786357724
247;0.07320959895438811
248;0.0901355144633712
249;0.07164865007747674
250;0.02212907141182424
251;0.04018728302093647
252;0.060884666006059164
253;0.08265605390037846
254;0.0849800839005322
255;0.07986504521491246
256;0.04094019621057288
257;0.037544323183066025
258;0.09349951259814758
259;0.025227160009319172
260;0.02002065700854988
261;0.032102845845913934
262;0.06994124005282519
263;0.09825833785272858
264;0.05553471288760156
265;0.035426017755854376
266;0.03962560131222619
267;0.09187687627306343
268;0.03462648243955185
269;0.027582013314809386
270;0.007209301898399978
271;0.024654987829104594
272;0.04178779160511296
273;0.005092497423904097
274;0.010476344941356087
275;0.024429833528895474
276;0.04933920098280771
277;0.08729776155032415
278;0.05607547158573914
279;0.02032967293576168
280;0.027412450510871367
281;0.012622434913810376
282;0.07256643435521525
283;0.06182529326547055
284;0.05542775837306816
285;0.06662112468874239
286;0.02690792686537077
287;0.07036185442192927
288;0.07472678612661834
289;0.011741155377326529
290;0.07067818707859874
291;0.09604339482602475
292;0.09969844404966052
293;0.04822238409340245
294;0.06299135206260452
295;0.04546303119359053
296;0.01615823525756146
297;0.08388186221647116
298;0.058388532446865475
299;0.0031119953848341656
300;0.0025317440433217375
301;0.09616989427204847
302;0.00732822506789046
303;0.04824485613761477
304;0.09013817270824048
305;0.05209018543487595
306;0.02987444072108606
307;0.030019112013827665
308;0.016393642127628484
309;0.040100416768792335
310;0.003127831147397553
311;0.09032630800582148
312;0.055028497332838426
313;0.0938494439588277
314;0.018246785996112225
315;0.01009502423728066
316;0.02478939644060705
317;0.07624731746333736
318;0.07605640480684617
319;0.06366722762576531
320;0.011642632829524935
321;0.07892499989989732
322;0.05925271853004069
323;0.03385139485016545
324;0.0056141421365757845
325;0.031105095016670317
326;0.06885778211236442
327;0.07985300494116511
328;0.08342597942573816
329;0.0841299841566755
330;0.07490811462780823
331;0.06872712497308262
332;0.059835238524337565
333;0.005891292654652092
334;0.06853508769150839
335;0.04194368293820058
336;0.0832516714190227
337;0.08157705865963452
338;0.006790069685912881
339;0.07848706216622167
340;0.09727017587714545
341;0.011201997273670373
342;0.08635773979416608
343;0.06629636289109782
344;0.09776572008857003
345;0.04615521642950785
346;0.013153650569210097
347;0.031054630415571938
348;0.0510225104774792
349;0.06762279422054418
350;0.021488616455487632
351;0.029125131331952415
352;0.07408246931856735
353;0.091120984253096
354;0.09451904381331619
355;0.060968116847743385
356;0.07471537442643848
357;0.06491184209893314
358;0.05380644547608694
359;0.06740062344228231
360;0.0010607981315010062
361;0.012653847236248829
362;0.022200551077296373
363;0.06245038792923066
364;0.07928428071980875
365;0.09120649076835564
366;0.016072201397879293
367;0.05620461626087019
368;0.03468045456660306
369;0.011582707584222763
370;0.0972591161788846
371;0.03545006659111571
372;0.08325644397412223
373;0.06787672287078646
374;0.04815872099727534
375;0.018966911241653818
376;0.05506380575101924
377;0.0027557797008763707
378;0.06870765266647198
379;0.06185160459056691
380;0.0022033518524037232
381;0.028115312287483353
382;0.08611965225200702
383;0.08504056419254614
384;0.017984127860567214
385;0.018374752053574583
386;0.06461761777577783
387;0.024297067497510618
388;0.07921452193686113
389;0.01606456861922081
390;0.05222398454607039
391;0.015255391373557182
392;0.049890719112021864
393;0.07952143249736099
394;0.06253991202515322
395;0.02500794519552101
396;0.027184579687648015
397;0.03127814602882461
398;0.04188212206584287
399;0.010017154072461343
400;0.04713060337824938
401;0.0020388032973552186
402;0.019483740936472496
403;0.08034089867311925
404;0.0357127541726066
405;0.07471414309437127
406;0.041305773740889756
407;0.07313844954338879
408;0.038813194994085747
409;0.06781105283880128
410;0.09600631325238257
411;0.07261592020519138
412;0.0015640593781192315
413;0.012127901282672472
414;0.05773455340945846
415;0.07796448846315039
416;0.04809350520536776
417;0.05395616308856537
418;0.046684534155866986
419;0.0617211362209428
420;0.0056747827422358515
421;0.08991337240448474
422;0.0753907200857496
423;0.011057363745976923
424;0.034375454279469475
425;0.09596765100435713
426;0.007911350088286263
427;0.012103362332922774
428;0.09406538795878605
429;0.007322211177183857
430;0.05168138202807002
431;0.016804746449473173
432;0.016388609678873213
433;0.03760305164298508
434;0.006047377121952125
435;0.09667922286974047
436;0.013373131322593957
437;0.08925062788700432
438;0.07059461781813525
439;0.010156798351386909
440;0.059558340205719956
441;0.028502563895929714
442;0.04233190551817543
443;0.003688842443835794
444;0.005722493421370745
445;0.09337681933802457
446;0.07836147134168021
447;0.09220591018232735
448;0.05757601890018669
449;0.05278229881205309
450;0.007108378602501908
451;0.05235204409484079
452;0.04562253579579735
453;0.008483351632657787
454;0.04945426931803196
455;0.06096831139483644
456;0.07860405788150715
457;0.08182475550934472
458;0.03812800914989555
459;0.0024763303285478266
460;0.037899508749016014
461;0.043431188756859224
462;0.09349057842160619
463;0.08692856784380716
464;0.004900172646921675
465;0.0974145949323655
466;0.00016066823455134218
467;0.0014034409185676889
468;0.08165705135305275
469;0.05433887661510161
470;0.04448988151308049
471;0.004321728467991082
472;0.08544436106538811
473;0.07280283821068252
474;0.01898546345217085
475;0.041798641115130965
476;0.05828927382644046
477;0.09849091009372155
478;0.07073288729751813
479;0.025686046776529848
480;0.07228335550323536
481;0.04880290247783277
482;0.034273531785218296
483;0.05854768392100016
484;0.02258784821600355
485;0.05542213470857099
486;0.021934924063507746
487;0.04466482148446138
488;0.012948865376109377
489;0.03722885272127165
490;0.021220588339884064
491;0.0986015046239183
492;0.04523568134092182
493;0.04097036582428514
494;0.06485048285035919
495;0.04165949948484306
496;0.08917944332895071
497;0.007947210010700046
498;0.045086473327247724
499;0.04957189382400439
500;0.08089062314796014
501;0.04752161052407449
502;0.04335446371080518
503;0.09815307326550128
504;0.0872499452043124
505;0.0925797764872957
506;0.03840746423690275
507;0.09394764837785109
508;0.03415573035796391
509;0.06344190585619208
510;0.003944304796185727
511;0.016767038835660133
512;0.02258408687646676
513;0.013286232863635795
514;0.01057547330055757
515;0.035947275936232904
516;0.046706563701116637
517;0.054378263450050285
518;0.04813017130751658
519;0.03267944116285987
520;0.09740513613729368
521;0.06080184003603283
522;0.04057609628387652
523;0.05434223385589243
524;0.08893031731291394
525;0.021792041355453474
526;0.041442803426544376
527;0.06114222169911035
528;0.07740072029440391
529;0.09357977505991258
530;0.00572717083344817
531;0.000821216249398371
532;0.08692418336324331
533;0.03808102153950332
534;0.0010175717814405849
535;0.01448643944278144
536;0.07128396816710869
537;0.08211968667794468
538;0.04659756689049558
539;0.0694056082676378
540;0.00626316301259936
541;0.08360015601023132
542;0.05529479132378054
543;0.023741760693537575
544;0.06940766359064159
545;0.05881362365791957
546;0.08191661784320915
547;0.03562986031326767
548;0.023060124921822224
549;0.013260787183714663
550;0.08217467896247463
551;0.0020572805243697866
552;0.010131394395547832
553;0.08546979281981287
554;0.008728328447492785
555;0.057641105849955555
556;0.03192831491703287
557;0.09999799973406036
558;0.0910266490044826
559;0.08774943617118733
560;0.06064625065344362
561;0.03938901887526888
562;0.02388509732855887
563;0.05303125664955491
564;0.09116318825690731
565;0.02532605238506407
566;0.07097443731794993
567;0.040088621696785155
568;0.0314483835059642
569;0.0448421650298413
570;0.06492066141897428
571;0.06675518947094894
572;0.03780189838544271
573;0.05061731265304105
574;0.0077648104644615695
575;0.02696229447268629
576;0.05497789011777404
577;0.05237258119235221
578;0.060463537266011405
579;0.09087163302096572
580;0.06585416674968013
581;0.09918980425466509
582;0.006665361566375639
583;0.0566981824018302
584;0.08166823119709299
585;0.03932653619509057
586;0.08427658884077009
587;0.07595756186035178
588;0.022703003877880545
589;0.04289579986517348
590;0.03794519152989474
591;0.022784650055624633
592;0.09949552609613373
593;0.09426535734215492
594;0.006794460624749355
595;0.09169880991968857
596;0.07592777977857684
597;0.0810351443022918
598;0.08271777730896983
599;0.08832667494311232
600;0.06822305031435842
601;0.046168542616604406
602;0.00950376004593443
603;0.08520429490380446
604;0.04331436774104389
605;0.08235765821055069
606;0.001997106361154255
607;0.08467419571522646
608;0.05664128291795772
609;0.032092836393815403
610;0.019440192073208507
611;0.06872645776645396
612;0.06586566736025361
613;0.02391721509960564
614;0.09747169584672473
615;0.06073297342790776
616;0.0009725285771426507
617;0.0502378790466835
618;0.018218165445880573
619;0.02386254183217349
620;0.09433020915175411
621;0.002190696525150826
622;0.02610095118136241
623;0.0555396343881361
624;0.06495551111499386
625;0.004283440303252395
626;0.03179839502488883
627;0.030065979543054646
628;0.03918178672147726
629;0.024639420166793515
630;0.04800041319717849
631;0.08693306597411245
632;0.06905568258120479
633;0.036965768029541636
634;0.04772145830605223
635;0.08327285930698919
636;0.07450426448958136
637;0.00621032542562825
638;0.06423933778771061
639;0.09026296736537252
640;0.0011342182162426106
641;0.04732735833242803
642;0.09330342420155979
643;0.07871566854301762
644;0.03548762200800951
645;0.04594271785382529
646;0.05717329224248696
647;0.015577746893615374
648;0.023719795731343377
649;0.04908012723178023
650;0.03306438402909242
651;0.06677230308808974
652;0.08274643691814973
653;0.09308283714023585
654;0.042809058628151486
655;0.03707822024281293
656;0.05127407058435867
657;0.09819764235864885
658;0.08796177466044004
659;0.008439830638030955
660;0.028496352065772612
661;0.05457202976740447
662;0.06677589096014971
663;0.09036501378141565
664;0.07627990642564685
665;0.02818860537988237
666;0.05612787385878069
667;0.0028883963398394054
668;0.01778447980308422
669;0.006855438197538932
670;0.006638441579990251
671;0.0717771409230784
672;0.055597146693372484
673;0.0016488118509944917
674;0.07085460230676836
675;0.020707237733076214
676;0.051107559273369074
677;0.08885496820589996
678;0.01132363208216114
679;0.030456117811206242
680;0.08268386120002127
681;0.06018406262172541
682;0.05300050368220616
683;0.08640162153711559
684;0.06114581447151029
685;0.0220676896480147
686;0.0026080331704871895
687;0.04106261290541964
688;0.045165056812175086
689;0.00046587873203504106
690;0.07525555916662048
691;0.03162406864923282
692;0.09451056493309165
693;0.041429029687843025
694;0.07265722005219548
695;0.0966012667545092
696;0.07225864547650974
697;0.012632945037373411
698;0.01840362291500618
699;0.07738285132778705
700;0.02459160464420832
701;0.04798493928913361
702;0.07562396146879397
703;0.003889211292628536
704;0.09026305709168625
705;0.07338181181621073
706;0.013598721673760295
707;0.04520905770982362
708;0.007775221480262451
709;0.08968135582226534
710;0.032754852856201354
711;0.058708008716071416
712;0.09294869922025223
713;0.020103441228860763
714;0.07152354682086283
715;0.09964697822894827
716;0.0015724135930329842
717;0.006432340847146379
718;0.0940081967669294
719;0.008416126702773986
720;0.06104202697564616
721;0.05382695999043557
722;0.011643521218695297
723;0.049852421611705715
724;0.02019761098222053
725;0.013701506277049892
726;0.02995034283702922
727;0.09306399763383086
728;0.0658035463134829
729;0.08435599294922269
730;0.0571143116702196
731;0.05702559039746716
732;0.036602477302167806
733;0.06012920444268848
734;0.08684739974913591
735;0.09231428595544028
736;0.018399456719368514
737;0.021708488846593557
738;0.0873697996121562
739;0.028717452035581393
740;0.08177357260937922
741;0.008485291081523494
742;0.08286835073481506
743;0.033545857580754436
744;0.026843410839809602
745;0.017048525901636215
746;0.08048781823052514
747;0.04622230765753749
748;0.0006509716504329744
749;0.09941328137991451
750;0.03178855142232017
751;0.07499768281006122
752;0.01065401610036395
753;0.05878874925739208
754;0.0898112846521828
755;0.026140873014454148
756;0.01533443683616751
757;0.09274576696040947
758;0.08970330228079912
759;0.09565470181505624
760;0.043862123245444466
761;0.09219446212071564
762;0.09607558069445099
763;0.02654768860176876
764;0.0024737115996394613
765;0.04429479687606298
766;0.012335045193378602
767;0.03521601966599922
768;0.03840905123178469
769;0.05463564379814439
770;0.024396987880066424
771;0.044370807901660425
772;0.033748021487475834
773;0.07075318598601912
774;0.09886628979753156
775;0.053046796828141674
776;0.006343065651264024
777;0.017588328613190787
778;0.050897042980040476
779;0.04348956778625092
780;0.027963303013575105
781;0.07102866553360498
782;0.06290018712399428
783;0.06526508082815148
784;0.059587521826136705
785;0.09807880742912146
786;0.004691152141763255
787;0.02878662428448351
788;0.07435945704967865
789;0.020305361466697005
790;0.0977782872246682
791;0.0761162631874163
792;0.031988843660731424
793;0.07378102967036099
794;0.08689966620464465
795;0.08433182403774839
796;0.026276196089195816
797;0.09011448894002906
798;0.03506282713467356
799;0.05972572002719326
800;0.015304181080240143
801;0.007115164361809934
802;0.04701228145279669
803;0.04362199866280835
804;0.029999370319193377
805;0.0025050813664456496
806;0.04083927174072921
807;0.012748473519979577
808;0.08680186965233161
809;0.03544389008183002
810;0.06372104988598004
811;0.030748276004507327
812;0.04984594267494039
813;0.03594023624319244
814;0.07766863934497399
815;0.02346806932615462
816;0.03446326126761029
817;0.04320122673740134
818;0.02290650664740216
819;0.059853906649239334
820;0.0867072061069164
821;0.012019766906711494
822;0.00987809330069437
823;0.0838503997637442
824;0.0364738578160426
825;0.06634169197717547
826;0.04349793577857421
827;0.098746006434718
828;0.021594170731462616
829;0.002174567814299855
830;0.09602218549386081
831;0.08689603882231259
832;0.08559441339503986
833;0.051681511889076714
834;0.02768982877603883
835;0.03167255391643181
836;0.05922938549154379
837;0.09390476022039966
838;0.013415493743761654
839;0.01603120937081052
840;0.05983404325952551
841;0.05951385458010511
842;0.0844550420801939
843;0.062161423966883414
844;0.07326659862720081
845;0.08352603367435954
846;0.008466233924440458
847;0.009480425689079986
848;0.09228139918652004
849;0.061883784841641136
850;0.029257041965454623
851;0.08490510253041011
852;0.06188485990948927
853;0.09141582754123512
854;0.03819634479009463
855;0.013575470811478274
856;0.058026746332292656
857;0.01488438027277077
858;0.09163558160763735
859;0.07358787665107318
860;0.08823907755988646
861;0.06889376385540827
862;0.045728579452667055
863;0.02864391873599034
864;0.09495212861955339
865;0.0773392219698692
866;0.0976057835688496
867;0.03391099884988882
868;0.09985986325219065
869;0.07525700653970588
870;0.049356203133887916
871;0.03162299120145381
872;0.020864007106912108
873;0.024145535468752078
874;0.07936858852768314
875;0.018339294923896732
876;0.013124360386671153
877;0.04896946398904095
878;0.028468425772490525
879;0.07062462219140274
880;0.07934231392049709
881;0.022871747499472062
882;0.06550874108937227
883;0.09614226795663242
884;0.03201345376150926
885;0.009484692085538926
886;0.03906555376132184
887;0.03804096498583938
888;0.019104562513099957
889;0.002323251055955766
890;0.08094751413773738
891;0.04663750151422208
892;0.08283893125789253
893;0.00277168858975716
894;0.006374381560720944
895;0.025205187118799568
896;0.05520966199379024
897;0.024516672579392763
898;0.08277528802333119
899;0.04356753450978702
900;0.0872579769659882
901;0.051368936318626914
902;0.04760809568707576
903;0.09345821883177471
904;0.0829676062207994
905;0.038061693315761064
906;0.04690631121688491
907;0.09218511636881921
908;0.060255918468976516
909;0.079421836102694
910;0.013167298014704721
911;0.07008777814109816
912;0.037698638304734126
913;0.03426570712119197
914;0.08264817916853653
915;0.061265430748976224
916;0.07569350166989003
917;0.008476066348060451
918;0.0336567382545988
919;0.03155634922240188
920;0.04186097254448467
921;0.07093091984362201
922;0.03350900719901295
923;0.0583250436133019
924;0.09950062593202841
925;0.057814353248242994
926;0.00753242741993464
927;0.05431788765291773
928;0.08635938691415625
929;0.06744812653457738
930;0.06279443958394915
931;0.030495130469878274
932;0.09096877371321385
933;0.009719028047181355
934;0.04523159473502504
935;0.013379785890906826
936;0.0663410439291224
937;0.010494066845845453
938;0.08960234843371126
939;0.045113471162076826
940;0.021899351647099153
941;0.03010223289566808
942;0.05817915892078475
943;0.029820085684113363
944;0.020214381099114487
945;0.03718480001710311
946;0.06437540303006634
947;0.02452724280978277
948;0.07271577877503327
949;0.0015706316178806913
950;0.08970053202983767
951;0.05736598610170023
952;0.05692684585397356
953;0.008861851719731528
954;0.047579670354526885
955;0.008560689250135834
956;0.028142183901176045
957;0.05492170782223971
958;0.016788748898008323
959;0.0010905975334158935
960;0.07645497851447017
961;0.05796234718766133
962;0.08823794412713132
963;0.08894817650968044
964;0.06035658756310685
965;0.09671543749425658
966;0.0873458903054652
967;0.04788924432746912
968;0.05564359269945238
969;0.02128632716353425
970;0.08705870966948173
971;0.021557719174814763
972;0.08379222111628022
973;0.05705352844211369
974;0.08847190098616797
975;0.07781423044437111
976;0.04647693615841625
977;0.03207395155678026
978;0.03843742178950326
979;0.023857415377959358
980;0.01712160330231375
981;0.0009475395636652673
982;0.06542736662087716
983;0.05956103544090057
984;0.09493060514701562
985;0.0691260736549805
986;0.017180528672609753
987;0.08174464060928564
988;0.0004611687797330455
989;0.07740992392467795
990;0.000870981056152742
991;0.023295961877265306
992;0.025119624983048195
993;0.09574648439088991
994;0.019948963384767527
995;0.05963745333892326
996;0.07758176319790974
997;0.0071187762340754746
998;0.04169365120026053
999;0.02992880347004666
1000;0.015593323919648395
