1;0.02627273682035569
2;0.03401611904038709
3;0.0846128655803795
4;0.023775607837469306
5;0.010975931421800823
6;0.018525743006775976
7;0.03799988415295058
8;0.09464131533424314
9;0.07967466381372407
10;0.062173333038953005
11;0.0570632944453227
12;0.0654923340046215
13;0.09341345399274897
14;0.06243842864889926
15;0.0435922476385312
16;0.06782684162761102
17;0.005418870427501965
18;0.0035102994263705336
19;0.079826145664664
20;0.05248958942496658
21;0.03796749408819852
22;0.01655487449410823
23;0.06592018431981865
24;0.015945838469810736
25;0.01953359377183349
26;0.07648734260801243
27;0.09961220164400351
28;0.08941590999006334
29;0.025505829359920518
30;0.0681556571397232
31;0.05027644044910212
32;0.015830916824476748
33;0.00547911141045342
34;0.08481746616332214
35;0.06249787292283379
36;0.03867544907685046
37;0.0876435389645466
38;0.00026145573703292293
39;0.033404975635460146
40;0.09642989873955825
41;0.05729175698822129
42;0.0677171663046208
43;0.03949814975632664
44;0.06811101264822973
45;0.017837456626962258
46;0.05688332631092935
47;0.0870939566770646
48;0.07853455385347308
49;0.04909351424083465
50;0.08552474554339178
51;0.05385011196162925
52;0.03231008405206614
53;0.06773353504024425
54;0.08061223046215203
55;0.013604856046853998
56;0.04198368893917102
57;0.06795079905971356
58;0.02136196726993994
59;0.07383021066980786
60;0.0883490307478233
61;0.00538765488751013
62;0.09193606715725615
63;0.013929604178824185
64;0.08036963145917769
65;0.07919647413011437
66;0.09603552269440463
67;0.004479528896251095
68;0.03757714951734516
69;0.06659896220396926
70;0.008483540222624241
71;0.010775480523864713
72;0.005257012041702813
73;0.0553801376391245
74;0.08419005759025106
75;0.029460910099956907
76;0.061055709707590736
77;0.06093676863620517
78;0.006428949592566036
79;0.021948842043277652
80;0.021546595621708742
81;0.09240185837219397
82;0.07835770341092502
83;0.04580498569546654
84;0.01010704343274117
85;0.01964639024304973
86;0.08975498866651044
87;0.023543754498499093
88;0.05065833867888075
89;0.06216704907163274
90;0.09559131246501262
91;0.028379235611787748
92;0.036910426755906126
93;0.08322422171091137
94;0.015742993253406026
95;0.04270503813541419
96;0.07962863826986154
97;0.0018699392135377191
98;0.030323198822250166
99;0.032559803888917285
100;0.0655364892277717
101;0.05403917471854184
102;0.09472812837553037
103;0.0022657694873604917
104;0.0037697886086500935
105;0.06917817967062856
106;0.08625746257699356
107;0.08732213999284645
108;0.0007651855165544453
109;0.014567670097443176
110;0.03014740625073451
111;0.027517492300392757
112;0.04741462353709034
113;0.07438957167666276
114;0.03420418764993597
115;0.07890377985357744
116;0.04241461963392523
117;0.08569171928671228
118;0.007686735350128138
119;0.06865539665126438
120;0.004251613553590938
121;0.04631640646635615
122;0.04566377158179931
123;0.018683248724477665
124;0.006133357802370088
125;0.06835901451085763
126;0.09090129659446518
127;0.03372983065121054
128;0.0001408128039302903
129;0.014067251045001906
130;0.07674839278625456
131;0.008313286994963587
132;0.0430098919529282
133;0.011393890285471732
134;0.08756703769691254
135;0.06678397275473405
136;0.046869793748507776
137;0.03342170487983144
138;0.03692435833004276
139;0.0626348805972169
140;0.0767639724283338
141;0.04502596992755762
142;0.0653763415152942
143;0.07292401289368158
144;0.01975641817401549
145;0.07166220148793905
146;0.008324351205155645
147;0.04368635661133468
148;0.038706614949500395
149;0.040825503929393325
150;0.03148581380522204
151;0.08803657203705206
152;0.0844097427666809
153;0.027917749955484406
154;0.09222336174942408
155;0.04460194938106489
156;0.06560227708189473
157;0.07281009750108434
158;0.06680947890729329
159;0.0882081067636862
160;0.041941283004638986
161;0.07435666214553331
162;0.020985075520476317
163;0.08880502299852099
164;0.07389486771092867
165;0.032806525185984585
166;0.018695961948974937
167;0.04158915234345271
168;0.08546779663520589
169;0.012127843036535503
170;0.09117305765690444
171;0.09068446393767554
172;0.07293051980386361
173;0.022836297856077693
174;0.07110790169680824
175;0.05251034666868766
176;0.04225149799812521
177;0.06810291356543571
178;0.05717518345539531
179;0.08086930403144633
180;0.04159294344556258
181;0.07541971557863758
182;0.04971749471556361
183;0.01667125860267035
184;0.04349950207165551
185;0.057542348634955304
186;0.06891721805242589
187;0.04277381196418705
188;0.05833457742074927
189;0.08657401557926123
190;0.051109196328929185
191;0.06811691852057643
192;0.025158205102546707
193;0.06993231771066154
194;0.05859564930195896
195;0.008026926553517522
196;0.07328001230157097
197;0.06022425726188151
198;0.07445636322635628
199;0.035330960722080175
200;0.0663565837672334
201;0.09926383760900652
202;0.016061188043179297
203;0.04772606559168632
204;0.013542240914593018
205;0.0247796010540194
206;0.0774273532346011
207;0.03560166701167349
208;0.0685568947041186
209;0.009025844241000959
210;0.02975985783706795
211;0.05557140494311996
212;0.00899693727094586
213;0.06292844819423705
214;0.03929173194167902
215;0.05287447270901757
216;0.06519637588654385
217;0.0954651592436227
218;0.03871047060347065
219;0.08266919137963874
220;0.01079449448317038
221;0.007407705700179956
222;0.014428475828367272
223;0.005419501962400564
224;0.07762453701280392
225;0.06279231141238771
226;0.07694046860136676
227;0.08604766800621987
228;0.043457419515784634
229;0.005312442310033772
230;0.07051902409653876
231;0.00023078579131398104
232;0.022135022097972492
233;0.06270301901767153
234;0.08130228159078288
235;0.03052114190513701
236;0.07362613285344514
237;0.0940422140810576
238;0.0015738793009174691
239;0.023945746455799135
240;0.02080560443589239
241;0.04237607575114774
242;0.04853055013127522
243;0.03189676860358877
244;0.08269544191468221
245;0.06092516913277538
246;0.05717545061956014
247;0.05892756181812767
248;0.06505627716521178
249;0.025832043685901796
250;0.004293208392939263
251;0.09526139489656288
252;0.06323910920759332
253;0.06582938610793841
254;0.020308712122475925
255;0.09193431458529522
256;0.04304001611148153
257;0.006038863739555611
258;0.005649264565426282
259;0.017996454333763123
260;0.04669540335885097
261;0.025317760331037775
262;0.029933197322168682
263;0.07041836366156544
264;0.051381283265227264
265;0.025379192774522486
266;0.040226723789056874
267;0.032355098095360656
268;0.07360930494618935
269;0.062005862674179485
270;0.02039250710154954
271;0.04280338029417337
272;0.01777493896206317
273;0.05400512765166557
274;0.08265647689036404
275;0.07115777004265142
276;0.04251639335768671
277;0.09392767763514046
278;0.019339068929501258
279;0.040728860616451736
280;0.0217883821900131
281;0.07665125336666881
282;0.009110856100153419
283;0.046234620583645115
284;0.01344831798550905
285;0.03713456334632257
286;0.08495203255904972
287;0.04050923332088851
288;0.007087352644130462
289;0.01327063757782835
290;0.048702372279535326
291;0.06978786597672199
292;0.00391186352537608
293;0.046989454765892835
294;0.05304774991542523
295;0.02306709776695195
296;0.07474904325306798
297;0.09675554389004087
298;0.011330581883828706
299;0.08267546744097061
300;0.04675709275764104
301;0.05271194269857126
302;0.019832251697549475
303;0.05614192583998803
304;0.05670253589128919
305;0.05073602030742219
306;0.0966735124902755
307;0.025183482699614103
308;0.005440467438785524
309;0.009816934934014166
310;0.09178065998926437
311;0.09018001928134499
312;0.08395319428412766
313;0.021300456350470422
314;0.0799492099348422
315;0.07435877035924368
316;0.02004996104614548
317;0.07345884359773103
318;0.04364631027089525
319;0.06350250842039783
320;0.025790567838851332
321;0.05289672669423345
322;0.012578422023917124
323;0.07558867230869101
324;0.021681970328408864
325;0.09656883518892224
326;0.03461191981754539
327;0.015824535473284242
328;0.08115639436219428
329;0.06915987625342888
330;0.012071048725431155
331;0.039451270405078114
332;0.06502468474922006
333;0.07337766733523449
334;0.049813053222609774
335;0.06270972400726126
336;0.03781439224725587
337;0.03577567973255459
338;0.09408969581901261
339;0.03959687704253772
340;0.040702282156725236
341;1.5657758873688367e-06
342;0.07086906531507703
343;0.011864088015642394
344;0.045923945542935975
345;0.08257360757269246
346;0.04941066088704752
347;0.06585313297076575
348;0.06990100544546825
349;0.02770198281942936
350;0.059860044166465426
351;0.08913428599568197
352;0.059498876246299154
353;0.05014047453723486
354;0.019604535369269906
355;0.019930214245760403
356;0.08077148657239724
357;0.039842103386866945
358;0.005281742551764657
359;0.09017167138853262
360;0.09865161738875598
361;0.05987617219953594
362;0.03979655156361228
363;0.08675684457809667
364;0.05359744591420851
365;0.0862021462471616
366;0.06142723188975405
367;0.028052855042668835
368;0.018114263341699067
369;0.09185952748155515
370;0.07316543357827403
371;0.061127793747378846
372;0.07254239317130416
373;0.09777669767351083
374;0.09621819736905975
375;0.015633665125085516
376;0.09889697528594622
377;0.041884207903410686
378;0.07505780326046707
379;0.051363516857611924
380;0.04283316271008395
381;0.07049824127305403
382;0.07973184281816609
383;0.02638918276280268
384;0.0965864732222978
385;0.0636286516802952
386;0.00012994350186213978
387;0.09366530443779357
388;0.026972658325457866
389;0.08163221830259523
390;0.0484001164361244
391;0.08528645216710967
392;0.032787491948909196
393;0.01033836397076734
394;0.05553836746018166
395;0.009269969350768527
396;0.023569677683558624
397;0.045961695533206184
398;0.0316830540598391
399;0.06237630928180016
400;0.05417759637537578
401;0.02019113774285617
402;0.06420121598476068
403;0.011001378084223924
404;0.06731123214654053
405;0.02328303000056603
406;0.05794731364577702
407;0.05803377454940267
408;0.04797807735395825
409;0.020077822995089867
410;0.07701715574908889
411;0.05080179179174368
412;0.06801228075749892
413;0.022671145003946236
414;0.09920928795540021
415;0.012338289583756157
416;0.07840151505937122
417;0.006342620098043628
418;0.06826695707521473
419;0.0835062612531335
420;0.018695433242344895
421;0.012053405462620272
422;0.037536124070339794
423;0.08153140303776624
424;0.027941583352359623
425;0.009202093964485602
426;0.029315897886679734
427;0.0716891640712955
428;0.007658105411423122
429;0.01645964652138864
430;0.031889351114008424
431;0.04343338064619656
432;0.07173449916703113
433;0.05008421710546074
434;0.061945597120402644
435;0.045277698365201346
436;0.020353900372889124
437;0.007206955973071716
438;0.09179069016120694
439;0.010355020446668084
440;0.02674243802105616
441;0.010562748991632998
442;0.08794836946177387
443;0.08991705958517306
444;0.05324993471175188
445;0.04095796264545213
446;0.08957865475877835
447;0.02948638813718899
448;0.05570153586521925
449;0.05908056340654995
450;0.06250249924754107
451;0.09137640991693392
452;0.010870059854779224
453;0.058301277161495725
454;0.01066868679241807
455;0.09440264876777682
456;0.03543441283457919
457;0.02236886540627782
458;0.09408687359006136
459;0.062765128884238
460;0.011948025327704627
461;0.013356405309421794
462;0.008665598989356982
463;0.07551761737895832
464;0.003437076321278443
465;0.009532826527882766
466;0.031205993649605926
467;0.09635987247777894
468;0.07105088784278137
469;0.025698659355288502
470;0.08928791967321104
471;0.07653310556791673
472;0.023103057808191385
473;0.04471835460782338
474;0.08336657962047465
475;0.08849962288285444
476;0.07537923377882924
477;0.06080508720476511
478;0.056577195587899476
479;0.007668092156816408
480;0.04689665493173198
481;0.08331372223434509
482;0.07526936623335931
483;0.01721661289030163
484;0.009444284266030611
485;0.058391673129148725
486;0.09440685163448362
487;0.08345017721116316
488;0.006590083192087971
489;0.09917762721504493
490;0.01214014778110335
491;0.0029634480301034107
492;0.0772437995549353
493;0.009374744256759649
494;0.08505296940821772
495;0.014558539673849359
496;0.06568185885088255
497;0.09125796619910938
498;0.06599225575570528
499;0.02904609978835785
500;0.06159754499020919
501;0.09231876087424881
502;0.08463535120784722
503;0.008159546885789194
504;0.05132005845791152
505;0.029435943424874312
506;0.037001261536199495
507;0.08458465107716742
508;0.056436712451309094
509;0.02273370607871631
510;0.07510864440274566
511;0.08467211898789438
512;0.053844192116642646
513;0.09774050581561343
514;0.048613172535691224
515;0.08398939780355347
516;0.06675441076446086
517;0.008023162986589283
518;0.010998902639118936
519;0.05593408949926362
520;0.005744605702461292
521;0.027095135809733162
522;0.07905226547533444
523;0.012533507711430015
524;0.021652597041517365
525;0.002694032818394765
526;0.04515759554089315
527;0.09980246620064241
528;0.0515735154087001
529;0.06313362766175246
530;0.04239636357352296
531;0.0897350010251795
532;0.01370576288984301
533;0.029730883268151667
534;0.07243463759653682
535;0.024414440820375662
536;0.0005264956314702918
537;0.011554161440696254
538;0.07076279086176701
539;0.008292848512389706
540;0.05042597772438917
541;0.055435409517362935
542;0.07084402848047319
543;0.025483754356243806
544;0.035034391912095765
545;0.06060326522677493
546;0.07991574815821662
547;0.03279205809555441
548;0.06197113438628709
549;0.07634838292953695
550;0.012698736767793418
551;0.054585422293265656
552;0.009337856702033942
553;0.004815360831204829
554;0.0009818106331425547
555;0.029909751316127622
556;0.002150039812302429
557;0.09539628072688537
558;0.03005339788349001
559;0.04383206545722254
560;0.043709699371960245
561;0.03573456941533696
562;0.08009567757178418
563;0.03855149112430376
564;0.055800159745703216
565;0.01406902428770136
566;0.04986269087428004
567;0.029920616659503498
568;0.0012570433625070155
569;0.05745400099107624
570;0.059114434332618405
571;0.04898832629554946
572;0.07607596028987867
573;0.09788928983694017
574;0.0628525361575691
575;0.012881499025225597
576;0.007392227491061632
577;0.04136266375487218
578;0.07362746888847231
579;0.04155208754275205
580;0.008050799907986806
581;0.07938665167023733
582;0.033000416739420835
583;0.05690773317411605
584;0.07620021497350478
585;0.09974077212063298
586;0.08786573173788577
587;0.09442469771513512
588;0.0945238921490647
589;0.03318349142640571
590;0.06261943328974175
591;0.06763612634283565
592;0.06309352470750353
593;0.07965708022074124
594;0.05173127139237138
595;0.06156632667235378
596;0.08163798210660397
597;0.07354119022777456
598;0.014897539740848821
599;0.0622479373892801
600;0.07957128459787294
601;0.07645072902582103
602;0.041004318880999535
603;0.04660983124974059
604;0.08050518866941403
605;0.08518378920713317
606;0.06501161892227163
607;0.02325402541625923
608;0.0674778648082375
609;0.09621009990032856
610;0.0015597977509893225
611;0.048645820519407135
612;0.020584053181920928
613;0.009622685501455808
614;0.07290262387899858
615;0.03912001685084515
616;0.05759017086420645
617;0.028910544315344167
618;0.03669267660561383
619;0.09492096575599782
620;0.099020893222035
621;0.07885377141873608
622;0.0853483917788399
623;0.01683364447745016
624;0.06403131326454937
625;0.044562063340112826
626;0.039110069293074916
627;0.04206511088997932
628;0.03712485313113652
629;0.013835593411806613
630;0.06828807441916958
631;0.017835926845469686
632;0.09154946454490745
633;0.05043789511667143
634;0.05204253545269917
635;0.08763814731373082
636;0.07629406321647211
637;0.09391405236841043
638;0.05159965049620039
639;0.021476765022885893
640;0.09166640649045027
641;0.048807663882524666
642;0.019163105210104572
643;0.08365177729893448
644;0.07923662224263267
645;0.04435692593477164
646;0.05051635581981339
647;0.0720876512498536
648;0.08959021682841567
649;0.06144854135249256
650;0.009599961837694194
651;0.03996802627055862
652;0.06018859556226829
653;0.030654881354186828
654;0.005895362345523536
655;0.034139938352179704
656;0.0978270918902521
657;0.07032359428733471
658;0.020518384536582238
659;0.02476274827695755
660;0.058223963087298325
661;0.052947573669158254
662;0.056853587431475165
663;0.0578182398167363
664;0.035948365811767004
665;0.09573391584070812
666;0.0974861325935863
667;0.012618558067094145
668;0.09227240750313714
669;0.04779033875848267
670;0.06611385751913078
671;0.08491009485815534
672;0.030782480980986727
673;0.04598075165583803
674;0.043737644674311876
675;0.002601740055014057
676;0.011946118963520547
677;0.03562969005965612
678;0.06629511237670806
679;0.022623945795003087
680;0.06932299155782999
681;0.048191434844066405
682;0.029952657341944536
683;0.06744793777153228
684;0.07397871031030218
685;0.01261927674300526
686;0.08493446548699483
687;0.05128662485439524
688;0.046513838516041496
689;0.09966432347699813
690;0.019363699051104445
691;0.07521495812167725
692;0.009136556256508123
693;0.012173244876665369
694;0.034696465417996696
695;0.06997710339671274
696;0.05842141692924366
697;0.008032431284915542
698;0.045134172414926094
699;0.027084746310097496
700;0.03444280648822776
701;0.07012304792007285
702;0.06133660631595231
703;0.0914007706210836
704;0.09406272245482797
705;0.07063910671035711
706;0.0842633747034729
707;0.01511857239408756
708;0.0843565480423998
709;0.09808030599996675
710;0.022420071739988525
711;0.001796987922503901
712;0.024223099921857005
713;0.08242159473180843
714;0.08805363149770985
715;0.08525451914459146
716;0.051053854180207574
717;0.0005290692076662662
718;0.05112622618612838
719;0.042547999853946965
720;0.072174726549536
721;0.06973219224805831
722;0.08976048177265909
723;0.07052414140392031
724;0.02754116822662398
725;0.060467731376518764
726;0.0635279115486862
727;0.09846326752258706
728;0.012265866601414488
729;0.014968244050547275
730;0.0934068673075836
731;0.02933957895798771
732;0.056578633968004256
733;0.04114296690525374
734;0.08708469885797364
735;0.06702599418893888
736;0.03707067578082717
737;0.049684157555667074
738;0.0553342946536754
739;0.011972504669763817
740;0.05329709371696165
741;0.0795210274499811
742;0.07737017548535428
743;0.011335095467021827
744;0.029552447052243982
745;0.09381117468407005
746;0.031376829869350135
747;0.024558857489332966
748;0.08679543233139256
749;0.09201078446843389
750;0.08202292042728418
751;0.015535952807784437
752;0.09191694754492491
753;0.030538331562151102
754;0.0600021856656393
755;0.03344449298067094
756;0.09427430646363207
757;0.0708059420144436
758;0.06141942419362273
759;0.0005929772703291204
760;0.06323437462710782
761;0.0011670981675883096
762;0.06968704641700858
763;0.012778926339286779
764;0.05227363543298974
765;0.0665604858879764
766;0.030151765747826943
767;0.033173316638703966
768;0.08651592824497717
769;0.05886315252498047
770;0.0655986011980986
771;0.013133276336117761
772;0.047307651267263065
773;0.05346516678609248
774;0.065997707273512
775;0.08430911355236213
776;0.09594567097748936
777;0.006444969214432894
778;0.05465822548220428
779;0.0892833756796356
780;0.06537859551747072
781;0.030334301948750766
782;0.08899057854182946
783;0.070939388107155
784;0.016541305541966023
785;0.04754977837354828
786;0.04019133263339317
787;0.06510513969276059
788;0.06244581432512517
789;0.04276855151601638
790;0.007145589354354509
791;0.06028136892024007
792;0.08537734497170073
793;0.02483407642159996
794;0.002721391616234692
795;0.030855021179094423
796;0.03534827955490175
797;0.08897739354258712
798;0.06744086110409722
799;0.09254164112246782
800;0.07695089254497293
801;0.034854875994017175
802;0.02407681014755483
803;0.09084421864980857
804;0.019819893748197395
805;0.017497861086842006
806;0.05297059026758566
807;0.04048208052926538
808;0.08916344281987773
809;0.016400600050210747
810;0.08507324206086553
811;0.040622593266009116
812;0.06949702013115804
813;0.052837797397349597
814;0.06334297623059369
815;0.015135528320643167
816;0.09025253222731222
817;0.004143521237987846
818;0.07045285923430798
819;0.051503544719415796
820;0.06769926615319766
821;0.034582589693704605
822;0.06925937641669176
823;0.020947553245063436
824;0.0821366564772988
825;0.08551188755041308
826;0.055095270686308664
827;0.06802647226438333
828;0.002589238335648847
829;0.019888148206773693
830;0.06898067895916457
831;0.08018178360896587
832;0.01834095148838194
833;0.06161734875555735
834;0.06050224102376768
835;0.01570725253884342
836;0.058237046457594935
837;0.008558976220091353
838;0.0753284593517758
839;0.09212013427152915
840;0.06295500053852252
841;0.061376859981123494
842;0.06318632856144046
843;0.09335032792769947
844;0.02712438163652571
845;0.06087223385827341
846;0.07128121771165023
847;0.051180822841160614
848;0.03816458978745163
849;0.052696733685255265
850;0.06713742451257232
851;0.09007762048776248
852;0.0897281393905115
853;0.061895902646004614
854;0.05877220951289878
855;0.07555062071160162
856;0.071622459066338
857;0.03056126427304
858;0.022818228874115
859;0.012594339694459424
860;0.095900370694805
861;0.0726583367584147
862;0.055996786612121596
863;0.009706691237888521
864;0.010017790206112587
865;0.055110761964010074
866;0.03550064560601409
867;0.017305041975189474
868;0.040862467603258235
869;0.0691500180410529
870;0.013156525912737428
871;0.043670526449984017
872;0.033561748158277664
873;0.007205074840512683
874;0.06324269472066182
875;0.05895476396894607
876;0.0788533976812994
877;0.05498502315373108
878;0.03375804942652643
879;0.06986902289886202
880;0.0854258416504119
881;0.006957387031345386
882;0.02595314021566494
883;0.003044155052167763
884;0.09359604956611114
885;0.028800171467677195
886;0.07391189534845373
887;0.08818503648278399
888;0.05216004974326871
889;0.013024628993061761
890;0.05162368842085823
891;0.02229797604143523
892;0.03758741765948721
893;0.01672281499398921
894;0.05454133643189438
895;0.044528501848961656
896;0.014064486915996
897;0.06657181699840534
898;0.006585562705393566
899;0.023174495093199944
900;0.07834639714282758
901;0.036436316227081066
902;0.04712418633931736
903;0.017015861538239953
904;0.052407802109849404
905;0.04144231526532036
906;0.01610534331538618
907;0.040943460681958754
908;0.012251297031393205
909;0.021272778397654003
910;0.02810021676954305
911;0.03722260018662162
912;0.09209215355455197
913;0.07129076831231042
914;0.08866796624546652
915;0.05682300044199998
916;0.016334446765468736
917;0.03427348805208813
918;0.06842664258153114
919;0.025418527264547575
920;0.09150014321045055
921;0.08785388242462398
922;0.07794792876603131
923;0.0702037204987774
924;0.008921642836022937
925;0.0796990524969622
926;0.04487153260504097
927;0.09926777040060593
928;0.03030835535584522
929;0.09714493928660582
930;0.0015308391028659996
931;0.0070962238727598215
932;0.08870151770954375
933;0.07204869656173431
934;0.06886093415097369
935;0.07428170789661992
936;0.05110688276383202
937;0.08845394321588318
938;0.006396965079509842
939;0.005612563317169417
940;0.09208525552371614
941;0.08250783635990865
942;0.050929164826022104
943;0.05688394310486139
944;0.04171598925537762
945;0.011493175579235126
946;0.016759459408460308
947;0.031130371071411214
948;0.019482091548516947
949;0.021798477732210355
950;0.07487412093610579
951;0.09001156098163504
952;0.06456954962780267
953;0.01586264851774777
954;0.08274286733769773
955;0.06987666700295019
956;0.015748557746186366
957;0.010520875601875913
958;0.06797909999269888
959;0.08351756103423058
960;0.07318642851526075
961;0.04373478238912845
962;0.018671581561518824
963;0.08113281214774072
964;0.05913639176607617
965;0.09099670643002962
966;0.041265605283163045
967;0.0006230655386409546
968;0.06576290637217817
969;0.005502409789246987
970;0.043384096571789835
971;0.009765508320850259
972;0.09809526129540352
973;0.020165594937656087
974;0.07093472040316866
975;0.03691059880261299
976;0.01124704997771846
977;0.07264155672199177
978;0.007216144108534883
979;0.05654203010867912
980;0.045715973539903525
981;0.08306318547337693
982;0.0771586058720275
983;0.039912768978096105
984;0.0422695946674784
985;0.09718603414524729
986;0.02170023793055952
987;0.03563959009626754
988;0.016998012949776244
989;0.09511978378879037
990;0.03842724045914273
991;0.04135165725440737
992;0.04069886585104589
993;0.0367854822167468
994;9.40188325304625e-07
995;0.013420381299970752
996;0.012234201726718064
997;0.006920537009016803
998;0.009520285375159178
999;0.034885056540979696
1000;0.08856072905475298
