1;0.013283284985342115
2;0.005546813207182777
3;0.05023485475966662
4;0.08358290985632251
5;0.06811401657023827
6;0.04108246659704909
7;0.030682730031943318
8;0.05421303133757217
9;0.0329666221722691
10;0.016121254601713354
11;0.011585993024579112
12;0.010684676614678923
13;0.06746487770899168
14;0.09294677617221736
15;0.039512066567696714
16;0.014889938316624995
17;0.022429570704283464
18;0.08950159935315827
19;0.01838608006829986
20;0.08109022896092244
21;0.08967169563347427
22;0.029997063092841003
23;0.02187827730220239
24;0.0744093968987623
25;0.00330965736915414
26;0.09606886067209469
27;0.026169066623115134
28;0.06330415433287455
29;0.0910639525310558
30;0.08357355412977405
31;0.031783498097954166
32;0.0190238429661599
33;0.023956672977715022
34;0.017610801926256924
35;0.06679492549193718
36;0.09388958863184023
37;0.07421026245717365
38;0.06861710977231182
39;0.05702184513362846
40;0.08850182705704306
41;0.067886809747899
42;0.07639906758769097
43;0.08902764044818141
44;0.054675424329763626
45;0.013525720541100895
46;0.09918664775502607
47;0.0341790224587453
48;0.029214175786432928
49;0.022918385965529843
50;0.03566079269466032
51;0.03805324282300934
52;0.04990054174653902
53;0.04894219094694605
54;0.07921208305685207
55;0.0054919655711850425
56;0.06877402007025603
57;0.06038468344202894
58;0.051206496815841746
59;0.007444480911970097
60;0.08188821839686683
61;0.06191929185124753
62;0.023796041033471372
63;0.001928534922233738
64;0.033414385060373475
65;0.036978454806244065
66;0.0844873278389352
67;0.08082757200609827
68;0.018034993659909283
69;0.09119356358153274
70;0.09444049968773535
71;0.034479447024429434
72;0.08625767201814967
73;0.02829704677786371
74;0.09161892725866094
75;0.0909097330505642
76;0.031687501579381716
77;0.06726966955588747
78;0.03593106199414261
79;0.0890460893703206
80;0.09194124172491246
81;0.06690451960261795
82;0.0006166064049445974
83;0.002171271979744849
84;0.05927173169970082
85;0.07866394788051506
86;0.059296077233693206
87;0.035652967202815515
88;0.03322928679957894
89;0.02221843153714527
90;0.09531707688257823
91;0.045107228460875816
92;0.09723336465967129
93;0.05576391413941868
94;0.06006730960729148
95;0.08157397445798487
96;0.0038025997694035364
97;0.06780567708167963
98;0.08986843253087352
99;0.011942690121019207
100;0.02575586309335375
101;0.018749782886062317
102;0.014749694253169432
103;0.015542426580375614
104;0.019403876888979966
105;0.09616256299069614
106;0.057065303379031734
107;0.029444031509432533
108;0.09800320013451205
109;0.08332835635297067
110;0.031001748729289458
111;0.08561743569896547
112;0.024826872955951665
113;0.013181965579091383
114;0.07860384698067849
115;0.0065687528539170705
116;0.0859041062809717
117;0.08582786428202908
118;0.02486824454245693
119;0.0848497839391005
120;0.016847660929955034
121;0.006435478015578144
122;0.028521022443196778
123;0.08891432964404472
124;0.027279176428090246
125;0.015507614715994012
126;0.054257078579144316
127;0.09778811080439326
128;0.01732299411679844
129;0.03678784307659927
130;0.03131090322171316
131;0.04898874428029396
132;0.02764950017785861
133;0.0873212565176511
134;0.047100188012052874
135;0.08242127509447544
136;0.09196944238776436
137;0.09406503290174889
138;0.017463379091048926
139;0.04259400434552091
140;0.01517218102235407
141;0.019803472427096305
142;0.04671405749328505
143;0.05260243824058813
144;0.08485737670694102
145;0.012968176805338362
146;0.08986776586180892
147;0.06604235309852341
148;0.06884870296488384
149;0.055030967057529204
150;0.01692847696575488
151;0.013731002749864541
152;0.09980510505543916
153;0.03383224575668529
154;0.08421921153059536
155;0.0395800543820283
156;0.006579137362273224
157;0.08357018554381916
158;0.003407902209132896
159;0.05254002783627392
160;0.06388755375893165
161;0.02615087779854678
162;0.09501697107010898
163;0.003907797082582753
164;0.01421359458667102
165;0.05528076598344526
166;0.062316159685834
167;0.015689641835702463
168;0.08766014831566445
169;0.0587331872487095
170;0.07663404867878015
171;0.07905918198456305
172;0.07825162578202936
173;0.042635059647222
174;0.08253143163663113
175;0.06307274163453944
176;0.0029191600333566604
177;0.04897952280644276
178;0.007923598465108251
179;0.023751250396371628
180;0.04783454270943517
181;0.03714663610090714
182;0.03959656982837162
183;0.0018486616916176147
184;0.04288722173677924
185;0.05720849581533391
186;0.07317311512649839
187;0.07588171928397716
188;0.0318978299835686
189;0.01702809566822804
190;0.07829847314355165
191;0.09238158033656817
192;0.05191629968183845
193;0.03087332244235702
194;0.05338182659799704
195;0.07648550911337114
196;0.00880305793997145
197;0.06071819034660774
198;0.05779053154692371
199;0.05673300779275719
200;0.09246866652050827
201;0.023006117588242593
202;0.05564697953497666
203;0.05264813341709393
204;0.08755977657768442
205;0.07307536173102612
206;0.032225681102412106
207;0.09265999941862205
208;0.07421631769623097
209;0.08620117976984572
210;0.09069210068496825
211;0.06907736161351248
212;0.07665866475089676
213;0.02338530760036488
214;0.09655564150064093
215;0.04763254404496834
216;0.05651918837643786
217;0.07046018716270307
218;0.02949280744716022
219;0.09983034290699502
220;0.08038741506413626
221;0.0536728831463835
222;0.028943089772776168
223;0.07079082731857184
224;0.012798133310694005
225;0.07436522799706875
226;0.03736170333430403
227;0.09964070450141467
228;0.08085405785250634
229;0.034323447845967095
230;0.0009833116226532158
231;0.025768919036452387
232;0.03493240719258163
233;0.032832614437193645
234;0.020834479011168007
235;0.016984691397024267
236;0.09702313533560392
237;0.09257118778478939
238;0.0007210151270085286
239;0.06324175705758671
240;0.03492703428145263
241;0.017510109937373532
242;0.0519350419422073
243;0.07012502409491347
244;0.08968511913114544
245;0.028152273705060404
246;0.0035310975377043086
247;0.02944455567425912
248;0.07465805040654426
249;0.0819117451413406
250;0.07678771049669021
251;0.010072918373955787
252;0.09326127855499244
253;0.08394136062944327
254;0.07365153101879632
255;0.09605445148725089
256;0.09679366099638914
257;0.07005789945699142
258;0.0885925670450404
259;0.08911661029473068
260;0.016436769097437843
261;0.08563225837894367
262;0.07066253298645206
263;0.0909881869725423
264;0.015456950840500916
265;0.06373088678856259
266;0.052253215921503664
267;0.05496544090235479
268;0.004651751053447661
269;0.0628904096728992
270;0.025705846739522732
271;0.09672826234645136
272;0.02052425791575111
273;0.05218711146040367
274;0.09660859676631699
275;0.09582223708714983
276;0.02272330538276637
277;0.015768118622417348
278;0.025134871865413203
279;0.05584265744175218
280;0.00470294674215529
281;0.07799727593909475
282;0.09525759446909376
283;0.05071441599783242
284;0.05962784372038447
285;0.08684583825829721
286;0.07628857984940707
287;0.05740443459861047
288;0.03334119350373153
289;0.058056770400679816
290;0.060515557861442415
291;0.05850146461675222
292;0.07624847876971105
293;0.07355098004628437
294;0.09210647949836304
295;0.04825161189461971
296;0.0687200828670437
297;0.02220279546473114
298;0.007336364163973908
299;0.003855521067706025
300;0.0377537682060585
301;0.021056334324515924
302;0.04826596264942834
303;0.08446048328181605
304;0.09149887493012632
305;0.023678382679056934
306;0.008145612394852675
307;0.09228213691316166
308;0.0018370524232096176
309;0.019166037410620097
310;0.08873220977952657
311;0.02995931792316856
312;0.0697595107779694
313;0.07076726738001135
314;0.06888739452711302
315;0.05102589399737657
316;0.03680864329189718
317;0.010981071509880203
318;0.07914989936836592
319;0.041734221912903095
320;0.003462031385039288
321;0.07727392834474803
322;0.08515911513262168
323;0.08701311262685281
324;0.05952063152418666
325;0.03944931259161635
326;0.08335704149173988
327;0.07861561728433808
328;0.028268805651036524
329;0.058703988407048095
330;0.020905238639424117
331;0.01860832448234928
332;0.08159507502593842
333;0.07126112190101874
334;0.05707405330783082
335;0.07911883293053984
336;0.02880139096694381
337;0.0075475764026260665
338;0.011053499164350123
339;0.05866720769474835
340;0.0025612512812868363
341;0.04791180506737134
342;0.07340620352122261
343;0.029602414478344188
344;0.054775381122129374
345;0.05378104277177186
346;0.027025310232518952
347;0.012175400229853507
348;0.09464256923404932
349;0.09138483734659464
350;0.013929038756536795
351;0.015433505729628972
352;0.07241553422321965
353;0.013229326610831328
354;0.005226009447252844
355;0.08933551442523918
356;0.02745554862384897
357;0.08031333457577425
358;0.01094112752250952
359;0.07585877912772104
360;0.09264466759315482
361;0.06245860693955432
362;0.015078594673864066
363;0.05182848751108968
364;0.03578666853679814
365;0.06360869153483695
366;0.0480190096734075
367;0.04663749364558411
368;0.05792278940941669
369;0.019251969828892546
370;0.015504765405531985
371;0.059330829394505784
372;0.06549240508187658
373;0.07951004838616099
374;0.0691836746560358
375;0.018652440526405856
376;0.08225235278539245
377;0.08573944455005461
378;0.0698195311647886
379;0.0735414583244283
380;0.008386566076510183
381;0.018505064745122403
382;0.0770181862014467
383;0.030797026864256716
384;0.0814034501320603
385;0.09425915845240668
386;0.04026492830940986
387;0.05756992701577919
388;0.002792164199573066
389;0.06368531320256814
390;0.02898222025526478
391;0.015472819558747897
392;0.05483983467546602
393;0.041706610893261664
394;0.05739388229987431
395;0.08149646005830692
396;0.05860174667752177
397;0.042914573498411414
398;0.07514755998393018
399;0.04322702171282136
400;0.0670300378879564
401;0.0031162395113127684
402;0.0013842378771884657
403;0.0709326165868522
404;0.06612571771186476
405;0.03518873237160136
406;0.09855500002672625
407;0.010984179698673546
408;0.02655842627926577
409;0.07804566458144616
410;0.09194809138912292
411;0.02131483955834329
412;0.010128865084836881
413;0.0979057020349296
414;0.046759277694471225
415;0.03319055840092888
416;0.07918172290338898
417;0.07910983267802263
418;0.09209298906250642
419;0.06015594689298383
420;0.07835306098496246
421;0.09711444147943445
422;0.0512822475137846
423;0.06876940763870924
424;0.06206458632512481
425;0.06138592764682517
426;0.03898867166803083
427;0.036141889143669184
428;0.06385404973002175
429;0.015199333301190276
430;0.07319064155709225
431;0.025399191940904765
432;0.004293188110113655
433;0.031071225312206265
434;0.027114813329740153
435;0.014126015659773318
436;0.08705870020983407
437;0.03178116503257527
438;0.07023227709173958
439;0.09039210407178172
440;0.05649906957552069
441;0.059625605290926746
442;0.0006262476160867503
443;0.09347785778741151
444;0.048479395443581076
445;0.06254637382827273
446;0.00313485523688577
447;0.02863734672301368
448;0.09009966648911853
449;0.09373565144107103
450;0.08550887268735285
451;0.06096635764405059
452;0.04053742711116003
453;0.040633772273126915
454;0.08970438174002121
455;0.02041210490411967
456;0.02082156883104609
457;0.04907720716712938
458;0.08489403660302933
459;0.0628242190872174
460;0.014485271532970401
461;0.032316325970501304
462;0.05718110850508541
463;0.020429402789172192
464;0.04827140136849091
465;0.08668307690886708
466;0.06520918586806523
467;0.04895304673034504
468;0.021836932691223134
469;0.005835571532310202
470;0.0595660291415419
471;0.016947104531868786
472;0.04248698951234573
473;0.0732129072031215
474;0.0773321338125561
475;0.05126265555056384
476;0.006539378312049382
477;0.0005520766366725827
478;0.033122261258767584
479;0.07603455504266528
480;0.09674805310800205
481;0.02769464423488384
482;0.09571919338771331
483;0.004926528923950957
484;0.03546372047268514
485;0.08892057243703977
486;0.004556112083674291
487;0.09670980267669259
488;0.05769478629353031
489;0.0487686627385726
490;0.05762598207598555
491;0.07862347771639898
492;0.08274474934421766
493;0.02931121670790601
494;0.0805875509739135
495;0.039908751873135355
496;0.06869802129989737
497;0.0810367470234803
498;0.02569515430239996
499;0.06423376465124794
500;0.0747230676407098
501;0.06113735050348035
502;0.0259965428747312
503;0.06303297809736395
504;0.08926412552704194
505;0.05956778909567411
506;0.008130506661605464
507;0.04577202118764805
508;0.04752167111981925
509;0.029680808579553297
510;0.08664437889292885
511;0.010466872556030106
512;0.017714674672470964
513;0.035422134537856254
514;0.00016908056031642583
515;0.07959232038404326
516;0.029882526314219362
517;0.022475556025249033
518;0.018346128966062747
519;0.07037549431492822
520;0.0893875363825421
521;0.07227353217373161
522;0.08341502735087718
523;0.014973723412887786
524;0.07894417643135218
525;0.08877112124618201
526;0.07721295738133996
527;0.03987321696161064
528;0.046769021723713694
529;0.0020192712001915413
530;0.05817266155433596
531;0.057651665980155156
532;0.0268532225991044
533;0.027481341087940137
534;0.026607364300674764
535;0.00902654354063157
536;0.08722781577315718
537;0.030537191653113804
538;0.05344151040957025
539;0.006514827777640064
540;0.024286267506209814
541;0.0073284217151094126
542;0.043912677192935415
543;0.07706651635591094
544;0.09545070031660324
545;0.032595967982914975
546;0.005510388779992149
547;0.01964464951585747
548;0.0341672630734397
549;0.006563802211262748
550;0.07717363306652408
551;0.04243961044194268
552;0.07707795948053496
553;0.07848163182367722
554;0.0941853981465028
555;0.07125619792370713
556;0.08323508621398162
557;0.05161911770616093
558;0.027189785013159662
559;0.05470652185043532
560;0.04214752882374922
561;0.042711347776865784
562;0.09235656246636736
563;0.0034419539490997742
564;0.09722468899117231
565;0.06568468042616027
566;0.005181116092139515
567;0.0981126772405316
568;0.07224910727107452
569;0.050265288559711685
570;0.08706850241135002
571;0.04602174231526895
572;0.025992881593842013
573;0.0977300927759566
574;0.021081800509807094
575;0.0784168713389742
576;0.011601170094945414
577;0.02633350107996706
578;0.0790258428717285
579;0.062406126704572434
580;0.08830410550123959
581;0.009350750873258607
582;0.015081511166687479
583;0.09171476693978446
584;0.07210652927438693
585;0.05131491499962988
586;0.08118297700561715
587;0.08169971133879263
588;0.09530089943211756
589;0.007898465519090615
590;0.08497926180919732
591;0.09292147439401856
592;0.07889627751822159
593;0.032210374424666954
594;0.08825894574423199
595;0.001511086898866032
596;0.03552481542039948
597;0.0694309593264058
598;0.03453501472662416
599;0.008745029398627568
600;0.026807681520954862
601;0.028494567197959952
602;0.0627905645627605
603;0.09310993322895222
604;0.010105220126616687
605;0.036598265242771655
606;0.02815163786774393
607;0.005750582597585097
608;0.03854228323057482
609;0.067339935370129
610;0.006108666292060272
611;0.0587411403809816
612;0.05631176144288368
613;0.04622702784236781
614;0.006374272859028075
615;0.08135869121080093
616;0.07756448473490526
617;0.09710846250258577
618;0.056705111390310065
619;0.031548996170387714
620;0.08281274883289355
621;0.08121987288741375
622;0.0431426461296225
623;0.045144658612675054
624;0.025825812879549805
625;0.09309155676683387
626;0.07161412584043374
627;0.006004891688878611
628;0.07196983275705902
629;0.0406289676605346
630;0.09132264813981734
631;0.07108153620784073
632;0.015400432547684285
633;0.038342973890873946
634;0.09843226268807637
635;0.08215465953915768
636;0.000682250905135684
637;0.08548377706742072
638;0.05152992918139652
639;0.06175064177494342
640;0.047786763260134896
641;0.014183582534935735
642;0.006515427656001916
643;0.08520250904671658
644;0.05375742342782535
645;0.03722196311505171
646;0.08116275294855863
647;0.06870777976581964
648;0.08059946908133371
649;0.08871797271856996
650;0.051770726620037094
651;0.03208354697836379
652;0.0184974485913874
653;0.03189648694676563
654;0.06611850584159362
655;0.057726886052932504
656;0.06197577273200308
657;0.08604344054587344
658;0.0897766652200481
659;0.021616014340257318
660;0.05670886301998275
661;0.04942599049032192
662;0.04299483219146676
663;0.0772268443777904
664;0.037610025959441434
665;0.035287739147314735
666;0.057066768927489554
667;0.011852646851801974
668;0.07585402431516637
669;0.03898164123143856
670;0.02198097534844623
671;0.06249195194478864
672;0.07028286187899956
673;0.007895001691119086
674;0.022801098595908034
675;0.03949537667920725
676;0.03396237634309004
677;0.023941354136000393
678;0.006908095662085456
679;0.04902904743255854
680;0.08235875253098413
681;0.04257541288957866
682;0.010831782959401582
683;0.052155586472120444
684;0.025806007447542613
685;0.08697182386151026
686;0.036147539667455555
687;0.0840232599381544
688;0.04860541043341541
689;0.003888280293378721
690;0.026144054155224764
691;0.008004225061392712
692;0.004779960531965499
693;0.047862461199705254
694;0.03229227022102032
695;0.047046964079307974
696;0.09537235003224276
697;0.056768338165436784
698;0.0788481811704469
699;0.040072915732910996
700;0.016496745178605943
701;0.06611411804777632
702;0.0243000493221066
703;0.05434096679013172
704;0.08497660771906258
705;0.07869939129076117
706;0.09829051415301993
707;0.03892308634715387
708;0.002836518358752571
709;0.07623384082972885
710;0.03755734340932476
711;0.01618052196708275
712;0.029408056415451002
713;0.04310964292365065
714;0.09901694349459075
715;0.06348591009473535
716;0.08795642997752426
717;0.013483603858831817
718;0.0873690288520543
719;0.08648917497885333
720;0.007982870174721891
721;0.07764745981702309
722;0.06781058128482277
723;0.04562051823074619
724;0.06684579945810191
725;0.011718775538812998
726;0.02594976820960956
727;0.007087383227748812
728;0.01909180748486058
729;0.05093136469337012
730;0.08575599739807034
731;0.060961525193831426
732;0.06590549942146752
733;0.05663378319968304
734;0.0809064068592561
735;0.09164285738136752
736;0.00750311870090149
737;0.0663202725083053
738;0.09475636436926567
739;0.012145199636026472
740;0.009058837509514762
741;0.027430293766971803
742;0.09013182701009131
743;0.043363694665998966
744;0.021984820951944175
745;0.006756034328583738
746;0.02014697743073576
747;0.04384285012437707
748;0.049985288125278894
749;0.08883724649085306
750;0.017456388258625943
751;0.0916742335380018
752;0.020918183019900706
753;0.09045249729452118
754;0.09211992771648989
755;0.053014616631855485
756;0.021208474126870182
757;0.05328739618785403
758;0.06833483764607286
759;0.04738847595836846
760;0.06059043978356676
761;0.08321258656595637
762;0.013574597667543499
763;0.09095554227265865
764;0.09100824508469701
765;0.09148106720035623
766;0.07336709104125039
767;0.07688075100652847
768;0.06556637896817688
769;0.0064840768753687055
770;0.002782972215325841
771;0.06540250979974976
772;0.04041383089053899
773;0.04102070302653359
774;0.08576219773994184
775;0.05186524888099281
776;0.06000141036547429
777;0.08569476585825797
778;0.07460191214804093
779;0.006372075862136051
780;0.06803558213155513
781;0.06680234656608629
782;0.09227150821475455
783;0.07830040244875894
784;0.05487865722499962
785;0.04644215863544735
786;0.035606908924846824
787;0.05564527134574402
788;0.07240799774325465
789;0.0869288299947116
790;0.07821126397210193
791;0.040303323823990315
792;0.03668440239472526
793;0.026852042251301823
794;0.0418624254375256
795;0.03165245014222728
796;0.030970226719737814
797;0.003327801736931013
798;0.00349671089832837
799;0.05359347502806923
800;0.04844755802582767
801;0.09519881299697114
802;0.042390232062684365
803;0.02649667243031857
804;0.08563512822003203
805;0.07821104566040332
806;0.018781581291087125
807;0.021889432027885482
808;0.08628717358776342
809;0.03632583077225709
810;0.021186301575591083
811;0.05669447426767238
812;0.03474221083151378
813;0.0005044152197708929
814;0.03963363923614678
815;0.05867234955485695
816;0.06139748272417933
817;0.04407689044479901
818;0.09274246261142421
819;0.050210475015046524
820;0.09206128894177451
821;0.0648773447377743
822;0.0629654649208193
823;0.05038478519642488
824;0.004245967581718613
825;0.07487263822919
826;0.08603262381034475
827;0.01831968257630111
828;0.09677726689799594
829;0.09470977706303699
830;0.06607550450183505
831;0.047661262615429134
832;0.0496466047314002
833;0.0005203357775169893
834;0.03019148037915971
835;0.010006724403374245
836;0.0026869785948448912
837;0.058996429982179244
838;0.08741504793977434
839;0.03868573142060429
840;0.07032360880691056
841;0.013257152310146092
842;0.08190932941753228
843;0.08205849675348773
844;0.016786804928797052
845;0.07429477038766495
846;0.020439008251855673
847;0.02566230603034485
848;0.08113512379460323
849;0.09660424356751629
850;0.009856234706336932
851;0.03696611755303058
852;0.041777216536737855
853;0.05567859443432022
854;0.08823372032757482
855;0.09223389671821274
856;0.04786570459381985
857;0.015597317482893603
858;0.059897154353040584
859;0.011286243738421797
860;0.09248974748381546
861;0.020754406485038946
862;0.07191997774711766
863;0.045105692679499446
864;0.0038575919144328563
865;0.03413393541027167
866;0.06118264258549987
867;0.09781138396250914
868;0.05143937035921259
869;0.054179408299319456
870;0.08308064942889865
871;0.017504007575856618
872;0.04254375547157903
873;0.09525981323137242
874;0.04933041814089431
875;0.020931977626283318
876;0.09292149124705912
877;0.017148771006833253
878;0.004589913232291731
879;0.002145398713336599
880;0.006105388809129919
881;0.08591906970611633
882;0.07689584595968693
883;0.06319801061832857
884;0.06552556696686887
885;0.023813179750361492
886;0.0599584665619598
887;0.0026126003354924434
888;0.0471094423888387
889;0.001583062391962642
890;0.0788158174738381
891;0.05260929364529315
892;0.08939843028031001
893;0.07467455224770225
894;0.03536260981108367
895;0.0792558418821739
896;0.05025389546382028
897;0.06432732615469915
898;0.027730197973964324
899;0.03536454218711006
900;0.0059474087476685256
901;0.013494847995362082
902;0.054271774434828106
903;0.0009598756212979009
904;0.045603134902825554
905;0.0856200176375004
906;0.03207569804557144
907;0.09370883433023842
908;0.054236660812107595
909;0.02115243609303954
910;0.03749110895528434
911;0.007121858138252147
912;0.0241815798678812
913;0.032699500449717755
914;0.03742133881812001
915;0.051950799422430596
916;0.020103747587190513
917;0.01598420571429874
918;0.03460724502801942
919;0.06936136124265806
920;0.03418428841410154
921;0.05608372574363209
922;0.08917425274777654
923;0.017938003451856557
924;0.015394333633247848
925;0.046185155150855244
926;0.09210030964649452
927;0.0697621033895275
928;0.08714859035176428
929;0.05307835424004879
930;0.032459824758158694
931;0.05647526471470125
932;0.07810458753947447
933;0.0016585284847703719
934;0.02756180232109039
935;0.011037457784171556
936;0.0934266817118427
937;0.0835764356951621
938;0.05454164274729261
939;0.005979827746303002
940;0.06914070702308726
941;0.027447700587026638
942;0.09622281911375247
943;0.005416313922425909
944;0.08520306911918658
945;0.06346177937126055
946;0.08486505994764726
947;0.05661246213104552
948;0.011771089607750806
949;0.048661046860469515
950;0.0969028948361273
951;0.08797091222062063
952;0.0902803662302315
953;0.09787180260574341
954;0.0988437189949975
955;0.014226159589888232
956;0.018791796746281866
957;0.0733978977663094
958;0.07736916694803533
959;0.0669743106248822
960;0.05996709044459733
961;0.07318054022840603
962;0.04406535763706668
963;0.05267887219764768
964;0.0370481074623978
965;0.011424511011823636
966;0.09620340267614977
967;0.06730271046692528
968;0.07624805968962356
969;0.09382866781658697
970;9.059304127017054e-05
971;0.04536324250066853
972;0.03653809308130268
973;0.08750895603976386
974;0.05914969006234462
975;0.05842969824844005
976;0.007076545563889181
977;0.03078779677399598
978;0.00010750939115616864
979;0.0905820832365185
980;0.09374231861636362
981;0.04178673335465441
982;0.06375133942315703
983;0.0539240302741795
984;0.09303446312061801
985;0.0011233719856863279
986;0.020279091993248045
987;0.07284938363134122
988;0.02767483179729149
989;0.007842794637672535
990;0.008521179432917914
991;0.06296178147930613
992;0.04529123536176939
993;0.05017434834617399
994;0.04393184977685001
995;0.01391713541311218
996;0.011391132658818815
997;0.0018066756273840358
998;0.09515674245328155
999;0.04341527039347285
1000;0.010517646328676744
