1;0.19829614710852628
2;0.049846547089598306
3;0.025311474321393003
4;0.16359439087751818
5;0.07315201448036793
6;0.1082058077291902
7;0.19927973954977418
8;0.13703797957206446
9;0.18441630071238532
10;0.021102091752331045
11;0.025589053790503004
12;0.19673074186957584
13;0.020788718155763577
14;0.10761275339953619
15;0.14084448150083037
16;0.021626068422233004
17;0.11667074772904505
18;0.1973029420498113
19;0.19776489346306958
20;0.1348861560004921
21;0.1770349923563439
22;0.1145362273043688
23;0.10240747392269367
24;0.06792758946325066
25;0.16760323778941308
26;0.16074007677995222
27;0.13119262198471623
28;0.059959651314712065
29;0.0998471340436114
30;0.194364736587034
31;0.1981323451087601
32;0.16101060600862505
33;0.12056849444510687
34;0.18743198895801946
35;0.1676138395597764
36;0.1553035525663944
37;0.18512695734781193
38;0.10145999410406614
39;0.06509184296723496
40;0.1754289590535874
41;0.05685280388332006
42;0.11444559233420687
43;0.15076348390354755
44;0.08430353058974
45;0.06950510659618483
46;0.18409573503238807
47;0.07120253915937612
48;0.15027899782054002
49;0.011383368167110676
50;0.060392939089122556
51;0.03146116242497663
52;0.02444265053050947
53;0.1151153854119793
54;0.07114820419451916
55;0.04003893086114301
56;0.11129865638623511
57;0.10915748620005583
58;0.1695293796592877
59;0.09762081086865329
60;0.1728972154702158
61;0.02485750131687501
62;0.04092507041920315
63;0.06526021749106517
64;0.06937489135372264
65;0.13819032162671913
66;0.1076310571507036
67;0.17787921835231735
68;0.19228620899465143
69;0.11973389033241162
70;0.08123045874312017
71;0.002855620673077142
72;0.08069926128893357
73;0.16360276610591687
74;0.17823115579524265
75;0.05889268493774376
76;0.10499742882517936
77;0.014419588725225264
78;0.10563630169622217
79;0.1638755875996651
80;0.12753171224586676
81;0.10867371198528969
82;0.1509538266267333
83;0.03246577761432097
84;0.08293754336452018
85;0.036630077153141774
86;0.07013100092879583
87;0.1557507386754534
88;0.11568325479090574
89;0.000744242377750437
90;0.19760412649529144
91;0.019398241932776172
92;0.09585259678957612
93;0.06839686265183367
94;0.04903872666844782
95;0.13618684985264065
96;0.16400866252065682
97;0.05270351731413905
98;0.10136082022530357
99;0.05640301616135775
100;0.15386844468141692
101;0.1895747467947049
102;0.13921936554824074
103;0.06360843860604799
104;0.029083249885955165
105;0.1293404049816643
106;0.0851851919316281
107;0.059774816483030825
108;0.1433348103211733
109;0.02011760558614957
110;0.11746878932604454
111;0.11475281633009415
112;0.08650210761598494
113;0.04777296407399854
114;0.14335454713005188
115;0.0013206677378837517
116;0.11089048500648518
117;0.11509904930123871
118;0.1300639452817733
119;0.009407886111602239
120;0.0955182645762531
121;0.141026066646903
122;0.11248914888962638
123;0.08078565468253388
124;0.16878487425761665
125;0.054820840632396006
126;0.12405355395629213
127;0.10643216089715996
128;0.0462900324951153
129;0.06362301998240515
130;0.12968072193387534
131;0.14206847329873692
132;0.14434797850035516
133;0.045490217507566835
134;0.02194428916912319
135;0.0834096345110098
136;0.06095778051990819
137;0.10424925173659223
138;0.05429326554956393
139;0.023375854874224625
140;0.015807694513309257
141;0.11635143785829183
142;0.04723987999870332
143;0.1514206852893979
144;0.10397141433870626
145;0.11077345996227772
146;0.19094518023721527
147;0.041229336512619265
148;0.15495478070495822
149;0.18268005197680304
150;0.10727373316016536
151;0.1828823168658552
152;0.12790993784536273
153;0.10416608150393031
154;0.10339076801967628
155;0.031686701423885924
156;0.05968354322238716
157;0.12323855781914948
158;0.12004986591378153
159;0.01607452538259746
160;0.16291459815209108
161;0.05108914826152007
162;0.16116564281528392
163;0.1223080154359983
164;0.06163495091779863
165;0.0004358316222248915
166;0.1327163689778251
167;0.09056520894294061
168;0.13635614107954658
169;0.1481316539645216
170;0.1008848600082649
171;0.08604195432050246
172;0.16575593594878035
173;0.12773561633712935
174;0.08607976979810368
175;0.11437418793679817
176;0.07334752921673675
177;0.10522769500749295
178;0.01066624919898509
179;0.03902848902005301
180;0.17105283907992172
181;0.03307468231410904
182;0.17802778141863762
183;0.011611916380718635
184;0.18934496361433548
185;0.1036058276303617
186;0.16702497603817923
187;0.09324838350065137
188;0.1438407973294011
189;0.16318318335743426
190;0.17518097189263107
191;0.16151674244677536
192;0.16954175195542331
193;0.03259551287611522
194;0.002135835960807375
195;0.11851680526209148
196;0.1462924343066225
197;0.12729169831019352
198;0.1151734752902019
199;0.1049539397669669
200;0.07126084729636853
201;0.15750102818086076
202;0.1662146982742847
203;0.08360340381796023
204;0.1050318326398025
205;0.15729906209493857
206;0.18846570596632478
207;0.16939757965048985
208;0.1519380555117944
209;0.14502374143780938
210;0.032561153294231794
211;0.15341856583915253
212;0.09141090381833934
213;0.17278237656479398
214;0.17601536576856214
215;0.1907642223616981
216;0.020355211808863884
217;0.05951054800777509
218;0.1661022572073079
219;0.19760086623654072
220;0.04365614863172425
221;0.10894186221473104
222;0.06519020173447006
223;0.11746926345019236
224;0.1575886362682851
225;0.1620655163140057
226;0.11642832944587332
227;0.11397644294831732
228;0.04683584132899661
229;0.15043852235857658
230;0.09227414691021896
231;0.0468038220381877
232;0.0384177383396847
233;0.13928927630294086
234;0.11561778098177318
235;0.18215325470906593
236;0.15416983926694644
237;0.11463769742608905
238;0.10411879889683139
239;0.08716111376111571
240;0.03229807987661217
241;0.12862949381019573
242;0.19802797812178885
243;0.08025813642484535
244;0.016495295536936606
245;0.1166096137927018
246;0.04059792950437538
247;0.14679458136625612
248;0.12852796962124288
249;0.08685402678952377
250;0.08470076705742235
251;0.13213648553378868
252;0.13431215011035533
253;0.056822693201950436
254;0.18174062513141476
255;0.14251886454119728
256;0.10886389230342977
257;0.01015833419769936
258;0.14579952170794883
259;0.05202079094900949
260;0.1916381215059203
261;0.10161596667439882
262;0.0006910852782944011
263;0.1543194486093329
264;0.1660877330010419
265;0.06943214396322153
266;0.004120813648440658
267;0.19927859290936425
268;0.024151984714046715
269;0.17377752041420316
270;0.07366395619744677
271;0.019951979554005295
272;0.1632828154671299
273;0.049619670755137096
274;0.0021445499106560683
275;0.07178610298449377
276;0.036988617127133264
277;0.19152999716257835
278;0.19792880568754712
279;0.03244291493208491
280;0.04638298119228837
281;0.09199664060525353
282;0.10764942518540595
283;0.19626323296590364
284;0.19071211974128965
285;0.11246598399966774
286;0.11199524620013593
287;0.07361890038228756
288;0.1164878793221518
289;0.027348973062692662
290;0.03069622349412935
291;0.08556508429690457
292;0.032133250214801026
293;0.08485176887264523
294;0.0009267226689988917
295;0.009651044653260521
296;0.05458526597943141
297;0.13020118989685261
298;0.0010941230346021903
299;0.11811490950077762
300;0.04198969624668974
301;0.16561554271968645
302;0.1602023586634631
303;0.004460222743404097
304;0.1845502936330303
305;0.007612178499667888
306;0.015320988310055706
307;0.11036449345555516
308;0.14134668413475598
309;0.04099912209128769
310;0.07134506579487986
311;0.08163868921842476
312;0.12523588529441124
313;0.06299954847707145
314;0.08901494704873486
315;0.06110242034101894
316;0.11366326471138087
317;0.19086998460217616
318;0.1190341039024254
319;0.026625859924991405
320;0.05348189276592794
321;0.15200112073362326
322;0.019432419439643623
323;0.0025583207487679394
324;0.1983231397439985
325;0.07789121709306082
326;0.1467182171407909
327;0.13460224097923987
328;0.1711118064198189
329;0.17215276104413396
330;0.05678404174958199
331;0.12162164510488611
332;0.19146056355248114
333;0.09675547412678037
334;0.026123182387100964
335;0.023621529719619307
336;0.06796803755434715
337;0.09781215155261343
338;0.05417920138749002
339;0.02475043772703236
340;0.09589274258984466
341;0.05752771605018221
342;0.052217088806929816
343;0.1991502662910588
344;0.07820101184336983
345;0.16116772375066624
346;0.08492212083616742
347;0.19973072813740878
348;0.13905377702997765
349;0.0012594771668968498
350;0.006920749203922516
351;0.1562096644732163
352;0.0558248140072974
353;0.025977308774155185
354;0.040751380618732604
355;0.05820346424228478
356;0.15895827840557739
357;0.03273513559889936
358;0.02213057752080452
359;0.1423363203679255
360;0.04791131607253614
361;0.11310050915743436
362;0.06325591664718976
363;0.18045803323451173
364;0.028468532755296483
365;0.04442661061381834
366;0.17901692246528925
367;0.16713330199029575
368;0.026329450453580174
369;0.17054617775803638
370;0.0025861762909306974
371;0.03163645498393097
372;0.027966380475887776
373;0.015731244137212674
374;0.15145810011897998
375;0.06434547100813351
376;0.14224812646842996
377;0.09683425920567042
378;0.1485866541735548
379;0.11964925436724963
380;0.15229738961098255
381;0.1434865554587225
382;0.1420260420928857
383;0.16618877959598582
384;0.08171852175763344
385;0.14889175962342713
386;0.09448677040753878
387;0.10534837057309772
388;0.16900793308185977
389;0.14315565948258524
390;0.12720254018075003
391;0.18367073785691668
392;0.1411533903216054
393;0.13706745691955888
394;0.1873553420176985
395;0.09052135179980861
396;0.06401387731016309
397;0.1639488344891965
398;0.05967653697079503
399;0.1566301561309822
400;0.040025574241571896
401;0.028041649257153023
402;0.19300369126253147
403;0.038350336218200255
404;0.013320890424204791
405;0.187219772834543
406;0.04848793107852148
407;0.019341230647936847
408;0.13346003826401956
409;0.12164810620194964
410;0.18131342784827376
411;0.10733306886004167
412;0.19757456864554038
413;0.005283189622591489
414;0.03937032785158215
415;0.03648021955314367
416;0.1932762504894877
417;0.0032005994133030846
418;0.11679450374331196
419;0.16028152906048074
420;0.025311290522123154
421;0.048812396714760814
422;0.012574461063858733
423;0.05735470326091168
424;0.13732099641817627
425;0.17380198107895306
426;0.0036603268507026778
427;0.048221881285500603
428;0.11564539291207748
429;0.19825036760453302
430;0.03568817613716997
431;0.17413944214762714
432;0.1834033273940501
433;0.034921260985967
434;0.03263501331546841
435;0.0009373541154348076
436;0.15702678382695634
437;0.1451159160869151
438;0.19638233853283393
439;0.089723200107163
440;0.01739448676480393
441;0.031324700304140696
442;0.13662626442587042
443;0.1740965445728103
444;0.11219621059058593
445;0.16204157009763598
446;0.06023887382699127
447;0.07809024164858563
448;0.13997857842933642
449;0.015596669181431122
450;0.05362247975057586
451;0.12104833989175455
452;0.178589316926642
453;0.17239354012211372
454;0.07600742658301429
455;0.14037329514602706
456;0.08271019768583923
457;0.02277289713324873
458;0.19505994513552355
459;0.1095790542300912
460;0.01765512442909376
461;0.06544605471536447
462;0.16714999057435795
463;0.12340045809902739
464;0.16617327856692654
465;0.029469890517302533
466;0.11777302612338623
467;0.010359226660952237
468;0.10784792231173466
469;0.19595384120890574
470;0.014319693976988025
471;0.023716323891017434
472;0.12130462994173895
473;0.08865278721765667
474;0.14594086060582895
475;0.012307386623039696
476;0.14253995485058088
477;0.0637610700441857
478;0.1698445925272275
479;0.10292643122244022
480;0.16860093364306905
481;0.12409831163599741
482;0.19449098350573338
483;0.12596699883456872
484;0.03680648550101702
485;0.1234092735776756
486;0.041246039683283914
487;0.10210802736979166
488;0.0035727742553127943
489;0.11679937377462955
490;0.1628389750361539
491;0.04326029287512128
492;0.16321129839941237
493;0.1802382012046337
494;0.09673333011058881
495;0.11345139463727916
496;0.0055027006755384855
497;0.07016956707933324
498;0.16408594480449318
499;0.042552322268383014
500;0.018462851378266067
501;0.01829645869350831
502;0.06116066286300377
503;0.04748538390492499
504;0.06484913427154981
505;0.15718547078761447
506;0.17337751736711104
507;0.19814446543266204
508;0.16693947386588337
509;0.19504505069306932
510;0.1173589505466413
511;0.11461937680094697
512;0.016271066237504163
513;0.002570722654155455
514;0.09959878471346094
515;0.020075641040455585
516;0.15658376678472563
517;0.07364379746346612
518;0.028190277454130587
519;0.05211535854252232
520;0.03591323424401984
521;0.19001583799303595
522;0.1306036769419547
523;0.024631950565603168
524;0.09863790184249065
525;0.10215981311566565
526;0.1181048822405618
527;0.08384017261589721
528;0.19329476148855798
529;0.008611277409186702
530;0.03315276229845106
531;0.18979830674349096
532;0.16441062250987012
533;0.1824329349576389
534;0.05781758769557186
535;0.16760787759008094
536;0.11902512369648938
537;0.17611966312020966
538;0.08492412487650935
539;0.024508208402483245
540;0.10979299824512055
541;0.053559456098717595
542;0.09824700096757233
543;0.06447051556380001
544;0.03504493826420152
545;0.018596159859940144
546;0.032952172973178054
547;0.0763848282366334
548;0.17878835847226357
549;0.14012270525444215
550;0.16752886014559237
551;0.03936636225674559
552;0.15590622329356496
553;0.040793516360136554
554;0.08870178051490035
555;0.011025397760846123
556;0.023086447295157853
557;0.05496364092276516
558;0.036863827120093
559;0.1740454200364157
560;0.0687581982647473
561;0.08880737471437089
562;0.09286840542244779
563;0.027010741019464036
564;0.14816085387255767
565;0.17948882822678508
566;0.07009740801263079
567;0.09939425588814135
568;0.013167649827514638
569;0.14853702242565736
570;0.10927442028371273
571;0.15590862737009684
572;0.1746145934537164
573;0.054313589135743336
574;0.12942757863201756
575;0.008348043271623529
576;0.13162416842751665
577;0.1753275586011157
578;0.136958567935571
579;0.16035873825969213
580;0.1363021772933114
581;0.021668715999048516
582;0.14379104336245008
583;0.19209499198619986
584;0.05575804844004737
585;0.061300750407942695
586;0.013830823682498862
587;0.19638553281862306
588;0.09547104240102494
589;0.02019125615600037
590;0.19495017609791304
591;0.014673436905190185
592;0.04051691283903776
593;0.10728574759015284
594;0.19729429688175407
595;0.19706899510121847
596;0.10469131769343261
597;0.009081700001671123
598;0.1828667741514032
599;0.17584247158581573
600;0.11687323193430227
601;0.0973412308889191
602;0.1957874329760715
603;0.0520264269663044
604;0.13362209477850356
605;0.1741121552043425
606;0.04228046350802313
607;0.08062822778045749
608;0.06559700035315612
609;0.1471479256864488
610;0.1062807739781526
611;0.1262329817652262
612;0.155285414039936
613;0.07162974538844775
614;0.13153080703898215
615;0.18729425276660386
616;0.16067250801851327
617;0.07069326704285377
618;0.179763302384165
619;0.12258159509696483
620;0.1858853159103837
621;0.18297914696354756
622;0.050852643366585064
623;0.1736121928236831
624;0.1918303446105435
625;0.0772839714351969
626;0.06561019908129194
627;0.17636374701066238
628;0.168494743734093
629;0.06759641032708462
630;0.0997819857003488
631;0.1893423219838394
632;0.05159501909149218
633;0.19743377844273885
634;0.023127434774662947
635;0.15457567081498694
636;0.09468785828282827
637;0.13278790030121712
638;0.197315355809272
639;0.1780974770228629
640;0.06644292430513317
641;0.11423303432787624
642;0.19312980089948023
643;0.013937151199845023
644;0.18598867501728455
645;0.19652906962496014
646;0.0879639185241949
647;0.10972138355132768
648;0.11310805382310812
649;0.0931471451890529
650;0.1851418893872554
651;0.1911689192062986
652;0.13045047085377745
653;0.003412382799140179
654;0.15232435917380965
655;0.19664698842969608
656;0.08569176332620501
657;0.13760152509421583
658;0.15890016303300492
659;0.16193524952604202
660;0.18755422839186475
661;0.04428423462025606
662;0.16133605289914194
663;0.15971341884412482
664;0.06227662542054205
665;0.11449182568401267
666;0.0787037436400411
667;0.1965088394816892
668;0.06507087765505125
669;0.10887039337414556
670;0.09346385887420001
671;0.15828244234960007
672;0.03055780740120624
673;0.12440141335327377
674;0.0976092255469808
675;0.02511784642486692
676;0.16688096842595357
677;0.13838973682915026
678;0.12446050309042594
679;0.031954399847580174
680;0.11479886087202132
681;0.15609947775573652
682;0.19315435358844213
683;0.06602041581841633
684;0.03092484144571892
685;0.16572613485078436
686;0.13103638745327398
687;0.0657753730169555
688;0.0447557072669281
689;0.013958402134088655
690;0.1804398372603423
691;0.09155197225432783
692;0.1480729367451165
693;0.16680427531651185
694;0.09315641339703343
695;0.19578668066823665
696;0.14114374853362208
697;0.0019764459285002145
698;0.026692944923464593
699;0.18438790699327387
700;0.19661870079105326
701;0.1292855391570638
702;0.15379297850736523
703;0.061794677108301665
704;0.02956003734677859
705;0.1644203529063355
706;0.10790903405604511
707;0.17830068269049695
708;0.19492253577481522
709;0.1876983338991639
710;0.08402548886792297
711;0.038489420685759536
712;0.008649674122955765
713;0.18656798547571274
714;0.020712270136188815
715;0.11900708534072957
716;0.07952873655889454
717;0.1094727695632938
718;0.03221405329595763
719;0.17913389759796322
720;0.016758610810244125
721;0.00324398627941096
722;0.04729200454630651
723;0.10412769202164625
724;0.04373711911034457
725;0.01876094717291963
726;0.17750145942190465
727;0.14973659811927376
728;0.00243377175873023
729;0.12310205086901771
730;0.14571196060841057
731;0.06753044310339622
732;0.11923174171512803
733;0.03764701969321167
734;0.008183454857404593
735;0.1403021180775659
736;0.16151586712578303
737;0.19460064171927957
738;0.08128638354848261
739;0.03545927505725077
740;0.15866930839783389
741;0.09225947541066414
742;0.00962223664980646
743;0.1955873411486285
744;0.15894685252026222
745;0.10583432882014737
746;0.1306866151880168
747;0.11217016944139145
748;0.045837788574564026
749;0.18657624769546405
750;0.15170961839948205
751;0.1468714953807505
752;0.1900768214891009
753;0.1411969410989775
754;0.19344294648905241
755;0.008309327339552098
756;0.06614125594468694
757;0.0136255364834168
758;0.12755724943221966
759;0.17294995715885364
760;0.04828927131810597
761;0.025190301445823418
762;0.1245820308078271
763;0.14508071025794547
764;0.08968896292937222
765;0.14049056160591597
766;0.17204216292365326
767;0.1036039661258576
768;0.1252217817292452
769;0.024113314757251737
770;0.16983194320047815
771;0.09203860215102376
772;0.13498771808050197
773;0.13488512382791765
774;0.04372072707941979
775;0.06001915833921954
776;0.1827503849325155
777;0.03512471986264174
778;0.09503590046646576
779;0.1845345678545732
780;0.0187547091899569
781;0.19539214162151106
782;0.07561758107631077
783;0.07790612802072759
784;0.04116460608174555
785;0.02208929476216839
786;0.03805815412694835
787;0.14671765701301728
788;0.10925054878011475
789;0.018823453401488922
790;0.011875026500341602
791;0.029427157782615045
792;0.12358655546809592
793;0.0943966331200556
794;0.12723362378627426
795;0.17267151464963118
796;0.012621826709558382
797;0.06916436649446887
798;0.120222391350703
799;0.026723895137637045
800;0.026891078272792624
801;0.19976891370683236
802;0.0544143809510945
803;0.169987278317374
804;0.014342850301696665
805;0.09125341242359351
806;0.047988897051333
807;0.19009869330712015
808;0.19908563341634247
809;0.052718776237998616
810;0.1262245483045187
811;0.04339431831459062
812;0.10652785797769537
813;0.09997810572217335
814;0.11837581451086886
815;0.0036259339376415903
816;0.1180504829308223
817;0.12435438426738568
818;0.11537371671165714
819;0.10865624429391695
820;0.1302531110041982
821;0.08168510415809052
822;0.09459351863038229
823;0.07077898290136966
824;0.10587207725180339
825;0.1277766248823143
826;0.13770599822265517
827;0.1988662030351972
828;0.11791703368771814
829;0.03302626080056803
830;0.06975188577503465
831;0.07080904958929157
832;0.14187699304946008
833;0.024777234255976312
834;0.13291143874363576
835;0.11713812468423856
836;0.1737852710731321
837;0.11901907358759865
838;0.08424999823592856
839;0.0841451470884968
840;0.08905388882532009
841;0.15884122081916874
842;0.057368071983756444
843;0.13691149456790705
844;0.1801963692819078
845;0.07422355043474389
846;0.061332351247555233
847;0.10820632469856371
848;0.19258464954107937
849;0.11695801508030267
850;0.005483821440545733
851;0.07257642207948893
852;0.06148638703920935
853;0.13752976587388566
854;0.029218518503977366
855;0.02526431664499984
856;0.03702155874802289
857;0.05266558460587898
858;0.11900637709046516
859;0.022446262961634433
860;0.010635335416542269
861;0.007100237533586351
862;0.1504367905698039
863;0.15717358740490397
864;0.07602728833674102
865;0.10036452080577607
866;0.07409403026083837
867;0.15053556523210007
868;0.16105677913550553
869;0.10479007287695136
870;0.18069584685097717
871;0.003183666546077757
872;0.023701027640097252
873;0.0394790635667593
874;0.14590482919738137
875;0.00675620224639344
876;0.057913483737566065
877;0.07357025772579132
878;0.03328845294726573
879;0.027048626880179217
880;0.1907095386742632
881;0.0019962735700527648
882;0.13297002157827023
883;0.1907254759879975
884;0.1795332813447249
885;0.19294871530849347
886;0.1547604336416869
887;0.15330881021713072
888;0.07452130616331823
889;0.15006646992293943
890;0.12078874546796979
891;0.07213534233588019
892;0.0025406959419549627
893;0.16694351131972862
894;0.18459603751377815
895;0.005875550252415752
896;0.18411909539188231
897;0.10322394559076647
898;0.033057333964717064
899;0.1750008881661085
900;0.15882532284992623
901;0.12597547598314449
902;0.10572678892652576
903;0.16060251299492118
904;0.12694709370223653
905;0.18895445323854665
906;0.14839585830772656
907;0.10728571151516589
908;0.07543162760476252
909;0.18194949260700538
910;0.008276473199257773
911;0.19838323949164038
912;0.1746218775912919
913;0.18452880978262837
914;0.19490282600648112
915;0.10955636895510712
916;0.1399827698232806
917;0.09759786998177596
918;0.006927532212967824
919;0.07404461701294103
920;0.026165167778328557
921;0.06424729491384798
922;0.023992760595316787
923;0.0860573636354324
924;0.1555754637358253
925;0.05178979593954978
926;0.11776360061392649
927;0.17125889958357765
928;0.19247517860844954
929;0.10241671441028329
930;0.12718221096564253
931;0.011017327388292442
932;0.09357225365394486
933;0.05216324320072137
934;0.16722490415638
935;0.19015619425533953
936;0.01632666644312415
937;0.053163771900578305
938;0.13729935984408545
939;0.0053821203174170724
940;0.1255967904340782
941;0.18565095835000398
942;0.10395821115478983
943;0.1502354255378735
944;0.03312177623063144
945;0.1384869392477065
946;0.11289917302650992
947;0.09472047631979151
948;0.16589463947534144
949;0.0851532724949316
950;0.060161271225064455
951;0.19069064535339236
952;0.037319207493987205
953;0.03042194234175597
954;0.0015217991453104762
955;0.17668292568578936
956;0.11687209248723185
957;0.14260534467595162
958;0.08943243769699852
959;0.0014888294500100985
960;0.07438116081092372
961;0.017985144660350307
962;0.015501731822882371
963;0.06212435411555966
964;0.07775399319973338
965;0.17721954580248908
966;0.1075172557200675
967;0.16133866214027714
968;0.10171040140788215
969;0.032427560425125866
970;0.07516265183516907
971;0.1028088672432309
972;0.19021825105599555
973;0.10578002997953317
974;0.1597316352777475
975;0.17425577706158635
976;0.07788537986191953
977;0.14477661499613775
978;0.06237928841880452
979;0.14152387979063402
980;0.03967022209246394
981;0.008997066561951516
982;0.11621716071991013
983;0.1871526627644545
984;0.07752067401398843
985;0.083749050258667
986;0.032399360226425734
987;0.03106173426029877
988;0.0747924457796845
989;0.01639522556564337
990;0.13106879904765537
991;0.19408444583165463
992;0.008537239570840049
993;0.026692695715973925
994;0.059267390081549555
995;0.1058530973907907
996;0.07115649657829218
997;0.10504890324541778
998;0.1561773696403039
999;0.16060693584960953
1000;0.06269675974514322
