1;0.12998515317954126
2;0.18403259496996688
3;0.04131435683972158
4;0.031986933249573336
5;0.1307746989818381
6;0.08084745428193583
7;0.051997294843590995
8;0.016991849184878973
9;0.09051176221678969
10;0.1876268158899279
11;0.09072097403175688
12;0.012530901303446163
13;0.19725663142685415
14;0.015776214786544365
15;0.007381693653927157
16;0.1471155054101914
17;0.07654998751403269
18;0.046125653759376564
19;0.19850670503022072
20;0.1823061846277787
21;0.1311854223326181
22;0.10146555358264436
23;0.1988770928121125
24;0.08328927798128834
25;0.10392441755674486
26;0.06477349672865321
27;0.02192472211853245
28;0.19337478855847867
29;0.12953434501859984
30;0.1531980950847097
31;0.12978759381788219
32;0.09195834416664682
33;0.17413803881620996
34;0.0397257941317057
35;0.03711832016324488
36;0.12482256041844252
37;0.0493021204549414
38;0.1821501099080939
39;0.12486465050930956
40;0.019234017262062066
41;0.08392044421499059
42;0.13781249767341755
43;0.015344291403117572
44;0.1590147857828088
45;0.18468196783296698
46;0.012985601838822936
47;0.05790972219479993
48;0.02959115925582059
49;0.13415646889391017
50;0.14252281519903373
51;0.07417755274780569
52;0.0017003166034037067
53;0.08206270916859298
54;0.07330713419278603
55;0.17043247357164215
56;0.12103174955272367
57;0.16479400085226836
58;0.18542873946255423
59;0.11290058516395299
60;0.15726246788057335
61;0.020670557890152465
62;0.08554018963340207
63;0.1650112214043804
64;0.011983296795335652
65;0.11436012730250396
66;0.16691287396324206
67;0.15977129576485416
68;0.14240041407986556
69;0.09285114528090194
70;0.05083502704035754
71;0.0870947244032043
72;0.002418364378959925
73;0.18170090824246124
74;0.028535616200184924
75;0.10166068089243263
76;0.05407876380182013
77;0.022183445761625432
78;0.09753692706352864
79;0.16107810654006327
80;0.08842172894905057
81;0.08552483413261801
82;0.04119242957319613
83;0.09373007029971317
84;0.18076052988711167
85;0.0011761890645503482
86;0.010876504190201298
87;0.06718662411807437
88;0.07290839696467648
89;0.09614638980815232
90;0.0993984860785169
91;0.038951779803717494
92;0.07639312817916755
93;0.12390078916975185
94;0.03404483208771412
95;0.14947367853744103
96;0.04899373671272407
97;0.02133731541475934
98;0.1619056445365653
99;0.13963268949183966
100;0.00686283363076412
101;0.06862220955896059
102;0.09035419745622666
103;0.002583442546594239
104;0.07109228056223833
105;0.00650498726982971
106;0.020406958833404376
107;0.17192280892936407
108;0.03621092034825706
109;0.1587250889957987
110;0.10661925372889108
111;0.12888336963037786
112;0.15488329786370011
113;0.11132369007559498
114;0.09222173699287964
115;0.14970979867347886
116;0.13057120063276573
117;0.17113290340874288
118;0.18043563336066926
119;0.01994318943754683
120;0.17896080990722435
121;0.10985145088135458
122;0.17514116583534728
123;0.0016781086064826978
124;0.16145403335905695
125;0.11271236789236774
126;0.05229263898166878
127;0.0008164819896333332
128;0.17296771428029958
129;0.059717660622538096
130;0.12211561607779711
131;0.017030421594683733
132;0.05899072139338686
133;0.1320824715403183
134;0.13974908180879042
135;0.1507088820993203
136;0.031670366540499595
137;0.12111245733262764
138;0.17044801384978506
139;0.14594119587992124
140;0.011642140211161056
141;0.0780027567502772
142;0.0994828627791649
143;0.1873343161420557
144;0.06325661188745853
145;0.0817176666075959
146;0.03732584859354791
147;0.016833787498260967
148;0.12141944879119736
149;0.04477666894290886
150;0.0897632300079408
151;0.020581014072615367
152;0.002982113863600233
153;0.10725171100742537
154;0.12232024333869232
155;0.11262694033714304
156;0.05543031574091888
157;0.1904452273982665
158;0.00860405606085255
159;0.04924837274742802
160;0.053252890853618576
161;0.18710319231181746
162;0.08372008768271202
163;0.04563593012087966
164;0.00870890097096504
165;0.054029413513046604
166;0.04858473289417678
167;0.18330601285279574
168;0.026795750421604293
169;0.005583757316631965
170;0.18769438730477572
171;0.1451348784837052
172;0.12355883255577005
173;0.023207199963371172
174;0.01813463791815564
175;0.0019275874747281875
176;0.0913935889016591
177;0.11997540228169545
178;0.08841470815442104
179;0.01773797867806375
180;0.12836153167552986
181;0.18986634680862263
182;0.06405341147646507
183;0.05791928559620423
184;0.12081556209672456
185;0.07875423192756492
186;0.11166610555616999
187;0.14421463865566925
188;0.04746204367968461
189;0.05020680081283751
190;0.18859981566212736
191;0.12669277857821218
192;0.06596055389645321
193;0.006175376388061893
194;0.05406088096567679
195;0.08783909012139264
196;0.12368546160663173
197;0.15559878649430023
198;0.017503448841054415
199;0.07694064125669858
200;0.020512171307145357
201;0.10765726648405859
202;0.017230929990584377
203;0.11280932309343208
204;0.13520464033811902
205;0.15768586156840778
206;0.17956817428720925
207;0.015026202646040843
208;0.09401694384963313
209;0.12903936665910495
210;0.06690399073979329
211;0.1073298820213543
212;0.13108512107532808
213;0.05439447152083574
214;0.12414689509217261
215;0.15152539862039663
216;0.05099945442631773
217;0.13376810147933024
218;0.109926454673665
219;0.13308240168820246
220;0.02871215281614761
221;0.18598636860988677
222;0.11604015811160058
223;0.07924735036246018
224;0.1714094897514854
225;0.0036773352644962954
226;0.026047198732075418
227;0.16436913678659282
228;0.05942750529722501
229;0.024980859664015198
230;0.1892591746893303
231;0.019522742868340416
232;0.18668219593100288
233;0.05558426129333052
234;0.1001098606052655
235;0.1823604474850182
236;0.09936735160080593
237;0.022544743842765926
238;0.1990626662497998
239;0.10541757243987691
240;0.11296683717460335
241;0.14822013723503127
242;0.04159871025458291
243;0.16014974282637442
244;0.09357910625077266
245;0.0036951244132721554
246;0.020647082595061785
247;0.19396409959706273
248;0.002698211119194327
249;0.18600993327074092
250;0.1809057329667237
251;0.028037711765880324
252;0.17781554230089722
253;0.06935404938192057
254;0.08410686535888075
255;0.17103351162049815
256;0.10202205600946408
257;0.16149063649871534
258;0.18335501553167627
259;0.19065728793417738
260;0.007040702502776686
261;0.00895304193705202
262;0.11150482122052419
263;0.15239977194451157
264;0.005937075143150317
265;0.04083003118475455
266;0.09332987699462579
267;0.11610091827655543
268;0.16020603798039004
269;0.008099288426758734
270;0.07587625496639556
271;0.13482222936302862
272;0.15175018701983523
273;0.005102495496639859
274;0.008463204764756593
275;0.09178538190711692
276;0.05277647679949067
277;0.10988188775808555
278;0.17371270663997612
279;0.10013856178969294
280;0.032812086356559765
281;0.14350654188276926
282;0.16049481510265612
283;0.14827731476916778
284;0.17397263630732956
285;0.1811817934837583
286;0.1492954540508177
287;0.01967778269268332
288;0.032377946577994914
289;0.15315061769143254
290;0.17759209935970297
291;0.19555158226898517
292;0.10039333984867771
293;0.1902976016569995
294;0.12244894832531956
295;0.020228913759304603
296;0.1010224817130945
297;0.187613602995373
298;0.04129424716813326
299;0.17065603157297143
300;0.19952864957870073
301;0.18426662123491902
302;0.12983916433341702
303;0.17697973535171993
304;0.15694048709674602
305;0.061093352570810035
306;0.04145426361816029
307;0.02683434225829644
308;0.13756372250622004
309;0.07371060088816708
310;0.16715903203567026
311;0.0670936088233746
312;0.1965006634417836
313;0.16033257126381645
314;0.03442299229672927
315;0.002688765546069938
316;0.017775093484759075
317;0.05235749551506195
318;0.18197472206505214
319;0.15710671147746358
320;0.1295204071309733
321;0.15480558951482204
322;0.023910233369821968
323;0.09382668707501472
324;0.09640309735783309
325;0.16662478569522443
326;0.1374636879587109
327;0.14682208331446406
328;0.06869808394085822
329;0.008024630590134585
330;0.03413292756569273
331;0.18286673209877266
332;0.15533102946563962
333;0.10920960562993698
334;0.16428349783445484
335;0.01475753874336403
336;0.005119424473770451
337;0.08156945635382461
338;0.02330618781749354
339;0.0638299186488005
340;0.18697658096766473
341;0.13859936359549052
342;0.09252206286299601
343;0.06265147089827121
344;0.17551863859118605
345;0.08377622660041753
346;0.07907595484568448
347;0.11435398246319523
348;0.008698213599077654
349;0.12846008836457315
350;0.09640491490678788
351;0.07541226748577186
352;0.06039851664345526
353;0.16937710426420463
354;0.09969171153207115
355;0.15403694099913248
356;0.1597609996222253
357;0.0962436148509783
358;0.124501995268396
359;0.06639858574542726
360;0.025271828751763148
361;0.09400490537296687
362;0.17911732217586762
363;0.10993264262521124
364;0.015004949368228515
365;0.11159061023312418
366;0.1859086408768793
367;0.11737592181217303
368;0.001022936591007717
369;0.028567091498970434
370;0.12634521137523447
371;0.10102940507419161
372;0.0871277915899592
373;0.03330295761895972
374;0.1191886450882276
375;0.1867981589076974
376;0.08474621345995839
377;0.023231006958827762
378;0.18167291670281052
379;0.06154984754341719
380;0.06575070956999358
381;0.03342921545511275
382;0.05562141459100525
383;0.03542205357033197
384;0.08362282940862187
385;0.0995335242419001
386;0.15088251840020056
387;0.14733056173305412
388;0.12286656725534587
389;0.06755795832650373
390;0.12171299637244702
391;0.08131859664572594
392;0.1920828986994335
393;0.1599901201469776
394;0.12390338551590017
395;0.11153171908123725
396;0.17013787525594182
397;0.1186604346194963
398;0.13796368664502467
399;0.056494488370624124
400;0.0026052140105303104
401;0.1396197965261048
402;0.014368107589541613
403;0.04794202102979894
404;0.17684217628205667
405;0.10762730437253593
406;0.06512056861847675
407;0.04035997944377685
408;0.10406808890538227
409;0.019624003621167785
410;0.05357807803121881
411;0.18998827255488956
412;0.045017644886315766
413;0.14652683123898103
414;0.11806726341929002
415;0.1318073453306955
416;0.1323344851999941
417;0.02261288431815498
418;0.17537657445026514
419;0.0819993015378213
420;0.09545799998520427
421;0.15379348481146263
422;0.1166667157646014
423;0.04653561709026382
424;0.14551137429199235
425;0.13338358369609246
426;0.0838804561949959
427;0.199169436761053
428;0.0886693277942333
429;0.12822788728362958
430;0.14973265619215365
431;0.1983415566292669
432;0.058923048654869886
433;0.04128127215643873
434;0.014635032104068246
435;0.07002514572879029
436;0.05330949650752022
437;0.06950936097991829
438;0.12984940925071217
439;0.0897132832595427
440;0.02699258930531421
441;0.17382387330423868
442;0.11153924776935831
443;0.07303577421330953
444;0.052161872314393246
445;0.17965058482387775
446;0.13373516903478364
447;0.0010340849608681203
448;0.04516754025711481
449;0.17406733910647415
450;0.1264972203953092
451;0.07137387345304612
452;0.14156151695237082
453;0.0947442176556676
454;0.12150167896764373
455;0.005723216439556001
456;0.17820392399637758
457;0.11101056024526174
458;0.197799708717039
459;0.005453864602366566
460;0.028318027873778153
461;0.07590039283685156
462;0.1136073389919785
463;0.11472703811598402
464;0.05271337881439493
465;0.006342243409442516
466;0.1253864514874586
467;0.1408305658182519
468;0.005539207812689218
469;0.13659440039709822
470;0.06505860156031192
471;0.10451191858390824
472;0.05576512731510519
473;0.03542084681555398
474;0.15697908936659133
475;0.11650756897101355
476;0.04954404853218755
477;0.07398039115758857
478;0.18713263241493489
479;0.0405778610569181
480;0.10765380289009317
481;0.12985088051166357
482;0.1903884798555034
483;0.05135217121989022
484;0.19266063905233646
485;0.10184335600408481
486;0.12819108645294738
487;0.1891913581185527
488;0.08527135685221487
489;0.10577886885885489
490;0.0925221556075334
491;0.1119115564094382
492;0.1067940878973691
493;0.1075736776977426
494;0.14520866496286566
495;0.17873609511925714
496;0.1562794184225853
497;0.042758114559477804
498;0.08224239583832947
499;0.16145674083171802
500;0.18715945917324095
501;0.08906134260266015
502;0.04027733426839748
503;0.10714351261485074
504;0.05924005136584736
505;0.08202981708573356
506;0.14794018004345316
507;0.1363434448981856
508;0.13750292052442117
509;0.06186130490113642
510;0.19031494690687994
511;0.11103668261160256
512;0.17735233967760777
513;0.1261398366313061
514;0.10830352911721848
515;0.1556495429794011
516;0.18679312047827673
517;0.1320672247562303
518;0.18086407282875774
519;0.06432073567602459
520;0.16521130675360726
521;0.09186998112178874
522;0.05037248881613419
523;0.028436742052831934
524;0.12412379565755537
525;0.13988510735964205
526;0.08376921292331854
527;0.030510587835731198
528;0.09651783978600348
529;0.18304151426336548
530;0.03388833512611089
531;0.033196130945807735
532;0.16979088254884844
533;0.11951035914427273
534;0.012873067961275254
535;0.06381684259843215
536;0.050059014338566216
537;0.15146453294235493
538;0.14793113692487078
539;0.07842407364117009
540;0.17158018589901372
541;0.08137132626540866
542;0.1299525257157953
543;0.11975213875608853
544;0.05752049713388596
545;0.13238701909694423
546;0.004848613057551021
547;0.12624944609049257
548;0.08910227043818414
549;0.15720645029181787
550;0.03150633483903691
551;0.09649670436245193
552;0.1701259420554204
553;0.11121091319037035
554;0.12237892475525075
555;0.15042643671048295
556;0.035000882074751584
557;0.04302853815762349
558;0.15365753611831034
559;0.07005983717468893
560;0.029161895106277938
561;0.14856319342956167
562;0.15307670915723026
563;0.16759484240646683
564;0.023665085311420156
565;0.07787208006544173
566;0.03610619168166109
567;0.06274046703777174
568;0.06287225559322884
569;0.02626400004766112
570;0.033203140954884656
571;0.014792477459361564
572;0.07085311271167434
573;0.10538835083861971
574;0.12021444800776215
575;0.05602439784835392
576;0.00027523243571354606
577;0.1442461707488271
578;0.03851875117401038
579;0.14194768165777422
580;0.03902871629455127
581;0.1866344761287745
582;0.12004592585852603
583;0.0723429182737294
584;0.0533397367037014
585;0.06225452260946221
586;0.004794938338872146
587;0.03166143760468798
588;0.11395512574405489
589;0.1283010081352398
590;0.03405564069093674
591;0.07858774456317458
592;0.004199169938795699
593;0.18560344819677627
594;0.012643236873941355
595;0.008136242244260506
596;0.09333608099701292
597;0.10096952669648057
598;0.16788114757976513
599;0.05087637797442142
600;0.04231875390161151
601;0.19793371088584472
602;0.00237143028111968
603;0.08237021092328699
604;0.06265989047826657
605;0.1441463326825853
606;0.15850920700854967
607;0.006249625499818024
608;0.07131527299909775
609;0.10590405180270564
610;0.10908300598955066
611;0.133148417614087
612;0.13465381145390443
613;0.1009338176079857
614;0.07923531916303317
615;0.10690556480108414
616;0.187607980752303
617;0.14878305499360275
618;0.19641562100804413
619;0.09279053975905681
620;0.007319397376372239
621;0.15988635026870993
622;0.16774831812781674
623;0.024556230773848456
624;0.08577116574969874
625;0.11623936986316041
626;0.08186699834290985
627;0.017813008643474192
628;0.09451669733817077
629;0.0024077100397075003
630;0.09664805416965444
631;0.06540982136921195
632;0.02154334636587825
633;0.04625935144155829
634;0.14096855429458297
635;0.023952302124436733
636;0.07063422800811973
637;0.13635001245866255
638;0.07891654223152114
639;0.18352266450498733
640;0.014854925887374026
641;0.038357259225931674
642;0.11471182215176585
643;0.1315210848003792
644;0.18980666554378145
645;0.12132094942588155
646;0.12162164039041737
647;0.04171030212398148
648;0.07382975890069135
649;0.15644969232322153
650;0.04822710562763371
651;0.03109998965716614
652;0.17385712531866515
653;0.024985602757955028
654;0.07184028062967902
655;0.0837533249274878
656;0.014762782292430443
657;0.0911357040210455
658;0.013225851992572403
659;0.1900097106209902
660;0.12988949451127102
661;0.01683181885832734
662;0.05707150279948301
663;0.1513470678769423
664;0.18576037813443746
665;0.020089433515181266
666;0.012987275454865423
667;0.03240546265105842
668;0.11502970170182317
669;0.057542746744931456
670;0.032672623428374716
671;0.027900679176127686
672;0.1830890816763396
673;0.1695975101474043
674;0.09923081933395894
675;0.15479770196524015
676;0.089691268459086
677;0.044888887225671685
678;0.17942653060019711
679;0.18024155906907205
680;0.12422338069442374
681;0.17059600953344908
682;0.16274873907740597
683;0.06734416147679456
684;0.03761938656258617
685;0.04411658693574752
686;0.0956493524315527
687;0.022270949727198744
688;0.1478219632813894
689;0.1857385119511782
690;0.13127278034280726
691;0.18048962562358403
692;0.021222387455529935
693;0.11862207855024914
694;0.18979589848067813
695;0.14484372378324334
696;0.12129879053268611
697;0.13114080943067552
698;0.15728577557260714
699;0.13466142942247336
700;0.014675812867561921
701;0.08975580889046678
702;0.1075712647182967
703;0.09703707102454923
704;0.1537612319241351
705;0.14579896267406697
706;0.16465446670502792
707;0.017323790024583063
708;0.11568236274259158
709;0.04255603046745515
710;0.05308885549963898
711;0.06762850032401023
712;0.1906540808268789
713;0.17894678496458918
714;0.09157399621086576
715;0.1199064861023296
716;0.12660585750233364
717;0.0588868645677489
718;0.11244895497781071
719;0.07849925334670807
720;0.12775914860989976
721;0.03218341113094434
722;0.13594221535266973
723;0.19386920001869445
724;0.19853996681453187
725;0.0974529348667739
726;0.0069698726597849266
727;0.11064071891649252
728;0.007829824653533346
729;0.06837824780530484
730;0.1563664691539432
731;0.17024013182654174
732;0.06279548853079711
733;0.08611483677768804
734;0.1585646855220181
735;0.1298850254478171
736;0.16756357009379638
737;0.08179862295290417
738;0.06922111208643021
739;0.15172861769320511
740;0.10782366879451857
741;0.18492959850491353
742;0.12683667690867945
743;0.023073856898764
744;0.1390198204884968
745;0.06993244201935236
746;0.010668162733682252
747;0.013159243434097734
748;0.09551874815289517
749;0.1960262355190656
750;0.10072836940939683
751;0.18470901315706978
752;0.05022786635147267
753;0.0485336322281793
754;0.008968689173903411
755;0.08341517904466654
756;0.02077120228563736
757;0.16399003340639562
758;0.01004998906931609
759;0.076337006673128
760;0.047707670139834374
761;0.11037859265856112
762;0.0812084031041529
763;0.1365564302522238
764;0.11293417766010823
765;0.11638152301014078
766;0.17055233430111105
767;0.008868834720755503
768;0.16732010004346004
769;0.192298669671784
770;0.005925261940795035
771;0.1527971894012805
772;0.14838581719181507
773;0.05819130669423496
774;0.031141575148855762
775;0.0695856504618958
776;0.170686149653984
777;0.09890990939161276
778;0.14770155339415184
779;0.08960325553744769
780;0.1043550515972275
781;0.07887814459663088
782;0.061447663937324794
783;0.1941486319739456
784;0.10129580755353879
785;0.11306953397358566
786;0.06751567783094052
787;0.1445384171641965
788;0.12791055645895463
789;0.15324837242477007
790;0.08450448606435745
791;0.18593590125567383
792;0.15679419510350895
793;0.046602424588720215
794;0.09002571624024021
795;0.049830633165310424
796;0.04944413327059767
797;0.06444253132940084
798;0.030413088544452238
799;0.07948945786441641
800;0.18037133951047515
801;0.14943442227353862
802;0.09395682688908345
803;0.07205981220358902
804;0.09103213427370348
805;0.10519325249048278
806;0.09729524199014056
807;0.1273344703975942
808;0.17194353134142046
809;0.1349665782918809
810;0.140315963434866
811;0.012436719580261513
812;0.19856210192069412
813;0.15573216737003825
814;0.05816005440051602
815;0.1345161322053103
816;0.013755447235702257
817;0.10680777552779051
818;0.01990201017433173
819;0.08063569181139602
820;0.04121261083040398
821;0.11555140387711056
822;0.08559859623276189
823;0.06832459472547237
824;0.17403484336101357
825;0.14675301630715842
826;0.041888905668103174
827;0.14048397868706497
828;0.017234645946281903
829;0.17846687047582513
830;0.15562453168412616
831;0.039790070601624206
832;0.1801999457279158
833;0.09486225318725822
834;0.1605742165885954
835;0.13717809019625357
836;0.09033492190870696
837;0.11433199432724944
838;0.16491283415112487
839;0.07549222087631771
840;0.05166582042458859
841;0.09881738513987404
842;0.11482558601110954
843;0.032171899101945026
844;0.04106550618673162
845;0.14375142886755574
846;0.17138757472664945
847;0.1492677568759928
848;0.037212574533826384
849;0.1513780774815121
850;0.022660951430211407
851;0.15725208691108686
852;0.07047380981041838
853;0.16299677884283456
854;0.18770856555679566
855;0.09717157185701736
856;0.08112418189908421
857;0.03524566450734214
858;0.10361846877980155
859;0.19331161625186896
860;0.08560673253604462
861;0.08562567231064033
862;0.0072354297025643
863;0.09332436263335205
864;0.13540577620853422
865;0.13213239591347326
866;0.19721456296786802
867;0.11629747681856478
868;0.12557808437471182
869;0.015484653553819339
870;0.0940870547578612
871;0.008624666791026315
872;0.1836877357763195
873;0.176587375319044
874;0.19078922762667366
875;0.07825984592641266
876;0.02662871412819432
877;0.19127116798978303
878;0.09014592730852189
879;0.18321281315295876
880;0.1689396963980018
881;0.142755149656141
882;0.12474450492754746
883;0.0020835018778302627
884;0.07194105694559914
885;0.10650498336096495
886;0.16878264999108675
887;0.012988614692119427
888;0.11324418368658158
889;0.021072954210989005
890;0.12847376011615994
891;0.050541763922102016
892;0.0879199208973718
893;0.19261279548904148
894;0.01123785373221502
895;0.10554908048119963
896;0.18905049395645068
897;0.1893761175537617
898;0.0803151606537224
899;0.16300751382682344
900;0.18162833922442628
901;0.1014488458883047
902;0.06801588744241671
903;0.17295000172086059
904;0.13715537084495052
905;0.1936556338297649
906;0.09472381723255802
907;0.19543555981241986
908;0.09285719027018616
909;0.02872998638944362
910;0.06734568096905058
911;0.0419638737775357
912;0.11322472367727253
913;0.15905023257612327
914;0.09987305281515398
915;0.02650103548905505
916;0.019146282933973403
917;0.14040510460642072
918;0.16838971467916003
919;0.14165280045468046
920;0.1349398272000235
921;0.16893255576207522
922;0.0010715813475836945
923;0.04987835327888841
924;0.09802030533233855
925;0.03004497042794947
926;0.07732272868124862
927;0.09452131785172563
928;0.1445839978793741
929;0.12190659423086399
930;0.10864098448019784
931;0.01200294816592451
932;0.08717365851809072
933;0.07398427749510963
934;0.13515122712213662
935;0.06797907442448592
936;0.16317073082937342
937;0.06120793040815449
938;0.0377617145128921
939;0.18906615233256918
940;0.1693012414937827
941;0.16030690586520868
942;0.1940348230123828
943;0.04022919140649093
944;0.11492569346269566
945;0.1581099348898901
946;0.08800107224132554
947;0.149444170770144
948;0.11309968018004557
949;0.19868633623818172
950;0.10176821384964596
951;0.009776626531033106
952;0.15185764978716865
953;0.0729156986681148
954;0.07266173269394914
955;0.11937915859037398
956;0.01787362040926732
957;0.009099138684811025
958;0.17779915832644416
959;0.1358354373281638
960;0.19099367438572867
961;0.0007084235597420775
962;0.15691544687957698
963;0.07862789427096678
964;0.0691621504042723
965;0.1659998130862024
966;0.026156240191037773
967;0.0739867171488252
968;0.09789410707605345
969;0.1292372581225408
970;0.001054929736981647
971;0.13905641047758252
972;0.007580867558911919
973;0.127845657414516
974;0.025628893703144986
975;0.1311452281803389
976;0.04893663141838914
977;0.06066254433834946
978;0.14050923581605643
979;0.1843669732806544
980;0.11016534540096778
981;0.05857897315000596
982;0.04915081137493991
983;0.007954707960049512
984;0.051329080528537976
985;0.08914759386588518
986;0.1833085629240821
987;0.1301003458516829
988;0.07416127254369935
989;0.18996674180427364
990;0.022779147355601714
991;0.05557913069570744
992;0.004532249660526433
993;0.031199740404616552
994;0.13939294732827906
995;0.19254656791784058
996;0.0550602223907178
997;0.04533739555698098
998;0.10776375498844203
999;0.18799119133342224
1000;0.13752295687082822
