1;0.01984291141513357
2;0.048478196797233544
3;0.035426438285593165
4;0.08703194104017757
5;0.003393369393611234
6;0.004355965535066376
7;0.006829627987956966
8;0.051053078620886816
9;0.04078501345031006
10;0.03049507566333405
11;0.08899842651925727
12;0.030042480688641404
13;0.024468432829619458
14;0.034048986007995455
15;0.0076208935171178
16;0.09895203961351497
17;0.04288640828710291
18;0.022937884969862845
19;0.020668902129940304
20;0.04410734881013282
21;0.07758370234863367
22;0.08309944712856149
23;0.07183283897660174
24;0.0387837295660462
25;5.2741614973128575e-05
26;0.06700904517060058
27;0.03803498283848669
28;0.07775591592218895
29;0.05822611033563398
30;0.00047215866340064586
31;0.027926768656842505
32;0.09044093851087667
33;0.0701075228401857
34;0.07090601768978881
35;0.06418189837263508
36;0.019601080873940115
37;0.08534492498173352
38;0.016910350995118863
39;0.03179492075053614
40;0.05755102236581053
41;0.0957123296461785
42;0.038829665765367484
43;0.041204188381092244
44;0.02290278426049616
45;0.018872730498687863
46;0.09711414304151106
47;0.0829996591249434
48;0.0588777869491883
49;0.020371377600808538
50;0.07323339452388115
51;0.0981686137907015
52;0.0027369803197697996
53;0.04743264336354317
54;0.03216583227055023
55;0.09414907758762546
56;0.0006359611024509882
57;0.004929790025002368
58;0.04109937332355795
59;0.07802102555324436
60;0.07515359380998966
61;0.049963016501002815
62;0.0462979275203828
63;0.06903709922116007
64;0.0026831070084342157
65;0.04055726385457458
66;0.07754111388398818
67;0.0024826249179443205
68;0.02352884571065802
69;0.08256987976207791
70;0.07307692127180013
71;0.07630993051874647
72;0.0071079214964680955
73;0.042460294588139914
74;0.06437893869914857
75;0.026721262865912622
76;0.013573651332427895
77;0.025556191058581524
78;0.06995062234239031
79;0.032685808797840867
80;0.020348053288860704
81;0.08376084469627147
82;0.03652396436991139
83;0.09452855818508053
84;0.01255361443648988
85;0.07242488558255732
86;0.07763736152365838
87;0.07055582409847237
88;0.07848001215477923
89;0.06371607735798596
90;0.08112536685491364
91;0.01045504336043125
92;0.08140688001561563
93;0.07482609648161075
94;0.05852817804286528
95;0.010187290912193715
96;0.04002140361472668
97;0.0761498135154063
98;0.02418877639019187
99;0.022793885608962394
100;0.02044257526483182
101;0.021362169136166145
102;0.011444017484323632
103;0.06276453358621238
104;0.038917377600252746
105;0.09880645961551979
106;0.010137360289170694
107;0.06120266522809963
108;0.008923680027965853
109;0.05877966630580949
110;0.03348343454386116
111;0.08687478802310422
112;0.040678462758675885
113;0.05314956923142797
114;0.046994928745953894
115;0.07513361586121144
116;0.09839570821674525
117;0.03898036220398904
118;0.05142028178453753
119;0.050972532583784536
120;0.023733699124363208
121;0.03691713131765791
122;0.05326757490775616
123;0.07754819339278375
124;0.09409515256928502
125;0.05785216289582609
126;0.06316467290982512
127;0.01492860598850514
128;0.07474747312789781
129;0.08690201750051345
130;0.07560404630064074
131;0.052537515878016056
132;0.06484860860435411
133;0.01267565205168666
134;0.08346362043112546
135;0.016631013557560314
136;0.05815572591440681
137;0.014922778130959935
138;0.056676183744407554
139;0.019541153567848715
140;0.022477535925075377
141;0.03313955017582966
142;0.026158687170719497
143;0.008370961927199105
144;0.05619305655982107
145;0.0987609054333515
146;0.05542676386245474
147;0.00754232112186285
148;0.09527403239754882
149;0.01822769389482706
150;0.059065242258344676
151;0.04161388403318592
152;0.02315614576110645
153;0.057178187985329504
154;0.002208033326489678
155;0.015113930437378777
156;0.09844966806302208
157;0.080090199689298
158;0.06998361169327187
159;0.06220374732871614
160;0.07419645644587282
161;0.00011505005154983651
162;0.08747453420057837
163;0.015826128385133555
164;0.07021189291655658
165;0.027341477196119537
166;0.02414148928681359
167;0.007986653988857362
168;0.047184500952512635
169;0.00562767126296192
170;0.021135752763284745
171;0.020953853726140517
172;0.020531286739071022
173;0.05377178048074482
174;0.041235203110875245
175;0.009291572215340082
176;0.04283785180919023
177;0.05878854478202192
178;0.005719912987728049
179;0.09988798357806765
180;0.008661902858546677
181;0.05199658350845039
182;0.03255052092210579
183;0.09730037250126203
184;0.03933794940471668
185;0.030578156630452803
186;0.07469728107594668
187;0.09867117430761362
188;0.06324864864666438
189;0.03611140378253234
190;0.0630262928462185
191;0.06405009869479575
192;0.04614311383604241
193;0.07584946284005206
194;0.030436425427461767
195;0.006148537425865553
196;0.08290855369164078
197;0.09522325793323982
198;0.03534327106030199
199;0.07214601716041302
200;0.04370030698671293
201;0.0662572954881374
202;0.07135641569831225
203;0.033829947988261624
204;0.09302925252195876
205;0.07060137410941303
206;0.06056031025795551
207;0.022230541722532693
208;0.015158410393794642
209;0.019330351072232632
210;0.07879897854832951
211;0.0615993725341486
212;0.04363546641084531
213;0.07844607649865178
214;0.03167469850556376
215;0.004898036978593978
216;0.09877150959725817
217;0.045111161018394075
218;0.08031162769805816
219;0.06826143929654858
220;0.01359622911374815
221;0.028417658367617695
222;0.07322667909944981
223;0.08291349984106677
224;0.09518479653173646
225;0.0035827550565674772
226;0.010574087304340552
227;0.005980931973957638
228;0.07599584742206363
229;0.07988200896133257
230;0.006883102486552262
231;0.03558633711948061
232;0.06445528184069835
233;0.05326837727307766
234;0.04969635699401151
235;0.0945754478331835
236;0.014846600441958235
237;0.004422676270061954
238;0.016303981085588694
239;0.06592765697288673
240;0.08473541288366243
241;0.08139001980048505
242;0.01942586515991386
243;0.051738507442852626
244;0.0012345409560622245
245;0.08242947726678906
246;0.058510136931412604
247;0.023029625930213727
248;0.07281168227992672
249;0.0078016407475671404
250;0.07413222816515862
251;0.001129689861832528
252;0.05030360385782409
253;0.008468663276210587
254;0.05920933536782772
255;0.08617823315396002
256;0.09994864005958864
257;0.048293294652283075
258;0.03293097931089325
259;0.08365547911071551
260;0.03272147813634609
261;0.06979366506987501
262;0.04624766256095683
263;0.019772913167549058
264;0.024173322075344107
265;0.079560422340542
266;0.009316264806893371
267;0.0014028195944703948
268;0.07358725707597885
269;0.08414567464572364
270;0.0670882366737252
271;0.010050799309860081
272;0.07239569905183546
273;0.049029492010251634
274;0.05720002352216692
275;0.06892138630646454
276;0.07148814902787233
277;0.009715568871805592
278;0.042101427928341664
279;0.013867579100037298
280;0.09258846644800339
281;0.03935807754253811
282;0.05710604193728533
283;0.07612906494997125
284;0.04366117075658892
285;0.03764124178495607
286;0.035016279582278036
287;0.012001105125214863
288;0.08409041180661833
289;0.011965412771279594
290;0.028915697540705745
291;0.09693720054174171
292;0.09054318808029115
293;0.0805074809083957
294;0.06954973036520867
295;0.0590324218204104
296;0.05487643705976906
297;0.08171780425310349
298;0.040560628529043824
299;0.06093608003882809
300;0.028449806972109904
301;0.01857853427049162
302;0.09276221461037476
303;0.04397490009056485
304;0.09972534438864036
305;0.0026522407759057677
306;0.02606246957292161
307;0.014495144338257205
308;0.09714002286751548
309;0.039406103527593585
310;0.025524863896761542
311;0.013963354233229242
312;0.07920372600246209
313;0.08865232968475852
314;0.08828050611085564
315;0.09233185075651362
316;0.031088935448008725
317;0.008732324255166369
318;0.026158855928120506
319;0.061355854644208056
320;0.02697663273451988
321;0.06959619686412938
322;0.0009061118951250169
323;0.010285011365649844
324;0.008824810373673131
325;0.07836122320512884
326;0.04795943478117333
327;0.06015594490298906
328;0.042213063935824205
329;0.06933904839533345
330;0.07339894591549011
331;0.011361753910485606
332;0.04394379280212527
333;0.08109192749959135
334;0.06370021213443239
335;0.04755085906135418
336;0.07324507518081294
337;0.04461371660597951
338;0.019115899677709006
339;0.059643087306230386
340;0.008894028198933845
341;0.08375390744869822
342;0.0575553527493083
343;0.017956577941521123
344;0.014001929129378443
345;0.06856069623322436
346;0.07731056520660738
347;0.00811456248779332
348;0.05923145959595998
349;0.08798366958948439
350;0.07925296339164033
351;0.07767871878027377
352;0.006502439652284775
353;0.05577482479743279
354;0.014962508183512925
355;0.0641154223625872
356;0.06795903738736446
357;0.07827403566959718
358;0.07073726284687352
359;0.06073217054645207
360;0.05650763009126099
361;0.04778468251172219
362;0.08725715331337484
363;0.0027864576726034707
364;0.0034706226463815273
365;0.07733424364076413
366;0.03612128018737756
367;0.008604519884102758
368;0.06982322268405279
369;0.0715020503413344
370;0.08950312620745954
371;0.08574468755962496
372;0.02127185256396953
373;0.059085363251093606
374;0.07778779565757538
375;0.07927761870975361
376;0.06695089165878418
377;0.08909793349465746
378;0.047298724208533184
379;0.028219131447911983
380;0.0717820079435406
381;0.07027268661793122
382;0.05644458184929083
383;0.0037799929636029295
384;0.012185921287944147
385;0.002089553714352033
386;0.07598353295139587
387;0.02372843979041346
388;0.0919380773687471
389;0.03301837832126062
390;0.026677028195802956
391;0.018377226292754557
392;0.03298401170330454
393;0.009345297287672716
394;0.09879152908368662
395;0.09258678344193479
396;0.02976675074261581
397;0.008977926167424133
398;0.004339679752818582
399;0.03795585078104834
400;0.043389108598362404
401;0.09684837485086994
402;0.03184572708782755
403;0.02038145859433337
404;0.019016643124520494
405;0.093290008772139
406;0.022896817526654945
407;0.002012704439650348
408;0.023126640042144944
409;0.0655761328825312
410;0.08367553359188482
411;0.018258234189551404
412;0.0697495913198271
413;0.04175120065109233
414;0.0902771806657881
415;0.05134946669207896
416;0.05330149105220358
417;0.059334217900276966
418;0.011958367455835962
419;0.03393818605532839
420;0.09769689991674424
421;0.07662680563332472
422;0.026622932473737218
423;0.006811573906918312
424;0.03332867207260692
425;0.060618737377653345
426;0.06172524878319818
427;0.05160883444611741
428;0.04300310879081148
429;0.09769182372960489
430;0.03156565692835222
431;0.03537129196244798
432;0.053530181305150595
433;0.09465568325798657
434;0.02406865409722858
435;0.07432255498360878
436;0.0698511053450279
437;0.01530754978898844
438;0.06961962741117304
439;0.08978435855138847
440;0.044670545138605945
441;0.0569643939954171
442;0.09206102355253666
443;0.05903203152853177
444;0.03109054160622926
445;0.028722455769167068
446;0.07470051218596561
447;0.06838918481656957
448;0.09971001233745513
449;0.062016010545312916
450;0.0957341405269003
451;0.05445014937909624
452;0.049829718415750485
453;0.04792346528630758
454;0.06968090219932886
455;0.04335897103796468
456;0.06930004229044863
457;0.06997915639330679
458;0.042648708095248115
459;0.043449135360695605
460;0.09213682279333818
461;0.08131369937383054
462;0.044501093684898546
463;0.09266602512781008
464;0.04633976245124351
465;0.09922131908470555
466;0.002556404681770763
467;0.07996993212857348
468;0.04233038628563671
469;0.03564895339704671
470;0.08438567838152558
471;0.022702368911622153
472;0.05206211780116574
473;0.06177393255715711
474;0.08433885112904872
475;0.04128655347851509
476;0.02070589012078057
477;0.07124143633958484
478;0.018198373129015576
479;0.004512757317642591
480;0.056492581459697426
481;0.06838809177949996
482;0.023145841805927804
483;0.08439748403221833
484;0.02903870004698892
485;0.09724756587044307
486;0.06474779581769186
487;0.08227629496550948
488;0.07415285354375709
489;0.03365663654011684
490;0.08629864840840117
491;0.047455943902130926
492;0.03777990645891935
493;0.019843409508249688
494;0.0761600005816134
495;0.02653457925695645
496;0.05282124548340883
497;0.052917753385296376
498;0.010033843564528145
499;0.05814585221699904
500;0.07892747094797413
501;0.040567509904414045
502;0.07055717351886878
503;0.04346190980943579
504;0.09633662227968409
505;0.057089181251063575
506;0.03640641437666225
507;0.02050324026570558
508;0.08132753997570054
509;0.043060083296490206
510;0.07409200176338417
511;0.04416280121577352
512;0.027544430174872438
513;0.05060524658869502
514;0.08538201837781191
515;0.06486886572720217
516;0.019109527058689603
517;0.036611652360179374
518;0.005802254116509565
519;0.0461252029441965
520;0.08276126072648898
521;0.0369781464655774
522;0.09875476834369903
523;0.022144203673607612
524;0.09367035237346591
525;0.052748501917690684
526;0.002459505452958688
527;0.05653684581962575
528;0.05891425875335832
529;0.05278366738405013
530;0.06856550967856531
531;0.07074163015268779
532;0.075034215958874
533;0.04953557994075805
534;0.026517244998823977
535;0.041190217881141855
536;0.05444446107399125
537;0.05384382549032116
538;0.09598852266913073
539;0.0024107040648746695
540;0.014527397698837641
541;0.09998482993643436
542;0.006915233431065083
543;0.01905591971804507
544;0.003702650436470967
545;0.08345812992895243
546;0.07802806416098663
547;0.07431827694968245
548;0.051466707646382594
549;0.09375940937884625
550;0.004703748538433462
551;0.08358677742540341
552;0.0774933444972167
553;0.06291281624355978
554;0.07070226788781152
555;0.05522638446112824
556;0.006802908610029724
557;0.09045622104934752
558;0.02200502744663051
559;0.0939506919203721
560;0.05164724212640767
561;0.07973476091696209
562;0.00410293852309992
563;0.055007370765133595
564;0.0640048314471465
565;0.09131054348018124
566;0.061759943038842524
567;0.06192742239943584
568;0.08033718439857879
569;0.0940877304124986
570;0.07727420855898301
571;0.018545672124240298
572;0.002081781227987223
573;0.02528584610455442
574;0.016768442305380927
575;0.054920935499199214
576;0.07918290415490895
577;0.020906870488284934
578;0.07953128642816612
579;0.026364687419023647
580;0.0889106342378663
581;0.09272688067586526
582;0.007907156495409007
583;0.055466871158085275
584;0.031852990608114966
585;0.08378795210955324
586;0.0336164344418842
587;0.012694947773930477
588;0.019337736252515683
589;0.011610371997159431
590;0.09383105067211836
591;0.019552754209846947
592;0.07653197612787024
593;0.07292138840759413
594;0.03207980120497067
595;0.056606063566224045
596;0.04730778693560822
597;0.02643202497771311
598;0.006846273187890217
599;0.060150235292824206
600;0.05587286746590964
601;0.09015162093636167
602;0.01762682867986275
603;0.01247794100628631
604;0.05889066904463641
605;0.09484792160392824
606;0.08399381044306851
607;0.030865567650251703
608;0.018771523774839673
609;0.03460229934658399
610;0.09531097023750859
611;0.040044742599607136
612;0.03487657229024795
613;0.01593038376549355
614;0.04669665711541662
615;0.00349938617695148
616;0.08502619827282124
617;0.08944637890828219
618;0.06857523072071474
619;0.006469342269056544
620;0.009723086373169265
621;0.04198172463671358
622;0.07476717468270486
623;0.03312540702989249
624;0.08065144373749579
625;0.08051763140499837
626;0.08385623491585226
627;0.08175938587462454
628;0.04029353241233572
629;0.046794258101222896
630;0.024898952204677263
631;0.025310793987228533
632;0.0436528468680997
633;0.02493360058130605
634;0.06709470107831626
635;0.04518121942646023
636;0.09506841000755063
637;0.013524147228770135
638;0.06921213088614571
639;0.04883944048641686
640;0.005359397681062162
641;0.06925728113452696
642;0.09116140539948364
643;0.011331746454230286
644;0.02749782706164197
645;0.09542030953176776
646;0.058976871604452176
647;0.023948723715610677
648;0.09870805476930572
649;0.09132303943864806
650;0.07740978305159013
651;0.049511830700181496
652;0.06690713215561554
653;0.041037979012029394
654;0.04761919634888874
655;0.08653548555044384
656;0.04288797300846656
657;0.006674006102306874
658;0.058791892039188914
659;0.012007258355727147
660;0.05721236047068479
661;0.07148217671120087
662;0.07064711529662066
663;0.02034382434876756
664;0.053955146368817666
665;0.04906131519992804
666;0.0011838763519046447
667;0.04640637946115627
668;0.06053189505684198
669;0.006244683881065561
670;0.07021409450564253
671;0.018017069480869032
672;0.01294967972446427
673;0.07339439259550053
674;0.05067176409835788
675;0.0515461212771141
676;0.048579713280302875
677;0.0963655030577138
678;0.06373146403954622
679;0.04110148963973558
680;0.02025756640321127
681;0.09682297041726905
682;0.06358906675907065
683;0.09375736927052751
684;0.06962380497567465
685;0.0865060477660597
686;0.0855593749180865
687;0.062384818063419945
688;0.002466875479762465
689;0.045184570227922494
690;0.06935288294292127
691;0.09161898803105598
692;0.06700794338251469
693;0.06473849851489437
694;0.00990396307970819
695;0.01722711462889196
696;0.03514140375882804
697;0.014327290634673397
698;0.07099958236773578
699;0.008443401111651773
700;0.052925610062734565
701;0.06705457180361386
702;0.09720546109764794
703;0.0469892065393707
704;0.052257515298263425
705;0.0109815603067009
706;0.05361305806776957
707;0.0928976882502677
708;0.011057630247876217
709;0.09647482729605783
710;0.026324972757350684
711;0.08965494208671529
712;0.08416870785104812
713;0.010390347447697179
714;0.039115275277556406
715;0.07042641737978031
716;0.007812310965627423
717;0.04800579565171109
718;0.09276554391146928
719;0.0622448657165391
720;0.09655115515396219
721;0.05565566642182107
722;0.0992680094324869
723;0.04774980599656742
724;0.0028903474779072625
725;0.033389896290539504
726;0.07263662342882142
727;0.04624935058993751
728;0.08408699784784851
729;0.09206771218621787
730;0.03411036839788994
731;0.07699652352887064
732;0.008901957252189596
733;0.012666251325362976
734;0.02518280765872105
735;0.08428811361962157
736;0.09380821484172051
737;0.03379468665679308
738;0.0930631458679716
739;0.04312468982751411
740;0.0936065458268624
741;0.03190252257465317
742;0.04032567566620759
743;0.0583774562730383
744;0.0692474249721075
745;0.03450945163706572
746;0.08492398931330587
747;0.03689618436357034
748;0.036040228919904514
749;0.043112927669225004
750;0.06245213441896411
751;0.09260892988828541
752;0.005360246827763937
753;0.05487485028243292
754;0.03827054040364402
755;0.06771668531072293
756;0.002372594572630138
757;0.07876773451641043
758;0.04329693747133158
759;0.07471206630146159
760;0.04420362601715853
761;0.02750145922653562
762;0.004515430014342148
763;0.07825213506674433
764;0.07968189922016881
765;0.0846775479093696
766;0.09213674307952747
767;0.005781989044714531
768;0.03698661413749165
769;0.053008079414464115
770;0.022357597866489377
771;0.005813422567055093
772;0.07670627510222836
773;0.05108191003236354
774;0.06992673706852622
775;0.09352466702592556
776;0.005506672780998912
777;0.036984098625275574
778;0.0995963710938
779;0.040776109713696496
780;0.056554396678428154
781;0.05335297783814008
782;0.04307591888973447
783;0.09643323916214012
784;0.0040078854841677615
785;0.05894408534567691
786;0.05263010465960815
787;0.05040712607785615
788;0.00693397441482323
789;0.07927750327913341
790;0.019586587821960644
791;0.017915567900666375
792;0.015937725568289953
793;0.06640972901256043
794;0.07602846183632107
795;0.0016791248752071053
796;0.09578969820909017
797;0.00641089517566662
798;0.08819350572095597
799;0.017723130189018256
800;0.058911899363434654
801;0.02094557698403158
802;0.05227596025108203
803;0.040189486405865296
804;0.005215508470446129
805;0.07027894393373522
806;0.09232540127469191
807;0.0018283746948509984
808;0.09433572718606716
809;0.08050744775748675
810;0.043793084222223035
811;0.08201322320828192
812;0.03147135543232345
813;0.05789812333444508
814;0.06446729436040459
815;0.04622379229460974
816;0.08099919007873208
817;0.009163041261418236
818;0.02506163871016495
819;0.09999708059799645
820;0.025596264288780337
821;0.0625306720805937
822;0.04641356808700693
823;0.0073672028454987775
824;0.052716614586922055
825;0.04521070957137729
826;0.07800095109579973
827;0.016534118705913824
828;0.03894343274108206
829;0.009103194704633189
830;0.07118218659386207
831;0.0566365238530617
832;0.06537911935499656
833;0.031200266785258446
834;0.013849205831019985
835;0.02102413480758545
836;0.04276766469792379
837;0.05751401307931819
838;0.020382411511484455
839;0.09993613013418037
840;0.06053859363008485
841;0.09508997181206957
842;0.008964478682784506
843;0.02183672686399778
844;0.08250561452368255
845;0.06570910887923821
846;0.043344063739635175
847;0.08286310048694821
848;0.08344944015426153
849;0.06792191429590803
850;0.018434747609770052
851;0.08646748363219348
852;0.07123798367689867
853;0.07372282652255935
854;0.0670386630049011
855;0.013671668098231027
856;0.052410314187320776
857;0.04351891674588559
858;0.05869012933588125
859;0.09375964420341479
860;0.052660873130244805
861;0.07259881443211162
862;0.03304553155973854
863;0.028739544318870894
864;0.0223297997572531
865;0.05789639618554785
866;0.08212642468758385
867;0.06165378767542676
868;0.09643864595511013
869;0.061901498487206136
870;0.04542532036284424
871;0.03371933544825458
872;0.07017334218743396
873;0.09414265855249543
874;0.07683966095484357
875;0.079468505872924
876;0.09342633139655837
877;0.021648625837337468
878;0.0392008196048435
879;0.063353129029089
880;0.09410452546096205
881;0.009579485698361201
882;0.08187969190601631
883;0.08628946584275543
884;0.04123775239613791
885;0.06902382673551057
886;0.09622101147838996
887;0.019018313648398535
888;0.07039441337676429
889;0.024767406132506067
890;0.03324260057349661
891;0.08223963593048837
892;0.09178658960186681
893;0.05301405483676298
894;0.05914173961117908
895;0.04622278686899964
896;0.03463084628793728
897;0.09614219015681069
898;0.056784069085581805
899;0.06274165540265013
900;0.025284596799481963
901;0.0758492897093252
902;0.03345293251661837
903;0.007804580896940139
904;0.04202736028650055
905;0.0948778069081709
906;0.03813504100559997
907;0.058352857796800585
908;0.004286886288410052
909;0.09458493580109723
910;0.005458366009365079
911;0.0411855304249818
912;0.06620669504530334
913;0.06922017572616969
914;0.05495588671078482
915;0.0005476627899082542
916;0.02391758116278272
917;0.05832652931680014
918;0.046886606726748915
919;0.010955189108379738
920;0.09560460831481
921;0.016065980843381577
922;0.02454864375538515
923;0.07396444749221215
924;0.025421045350119964
925;0.07074612320853439
926;0.0009306832230423945
927;0.08249287456132862
928;0.09548594149394758
929;0.03533886493557448
930;0.07071575217383501
931;0.04366223309947203
932;0.05121783103549378
933;0.024355452371308418
934;0.039483404645321366
935;0.05559076922158995
936;0.020315678538073523
937;0.024913317800799018
938;0.03358424452845027
939;0.09495982806939024
940;0.02032669784512461
941;0.001830067999386531
942;0.051911007808449865
943;0.029308563136617352
944;0.05579394640002562
945;0.02489631112079396
946;0.008953351026619483
947;0.01570882343580432
948;0.05094453835912852
949;0.07632672547476364
950;0.0978348411035026
951;0.06774275412468554
952;0.07962840429975604
953;0.00663067886057599
954;0.051955101234592176
955;0.08342671185882425
956;0.0685442030929007
957;0.07706657064973788
958;0.009952128549119555
959;0.054106500299845865
960;0.06807681981875723
961;0.0738651433520585
962;0.05539572530409495
963;0.01249767939853731
964;0.06408608752006148
965;0.05854773095499978
966;0.0424112685214959
967;0.05530765866428501
968;0.03511253238334733
969;0.07887032706583844
970;0.029403661462003718
971;0.02914184632921606
972;0.02004655294564526
973;0.030290050484862354
974;0.05965356242567236
975;0.08371730306095287
976;0.05835756970217683
977;0.0715919962921328
978;0.08217212986322524
979;0.022136037974320722
980;0.04705104321240566
981;0.09313967995223192
982;0.05104842604299248
983;0.017587703969207693
984;0.0019653719117759373
985;0.09074790789350656
986;0.03862292067239185
987;0.03665188890980519
988;0.002407647774634092
989;0.07182245144241649
990;0.050880184828907216
991;0.005623903604520509
992;0.09499468506325473
993;0.06316113343301451
994;0.0373763000858788
995;0.0639237559278499
996;0.03874610844346121
997;0.031761612935215476
998;0.06312948520359433
999;0.03636570440484278
1000;0.07527237795421658
