1;0.0843998949247845
2;0.07317629977134621
3;0.056015585446708385
4;0.00564665619714202
5;0.07155454092989653
6;0.06601937240483462
7;0.06708923876488071
8;0.0847709849821388
9;0.04489296514214228
10;0.047488446444198675
11;0.09317015389822782
12;0.009459252426869692
13;0.05295618250046168
14;0.005268974561672912
15;0.09157269481218101
16;0.06518984537738204
17;0.057360002444587145
18;0.08818807164045302
19;0.0007413250010500195
20;0.027591147188506672
21;0.03150082598182378
22;0.010200602332681297
23;0.09416020619649815
24;0.07523418647417485
25;0.03703248321803559
26;0.08299331141897691
27;0.007954696747316359
28;0.06964659699124723
29;0.09050755368547492
30;0.049912932080273004
31;0.03916715121686645
32;0.08825525539999476
33;0.04705634849534707
34;0.08343315648037375
35;0.09953902339395361
36;0.038535186792737874
37;0.035935360962435506
38;0.04164402381637516
39;0.0960284799136058
40;0.08283212916140008
41;0.08226132877679626
42;0.037931132720694594
43;0.05564417147727492
44;0.059436195074068846
45;0.09047311877668487
46;0.09758624979349279
47;0.008879334696815278
48;0.05860984387159125
49;0.08133359553410693
50;0.0028005606705122756
51;0.08353254523672955
52;0.032863799981706486
53;0.061576348947837325
54;0.024394819926630774
55;0.058171404429888364
56;0.03423510607273574
57;0.08940022012938913
58;0.06911856367874247
59;0.07065822713913188
60;0.09299938054123665
61;0.015502377359861508
62;0.09696513549402508
63;0.08479880014104477
64;0.05918026559272282
65;0.0827218110703822
66;0.026874924454679684
67;0.020097593774469805
68;0.026346891539061525
69;0.08189495669236228
70;0.06746325664924868
71;0.07984994807096629
72;0.04568126864934571
73;0.07382885128476678
74;0.03247448083082877
75;0.01759627252875422
76;0.01068496258454903
77;0.03410555482212552
78;0.0014146870429877613
79;0.09826721955816169
80;0.038574063923365404
81;0.03842908241155111
82;0.09585572930997249
83;0.0008096149204429581
84;0.043593297327213155
85;0.08593384200126564
86;0.030001965562592173
87;0.026381435345208926
88;0.03248176071167073
89;0.017388827359712533
90;0.025579461858654663
91;0.06573315526260406
92;0.05972612450731969
93;0.05045042270738368
94;0.032796637520785765
95;0.0018846367969161506
96;0.013351238800257272
97;0.0018158040821570243
98;0.07679014260263428
99;0.01867467230173623
100;0.06842865893051527
101;0.06211465396627294
102;0.08012820421844119
103;0.009896311628562072
104;0.05911768608114028
105;0.04037644979813907
106;0.059161141097947914
107;0.062330240836345065
108;0.035510666522867475
109;0.035624478874937915
110;0.041544831132985405
111;0.02576215857903178
112;0.099445687938441
113;0.036782314142370175
114;0.01188884793783075
115;0.033940391700211604
116;0.012038298206267773
117;0.00012155832423678127
118;0.08438325974462256
119;0.036422302481790396
120;0.0041780114464633365
121;0.016490333443125695
122;0.03957644496212475
123;0.08333031868364521
124;0.04832532126180174
125;0.044485249892019844
126;0.04162896329767107
127;0.0998170803229138
128;0.07948403600172288
129;0.07252302714076585
130;0.07342932182251916
131;0.08128408565504734
132;0.045622669930462406
133;0.06272450650467189
134;0.045824644602777534
135;0.007521550352975248
136;0.07885504173638125
137;0.0859328361388842
138;0.013536038841712117
139;0.07410220558281967
140;0.0481431876358054
141;0.012729147274804998
142;0.09748642707924932
143;0.030782104622506815
144;0.01756499693316236
145;0.03105679793885624
146;0.07381851729560075
147;0.05769418833589235
148;0.01237299350365444
149;0.021903924425704626
150;0.03253812016958154
151;0.03852431693491251
152;0.05718468380854093
153;0.04363976394829792
154;0.016528720187722168
155;0.08333642584578797
156;0.07954261625125399
157;0.09670942539679574
158;0.05506183026885452
159;0.07308078313061206
160;0.08111516313893037
161;0.026104698993459397
162;0.008013094985320646
163;0.0714131385977505
164;0.004988207949452573
165;0.031499639909913536
166;0.0010522298103631145
167;0.07041650807994419
168;0.012699438800841146
169;0.047859000173044224
170;0.06592738078442086
171;0.08082273070080681
172;0.004927233280510524
173;0.049367385992925464
174;0.09111610732174241
175;0.08973037640260866
176;0.03489049837568714
177;0.08317375617709027
178;0.08778585037013845
179;0.027288663961415174
180;0.05242870718718965
181;0.011336100036595298
182;0.025702930935651548
183;0.01224529936910308
184;0.06116805414075584
185;0.00830270006851479
186;0.019688324182566552
187;0.053880350520354
188;0.09344345391935927
189;0.012223453446445133
190;0.040916558189547717
191;0.01318752468128922
192;0.06142376845091688
193;0.06643322299598353
194;0.02322231599932484
195;0.01770091787070228
196;0.028243253892319155
197;0.05296035714661135
198;0.052720555883771905
199;0.07976069730636105
200;0.010583035943520724
201;0.05054062742379478
202;0.05148396981337449
203;0.05399702358113289
204;0.05728542066974908
205;0.05045542441720568
206;0.03690481254551027
207;0.08464465753552249
208;0.08126177450578692
209;0.009866696695385414
210;0.08219510219472853
211;0.0836344288112984
212;0.01640971036617934
213;0.045270105610563986
214;0.05719340846233859
215;0.046175282615958435
216;0.07901259356790104
217;0.045390380352508454
218;0.06514244830640922
219;0.029308958852852642
220;0.08282516345149184
221;0.041717714181838554
222;0.0941592203814735
223;0.08701518290790629
224;0.024524454290317566
225;0.03549326368987448
226;0.09318253855556674
227;0.006115262850163406
228;0.0147651306394621
229;0.09189784202654953
230;0.016949393272745496
231;0.08679586478730006
232;0.03154661488398958
233;0.08215172513580771
234;0.033337385706579674
235;0.023737302735428557
236;0.06678492974604482
237;0.020206517531403713
238;0.005639254751014178
239;0.07162440223594436
240;0.012947926958300326
241;0.08536750270348847
242;0.03513489613093292
243;0.05591557633721326
244;0.022382751558539384
245;0.01854922277950846
246;0.04951872616231843
247;0.0003343291951446115
248;0.07755017813747007
249;0.0372078320611851
250;0.07841127549191612
251;0.04234240518230667
252;0.04448319900053721
253;0.024718088872156888
254;0.04908977592998727
255;0.043244129189765425
256;0.04783823573490459
257;0.008806895011755966
258;0.07325732635756348
259;0.02521875507340078
260;0.07294486227061149
261;0.07410130251464328
262;0.09075032382732404
263;0.019794327005130775
264;0.0498805917800776
265;0.05222037498817794
266;0.002810107753644953
267;0.06340120440217564
268;0.09031833463964924
269;0.08906260910025748
270;0.01156935508050584
271;0.04779158117344421
272;0.042301015551801324
273;0.07651407154964066
274;0.05969717958763085
275;0.04614362359118929
276;0.017176422549201733
277;0.009621865619542792
278;0.07751687767443922
279;0.058472349368706406
280;0.006831160957281136
281;0.05904605443343533
282;0.05585407168652046
283;0.09833997866544232
284;0.09872417718774476
285;0.04946759980115483
286;0.05160507486190949
287;0.027562799235554315
288;0.034479135097666314
289;0.026231107440084944
290;0.0627234790596484
291;0.01175975276568978
292;0.09048249215610601
293;0.03556000396431449
294;0.00024168054565453236
295;0.070142773963009
296;0.04527317235480363
297;0.03477207215950567
298;0.025887676414187558
299;0.08750872176235006
300;0.06562752286250144
301;0.042640901563694156
302;0.06849753832262462
303;0.006560663017685176
304;0.0925980153691458
305;0.011705070106817895
306;0.05460974999424561
307;0.056523311593366814
308;0.0007162902636270064
309;0.07825867967915276
310;0.07892886813950716
311;0.012360819408370161
312;0.03971500428779019
313;0.05391065454103488
314;0.01739381461305114
315;0.04408058015189009
316;0.01713256575919343
317;0.08653056047265517
318;0.0072478708529808535
319;0.009817428966431396
320;0.011863791074930831
321;0.0668130161418609
322;0.05260513670941898
323;0.05176893561361512
324;0.0002905907740689773
325;0.02505466151534277
326;0.07628635907921517
327;0.06881537297830252
328;0.03529306064107556
329;0.0262336905341659
330;0.09941833692947234
331;0.012590250534317749
332;0.09124250222487702
333;0.00909216632332206
334;0.00431680892852222
335;0.022643047565849995
336;0.09027753073544999
337;0.00521411341662017
338;0.07756132820869546
339;0.017372041218859168
340;0.04094680992320998
341;0.07611300472560098
342;0.06582023773705198
343;0.02084857856330572
344;0.09460380115089702
345;0.0026138166623850493
346;0.008098221210290723
347;0.010711616727641371
348;0.0671996182012167
349;0.04859071961058851
350;0.03773416067065071
351;0.03603537639214647
352;0.05855055373464668
353;0.02658716302701274
354;0.016868078848703318
355;0.006858762171987532
356;0.040238574331844204
357;0.014791339770007395
358;0.029291317226520577
359;0.018718424214880316
360;0.08532609617070497
361;0.05673585228413052
362;0.09241914202405509
363;0.03090942581457089
364;0.01357831924260835
365;0.09487892846894007
366;0.0716731861463798
367;0.07755785711822849
368;0.07073212381585912
369;0.08335843303088486
370;0.007587443218962775
371;0.04730951567857308
372;0.058343504589113686
373;0.08575541933452482
374;0.018189222269362572
375;0.05233182807074463
376;0.057581210696516075
377;0.05373997558041637
378;0.04155493187791166
379;0.0026308379957516006
380;0.0025487130480399637
381;0.07964787959507222
382;0.014324532772211618
383;0.05826122688336079
384;0.07987851605186749
385;0.0019545811929698844
386;0.08482327384303712
387;0.0880510553035068
388;0.035600360646871235
389;0.08757148841424982
390;0.0657947673291761
391;0.0865963283777153
392;0.05993116014899372
393;0.023731910445729944
394;0.07352825448265542
395;0.0011786828680211638
396;0.06160996247332095
397;0.008505988888365124
398;0.033508804366560986
399;0.07136221705797839
400;0.03428104963571221
401;0.08412580546057032
402;0.08509050515559945
403;0.03975699165023821
404;0.03737687588442762
405;0.06035214445218409
406;0.047468525267344686
407;0.026993265060633754
408;0.04920168069964797
409;0.07080105453332161
410;0.007992333222953507
411;0.08758579434465757
412;0.05156559835848978
413;0.05702989661879013
414;0.022594774885117887
415;0.06760722907976992
416;0.012206201772127634
417;0.07812366810797573
418;0.024742809337264117
419;0.010431168174076001
420;0.04460965167177098
421;0.041673250201459615
422;0.04083708677671813
423;0.01793837882048188
424;0.008011611714398693
425;0.08701132135845627
426;0.026875345339747194
427;0.02341036316677532
428;0.008252298407347291
429;0.04748529729829607
430;0.07787019321526895
431;0.04691805017838664
432;0.03332904984850449
433;0.017560911894273713
434;0.09789341178496766
435;0.001957413593936752
436;0.03317937627604518
437;0.07911109562107965
438;0.04117058913398223
439;0.09336072232690168
440;0.002291847752731957
441;0.053727144042355734
442;0.0438815851582767
443;0.05526710420486339
444;0.0332300575756313
445;0.029422249330599407
446;0.006516304661297434
447;0.04988591079252226
448;0.02100124713290995
449;0.08553481273225974
450;0.07383843404282954
451;0.003436460939928532
452;0.09840281222150395
453;0.07098810331847799
454;0.010077973950858432
455;0.02211991269243309
456;0.01615174658700591
457;0.02186851157961042
458;0.06990410287824116
459;0.014363888429567718
460;0.09294046203336288
461;0.054683965393361206
462;0.09763309431135381
463;0.09014397365609131
464;0.027499566296672374
465;0.003385421598759242
466;0.07720180157972235
467;0.08896944470439033
468;0.07091547520599978
469;0.024690068667302636
470;0.00779244136165721
471;0.05555425477986038
472;0.07842585712713951
473;0.028762650594519282
474;0.008053996305699052
475;0.022941201793233147
476;0.08673323433432546
477;0.04697579952614553
478;0.044279202203935754
479;0.08933881048516097
480;0.048359148405123564
481;0.08452784767845989
482;0.016640401461397527
483;0.002051991866285685
484;0.06855682015129803
485;0.012766078960272676
486;0.07647808164445787
487;0.09756722526818425
488;0.04747503673213269
489;0.04546500150994001
490;0.0021570386673794516
491;0.019430921554584913
492;0.03830328355409575
493;0.08992570207063955
494;0.02444872084374744
495;0.09016237364226824
496;0.09481484856191409
497;0.035176644586165276
498;0.03272658936849198
499;0.05711167725040614
500;0.04759105187421911
501;0.023727321068644714
502;0.07248929914205632
503;0.0886227868586307
504;0.0017882481635819293
505;0.03866647562860046
506;0.029247079357183972
507;0.0649382575200937
508;0.03218883591871048
509;0.03842010340209894
510;0.0389621385953444
511;0.011082800615717836
512;0.05138584948586951
513;0.01425689854376302
514;0.005347749014337222
515;0.03144469229267475
516;0.03647777137281943
517;0.07783732883863037
518;0.035906860097513385
519;0.03994647619740287
520;0.010493813246889873
521;0.07097843697715754
522;0.06265487239210436
523;0.00655899506888471
524;0.07260246783097928
525;0.07170559551075782
526;0.04519907153501304
527;0.022837421523250957
528;0.05926525708432767
529;0.0888106060281561
530;0.01370280760951962
531;0.039037363960097785
532;0.04453986507762177
533;0.05100446420064796
534;0.05817911485684153
535;0.057433550744251466
536;0.028177844272353838
537;0.005242974579636794
538;0.022380359993351195
539;0.020811006015878056
540;0.03182634965850482
541;0.011041104723074591
542;0.06569675588513747
543;0.00012514672368306725
544;0.023073628499567945
545;0.07647890316518959
546;0.046448650727600384
547;0.05566294664671659
548;0.08159171203106047
549;0.05605577863141579
550;0.060024941002783695
551;0.0106799420106105
552;0.07982365008775527
553;0.022347579595790524
554;0.0698948915780334
555;0.008041167301162699
556;0.043520313349708385
557;0.05778514446526531
558;0.010480000452516049
559;0.06302675941890828
560;0.06838076212305774
561;0.08628080989694774
562;0.022485263094138532
563;0.03192538923413653
564;0.09734812373667934
565;0.0744743980359325
566;0.058710112452382536
567;0.09548353920986505
568;0.04884171712871606
569;0.014534018914609271
570;0.03816515591013806
571;0.025617284221808347
572;0.01982336561161582
573;0.05290063598421553
574;0.03847351559661025
575;0.03289805919866634
576;0.026075461454039994
577;0.06243715383415981
578;0.06505269814024975
579;0.01083372608935792
580;0.0868266451829672
581;0.06083725476892226
582;0.08409018454249591
583;0.07435552992008504
584;0.05114997524478572
585;0.08669526759429456
586;0.08237201821314459
587;0.08893583171106127
588;0.08799067123263768
589;0.04619369372620043
590;0.09503602536150842
591;0.022959774837348623
592;0.09545480850953836
593;0.04035578043517152
594;0.009870768296322508
595;0.0057222838095642775
596;0.08314202945958774
597;0.03149962311607742
598;0.03481323959775669
599;0.058589875757063405
600;0.0664102112137078
601;0.018074871755841215
602;0.09186795430557955
603;0.09993514521871684
604;0.07377088157162123
605;0.01994964027357803
606;0.07651903522291946
607;0.026989513650758523
608;0.07791671175776173
609;0.010984650851192669
610;0.08605759814519132
611;0.07137715823335943
612;0.07060658226168175
613;0.057639406219234725
614;0.008606531238536486
615;0.03198098406319105
616;0.08593867945472944
617;0.09675330727461579
618;0.00793719207268957
619;0.036991929985465744
620;0.010225651720477947
621;0.0023560805721890344
622;0.06383201474317944
623;0.044176922402031284
624;0.032531555367002744
625;0.09215861259648893
626;0.02788585687299118
627;0.03170627765489259
628;0.04168650473076396
629;0.05218389778335833
630;0.0341218037913699
631;0.04067790847629216
632;0.032963575161784935
633;0.01445680454315388
634;0.000457194291682872
635;0.004776019137771027
636;0.079029346595217
637;0.09688209444139147
638;0.045082929207408154
639;0.042190700999637856
640;0.02558126832965454
641;0.049096364261429215
642;0.07778688337122064
643;0.04891161802183075
644;0.0018039859725311636
645;0.0975464548069131
646;0.08894455696724628
647;0.00882568096145575
648;0.05632727503439322
649;0.09112220953768481
650;0.011837779051039322
651;0.007159593004919929
652;0.03290416199993723
653;0.06867183843055456
654;0.09494283661970987
655;0.030336788445845878
656;0.01794444389201514
657;0.02161000707671175
658;0.011294337542330113
659;0.04076017238706575
660;0.08233323592326429
661;0.007802808497183622
662;0.03835915736589327
663;0.0810297379627578
664;0.0615372619828137
665;0.09015246961441385
666;0.026345059122135406
667;0.05596590471404429
668;0.05903368344542952
669;0.0787435135412101
670;0.040800847524089204
671;0.05939888620947516
672;0.07647092117990929
673;0.06978397985727498
674;0.05487892196746963
675;0.0213109427236433
676;0.015012045634302707
677;0.0525924692763072
678;0.07538820816939089
679;0.07556164546435862
680;0.07759836425462427
681;0.003455023696765858
682;0.06372683343935398
683;0.014200428677579613
684;0.06755508385141874
685;0.016589638637443994
686;0.027789592910177675
687;0.005082730798982704
688;0.09095082445162257
689;0.02042320295188641
690;0.02471114375919277
691;0.008660818711906172
692;0.03769506320112386
693;0.011056825437442009
694;0.07890526114730724
695;0.03462210066855801
696;0.09713024681013122
697;0.019963895730986406
698;0.032106518171866626
699;0.027721046868755164
700;0.011876645526082875
701;0.08556196818509815
702;0.05252918977398076
703;0.04271992720222119
704;0.07899790869557281
705;0.049217787847291
706;0.020014997104491408
707;0.09238106687100846
708;0.07119072890149546
709;0.0014262362193643852
710;0.01968322862302633
711;0.024170727509487358
712;0.030779447158485553
713;0.01693682612006564
714;0.010187106477492226
715;0.09423334949776647
716;0.02101005893711194
717;0.024441989358862562
718;0.04697326600832385
719;0.01743699838738738
720;0.003140405095564325
721;0.046598291997345054
722;0.009752077674587767
723;0.061513966169692375
724;0.034772594131661776
725;0.07190085647890092
726;0.05382093174105848
727;0.00713172377664143
728;0.0070651945017037535
729;0.024635760011596897
730;0.09342184769775
731;0.07886178189074428
732;0.07995397019547992
733;0.06501510961858432
734;0.012825857307376743
735;0.04417606943942462
736;0.015411839239331582
737;0.08372552699688773
738;0.012914471202251844
739;0.07163996107051822
740;0.07767773745487294
741;0.052510484489338594
742;0.05165335581812069
743;0.049566383538138116
744;0.00783847903929229
745;0.09354535939818319
746;0.01935923241558194
747;0.052678721432032706
748;0.0999431793135423
749;0.001938178044630723
750;0.004804613920801704
751;0.0012409531757699766
752;0.04148061980876932
753;0.010097292502280975
754;0.08558934214999266
755;0.06024780448260297
756;0.061906625458497136
757;0.041480972719079606
758;0.003933018768444963
759;0.0717985054876105
760;0.05653143411775452
761;0.04335449489434212
762;0.0379205709006876
763;0.0416929539469311
764;0.0898085986516499
765;0.001968415010719615
766;0.06514414285789115
767;0.01067725410722027
768;0.046989334675237485
769;0.022646503794770324
770;0.05902929084040605
771;0.0898494878689558
772;0.0031267991502265894
773;0.02903183769531359
774;0.0921094848025305
775;0.0508725848711292
776;0.060823622023728985
777;0.02455119388463759
778;0.08322619939464805
779;0.020324509030577222
780;0.03763160374473023
781;0.06189936031700036
782;0.011420060021865587
783;0.036733280097027636
784;0.05249577841138479
785;0.08776297790202015
786;0.0720029951424953
787;0.06474343519326231
788;0.06438270636489345
789;0.01424501129075364
790;0.02234883026880651
791;0.02102440551236774
792;0.030748483686722762
793;0.020700755439641384
794;0.0038216559225366154
795;0.03106602236711903
796;0.002798591908258286
797;0.0027409208034937186
798;0.08823555817113189
799;0.09776337039850018
800;0.03617965566271771
801;0.09350270448691937
802;0.0017069689056029569
803;0.023812769410183867
804;0.041832615057218275
805;0.038136143859626076
806;0.03305816569403313
807;0.04083190616979643
808;0.09984554982919203
809;0.06098702328450345
810;0.09673646746379794
811;0.03626377943110725
812;0.04376570906881218
813;0.008550587509229447
814;0.06277139654333518
815;0.06480732340145272
816;0.041261424881995246
817;0.01709025114120041
818;0.024645566009331044
819;0.00317904177137931
820;0.006566014477719918
821;0.028719756633797423
822;0.038911079538285924
823;0.0002406419806755711
824;0.0024040980762978672
825;0.04419377705764001
826;0.053190449507369
827;0.054365147832773665
828;0.02152674249458876
829;0.088178206311311
830;0.0373397160981593
831;0.09517403036191323
832;0.008862512550837365
833;0.05641377014101261
834;0.0929298520473051
835;0.05384849764234764
836;0.07329527267950164
837;0.012688942853027975
838;0.013583059884921856
839;0.09891934286196913
840;0.028116899243887675
841;0.07703992129559747
842;0.018795768098087952
843;0.03143803189228056
844;0.03252464895053299
845;0.006447856993195023
846;0.08476352753820482
847;0.09053247381318191
848;0.08154644717185512
849;0.08425545878300746
850;0.02408275934459212
851;0.04594341698324403
852;0.07705325291535763
853;0.0906163951141673
854;0.055744616434442146
855;0.03562426823828615
856;0.012773505574530986
857;0.0637584799970911
858;0.06505256012616072
859;0.04351327315938554
860;0.019909803092319725
861;0.08774944575413979
862;0.07102905927609558
863;0.00843838331172847
864;0.020013087367055017
865;0.0563040200317183
866;0.04225488947919245
867;0.038007391432338083
868;0.08074022941980417
869;0.05700801075784339
870;0.028301547786325345
871;0.045592140534858154
872;0.020564751532749795
873;0.09008462894076767
874;0.03244340644005322
875;0.08818795942410873
876;0.03828992702257651
877;0.051124870671341076
878;0.042164629726527264
879;0.08224287731924115
880;0.06903519251861785
881;0.04082861359651399
882;0.011438386175806482
883;0.04515239085092379
884;0.07259585454625515
885;0.05579250724472195
886;0.02109009247948043
887;0.08701492143934006
888;0.09704518745222543
889;0.0584405620706977
890;0.09700785762443863
891;0.03790804005715991
892;0.0166655150732971
893;0.012217607918689056
894;0.09198605372138507
895;0.07742590077175204
896;0.08834419732249199
897;0.034614432324901835
898;0.0849460806370412
899;0.00912076999952678
900;0.06427702558452186
901;0.05625636121827502
902;0.04375849385052791
903;0.04537378159018434
904;0.07284893218818686
905;0.058287945774316174
906;0.08665626698181443
907;0.04609038604666506
908;0.012211743287037292
909;0.019553925917472216
910;0.008773569478140609
911;0.07289190330136229
912;0.01225367487124609
913;0.03802790165245436
914;0.07070124872648877
915;0.07655448523934327
916;0.030366886004229134
917;0.03501916095363862
918;0.059816691000105095
919;0.08184342949288691
920;0.028141593963274605
921;0.07784423771021715
922;0.06323728042759888
923;0.09640311262364597
924;0.05098227954129019
925;0.09715122680998023
926;0.01542281863922823
927;0.025541644692957655
928;0.04956140260425349
929;0.08427633091958131
930;0.01412656925997191
931;0.05325676262744247
932;0.05360799401215646
933;0.00785396249930822
934;0.03625575892317199
935;0.06411883330798258
936;0.055985522919233324
937;0.010161709087598137
938;0.016643038006676738
939;0.06299109067876761
940;0.03869484254820497
941;6.493506554441365e-05
942;0.057646523076769235
943;0.04019874315041386
944;0.08226974439880377
945;0.08753142588685693
946;0.0800947277391887
947;0.0570070993490031
948;0.08690023890559942
949;0.047162316922288006
950;0.04007853095313314
951;0.009263806740548875
952;0.002607674981448416
953;0.07468399301072219
954;0.010766261152313262
955;0.01761018142903431
956;0.014568583861937202
957;0.03811811224228595
958;0.05584340878460073
959;0.09198597799372729
960;0.032954601075143995
961;0.029004200725464092
962;0.013685413326910811
963;0.09768338055363629
964;0.08982127123531873
965;0.022725103246620606
966;0.018702365260604203
967;0.013784309548069463
968;0.025451393463363104
969;0.009786089246903152
970;0.07251718974071408
971;0.09414942786276026
972;0.02916185006700968
973;0.08463279754265174
974;0.06253105053704149
975;0.05821448753861032
976;0.011987298579065164
977;0.07661146507956507
978;0.09518396870591697
979;0.007701569296890587
980;0.002224728836203671
981;0.05279928059497629
982;0.004076740931004008
983;0.09765495023351545
984;0.05477344273673562
985;0.08266220930335982
986;0.039963589987980976
987;0.07539381097035265
988;0.09767766065990587
989;0.010676196080028712
990;0.06372160500410694
991;0.005975365821901835
992;0.06534502949323784
993;0.006691022387121582
994;0.01841933503335256
995;0.09155501213107832
996;0.027061325590960163
997;0.08597820041520708
998;0.006748802623712991
999;0.09491661179320401
1000;0.03903740788507715
