1;0.028659518659435224
2;0.03663276916294755
3;0.009574946422202125
4;0.08519964434228852
5;0.014346157233915337
6;0.02043945829967483
7;0.03925107972938732
8;0.03487859577195001
9;0.0023264783919738964
10;0.09745111038791274
11;0.02305265202221546
12;0.0584699244255954
13;0.05138203494863547
14;0.056385573635900535
15;0.04180464914324353
16;0.02303907071505359
17;0.047171412688375707
18;0.026793859793190836
19;0.07381741506900842
20;0.07259138948417503
21;0.04819819227941666
22;0.009259323945220476
23;0.017828246333138797
24;0.010880705018565263
25;0.06420560036712077
26;0.021628391528114577
27;0.062062921301508936
28;0.019875965920268836
29;0.04641150477979732
30;0.004414061767589084
31;0.02151443789243711
32;0.0337407698363962
33;0.09412927774048603
34;0.07098951264545517
35;0.0993919203999196
36;0.01471667926372855
37;0.04337647992952153
38;0.06499287459588059
39;0.01462351516021483
40;0.04592930335369717
41;0.06970578687315795
42;0.0757628309753568
43;0.060203765088818306
44;0.009738819421301382
45;0.0757143505589582
46;0.031639879205269485
47;0.07839154124616747
48;0.0596987900782778
49;0.05382924243410381
50;0.08206412114676559
51;0.02175144286444273
52;0.09497022239969893
53;0.07952713336680572
54;0.012365889408287013
55;0.042890604809515634
56;0.07487231797392446
57;0.0378777703051053
58;0.07945479070421467
59;0.017949917001311433
60;0.0017841872518541081
61;0.03912038406134325
62;0.09151031930620653
63;0.007473962728154615
64;0.07578695764928746
65;0.043760238170777656
66;0.06582752936923446
67;0.03675050247531756
68;0.015033610747060989
69;0.0014844346942182174
70;0.06692038044669017
71;0.08875054973325547
72;0.07207800483655931
73;0.010334214926492214
74;0.03636492691417853
75;0.0654666542983096
76;0.08478623181586255
77;0.04616614596585577
78;0.05027534096854811
79;0.046439712396572644
80;0.0634374033547561
81;0.06561663695383789
82;0.010812513544649793
83;0.007710578344038654
84;0.03675008987455391
85;0.07508815757102494
86;0.07111772695325301
87;0.06936225722405867
88;0.08935803257307601
89;0.0262479070415082
90;0.09926904518558785
91;0.06564180359080296
92;0.0520996332500385
93;0.030161160816519896
94;0.047063830429006706
95;0.09193243477442242
96;0.030113441417392084
97;0.0670756358026341
98;0.012129187232783934
99;0.05485792721412874
100;0.022497016159628038
101;0.04346179448776538
102;0.09591139928379191
103;0.07726730964192602
104;0.0778607692239313
105;0.01890061325973227
106;0.09821843608286208
107;0.07930244250445456
108;0.02887883708585347
109;0.08666026784633321
110;0.08720016957832381
111;0.06567131380888717
112;0.02547065644957769
113;0.027304841459137454
114;0.07857598481779937
115;0.01753926285150136
116;0.007802768364797031
117;0.02163195523854792
118;0.045854568290363065
119;0.014697449733966495
120;0.02227104849861026
121;0.0305103815989354
122;0.002659552026769885
123;0.07939719892117712
124;0.06737520723587168
125;0.02059806878658034
126;0.06155585773027179
127;0.024803283906065378
128;0.06119574692986714
129;0.0780060150040982
130;0.003793880511868764
131;0.04176712733897932
132;0.08028193644482695
133;0.08428451161912037
134;0.009587733603494075
135;0.009988544843992975
136;0.046986843381828916
137;0.0355606245042512
138;0.0482275682964218
139;0.09225161781290545
140;0.0740135671826308
141;0.02813568076069947
142;0.032923074537916965
143;0.03340548620753495
144;0.07039890211961958
145;0.05971621811414016
146;0.005911736132238755
147;0.05302139106852715
148;0.09417678810022823
149;0.08310913410222986
150;0.0875293012543954
151;0.045755612980640736
152;0.05496388040170335
153;0.049643647102014944
154;0.02395167006244288
155;0.06712963294534449
156;0.03138275608977733
157;0.08778680972804757
158;0.031187044759807506
159;0.01258962513939006
160;0.06758501224543355
161;0.057257940193901714
162;0.05278230874458321
163;0.0015951592340375687
164;0.04956642159871569
165;0.09928439508617057
166;0.03244569149289589
167;0.06543269559558425
168;0.08085957196721885
169;0.02924203761102219
170;0.07921492699565935
171;0.004315761380078054
172;0.03369195658900616
173;0.006263744560505713
174;0.07113867664075786
175;0.028537816768575575
176;0.03746738338050013
177;0.04689215120585734
178;0.07266311008834714
179;0.08898864783193058
180;0.004961865615781325
181;0.045421983235766863
182;0.034656929082761835
183;0.034954363259533515
184;0.041612645882954304
185;0.059283079157065044
186;0.009347146137822593
187;0.0019409558252027727
188;0.06659551723032262
189;0.05983219611288579
190;0.03613943648363232
191;0.0871973217218382
192;0.013822587955378397
193;0.059759290692838044
194;0.030960401728087217
195;0.08366790419688352
196;0.08304120861198223
197;0.014945983620297965
198;0.07545173265451767
199;0.07372077342439969
200;0.05172500396639012
201;0.04168215176584438
202;0.04906946430087066
203;0.08602145827712274
204;0.09292777471146381
205;0.0372733248669082
206;0.00810106655848959
207;0.02217650590457586
208;0.0013322825940953354
209;0.008336569731860788
210;0.041622026494062075
211;0.07162114021962888
212;0.08529707005772137
213;0.07657328467289176
214;0.08468074248527067
215;0.01126684668615744
216;0.06189728398110276
217;0.019272792152085685
218;0.0313358950078139
219;0.06294061803245955
220;0.09989686764272752
221;0.026173547463475645
222;0.07858095579237244
223;0.04164670501825738
224;0.0038201566580869373
225;0.05042046025210006
226;0.04858018349962656
227;0.07326136732593078
228;0.08662830968519936
229;0.02988099571719817
230;0.02400189053163783
231;0.07177459574217913
232;0.04070366827659915
233;0.0062650975189887164
234;0.025280043879064254
235;0.09144987022973562
236;0.08383662558503552
237;0.058617154054504794
238;0.01608350047132594
239;0.0010306365567865018
240;0.049193829417679795
241;0.004900703646749405
242;0.052710086027319136
243;0.08515923358262432
244;0.046260548421923245
245;0.020322110701880638
246;0.08626602759447725
247;0.022080179925071265
248;0.06223692848843265
249;0.05163219257966076
250;0.03453530826876388
251;0.006556935626159633
252;0.04502138690488261
253;0.08323222265299579
254;0.01620199023248665
255;0.028298888369014664
256;0.03873476804151093
257;0.011235561824800856
258;0.04095518663000483
259;0.08178898364731157
260;0.014394095259402273
261;0.09763795166777081
262;0.059882305075028536
263;0.02437303273854298
264;0.006296059372327101
265;0.09198418666938951
266;0.050492435749981614
267;0.039176935499518395
268;0.08235206615602803
269;0.052812462711266266
270;0.08409133749222301
271;0.08343784677651517
272;0.026582675148925896
273;0.0900355930059391
274;0.09823197314848403
275;0.028352689019588442
276;0.08949320667885237
277;0.06273653518984221
278;0.02664688821588873
279;0.09191215969795545
280;0.01975189285190625
281;0.02248350330730512
282;0.03225983352699576
283;0.053545126375428166
284;0.028037306649640506
285;0.03112580038279176
286;0.08495372490374611
287;0.015190692750290703
288;0.08183592098923716
289;0.01398320499150143
290;0.0414928305181545
291;0.0014963920814704103
292;0.03377303828802223
293;0.04341515190399822
294;0.04860087259972471
295;0.05029200427790498
296;0.031715238106572056
297;0.0980593449767353
298;0.08333999114429741
299;0.08392202880306664
300;0.05888523670186177
301;0.02230664182145501
302;0.06037414221717117
303;0.008014221219028074
304;0.005378651788422662
305;0.0708078411264516
306;0.07798300928788716
307;0.06577424929172167
308;0.01869876407029495
309;0.012765499030510996
310;0.09887345853915228
311;0.06218906963157798
312;0.012360577660890715
313;0.04482115822269252
314;0.09953885168849586
315;0.04059793770326388
316;0.010305821490045242
317;0.08889891092199134
318;0.0906019122673799
319;0.0806030888368179
320;0.03251026552781854
321;0.03904677702060353
322;0.06066352622160725
323;0.07041274580070774
324;0.0782772613359417
325;0.011534257072453369
326;0.024686172137117615
327;0.09606148100286915
328;0.05658725268080407
329;0.04299193912198669
330;0.07373994956445672
331;0.051943666838135116
332;0.000596906073910719
333;0.09546838134967754
334;0.011694142816586418
335;0.07120593783042589
336;0.06362498355037033
337;0.08118657589937527
338;0.012564005651485377
339;0.09296635739018283
340;0.0032357801708481904
341;0.06321935865294977
342;0.07541534876963711
343;0.01881134111490611
344;0.000793838999193064
345;0.025313801774252145
346;0.05734159368544611
347;0.07163420734656212
348;0.09241930497022485
349;0.08512720968961311
350;0.07965637397976752
351;0.019385211557993956
352;0.05201113728813287
353;0.06121051453962039
354;0.027752849757250966
355;0.044784737833017875
356;0.07236518328185298
357;0.00133831326967796
358;0.07638349836896835
359;0.07969743879371435
360;0.07116151033345357
361;0.040311013950630054
362;0.018912532578982
363;0.021429300730684497
364;0.04343184016313137
365;0.09510416984124104
366;0.0010434997097005794
367;0.014174270986137761
368;0.022938984465603142
369;0.07266325794417916
370;0.07047164034825357
371;0.08154749570596091
372;0.02634714671079094
373;0.007330308360393268
374;0.04881480468660491
375;0.0050136945333661975
376;0.08276856933430042
377;0.09231091655041966
378;0.0724445881168807
379;0.04892039187348849
380;0.0014535158101534496
381;0.06783692594262632
382;0.06708676905728211
383;0.0224914465605886
384;0.04547203920837898
385;0.00578802075561391
386;0.02944727281922446
387;0.09400532766179388
388;0.05950412553831816
389;0.017325331932674715
390;0.029627196799607427
391;0.0955125462554666
392;0.025135055933340533
393;0.056119523362663196
394;0.040360881321889745
395;0.02150769983249289
396;0.059041834801469364
397;0.0016415469121742966
398;0.0555377209014109
399;0.01812203272760368
400;0.05148549485581155
401;0.041771518216798004
402;0.026373407343226143
403;0.05510806188932387
404;0.0979851076619784
405;0.09459413150601202
406;0.05211588752534581
407;0.06785351661788568
408;0.009343480336236843
409;0.07176796385853684
410;0.07034697060631141
411;0.08278264640483203
412;0.004928235591221819
413;0.07058234791481406
414;0.04510519086352134
415;0.02406960866326856
416;0.043238363800529256
417;0.08134342211798896
418;0.0814017037221364
419;0.006270657222909171
420;0.09366077095739517
421;0.05738114794699017
422;0.09980619685939032
423;0.07540946161416402
424;0.04123487548848906
425;0.005347731284307078
426;0.0897227467444419
427;0.02464189088900013
428;0.040105984633508965
429;0.014822441030690005
430;0.051840728334075305
431;0.025102400249960355
432;0.028442365216598067
433;0.06147735326503874
434;0.0059228105367093
435;0.05979142305278985
436;0.0021647164190711442
437;0.0758419415447797
438;0.0029296332961480155
439;0.030003087388084694
440;0.09084115656206704
441;0.03621216190701137
442;0.07805721628885937
443;0.04420904311567936
444;0.016478012549246423
445;0.08466952912036342
446;0.015740961217834692
447;0.014024001464023484
448;0.03889456344627665
449;0.05688288427467179
450;0.03101500977964483
451;0.007137317248047515
452;0.05767416197265468
453;0.09470117585409846
454;0.06683411538554562
455;0.08021111472335733
456;0.046462175265401265
457;0.038388144964165406
458;0.023185674360508737
459;0.07425110096287578
460;0.06301642442394138
461;0.029674869123651415
462;0.0828353727869353
463;0.09973273572638008
464;0.004278865526218323
465;0.07125913861587369
466;0.0645784798823181
467;0.09740303055832991
468;0.021438410518577013
469;0.09541796760689397
470;0.09910753775983071
471;0.0931420263754134
472;0.028406917060853666
473;0.06016585797459706
474;0.08348416391722187
475;0.04381728251089807
476;0.03017454474164262
477;0.014144933475759425
478;0.013987465286617607
479;0.06861276478603272
480;0.07308391148379555
481;0.08124470312953949
482;0.025060357945317514
483;0.009463358950484413
484;0.038230231303690215
485;0.06935144817792152
486;0.08848278940043812
487;0.07241574170892509
488;0.047494775364201616
489;0.05865838328897014
490;0.014512309670051404
491;0.07814319232024762
492;0.060995140409441845
493;0.018610252603677612
494;0.035567561576088993
495;0.01616511490460899
496;0.04812900035088045
497;0.013138352702661416
498;0.06846544608625096
499;0.026952836355601417
500;0.0008448242587130506
501;0.03558964685370943
502;0.040103499860681374
503;0.009808887848912085
504;0.06005425743508456
505;0.08717213874859163
506;0.08787363115312855
507;0.05018721382959099
508;0.06897668681574763
509;0.018281657594067104
510;0.037793457202679986
511;0.08441355702788252
512;0.05702083535678524
513;0.011986556940394466
514;0.03538719762830366
515;0.011503229943544836
516;0.000286883179961106
517;0.01669198421835998
518;0.0975154464750497
519;0.04249976796223153
520;0.08759593476817579
521;0.055278198612684654
522;0.03762268547824391
523;0.037525315930222625
524;0.029939811266783235
525;0.08559383213267381
526;0.07507794722098439
527;0.061616533392799516
528;0.0057964591481932115
529;0.08046379857568871
530;0.03634920583802009
531;0.04549261345455816
532;0.037120626692535234
533;0.04087351806752794
534;0.015485025367140859
535;0.06337758907169957
536;0.09270115528009731
537;0.008802113247045152
538;0.033896797731805074
539;0.01957462997692451
540;0.013497112800074052
541;0.004545679879479014
542;0.013176738181883842
543;0.03313539026803001
544;0.05502952378409141
545;0.03299774366929975
546;0.004070767597196423
547;0.02030778569309133
548;0.05352735233184628
549;0.09806430231736915
550;0.0752618148581014
551;0.0930946723949558
552;0.03007313652521039
553;0.044073774579410474
554;0.057243239778542745
555;0.006203903584862825
556;0.06800805951277936
557;0.09751059567492648
558;0.02107711914364251
559;0.008837804593643273
560;0.04488178376424937
561;0.0027239882901453406
562;0.005714910791528905
563;0.019864045180756486
564;0.0879036395662733
565;0.02800850686611849
566;0.07128219610491504
567;0.075784711352282
568;0.05025914695860111
569;0.05224697939776779
570;0.0541907188553782
571;0.012404518570517732
572;0.0008616236421718049
573;0.03002621358635702
574;0.03791697285983336
575;0.08917821588933822
576;0.04784652957487168
577;0.012788036246627188
578;0.0009651622150293582
579;0.045650046816771976
580;0.046424113871240506
581;0.057219123773872886
582;0.09844893296710605
583;0.04825811763376125
584;0.035344278252815824
585;0.013213122507051412
586;0.06259040662461589
587;0.09313107729711112
588;0.04520386674178675
589;0.09925987452387147
590;0.05623052761849809
591;0.08356700249031339
592;0.08065717904672709
593;0.002540039893065116
594;0.01155555465604017
595;0.07984353762105884
596;0.07849234743796578
597;0.06781651838917145
598;0.07592857142835281
599;0.027359483469756463
600;0.012809765678917041
601;0.02242173911765758
602;0.06139155630061373
603;0.022017807678657342
604;0.07076931557081201
605;0.015137748240121008
606;0.09170890230742587
607;0.04076427362925647
608;0.04494135607820824
609;0.08443458907461943
610;0.05817540077329961
611;0.022283776323431273
612;0.04306879278625271
613;0.08791253063079708
614;0.0606221993674447
615;0.08769916443751433
616;0.02804124490088024
617;0.06487741085323577
618;0.006650905492524295
619;0.07951468250243743
620;0.08283392145840691
621;0.031134855991755417
622;0.024939075333639406
623;0.05396600682354641
624;0.033881391189693015
625;0.05357136161581463
626;0.04067649328795021
627;0.0992553968672143
628;0.06595526719940772
629;0.016768324510882938
630;0.08982492671784431
631;0.08075005823260176
632;0.05738306928683724
633;0.09308864021978523
634;0.056078496701975705
635;0.01407919780134328
636;0.04637918256213285
637;0.036817999154609496
638;0.014146481639909936
639;0.0966775358688759
640;0.08110281313282944
641;0.03368891473328117
642;0.08619737250403199
643;0.05207873518381476
644;0.07626983704669082
645;0.05344581171490597
646;0.03730527973644017
647;0.026696449559723247
648;0.018333137701597193
649;0.0029442750554794397
650;0.06640509618109493
651;0.027840515412918446
652;0.08376473422432341
653;0.06052224807176361
654;0.012539291038861977
655;0.060678756511473586
656;0.01571720861693552
657;0.052346301600129014
658;0.08443440398201266
659;0.07460476627695109
660;0.08838706711394523
661;0.09562953250224582
662;0.08289953649490815
663;0.052133633197434026
664;0.02886689410119425
665;0.08813472417136249
666;0.015567195477888996
667;0.012377624912756492
668;0.007388763717039826
669;0.05602021699873329
670;0.04016031872397327
671;0.022761195722322616
672;0.08361843756661186
673;0.0683691722936466
674;0.03102421212916542
675;0.06692267854785786
676;0.012833832258059286
677;0.048936793495834366
678;0.05061271007660373
679;0.09912114513057474
680;0.04316718862020831
681;0.07539357942839478
682;0.02806417474865266
683;0.015331226753773542
684;0.0942306572347985
685;0.024024084581789375
686;0.09841833515636628
687;0.004463128891673518
688;0.06188162066460484
689;0.05932056510437981
690;0.009154597538939846
691;0.00234094519007132
692;0.05070045947952807
693;0.08296331769325421
694;0.07966149117683008
695;0.010401476891449313
696;0.04058307298293545
697;0.03990396044969966
698;0.00621947673621186
699;0.03951559180667516
700;0.06289641628200032
701;0.00647829184746428
702;0.06892358562276066
703;0.023205803960556128
704;0.06727347388068283
705;0.08124805144858088
706;0.09215168701474741
707;0.024699937237464754
708;0.058702825960753185
709;0.07993742072801341
710;0.03782982541151323
711;0.02292894788888249
712;0.0626141589743227
713;0.04407439592691377
714;0.04719670959009347
715;0.050351108198126104
716;0.000882692869578794
717;0.03822087184744152
718;0.004490953245142026
719;0.082274717560219
720;0.03195728185842446
721;0.09633416358767022
722;0.030767619223999357
723;0.00023331999032716322
724;0.08707466089990581
725;0.06062244085583281
726;0.0475622935185803
727;0.05211629877557026
728;0.022386772751378715
729;0.01918056654541488
730;0.09518817617436498
731;0.07706134617915977
732;0.05915573278404808
733;0.020341299917545488
734;0.015845297137176386
735;0.06602878295139948
736;0.09056171839213013
737;0.02085798350700807
738;0.09165831958109744
739;0.07365087547518227
740;0.08069955598639894
741;0.04006885863111531
742;0.0009259118608082595
743;0.06353537613947302
744;0.04319056873784072
745;0.024726836591625737
746;0.028628311874890636
747;0.08175202294003066
748;0.036458102056485864
749;0.05391052876840033
750;0.08164251332971069
751;0.0028096588046713556
752;0.01486812133823331
753;0.028288848355493546
754;0.09685172818827695
755;0.08139687544733895
756;0.07302956678044566
757;0.011036383734009426
758;0.07587694851528987
759;0.09109710787638206
760;0.024228375171952587
761;0.018480083058273478
762;0.05279990236228706
763;0.06730094400186892
764;0.07827049251572141
765;0.020575841289091436
766;0.02678683976915256
767;0.04297008042627614
768;0.006678263230193927
769;0.09268713281463486
770;0.007016860405804005
771;0.021597205521385134
772;0.08933809643094809
773;0.004908817312846425
774;0.014358368296050318
775;0.010802248897642086
776;0.051188161678356076
777;0.09433540291592947
778;0.008430675912827068
779;0.03823735047463626
780;0.07376959717581894
781;0.016821967792406745
782;0.002560296693001396
783;0.06670264776055028
784;0.017631715365925126
785;0.08043896851941842
786;0.02959701339299844
787;0.0628738396825174
788;0.043451167542878394
789;0.06263975596139043
790;0.030551819058304997
791;0.04929731474799314
792;0.024714893723722056
793;0.0005766900050400815
794;0.08710264296962501
795;0.01408527411569246
796;0.026244598455352264
797;0.04062805403202712
798;0.0034878581627795224
799;0.04850813846932087
800;0.013656521688791334
801;0.01644784061038702
802;0.07563275776911127
803;0.015158967908107147
804;0.02057945856755047
805;0.09297800539129378
806;0.0576963976163272
807;0.025052417027407282
808;0.047566656646939515
809;0.012109593921724705
810;0.08116155925312965
811;0.06931422514763164
812;0.012689475295061349
813;0.04037608135278518
814;0.05238207632163841
815;0.01475294734328132
816;0.07648025737179537
817;0.04906970806857944
818;0.09833466538241986
819;0.060771613540150406
820;0.017876444877024545
821;0.09250524762201105
822;0.05007277363711901
823;0.03218741874746515
824;0.04180138881211107
825;0.03754180808553277
826;0.08529624913245415
827;0.0008149038280229615
828;0.09802039912560072
829;0.09539047603239205
830;0.0871311745365347
831;0.00934846291667285
832;0.05976107423611801
833;0.038535232320247886
834;0.07019359947789346
835;0.010928735320998462
836;0.0712372342599041
837;0.04576092818235566
838;0.029124598335368936
839;0.056828995214693846
840;0.056120144883489126
841;0.023430201940503784
842;0.0217557864270437
843;0.014046595641127802
844;0.09092075403059777
845;0.07676338186510986
846;0.05089428599166164
847;0.03466508368617071
848;0.0378534835769182
849;0.05547118612469725
850;0.02895237773613243
851;0.006878909437034631
852;0.07572246135037297
853;0.07779981468809122
854;0.01642018536803762
855;0.0750847788816971
856;0.004899882501039333
857;0.09348115672659153
858;0.008053270607203945
859;0.06896250568336902
860;0.04933000777258502
861;0.026386977979345028
862;0.02421331897108713
863;0.014117366884086591
864;0.08285296602575215
865;0.016618900069953424
866;0.008385895550017808
867;0.08608636888600701
868;0.04202883131976334
869;0.013372762407947226
870;0.030694570618631657
871;0.0017618365227792367
872;0.02155341668255896
873;0.09379585908991116
874;0.08270103555460862
875;0.05146554270423727
876;0.08897886814071691
877;0.02548722847679713
878;0.03278033420644533
879;0.07448901918786129
880;0.045746152263735865
881;0.035784053849056745
882;0.002360636151471385
883;0.04176436794791483
884;0.05998064526924801
885;0.06893223339419605
886;0.08580466633543195
887;0.05419061621094271
888;0.07694277105134634
889;0.01486857408573733
890;0.0018273623171616848
891;0.041559190897813715
892;0.0673376356385601
893;0.057409480543020655
894;0.025562870306267083
895;0.012907831639304423
896;0.009151652413569777
897;0.0998113147457971
898;0.0010133341192856361
899;0.03179523539663577
900;0.06683610533181748
901;0.017990280417638282
902;0.01384497430730075
903;0.0751130040807663
904;0.08150884939775443
905;0.022559543573435793
906;0.050124413823156445
907;0.06032575926672035
908;0.009458870163982737
909;0.08614892520298592
910;0.05073711489609613
911;0.0709418244354374
912;0.09507376763573573
913;0.011388286175585228
914;0.0870132263563975
915;0.02663733921627125
916;0.009902712355319055
917;0.07486215610781455
918;0.02814814530707458
919;0.04720664643961558
920;0.0013449031580908045
921;0.0940738832839881
922;0.04623679651023678
923;0.0403339563574443
924;0.08187172950250142
925;0.06315988825167539
926;0.06881075605753421
927;0.035928070882982936
928;0.05580305038140996
929;0.0978102610718643
930;0.09158742800794012
931;0.0020273849150645117
932;0.08236008642150447
933;0.02080310457142555
934;0.09600483381608714
935;0.0855893385625595
936;0.07996390112120566
937;0.09631262697860558
938;0.06197062910691821
939;0.014759056262140247
940;0.011326470035446057
941;0.08933871745178155
942;0.03806069992041253
943;0.06170001630429894
944;0.03946620091375616
945;0.025450458362374043
946;0.030304499622492098
947;0.046008525572476866
948;0.08808569644080379
949;0.03543975985855544
950;0.03747603412577525
951;0.0345712068703994
952;0.02620272161923827
953;0.01742579885170863
954;0.057824342416153945
955;0.09126132593411
956;0.0491984860239905
957;0.06925655326700504
958;0.006634068032399277
959;0.07802941752447469
960;0.029011689277536692
961;0.006570379706715701
962;0.05802309872287579
963;0.05033209230103575
964;0.07587788790619021
965;0.014839330948166574
966;0.07445690991662372
967;0.07614255556692251
968;0.006829271496632339
969;0.09743570311827959
970;0.021898873972087143
971;0.013768727614944699
972;0.08639781439596511
973;0.0029104351707488485
974;0.0391441327058407
975;0.07484408555791436
976;0.07732639530177585
977;0.00025608414377022994
978;0.07347240565572949
979;0.08293686030617521
980;0.05785070677240642
981;0.05943038372863079
982;0.09070619229294813
983;0.04298294975686798
984;0.024207687411735748
985;0.05527315205586968
986;0.09662873387292237
987;0.05200648679758362
988;0.07124043386804789
989;0.0165900128518242
990;0.027988413079364928
991;0.00459278944405781
992;0.08688369005385987
993;0.02329039431289185
994;0.015323867429095472
995;0.020734575316255412
996;0.0707849095170199
997;0.055844430873339894
998;0.0539893148406146
999;0.04046885105668046
1000;0.07668693876692767
