1;0.1686202851327917
2;0.12348091313713248
3;0.051252793242008536
4;0.029189180990932373
5;0.023486066732696178
6;0.06364547858090097
7;0.1600542675718512
8;0.11951531758148018
9;0.13545217147143024
10;0.027800011790014924
11;0.03502715559166403
12;0.10044049161187754
13;0.09174953786638272
14;0.032293682154244
15;0.1596671638498761
16;0.1850654550576418
17;0.09518486287104669
18;0.026833543459755416
19;0.03061736512103863
20;0.15200103991073344
21;0.15184282374020777
22;0.03540576628800103
23;0.1769055421356038
24;0.08129423318550698
25;0.03652595397154073
26;0.05373538573280619
27;0.052138688615223465
28;0.12451694408839914
29;0.1590253414784396
30;0.1635029196549086
31;0.05491093708202843
32;0.0007615600645073606
33;0.12130186013054467
34;0.1953399447637833
35;0.173548825386944
36;0.06444756016473914
37;0.14120346924187202
38;0.14324723100846026
39;0.1980749440665551
40;0.01629873344195696
41;0.07050234502224713
42;0.14890247320484679
43;0.16713252545610074
44;0.19480111295140767
45;0.1268153147629897
46;0.10179153319892283
47;0.03692727815648631
48;0.0864802340009294
49;0.03355041144191278
50;0.058904037295235724
51;0.1352058612025416
52;0.00935629263375246
53;0.17420596255644963
54;0.11120297630054812
55;0.14431012008868802
56;0.14459523668291485
57;0.06244267472228942
58;0.12757345505783854
59;0.04744251712461638
60;0.01346966973798145
61;0.06399900862718007
62;0.058811416703542
63;0.13395232514066474
64;0.1586261329528167
65;0.003090085719178304
66;0.0046439664666894755
67;0.014295510231005904
68;0.12807105998938417
69;0.16488705286883765
70;0.08407376853741398
71;0.05765760762612704
72;0.07182644153524136
73;0.1392920890572018
74;0.15813331790866691
75;0.00302456714876862
76;0.03701239395120557
77;0.01921711313863557
78;0.13278271059842192
79;0.07178116470477384
80;0.08629162906444583
81;0.04180356425227397
82;0.14772201044720823
83;0.1973974334763524
84;0.009618478874892223
85;0.13235780102339884
86;0.1540218571953373
87;0.10523768673789916
88;0.06644022127961213
89;0.0702294392486276
90;0.09509749022474608
91;0.003615051522715107
92;0.022044031936302156
93;0.061173128497370804
94;0.15065662708226246
95;0.08540797773082004
96;0.19113370592134893
97;0.08013337304658541
98;0.14878337739803058
99;0.061292415240442294
100;0.1557353961190979
101;0.036622255887707025
102;0.11795585101548745
103;0.1093941674763921
104;0.08538718475204038
105;0.031152565373100738
106;0.06186444797646622
107;0.04012842712918803
108;0.11730091202397863
109;0.04432083251873134
110;0.04969690658181541
111;0.1250326853314525
112;0.1117656310918578
113;0.0844961913649124
114;0.04816500850078334
115;0.06727140013898594
116;0.004422621574742602
117;0.07156639582427404
118;0.03919364578230771
119;0.03283036135975477
120;0.10718779023553271
121;0.1475185986082669
122;0.12447900951164406
123;0.1145007434646263
124;0.06862941665642451
125;0.0989005946373609
126;0.19821276868958726
127;0.11355584019197339
128;0.08228179328901034
129;0.0790656010974278
130;0.13594967366376579
131;0.04963160544536269
132;0.19888066183943442
133;0.010950901260836466
134;0.14983354347576897
135;0.13721296187487228
136;0.15813315684780446
137;0.04084553716158486
138;0.17016645160138782
139;0.16798107386976993
140;0.12846825330851203
141;0.11013880340482025
142;0.05484433554173565
143;0.09748747134660354
144;0.16748388657837066
145;0.0936292607756176
146;0.10363478500247725
147;0.07474334131767024
148;0.16877973353626524
149;0.14593267272238958
150;0.015032229676178078
151;0.15187167388688938
152;0.08940190294207458
153;0.012169352781897881
154;0.12594033864088403
155;0.04835147148194115
156;0.08710224380136765
157;0.11581864202447778
158;0.13552944059010794
159;0.04468130140429832
160;0.16208279896361488
161;0.014229969694812961
162;0.023691499241156124
163;0.09362938649830366
164;0.13374967559849762
165;0.008835131263198527
166;0.08091319564681301
167;0.03640116454950306
168;0.08662623726376971
169;0.06403547322753915
170;0.18722495951535956
171;0.10355079823333374
172;0.16120368798423554
173;0.01630768953688071
174;0.05525345933144541
175;0.014480429877272294
176;0.0026307808914111776
177;0.11512703045046818
178;0.1418958661708014
179;0.10180810351572078
180;0.1982683912034347
181;0.1759506919219057
182;0.06115164410114731
183;0.049814028927046276
184;0.08993752131952637
185;0.12639279288840566
186;0.0915310295965519
187;0.006100385236960593
188;0.14640586699241773
189;0.034664356954112165
190;0.1285230066012452
191;0.19306949591121597
192;0.01963328416185908
193;0.0932710506434235
194;0.1308983927709513
195;0.13678421825483159
196;0.050507564499222384
197;0.025812620847383474
198;0.1339392074035579
199;0.04727948363410426
200;0.08430533336763023
201;0.03634215688081797
202;0.1578050690127984
203;0.10769706677798314
204;0.13849584272103868
205;0.00784557609999832
206;0.14960607030674908
207;0.08339184095329588
208;0.12822861062622617
209;0.15476544925794933
210;0.06141385203741199
211;0.1271935677476007
212;0.07363975001847711
213;0.042381749812455974
214;0.04242758599943955
215;0.18978981667686412
216;0.002016599557572629
217;0.07639131529730987
218;0.08941616407449848
219;0.018305492223001863
220;0.10706568688395296
221;0.1863225373884649
222;0.10246689904423836
223;0.15095507218390095
224;0.022425357554191817
225;0.04279928231333901
226;0.0737109213879623
227;0.09547570329622408
228;0.10424557147533886
229;0.09039429670092414
230;0.11035255238855785
231;0.03059945647126554
232;0.1903524179131106
233;0.19505367923589248
234;0.1854163656805704
235;0.18029941425276202
236;0.041618294017698704
237;0.09756759621054119
238;0.04722820336345204
239;0.16964400329842863
240;0.12070745602347105
241;0.15287061459631865
242;0.13250873987459008
243;0.011779694417332842
244;0.15775709594069062
245;0.06302101438353101
246;0.12587560238848367
247;0.06560047546623589
248;0.09918163232551974
249;0.1750954735751168
250;0.07815405340571682
251;0.023238587885635112
252;0.10593134323736893
253;0.14490056339500576
254;0.1213598245026528
255;0.19127634223362677
256;0.18104870586965002
257;0.040011506388895036
258;0.1609551359428687
259;0.1232154504806746
260;0.08774337048064051
261;0.05708376373914919
262;0.12016981808374261
263;0.1995305056832072
264;0.07007661988449768
265;0.14477753497620657
266;0.01829944505963388
267;0.15366767718284355
268;0.05427504710040938
269;0.030963173453602846
270;0.022695945668290876
271;0.11513480746888652
272;0.1329161696826134
273;0.15327975429156043
274;0.04545927626518618
275;0.17234793066303944
276;0.12521858659118276
277;0.0998921315101778
278;0.09385977012253331
279;0.14201986803928143
280;0.16163737974379683
281;0.16225635662487903
282;0.03495579221440155
283;0.056954683907772634
284;0.06240918233160846
285;0.09915809123651845
286;0.1387804718760422
287;0.08409005587791954
288;0.13810332361750197
289;0.19500732246782446
290;0.00785208703388085
291;0.049051236688932034
292;0.10919623153237908
293;0.16300648183689037
294;0.10511484027500749
295;0.06686906287208996
296;0.052261276495411485
297;0.14037372160683356
298;0.05395355347831712
299;0.18069376603141168
300;0.0809634149725802
301;0.15870824184749954
302;0.08588995492449109
303;0.12880174455396096
304;0.19793858810870524
305;0.13759926997968905
306;0.022587165962801595
307;0.08149368804106204
308;0.07584370488386867
309;0.044363221758570284
310;0.1382779170347233
311;0.08575165051723475
312;0.002162916968416595
313;0.18124885273264177
314;0.08897371660433465
315;0.16409615701624639
316;0.08566591269246478
317;0.052705803685249575
318;0.010538400389996783
319;0.10684359433001155
320;0.015343307558638376
321;0.15123533917639687
322;0.06156211527550606
323;0.11669074773993718
324;0.17058424666319982
325;0.19537359142870375
326;0.12618119929652913
327;0.1678801387813004
328;0.12353475018064915
329;0.04209208914995802
330;0.1571791565841114
331;0.09464103366616994
332;0.12851974105040043
333;0.1939167655072389
334;0.03723915816603953
335;0.17011710035798389
336;0.12262689771756961
337;0.09482561933946115
338;0.19556487141283285
339;0.0800714955446624
340;0.18505329043223245
341;0.056551161911047365
342;0.005801930919803234
343;0.09467829553367564
344;0.03132801079815089
345;0.13712543392578513
346;0.1513285128077202
347;0.04179660091939774
348;0.19891766515719342
349;0.16261809125990723
350;0.07205473629328851
351;0.021327679166900506
352;0.19867518727006603
353;0.08191481164174091
354;0.027996370137747695
355;0.17134892877572494
356;0.1968959775594623
357;0.1518452217294543
358;0.0439288613784145
359;0.15601309268786007
360;0.10973444151339205
361;0.005541179347669668
362;0.006146832858060747
363;0.0745763303203052
364;0.0826595434734123
365;0.1602993904715051
366;0.028620875797337297
367;0.16907891099031214
368;0.15892838822076633
369;0.11090129091424486
370;0.07329678170747993
371;0.13394216260361164
372;0.07639875764143605
373;0.15484829405765016
374;0.11815733252470201
375;0.05549745797338097
376;0.17099615619719666
377;0.1499527109084494
378;0.1748382375911965
379;0.09205933913126729
380;0.047501616722549336
381;0.16744954384417426
382;0.1985113367374715
383;0.07012193861255914
384;0.15983366347657613
385;0.13993369536131908
386;0.19924424800632118
387;0.11095998117562544
388;0.19317051416786635
389;0.07606050194228371
390;0.011275365379266345
391;0.004817687869382726
392;0.09529057394579983
393;0.017654740080005737
394;0.028599622160795857
395;0.12040068877340758
396;0.15889606711043447
397;0.1142787539568207
398;0.16959634986748945
399;0.06721133595863726
400;0.16326140612145712
401;0.04953886389600431
402;0.170510438406228
403;0.16253922593758308
404;0.015981484297358305
405;0.1718227252730824
406;0.020959806722007458
407;0.10476087079693408
408;0.043343001934863894
409;0.04232332345211074
410;0.009206209230817986
411;0.11779691625674356
412;0.013414212160836181
413;0.17599785226450837
414;0.019654772137153987
415;0.0016687655319859607
416;0.10677893860775821
417;0.15984820177891348
418;0.04325858612360305
419;0.03140216445692139
420;0.023774586725304303
421;0.01470604256017869
422;0.16012652505078317
423;0.08035195173413352
424;0.06261676885706609
425;0.10450439196867754
426;0.06141482534345926
427;0.10460089577074766
428;0.010488667265379448
429;0.022915552455492594
430;0.033446623972477905
431;0.023238222948654675
432;0.039829550207485846
433;0.10764712778592503
434;0.0809993133307456
435;0.01488882005341723
436;0.16907308591956244
437;0.19507315185957483
438;0.19794583725460999
439;0.13746011043243717
440;0.17829230292509285
441;0.0023817197057293795
442;0.11744239908552052
443;0.12624088245084106
444;0.13467140434706235
445;0.17215000269919703
446;0.1366776386969258
447;0.0983856470762291
448;0.016099619342325268
449;0.0471907402877684
450;0.0037451690499147095
451;0.12751360640759377
452;0.037403937779082665
453;0.17624651762881383
454;0.07284342005179656
455;0.0706098565095052
456;0.15351196269532857
457;0.15864121954800398
458;0.06790066564502764
459;0.19192146984734126
460;0.042827197422410125
461;0.040235407811734826
462;0.07353729792611012
463;0.12083213506370674
464;0.09965617434384866
465;0.06134444000066513
466;0.14389390134026186
467;0.01204089964516879
468;0.10127971341980649
469;0.10726605076327034
470;0.18225880972753325
471;0.11978888253573994
472;0.19308972810652061
473;0.13807684400927905
474;0.12707383939168676
475;0.19139881025962835
476;0.16372278779061633
477;0.03358669809935235
478;0.01852904046509236
479;0.1929746235269993
480;0.19332684461924818
481;0.1367504035882236
482;0.03763513594878059
483;0.1544333844742444
484;0.023302246045946176
485;0.08278935951492633
486;0.13898038781442243
487;0.03725935614414877
488;0.17912957104671107
489;0.007734565467605337
490;0.14891785716050707
491;0.13273690780492928
492;0.03666311313060198
493;0.043322633989133386
494;0.13608643126284078
495;0.19604685800930724
496;0.16779384055173746
497;0.06770681726268571
498;0.12482369007860175
499;0.09043176990235922
500;0.019976695815098356
501;0.1880075678889163
502;0.16341987481992226
503;0.1576145864481163
504;0.17669944382245512
505;0.024541968371423906
506;0.03481744538359188
507;0.057522002835703634
508;0.14555704542125855
509;0.11830812437244985
510;0.167856139272066
511;0.09618506705138952
512;0.16940068056575328
513;0.14439463755742443
514;0.1773969386044201
515;0.08764703223854958
516;0.015608752930636172
517;0.0519804592077886
518;0.1539264321142143
519;0.06397334683376525
520;0.15252712335886137
521;0.1544635203554552
522;0.12474659491227552
523;0.005959175768149638
524;0.18781108433284419
525;0.040512633157646395
526;0.14340192009923114
527;0.05749066553710483
528;0.0010186851903066564
529;0.10319833419346316
530;0.1167106531396672
531;0.0011800285603304596
532;0.16181870486888775
533;0.13642259178805666
534;0.06899606322370437
535;0.034119760792065044
536;0.13057511116841786
537;0.15469434352721645
538;0.09137481268361874
539;0.1933978762853562
540;0.01636695616825581
541;0.05557785474827977
542;0.027464806148848966
543;0.11233075826807369
544;0.05845446925431885
545;0.15024048832714457
546;0.14698099262849673
547;0.06426169934234907
548;0.07113025656166719
549;0.06482198634069906
550;0.09685985073499269
551;0.08912885396129973
552;0.09358532020709179
553;0.17516753515719366
554;0.0047532687432705785
555;0.07042909484485493
556;0.049275682155423356
557;0.06725125460796626
558;0.022138073746536136
559;0.08900491496649365
560;0.08313574260590323
561;0.06024529243110244
562;0.13923924423307388
563;0.18235659103379828
564;0.10771349236026442
565;0.12958397059001944
566;0.1717540049407114
567;0.17719548069583085
568;0.15047264476993852
569;0.09730862657258653
570;0.17207626932811623
571;0.11144541218789211
572;0.03839419116811649
573;0.11240043567860963
574;0.05594139415764774
575;0.16853111622602096
576;0.050418766010411314
577;0.06655480064177681
578;0.1733051818339495
579;0.14326733526404878
580;0.19949734062690197
581;0.18835204301174335
582;0.1062861261872044
583;0.08751487480359949
584;0.1999294443566496
585;0.02752227715603446
586;0.13961866556854066
587;0.006076847150064402
588;0.03973378948190287
589;0.08286038867635631
590;0.18450996318339147
591;0.08793620012808162
592;0.017474944678789562
593;0.13830006175949502
594;0.013870913749505664
595;0.04498795495227122
596;0.1361912550915502
597;0.13808890725977419
598;0.0012444554709506673
599;0.10844041784971983
600;0.12688924218484166
601;0.07307806059060906
602;0.08260357001618422
603;0.10389175434064242
604;0.14594392970250275
605;0.12464500637952491
606;0.04197049969507403
607;0.04219387154878618
608;0.01915991879155217
609;0.028931855224889527
610;0.18649432363420598
611;0.15783091768853647
612;0.15698348800407302
613;0.17382057902315784
614;0.09165452399311778
615;0.0026248718098827784
616;0.10945847362054864
617;0.007102408354289658
618;0.08590023839895247
619;0.027112472302490455
620;0.03808960654777563
621;0.17247047433785745
622;0.17546442763960604
623;0.000488872510942584
624;0.0065229671576604534
625;0.09858439354726461
626;0.156085496235568
627;0.036711667431317395
628;0.14206742194551716
629;0.04503685496606505
630;0.03248469296155208
631;0.08479974962088155
632;0.07962957007041505
633;0.10212884226630213
634;0.1752942481550018
635;0.0836944117984974
636;0.14619959040108807
637;0.07592165490007946
638;0.1918269966410856
639;0.07131042530472702
640;0.1865322309333954
641;0.08648472080975451
642;0.13964804859835034
643;0.12121192416202986
644;0.15384287077416411
645;0.05411836761569069
646;0.08490921416992155
647;0.14260954067150255
648;0.1550024647485955
649;0.004716427869046247
650;0.09427503869822294
651;0.017622915370373082
652;0.19458965196607983
653;0.08780992502955616
654;0.1360956414105279
655;0.17240196608073452
656;0.07311152945697078
657;0.0923023284118852
658;0.07480442947910519
659;0.09178272107821868
660;0.015635940430891872
661;0.11094577736322005
662;0.14953454701335897
663;0.0381755193965472
664;0.11651258698012341
665;0.011046705821553204
666;0.02008130074808634
667;0.042499537480858086
668;0.04593829060389472
669;0.029076277269897678
670;0.08985105073971407
671;0.013305337665035456
672;0.0666657932281642
673;0.10412101896691134
674;0.048200356609817856
675;0.15308620574305004
676;0.010779161579627307
677;0.05228461100253878
678;0.13618804268647336
679;0.037397621018773995
680;0.12732682670193537
681;0.045321952934179045
682;0.18638267962164953
683;0.18722433175673311
684;0.17100372450931037
685;0.011984171393651533
686;0.13477184964689667
687;0.04386268145366212
688;0.0007305559353439018
689;0.0034837922326209194
690;0.020515921780755942
691;0.14321128377860648
692;0.17946622168944404
693;0.08708975049536867
694;0.03129147057884905
695;0.007097484573025681
696;0.058194103425146616
697;0.1503823354940172
698;0.05033587448554462
699;0.07091397932040192
700;0.0998275398976606
701;0.02318938061184819
702;0.07887777231024547
703;0.19462884970013072
704;0.09050952223085383
705;0.12407469505813973
706;0.1253737754928548
707;0.11897401767641268
708;0.10518895946768476
709;0.09508884804780399
710;0.12940434894056227
711;0.17592352811179346
712;0.13257637950968015
713;0.038637665511389724
714;0.13483788108286365
715;0.1294003452722627
716;0.03204156958522499
717;0.06788119406871355
718;0.1427113697070836
719;0.10780338890120254
720;0.13133633299513614
721;0.0351692114032446
722;0.07854544484328663
723;0.05631876532081648
724;0.13519076215259052
725;0.03411066133287086
726;0.1810883155177007
727;0.18392635879851701
728;0.19107834088814743
729;0.08869362433733563
730;0.0018074512625991135
731;0.17679862420938028
732;0.11350411213535372
733;0.1914768830740632
734;0.057574294828856676
735;0.15962410638063465
736;0.11019748347388886
737;0.03763443846607409
738;0.06249681088893866
739;0.01998619848917429
740;0.10346620974639263
741;0.17255040363641883
742;0.0022700853389983956
743;0.0880477185893404
744;0.02110845238916508
745;0.06380073819176316
746;0.06652955839833544
747;0.12004957838316062
748;0.08641383025401912
749;0.044593920752015896
750;0.15238838264045407
751;0.058344429307675805
752;0.035709309925470924
753;0.19912875221460416
754;0.14692282290034206
755;0.07102075618640573
756;0.04913848389200575
757;0.0071685845606139775
758;0.17782715267668012
759;0.10919968602202096
760;0.15272870439445563
761;0.04393613307462421
762;0.19941479138788826
763;0.0579352379583886
764;0.09134606000032086
765;0.02917850584633961
766;0.18451216038356982
767;0.09482439087187239
768;0.1043622768483469
769;0.024690886661679914
770;0.046877605061765706
771;0.15720478956457098
772;0.08115150846970794
773;0.041579890710754124
774;0.034430921890714526
775;0.03240028273812667
776;0.02455487459566288
777;0.12461516947034555
778;0.06376989165856335
779;0.010167553355511495
780;0.16107750027012455
781;0.09507683332951174
782;0.14467872887280905
783;0.018469719949822383
784;0.18145279344769358
785;0.0019575486850052395
786;0.14118838909742779
787;0.03947957828879696
788;0.0025516585841544926
789;0.15189616802634698
790;0.1315939404147712
791;0.059895685704090255
792;0.1971011911179777
793;0.028858997561937882
794;0.15420187985688108
795;0.1638478225755703
796;0.04427485503252857
797;0.002921641149246068
798;0.1979927089455818
799;0.037733727570351074
800;0.05719627990080925
801;0.09233243139915
802;0.1977816886137101
803;0.006220566292198493
804;0.09487416092334872
805;0.030315655558407185
806;0.0259428212464639
807;0.1311107875067333
808;0.1772885582526101
809;0.10433172782503947
810;0.10817041447389684
811;0.013417063746577564
812;0.05946310946302089
813;0.016315556861690172
814;0.15968146204439881
815;0.19962244788954403
816;0.06299348965464449
817;0.06721258538549553
818;0.17236730113875676
819;0.06095493808434554
820;0.05015802066146607
821;0.0075656893736751225
822;0.08362295478369841
823;0.13044887298809077
824;0.18923129077504297
825;0.15804755080694968
826;0.12957923818206982
827;0.08261847379716206
828;0.06569396433383956
829;0.03476916024879528
830;0.16913189977579746
831;0.019516376109471302
832;0.1357461637749196
833;0.14512335895541073
834;0.10289641192615313
835;0.08111448425885107
836;0.016491155052350905
837;0.14904425891524894
838;0.09628722232876319
839;0.16603841801401023
840;0.04051515230705201
841;0.1331643154612159
842;0.08766053684593988
843;0.0477428821715036
844;0.06135502623948233
845;0.095853500128238
846;0.11695766866368876
847;0.028839502483444093
848;0.18754868823386805
849;0.16315540981716303
850;0.16146497210580468
851;0.015963490258667012
852;0.014821480065153115
853;0.13975320552042186
854;0.13712153377020167
855;0.14550578780003692
856;0.1985329354839326
857;0.13144747158772283
858;0.18803524982289033
859;0.18185723468167056
860;0.11585437757609447
861;0.010062403970227729
862;0.11773344444416947
863;0.11366099879199648
864;0.10789807502273258
865;0.09544369429160982
866;0.18480385969300173
867;0.08733803234060998
868;0.030318266370108482
869;0.19921313219592784
870;0.0762554991354165
871;0.05773146822909552
872;0.05647603809843067
873;0.02497019009142898
874;0.13049616131085673
875;0.04047366123927823
876;0.044156492085557275
877;0.05428471944458964
878;0.007458206202688356
879;0.11616355342334216
880;0.1452174112055214
881;0.020492736268768443
882;0.03587293604953599
883;0.13168478170445289
884;0.16799653546341775
885;0.08600839315498135
886;0.07341011551003084
887;0.06023312407271502
888;0.04520934181849177
889;0.14464382825680783
890;0.12674823206418737
891;0.1200164562356009
892;0.19970157174098085
893;0.08199364971123962
894;0.11426702575922316
895;0.19356849501253062
896;0.037889945128278146
897;0.040388202957189395
898;0.14140925987693528
899;0.004311023947341486
900;0.18074064477907587
901;0.16084674505096305
902;0.17251689397151948
903;0.028958145744405764
904;0.055697927023757005
905;0.04417492270011725
906;0.07486120849646465
907;0.039328928515968344
908;0.12204954932229606
909;0.07519522617835216
910;0.034718981652958746
911;0.17617462578311097
912;0.11714471019286016
913;0.17946749180349172
914;0.1418396918414247
915;0.191157540389705
916;0.10605342995857113
917;0.1660938013308791
918;0.007684243080355802
919;0.11430995455400483
920;0.09649340661534643
921;0.09466627952756379
922;0.16531350258797556
923;0.023049273039625808
924;0.11382750079294479
925;0.1428626284502816
926;0.0268767962341719
927;0.03367421405937994
928;0.03811361339967987
929;0.02250201146646773
930;0.12908334992319975
931;0.05189029969566379
932;0.16655394608075624
933;0.047652054478851236
934;0.14248570322126186
935;0.012920549355570455
936;0.06116804094413378
937;0.032941148386390395
938;0.010326885365252326
939;0.03383059598333733
940;0.02305061568901914
941;0.0750245351274246
942;0.008367914922879449
943;0.04408659615748818
944;0.019014677789162396
945;0.07204587501743945
946;0.10177773541089008
947;0.05402341944721703
948;0.0667052174108083
949;0.1775893491157687
950;0.15107729488411975
951;0.0699320711712333
952;0.021442447975265646
953;0.07970103144813429
954;0.15799668893565297
955;0.13227852130680362
956;0.13537799591068475
957;0.0993002523135528
958;0.04657012619446435
959;0.17640781780930692
960;0.09241338873211853
961;0.15026907124039882
962;0.03675596831607573
963;0.03181443870091616
964;0.11269949161605347
965;0.14112869789097862
966;0.04068773000039852
967;0.09731167716205254
968;0.1623254670593263
969;0.10468883666626648
970;0.08047337731603953
971;0.14664602936469523
972;0.013034178054906965
973;0.18772253792990062
974;0.12573681101584028
975;0.1468882153596934
976;0.15645837509952842
977;0.16405583326822415
978;0.09262905716043157
979;0.00804389962053298
980;0.07005097341038136
981;0.07766703876221255
982;0.19267171316125292
983;0.06502173402671661
984;0.004269066659872078
985;0.030927531502256578
986;0.013331456644523799
987;0.021666337662058877
988;0.09576419136700046
989;0.17797620058445546
990;0.008051609424274186
991;0.05471028018666735
992;0.0755722004947955
993;0.12269908765696709
994;0.13022060246672107
995;0.07439610502045502
996;0.05372347793134191
997;0.17682967644101522
998;0.02530127338962467
999;0.06306879522042277
1000;0.0771646038468991
