1;0.042384498043493236
2;0.020545668980968768
3;0.08315633140722857
4;0.08007362248181032
5;0.02453353138177964
6;0.09902349988901182
7;0.03467490349539885
8;0.04420643813119965
9;0.04406390710581253
10;0.04546074505371644
11;0.03204891900308431
12;0.03588859255920675
13;0.07046980666532716
14;0.04795145552512428
15;0.04082421400223876
16;0.04719485006584097
17;0.07754640755088327
18;0.09398418472434801
19;0.04493813365516191
20;0.0789301968752407
21;0.058561285487438414
22;0.0020829397174326413
23;0.039233442451602464
24;0.08138019449100159
25;0.046969063812091164
26;0.060946904445864786
27;0.027693873499083643
28;0.06793770452611587
29;0.08453555678702783
30;0.019821345929955016
31;0.07348401425307634
32;0.012328291649412328
33;0.07773097359092629
34;0.07166860085079677
35;0.06365307434011996
36;0.009194512564965408
37;0.06380223191043989
38;0.0491144701697423
39;0.09032355383793332
40;0.0035478868588727066
41;0.07533494281491522
42;0.04457361205492549
43;0.05596322761330234
44;0.0027670600854189376
45;0.08112199256385143
46;0.005626682359686519
47;0.00844586072436041
48;0.062097617638762315
49;0.06745668449516827
50;0.006600771773565651
51;0.06314971604492516
52;0.030166152043259044
53;0.02916778335804381
54;0.08707786872148815
55;0.02871367144065534
56;0.051172536769225486
57;0.09460101865732722
58;0.04934076093211044
59;0.0876429126000515
60;0.0662459863846801
61;0.08664329227980117
62;0.06607850599727641
63;0.06399046116684204
64;0.007046906172991485
65;0.05377727602922694
66;0.07055079597724194
67;0.05422523531276685
68;0.017343232650079445
69;0.017300307281279414
70;0.07461395365537898
71;0.02953526344134535
72;0.019583456326722704
73;0.06496218995414642
74;0.05732501899093045
75;0.05621840583556023
76;0.01858467885534686
77;0.05576961949086628
78;0.07660005010060177
79;0.0898174397175294
80;0.055646787877973315
81;0.07041416653642453
82;0.03195064018285655
83;0.07782196820361875
84;0.09780169205645078
85;0.09369191594720366
86;0.07416335007936381
87;0.03921260561719732
88;0.08825212572526633
89;0.039922519840874186
90;0.028301396514379618
91;0.07490469233962882
92;0.08349371737618053
93;0.027673755265535296
94;0.027894510631001825
95;0.029488195730729527
96;0.0397567846398709
97;0.06066051256638882
98;0.03773967813849917
99;0.08302690981285638
100;0.028579017434761544
101;0.05264819741367939
102;0.09726375226573103
103;0.023979056499619802
104;0.08417049824289614
105;0.007319323412359325
106;0.01454048334277578
107;0.012580589927002695
108;0.0005200019660934086
109;0.011886677534843793
110;0.03599512640676239
111;0.02149848888130569
112;0.029075416387239185
113;0.038197094214797514
114;0.009832682981983433
115;0.06632550751889853
116;0.09460269768195022
117;0.0015978364099502708
118;0.04477643325969827
119;0.034749407850417906
120;0.08118683970152228
121;0.07501042691535777
122;0.02684443881269112
123;0.06034990257951281
124;0.06871440639704934
125;0.0426548947243223
126;0.020550270496220626
127;0.07047987152256771
128;0.09055699375075373
129;0.06406004444699971
130;0.05233406633472816
131;0.09190410518588052
132;0.03510319710267934
133;0.08217121143720303
134;0.006858184190357275
135;0.06699040072969514
136;0.09412452415065903
137;0.020254644081750952
138;0.08774191646111691
139;0.029896864589853314
140;0.012052341383995469
141;0.012213156455733721
142;0.03344622660396692
143;0.07745772586955973
144;0.007537436794636199
145;0.0034989753459189867
146;0.052784964944812274
147;0.04100322121805105
148;0.010421159046634654
149;0.07808691679024395
150;0.06844309289786868
151;0.05804243331752626
152;0.018769831639865564
153;0.024962198942375582
154;0.07710748697600389
155;0.08341233401091545
156;0.06334920634614782
157;0.07258799925089615
158;0.09289403068176579
159;0.09743154922535738
160;0.007432021592654448
161;0.07313136026020624
162;0.06812376139703649
163;0.04837154394696624
164;0.06226901239630655
165;0.057311841547198705
166;0.01077842457942433
167;0.012997062601184772
168;0.0807768710758734
169;0.0666341293306504
170;0.014778987001047617
171;0.06291961914743192
172;0.08150843689942874
173;0.0488022964042666
174;0.07770802791757334
175;0.08059837961557259
176;0.03372868675926876
177;0.008949363901112117
178;0.08129612593751459
179;0.061735408451782485
180;0.05189830770313352
181;0.09070109437027442
182;0.025352662994255495
183;0.09765311949721227
184;0.00411672021936188
185;0.07521131804826565
186;0.04242917104920646
187;0.05260558264902912
188;0.0073591419925670976
189;0.044038507673962696
190;0.03377213344136345
191;0.029923361328130817
192;0.029771302235246502
193;0.06252753382966462
194;0.07819153627739317
195;0.012617631243147232
196;0.02034692380116423
197;0.05491669607159691
198;0.0918274888911868
199;0.04239832647427092
200;0.054264232738778874
201;0.05870679871475665
202;0.09579912383809962
203;0.03377223296973453
204;0.019886640259762434
205;0.059059595626579545
206;0.06143209333945624
207;0.06704679790549757
208;0.06462704672864744
209;0.06496896429385877
210;0.03519555782949681
211;0.029457412908183947
212;0.06529689303382054
213;0.0925634482093072
214;0.057337541429519294
215;0.028961971301163417
216;0.038267111173652835
217;0.02228423161929756
218;0.07871238966925065
219;0.09478298501529352
220;0.02326736769121407
221;0.009390090812075992
222;0.0674566035321992
223;0.06703367187023948
224;0.0047772527033626225
225;0.07418147949058425
226;0.0671553562790681
227;0.009142950351642198
228;0.04339739101666049
229;0.08882008618580756
230;0.09831899632590414
231;0.0877377742183369
232;0.020819044784377384
233;0.07549324031525102
234;0.0332043685152816
235;0.07922071662203468
236;0.02393491685483461
237;0.078675704464363
238;0.020217198026344155
239;0.07504662930098968
240;0.04518049960113349
241;0.08646151604953169
242;0.05008271708340605
243;0.09282140955734522
244;0.02648414945709936
245;0.07063750536620549
246;0.024732214162784594
247;0.025353177359393034
248;0.04603041748448938
249;0.09520112226104017
250;0.08097468839022859
251;0.0015632930626317432
252;0.06443304697466067
253;0.039031955648897804
254;0.005420738298012507
255;0.041701398679871576
256;0.03591544158787369
257;0.025749907095529857
258;0.05065731762255335
259;0.048934372823290884
260;0.007833574489739282
261;0.037881548199468235
262;0.09958864396614474
263;0.008704365595781095
264;0.0036424584360258863
265;0.06500451786770976
266;0.04352298039076799
267;0.015483145055292037
268;0.08812764586500352
269;0.007806595977324271
270;0.062192168675096166
271;0.03223934965911569
272;0.014208935212141916
273;0.07183031462232371
274;0.08470163767345439
275;0.020612124740051696
276;0.037312581589224736
277;0.03487386805754974
278;0.07759904275450673
279;0.004825857317608995
280;0.01085985645320664
281;0.04727359619167956
282;0.05967133558525256
283;0.04164703087121702
284;0.09661042035508804
285;0.08109412494486948
286;0.007296271105031705
287;0.08771244696262787
288;0.025527199684376667
289;0.08749059447681214
290;0.019279932836865177
291;0.08835749013450364
292;0.02985223374205419
293;0.010901069369655092
294;0.02713442837051555
295;0.01564318287190559
296;0.010973376845797234
297;0.06652206315578585
298;0.04719431810088283
299;0.04136834298240319
300;0.07260679493088128
301;0.05630258511280456
302;0.014973109758428395
303;0.074611258138
304;0.06408192333442207
305;0.06877956586728208
306;0.00473507081722242
307;0.0003033869560082336
308;0.06343938101840506
309;0.09396455927196398
310;0.005063686364805842
311;0.041788879915677674
312;0.013088636402778265
313;0.012478617799522917
314;0.07693339550160569
315;0.061373946982008126
316;0.0018540874439949785
317;0.051080413254877416
318;0.020352102636982974
319;0.029152223601341423
320;0.06367245161198701
321;0.0294812195324349
322;0.09835992598110832
323;0.030803101094614295
324;0.04836775930512621
325;0.0943188327043668
326;0.07353546473452892
327;0.05671019292640003
328;0.013304314609451341
329;0.012219142903705649
330;0.054205892883974906
331;0.05205474554508627
332;0.0072988041988826914
333;0.06820356013683866
334;0.02777830031692623
335;0.0918608145317952
336;0.08361838064724339
337;0.06771002124006735
338;0.03294880948629244
339;0.009280744251725115
340;0.016288195409966955
341;0.0020735033560075
342;0.01652418824989842
343;0.09611671020489276
344;0.05367522599300515
345;0.004626029914784502
346;0.09274316853133775
347;0.044419139482627636
348;0.008402177735270522
349;0.06228410096182935
350;0.07614679828972229
351;0.03206241510534913
352;0.012492629147274614
353;0.04805492455528626
354;0.08839604384322126
355;0.02016000387721304
356;0.04063079692735266
357;0.05194714370525079
358;0.054019834924464105
359;0.06687298630092108
360;0.09514300296510278
361;0.009650527519724684
362;0.009205045378848942
363;0.015429721402223274
364;0.03402028740433665
365;0.06574040330729279
366;0.04319903269551765
367;0.06540473822396892
368;0.04997647914588291
369;0.04362196187079044
370;0.03635165337581714
371;0.060409142601136806
372;0.00438017551945642
373;0.08105760237414035
374;0.009564408730455066
375;0.05494661397872569
376;0.011910767255025302
377;0.05768698651117848
378;0.08660977468395276
379;0.0860208870717093
380;0.04097557801375216
381;0.024321616220952014
382;0.08777755161319258
383;0.07045108452644272
384;0.06030561442627256
385;0.06297985171450365
386;0.011164918610107334
387;0.079050065353364
388;0.06593822326000057
389;0.03127208543324469
390;0.047226164149256726
391;0.053635886591527564
392;0.05999058559608901
393;0.08905585714909169
394;0.00967567582121679
395;0.0006539524427343513
396;0.0686515705695122
397;0.054805647770519245
398;0.09869463672088288
399;0.07793819276583394
400;0.028055788052947617
401;0.06250577643529279
402;0.01817017261568653
403;0.09752015934462366
404;0.021834262646305492
405;0.09880713993223805
406;0.08499884727123869
407;0.0563614860262608
408;0.07403096341606195
409;0.02457632722588965
410;0.06554338156211832
411;0.0975419081556853
412;0.026395167207203352
413;0.07591279778419567
414;0.052710817874940086
415;0.007928378508196821
416;0.02102788268294155
417;0.002455330442450443
418;0.0566272006370355
419;0.08531879372861874
420;0.07530464315988389
421;0.09893911854531799
422;0.0774424671284243
423;0.0756990171462971
424;0.002958962296543022
425;0.07690296680430021
426;0.033708409542921196
427;0.08109945556288123
428;0.08119638767098025
429;0.020296158827186096
430;0.004433853506397279
431;0.041719276012671204
432;0.02826551803757429
433;0.043209544108399923
434;0.04544395665571943
435;0.0071750028295924475
436;0.041999662850800625
437;0.08533219767910782
438;0.008320498519974785
439;0.09047330821127826
440;0.006388933134931785
441;0.06913870159640854
442;0.05517666396804152
443;0.018475017563259134
444;0.0517099666337018
445;0.017924901007868865
446;0.09238239632378153
447;0.04856818473080628
448;0.07894626123781377
449;0.01029147527617298
450;0.007046400258682506
451;0.03284094432303871
452;0.06331185269226572
453;0.05538152813037603
454;0.008502803380000612
455;0.05567979821249194
456;0.002941379368738839
457;0.0041834031994195334
458;0.009769404228887647
459;0.08548454290614728
460;0.03777742712640356
461;0.09887372186904143
462;0.05878921133725587
463;0.042137829854929545
464;0.01743360378422526
465;0.05186828098341442
466;0.045859158135363835
467;0.0873089475915569
468;0.04585895816322997
469;0.08098422394601973
470;0.07350015302056292
471;0.07635438991210416
472;0.02027019525081244
473;0.01029687441194388
474;0.06441331688263177
475;0.05227222194674468
476;0.06760852803202716
477;0.09186620117662643
478;0.05617984988091593
479;0.0812593240229973
480;0.023784681430496314
481;0.08920229357115682
482;0.06431775686709822
483;0.04644184836707618
484;0.09994511809193812
485;0.0969716831945211
486;0.07068188850807798
487;0.02611804017305206
488;0.08749957204628256
489;0.009095368265137016
490;0.07663155077396555
491;0.07606562318703024
492;0.004692031738505642
493;0.07045603413888504
494;0.017585511450684734
495;0.0720188680576107
496;0.05703464249993723
497;0.048017570647223784
498;0.005420953329871803
499;0.09805498563653306
500;0.0750488685325807
501;0.025011430878239406
502;0.0661394087198192
503;0.033081690160152444
504;0.049037972079605835
505;0.07259281955078149
506;0.09143671206567995
507;0.08734081317206058
508;0.039647037678694555
509;0.03597256947479723
510;0.017760989780569603
511;0.07933073529056356
512;0.06025144115589986
513;0.04221346156367798
514;0.013683287991081906
515;0.024711261671079888
516;0.09871705813551153
517;0.07821194611090236
518;0.05348763210487545
519;0.032495234512405526
520;0.09102048686289618
521;0.07082050744776579
522;0.07444997196295647
523;0.03785588984067764
524;0.07909875726836378
525;0.03073159908084021
526;0.05994598308391805
527;0.07032931941230657
528;0.08497329037263328
529;0.027630809857565743
530;0.00071661918857997
531;0.09096678571441343
532;0.0972920028149843
533;0.09430715297722925
534;0.07604446264741993
535;0.07526463099534926
536;0.01145865466125008
537;0.09239185700182434
538;0.015699141422630392
539;0.06638010181667622
540;0.06150055118612914
541;0.07893827745989677
542;0.04952099275466398
543;4.312193958283528e-05
544;0.09235113164340708
545;0.0926580540516505
546;0.01815186707584372
547;0.046992407664850445
548;0.027414836814462565
549;0.05061002307009983
550;0.08753354686062342
551;0.0532148448136062
552;0.020441752070234676
553;0.060433943087021436
554;0.07070218217409673
555;0.06853867754130145
556;0.09846342991924009
557;0.01917076253929171
558;0.07170186633399833
559;0.01201620594059828
560;0.03836065741737138
561;0.07963689230055418
562;0.022296157036899057
563;0.06533731149036741
564;0.02881517893331216
565;0.0359810033701918
566;0.014756666066124115
567;0.05070569248919207
568;0.008964301345481618
569;0.0982348118713084
570;0.08356556365962757
571;0.0711307692028939
572;0.07288349652212088
573;0.002115682648618267
574;0.046494744750176314
575;0.057133386591646865
576;0.004512879224107725
577;0.07123054567821668
578;0.01599849442970649
579;0.034722269982019695
580;0.0063090797427044825
581;0.013178305272044201
582;0.029795825869651196
583;0.061091150706782116
584;0.050088588571234896
585;0.012661125945150498
586;0.02568281586313075
587;0.03630443417660084
588;0.035590883090735104
589;0.04084758573421188
590;0.08572572839926275
591;0.050862146164442845
592;0.09473717565137037
593;0.06898213252990541
594;0.003933449168975045
595;0.003777260251665704
596;0.09890808621072737
597;0.0047661181825973346
598;0.08185959075303606
599;0.09307478024970259
600;0.05013418915522138
601;0.020869814090675065
602;0.06795290766151145
603;0.07283027937550389
604;0.025912589221160943
605;0.07437103591284494
606;0.08684387659101545
607;0.0982288883049693
608;0.03438868207865997
609;0.05237707381986282
610;0.011202075215434393
611;0.08285984032773368
612;0.09853166180841517
613;0.007060889324077502
614;0.02712527522471543
615;0.017776998545958534
616;0.049835659809423144
617;0.07106002833934309
618;0.08747289385701634
619;0.022060924965799956
620;0.08877064227766021
621;0.05994207553019885
622;0.09196182054176393
623;0.005063925488425669
624;0.08767071321950327
625;0.04251827446495163
626;0.08075495532814292
627;0.040782864924407906
628;0.00475981429994633
629;0.03345725096460916
630;0.055042860108005756
631;0.0675840869332242
632;0.011934110267497744
633;0.01992182861019678
634;0.049062448231848
635;0.09815227038652717
636;0.053160309475007994
637;0.011446664034007292
638;0.068187536711742
639;0.018287600633620782
640;0.04604487414575155
641;0.05674109735105588
642;0.008623241575625063
643;0.027370330469227003
644;0.05457061215693652
645;0.07438300912863276
646;0.09134305669857161
647;0.042121264641297965
648;0.07297567123015507
649;0.034234397080201796
650;0.06490678345410934
651;0.06190132240439659
652;0.01728757616491754
653;0.09922374879565309
654;0.09441606901661781
655;0.010199322000546886
656;0.03826466082367678
657;0.002971589076061598
658;0.05288682783997193
659;0.06235176445989058
660;0.07427215190880293
661;0.08179112855470354
662;0.04119702320968108
663;0.011538313031650439
664;0.07521475476632415
665;0.061150645349091405
666;0.005432111372187076
667;0.021139937059721916
668;0.07025369795438964
669;0.0719432187065082
670;0.059175047300371965
671;0.06708065114024385
672;0.07759611918256648
673;0.05147561961111017
674;0.06714577165411317
675;0.03957051947297783
676;0.030956803677030267
677;0.08971678898329788
678;0.03358820054314894
679;0.04810586568662976
680;0.09715604975065237
681;0.09340969689654287
682;0.07500381084010022
683;0.05557845663894811
684;0.037231574486562106
685;0.04207912396628108
686;0.0284408305067009
687;0.012988015958310107
688;0.0032994992683357373
689;0.016221901297439677
690;0.07985972949074177
691;0.022259683327051874
692;0.06302467452518802
693;0.027571658896634044
694;0.0397277552752097
695;0.07810644008559964
696;0.06646040858479295
697;0.028105298602244956
698;0.05412307446135517
699;0.0742265218091706
700;0.039555677790453506
701;0.0203184683306598
702;0.05285367777964431
703;0.0040968544395280975
704;0.06169643081572551
705;0.049390735815244516
706;0.015382701433361946
707;0.03305973800451325
708;0.07210081449801246
709;0.08959870233907913
710;0.01928051708414215
711;0.017300603473146724
712;0.06322516857164594
713;0.02655261345902146
714;0.08886941514904537
715;0.03612566655116269
716;0.09043099291337853
717;0.05684803296525877
718;0.057370119275155874
719;0.0751626403347592
720;0.010012792908234515
721;0.09070464873228495
722;0.061809130132284285
723;0.06234175789308726
724;0.00887486148144544
725;0.0233284598854539
726;0.08515340382897921
727;0.06741238616137532
728;0.03902552465327225
729;0.09617006193686124
730;0.06520481249036224
731;0.010312931258727976
732;0.007087513843744797
733;0.026340709327972146
734;0.059062863987426266
735;0.09482055197172805
736;0.09708731101527815
737;0.05200699041772714
738;0.07548788491550128
739;0.07974486986801207
740;0.025653923932147427
741;0.07495413704896499
742;0.015071173419385277
743;0.08017545778665847
744;0.025902871544500296
745;0.09977545569361967
746;0.07659885267438965
747;0.059288525419344346
748;0.04952640055066718
749;0.03087018794193569
750;0.07712471050135052
751;0.0078480256136495
752;0.056409452326202585
753;0.028695970043358512
754;0.0291686815894872
755;0.05028767287575845
756;0.07773164926178362
757;0.012639344258641516
758;0.07939738636030452
759;0.017729392254278133
760;4.552788220073545e-05
761;0.05620584190473891
762;0.00418599056285085
763;0.03503454968319735
764;0.038459134978228775
765;0.08493871543693571
766;0.00014466406412591004
767;0.046254503948952044
768;0.01092542888851602
769;0.037321870964579174
770;0.07628987440409955
771;0.07610058843845036
772;0.0934070157667618
773;0.046579236854351086
774;0.029156509513621854
775;0.05654041494922971
776;0.07896437305615078
777;0.06847403284962224
778;0.032233542187706264
779;0.08190827253952497
780;0.09790672164596287
781;0.09043918785688275
782;0.015421381596948515
783;0.026858478339887727
784;0.05550802631877433
785;0.004358333793648928
786;0.07381588873405026
787;0.008929344339278045
788;0.09605509190772862
789;0.07128944660590152
790;0.0009184654444111874
791;0.07049529937399256
792;0.018934678181522415
793;0.012168514127882713
794;0.019130395059448493
795;0.05009299802941375
796;0.061978889274661865
797;0.042702541966466535
798;0.023693512577548082
799;0.005844933943437192
800;0.09833370651465131
801;0.04124726543988763
802;0.09556774741162727
803;0.01907399148059389
804;0.07986310328146978
805;0.08131580869301862
806;0.010587282516472963
807;0.006600195993877712
808;0.04553769388841036
809;0.07013790477421931
810;0.04958063973899164
811;0.058775256956799894
812;0.005050827018966453
813;0.09422757406344823
814;0.0057041289633424815
815;0.05894319332576763
816;0.0422546568155546
817;0.057883576842409815
818;0.03030203956518518
819;0.042588728074387884
820;0.0614302566526085
821;0.08806484749074124
822;0.01426351964570778
823;0.02263973016144416
824;0.08828796033556441
825;0.05514171657489041
826;0.0738445979220135
827;0.02469931001334721
828;0.005369042457510554
829;0.08800599016807868
830;0.009668756524053046
831;0.043303501875777084
832;0.04375980923434977
833;0.02273491495736283
834;0.01868778183873403
835;0.029090982183508154
836;0.07952048761248032
837;0.0035314393275532874
838;0.06297597962780886
839;0.05498512943791211
840;0.012648295133976074
841;0.08110619775940253
842;0.061504797813518176
843;0.07974713642467263
844;0.04990147173949644
845;0.032721097986275115
846;0.03178101201587443
847;0.011129985574220059
848;0.08527682714053061
849;0.04394543788516221
850;0.023236955849158483
851;0.017006266341395515
852;0.0674872515567063
853;0.057904913011698755
854;0.046065559064586495
855;0.016245702262187033
856;0.05467402542349038
857;0.056925275035582194
858;0.07653881737821831
859;0.0068855618243917616
860;0.06700462933882104
861;0.07417732205051937
862;0.04461217891332582
863;0.03412301484967927
864;0.027180412233485652
865;0.08313694218353664
866;0.0947643786477351
867;0.009217919807576759
868;0.01897517258061453
869;0.04255519450476994
870;0.062361570980471195
871;0.05441581690316787
872;0.03729381388984704
873;0.010639732403080672
874;0.0004545369086435325
875;0.009432231270267722
876;0.0963685086105456
877;0.019159802866729705
878;0.08024133081321612
879;0.01995160506692245
880;0.006919022771160255
881;0.04249843722936683
882;0.05973390578730123
883;0.0225754170408948
884;0.008403325148271768
885;0.03649333046169463
886;0.044397593751275805
887;0.015023601063038095
888;0.009207922238306644
889;0.09758111714334108
890;0.0934533420434493
891;0.019703072555607895
892;0.00023129573600965127
893;0.016766173349481862
894;0.09399221136569756
895;0.07888654282684969
896;0.04590664427395075
897;0.017286710004005248
898;0.036680257587449326
899;0.06505492419571499
900;0.03214887044742513
901;0.08453703002960691
902;0.050604866194030575
903;0.08676288188502662
904;0.07890979984491311
905;0.09742431573445959
906;0.08104315692664976
907;0.044073372783673306
908;0.0459803179827764
909;0.07770729230765627
910;0.020427512418174587
911;0.047978877364599715
912;0.0794722677381605
913;0.04245633417219091
914;0.006050798805079249
915;0.006249216531262026
916;0.06355219613229471
917;0.07105200483801387
918;0.006731270737073514
919;0.081075560839708
920;0.0865525470161532
921;0.05388197213715491
922;0.01325437484126414
923;0.0015235495990283288
924;0.0024693042096748056
925;0.0910090528274595
926;0.01718084703603742
927;0.07713391364563672
928;0.0017347468584063997
929;0.03607616006771972
930;0.05073573147520627
931;0.026169763150074545
932;0.054705710199815766
933;0.027555555084875907
934;0.08546185145195921
935;0.051314305665229556
936;0.08618826495440984
937;0.094670993597075
938;0.04772308811812185
939;0.08831282467446261
940;0.002830694187576333
941;0.08391124485146978
942;0.020420587101240218
943;0.007903637545335341
944;0.07170352390213051
945;0.0549775585462261
946;0.0010374723322248093
947;0.08676729767317751
948;0.09157609902859903
949;0.006493027170582755
950;0.029976063463102654
951;0.09580273928020412
952;0.025218867477384256
953;0.030062575120967716
954;0.0705727723850754
955;0.02521756829917221
956;0.006182188498685482
957;0.06989061992961097
958;0.09119895948828115
959;0.06491007997501766
960;0.03811252419341959
961;0.008339855047613198
962;0.07292369656143428
963;0.004724056916490427
964;0.08248662011477559
965;0.034407214386743046
966;0.09096379127229653
967;0.05364130776274781
968;0.042991509624725914
969;0.098670551071892
970;0.025378817124084754
971;0.08564386026917944
972;0.05189316519662315
973;0.01359991518444511
974;0.06276375546791295
975;0.04341245634391268
976;0.03989618549903672
977;0.03410584721879204
978;0.08410527226109371
979;0.08435860341746154
980;0.00423043792166049
981;0.09662099478016409
982;0.04833467024095204
983;0.0018180068186713916
984;0.07738662979585201
985;0.029209219201001804
986;0.04547071308876847
987;0.031775532134847184
988;0.04507069082396753
989;0.07566770849281579
990;0.006729971969572601
991;0.030354981507516345
992;0.0971308743485157
993;0.03426173531537381
994;0.02190089193989905
995;0.049699708693707705
996;0.09971090647780066
997;0.0050165271122844975
998;0.007856533875999484
999;0.025260468431322347
1000;0.037323942710620506
