1;0.09276765124437328
2;0.04222512380161891
3;0.03237196136898827
4;0.011912937927570623
5;0.07919904970173208
6;0.004516652246999209
7;0.06993927561795356
8;0.04713154360951208
9;0.03335295816830208
10;0.09345430083908747
11;0.00773342831861501
12;0.014031155406867224
13;0.07674842301660889
14;0.04741858899973537
15;0.005496744414044952
16;0.026964934717632862
17;0.03862648130261401
18;0.05745827241151241
19;0.08795748612096493
20;0.043802175615224294
21;0.0031720372645998585
22;0.06494156233813674
23;0.09851623897448153
24;0.051703502082122654
25;0.0954051377028657
26;0.07486244030437599
27;0.09104175060967373
28;0.02092427074697034
29;0.01824811923521672
30;0.03937816993181033
31;0.09452310926420839
32;0.02376018718361328
33;0.010822669118238116
34;0.035988670371095065
35;0.04619912050340907
36;0.08908621112626985
37;0.02859367306779045
38;0.022421525205673656
39;0.044611084193742934
40;0.044451715599125224
41;0.04516133931409373
42;0.06462274750082499
43;0.0815123664958785
44;0.010465239658955872
45;0.033181068811659546
46;0.065500879709929
47;0.06693795125878764
48;0.003308944571768913
49;0.005573520747962879
50;0.013884888247782647
51;0.054961706271207326
52;0.06000823607040098
53;0.04722842851271301
54;0.06925612992765064
55;0.03556928134145818
56;0.08855323068526674
57;0.012245327341842817
58;0.07321903149167508
59;0.06210882774883693
60;0.02450422932897819
61;0.014690882051869782
62;0.010596287173634745
63;0.003337924848791485
64;0.08806571432543822
65;0.035073941242713895
66;0.01751302580274333
67;0.02698259878049534
68;0.060052500327329485
69;0.047608082819905286
70;0.038579515802918476
71;0.01164125944796246
72;0.03403631019062784
73;0.0006861047141036747
74;0.04084251364048552
75;0.015775464309214594
76;0.0651727782790881
77;0.09414862630181707
78;0.06818991021683636
79;0.02452532906463946
80;0.08463576425488273
81;0.014025339931853509
82;0.03423438649193126
83;0.03984020228317353
84;0.01356576405735126
85;0.07822687249130425
86;0.02609983481724031
87;0.0015418671820803477
88;0.004281191846343302
89;0.09874997423544465
90;0.049423528199608206
91;0.08149631694592914
92;0.07150939594476666
93;0.009715155614273975
94;0.04644390886396062
95;0.09108027882750873
96;0.05037598449737371
97;0.06950087801930407
98;0.04026990405961803
99;0.037219706297986654
100;0.05504472991583553
101;0.022247385929340203
102;0.07709615866722944
103;0.04254709926893733
104;0.056179391375013835
105;0.03748696904001425
106;0.08985349925866154
107;0.05980572484072503
108;0.038356886964918374
109;0.03440209823251413
110;0.09084979283555544
111;0.07497448424833757
112;0.03784746404449564
113;0.047782901754264584
114;0.05331407239613897
115;0.04421772904408643
116;0.09925925368365707
117;0.014468732923308759
118;0.024742499984586754
119;0.0054873950406647
120;0.003346792556237921
121;0.01261393603682528
122;0.0005909535697577462
123;0.0869829142493243
124;0.0791183850501033
125;0.07171916640967911
126;0.0977260112491148
127;0.06406124480503919
128;0.06633798607376508
129;0.05059670569049199
130;0.058312681027611946
131;0.09121680497578011
132;0.015946547862650862
133;0.06940165972945155
134;0.09898007964354034
135;0.06921337067889441
136;0.07245642998235245
137;0.01005609173197819
138;0.03837070240808237
139;0.010792485722065748
140;0.028968487544780177
141;0.04993959292062094
142;0.018977112384321895
143;0.050913576224181516
144;0.0007304535622987163
145;0.06778751876412513
146;0.037626889301435346
147;0.0004993457106871379
148;0.0655332429186601
149;0.057422802889811386
150;0.01983029125032756
151;0.07853758688414852
152;0.06254375775906389
153;0.02194496626669227
154;0.08421992368461532
155;0.03812946316932558
156;0.034577898154217704
157;0.025421326081805265
158;0.06863869734536744
159;0.004868551451505865
160;0.02129320801300736
161;0.01652178254483897
162;0.03920201076132353
163;0.028774844522636303
164;0.017562310789152824
165;0.03233455933513201
166;0.09589174986477561
167;0.018540855224684783
168;0.01549987239645797
169;0.06893530707979235
170;0.05713122196652303
171;0.015128556976226282
172;0.09971140380312309
173;0.02842677746447965
174;0.06604449659079209
175;0.00018662041701372756
176;0.043642921492377355
177;0.03503565328284224
178;0.0013939857774397102
179;0.008633363433573616
180;0.013715567188780243
181;0.0031923662259210287
182;0.08961748431893471
183;0.03591485621162939
184;0.04706363930816131
185;0.0035244997139220915
186;0.08489721720498677
187;0.0016696500324708263
188;0.013524321652533124
189;0.02167412029330461
190;0.08970481133387993
191;0.07793948352016937
192;0.06818093642656833
193;0.01120712949005126
194;0.08756301043726678
195;0.0025949817130228817
196;0.004972444024830503
197;0.010235150831781281
198;0.04547899699384647
199;0.02529054079623624
200;0.05569505412976614
201;0.0391645687723105
202;0.055624067820666784
203;0.07756215940473399
204;0.09133344054134968
205;0.028076979919686097
206;0.03510024924921508
207;0.0014758710975161238
208;0.06395957283148744
209;0.08318656283271367
210;0.005240160785679193
211;0.07300869097428443
212;0.013356171317223853
213;0.099683626327175
214;0.0240616428806684
215;0.00904272293056303
216;0.08902825432939193
217;0.054680122027198824
218;0.07623521720668662
219;0.06879317734952246
220;0.011451384990009417
221;0.028355549939041248
222;0.006667470027115674
223;0.09349796645000386
224;0.033647967094543485
225;0.056214378694427684
226;0.018282996808312624
227;0.05660219624928789
228;0.017170284896742573
229;0.06364501621676406
230;0.012795024569932612
231;0.04354402611861207
232;0.0020348329144298407
233;0.08778569956979307
234;0.025607550024685167
235;0.08417865640639931
236;0.0466319639916317
237;0.0020033824947440215
238;0.0008054020148530295
239;0.09148342267250274
240;0.004896541999099458
241;0.07331819749447456
242;0.03725305268814403
243;0.07932320463616051
244;4.343455662124685e-05
245;0.09636757793679278
246;0.0883214609418565
247;0.09370691855393866
248;0.09779162713486397
249;0.07879653836503013
250;0.07788843000742011
251;0.07501183120010306
252;0.011182326931044562
253;0.0594030037852698
254;0.03748051884277411
255;0.017226629286225936
256;0.029468521490803357
257;0.08463618108233134
258;0.07744444244973445
259;0.005565210240871355
260;0.012017226617466181
261;0.07908869136038951
262;0.05181456184748077
263;0.06442466838333961
264;0.05183356246307859
265;0.04861090402939133
266;0.08288124135985045
267;0.037182946550517904
268;0.0061275099962553765
269;0.07868130916632103
270;0.09531811356386144
271;0.006885199079438054
272;0.01822578347424684
273;0.004875065863882866
274;0.026622589161837074
275;0.09523550918046632
276;0.06075091069640918
277;0.0023127514891583935
278;0.0940610730170397
279;0.015201404496086292
280;0.053762645839523206
281;0.041791254354788976
282;0.07465476916298099
283;0.03463661101601547
284;0.03828766796904404
285;0.024443545526987367
286;0.07960735309749063
287;0.07868495345622033
288;0.07660162931291185
289;0.09599997956655378
290;0.07365029495720554
291;0.07253992532982655
292;0.053932263310397736
293;0.09328545106732736
294;0.07165154389486032
295;0.07776849141970357
296;0.07643096812740797
297;0.028884205710400047
298;0.04057655887260048
299;0.03682670863659021
300;0.026934545517901056
301;0.08401087974068366
302;0.08955034385340309
303;0.007606822439507933
304;0.04354645608287247
305;0.04362393850066562
306;0.015413649735924784
307;0.04138996267795428
308;0.07387307459942882
309;0.08151044478171902
310;0.07667286082673279
311;0.06690458425376411
312;0.09041473368858455
313;0.08332060544044396
314;0.06182928952911385
315;0.008317345281003386
316;0.028973274985575417
317;0.014400086471226238
318;0.06187948809617451
319;0.05270407575952196
320;0.0887871069091846
321;0.08532927254989613
322;0.0959609408901589
323;0.09089472300163559
324;0.08705000532299365
325;0.05381723648772
326;0.05539897118638048
327;0.058882200840549105
328;0.09356433678890298
329;0.05930651452848143
330;0.07006290349616416
331;0.07540848945068127
332;0.01972157494395196
333;0.03236877293546042
334;0.03580138336445243
335;0.08591366804884176
336;0.0436533095037675
337;0.08109562116278062
338;0.007026358595402227
339;0.05549557897314977
340;0.05427903924876242
341;0.028718135244044696
342;0.09449816866301686
343;0.05197258840360322
344;0.012616150738418243
345;0.031045037930688336
346;0.056207144442781944
347;0.026859092446551228
348;0.05215889941071992
349;0.07707609010071823
350;0.07305212820055454
351;0.058522996073873616
352;0.02014300784472377
353;0.04236657125948937
354;0.012400695667707596
355;0.04622455241737566
356;0.07708771853403572
357;0.059251626071063136
358;0.044244977327714666
359;0.06193496914175023
360;0.00616629238689359
361;0.05453112701570434
362;0.09283895709097126
363;0.07325285783742644
364;0.07944219706122978
365;0.0639051980834256
366;0.010813647131871119
367;0.0352943874143198
368;0.03042624679459598
369;0.08209166517005444
370;0.037076759868075196
371;0.007986261311971466
372;0.04085763207939456
373;0.02718222750790955
374;0.09580152710519052
375;0.062192994132544525
376;0.008006620638916707
377;0.08637855272914208
378;0.07260301671709937
379;0.032749176894451906
380;0.008933906275874526
381;0.08195580042525742
382;0.055827891580166045
383;0.04630821015563935
384;0.08495576964048963
385;0.09642863574898905
386;0.04859849083767098
387;0.07798433791226153
388;0.03428536005465246
389;0.0802284112167711
390;0.04774315508993743
391;0.06438428261324756
392;0.04666519500156068
393;0.09114471687158496
394;0.07459780179882307
395;0.09116391656511824
396;0.0658341112740518
397;0.04419878225551094
398;0.015109994744321753
399;0.017305449857879684
400;0.07631306542937065
401;0.03817078937697704
402;0.07978848847143784
403;0.029756569887191033
404;0.05808207517056531
405;0.08757558618720973
406;0.06506347084943159
407;0.00018664078292990327
408;0.09669220501163575
409;0.07214858511430071
410;0.04841740686024468
411;0.03408299797102443
412;0.009014596359358284
413;0.03918687516981835
414;0.017183886877932566
415;0.07245798095307848
416;0.056497001879418966
417;0.08644668699195665
418;0.001846241747566757
419;0.08211446217349992
420;0.07897529145281529
421;0.0746047689184862
422;0.05970498162986403
423;0.08913572098601319
424;0.08758579811443684
425;0.06494370290875576
426;0.03322664637602053
427;0.0033451273762257097
428;0.024169735283581652
429;0.053248258959126715
430;0.08274609308976658
431;0.07542504695669419
432;0.09061008217167968
433;0.013872352766153718
434;0.061231688872318585
435;0.07347862237439161
436;0.05523226837732612
437;0.07800644000080233
438;0.007373991788408374
439;0.05280102118827837
440;0.011213699894318509
441;0.000745677431675329
442;0.06775904967193991
443;0.061119475496994195
444;0.022381116691544245
445;0.02702458277938609
446;0.08505934322388603
447;0.045868084714733526
448;0.006309993034316908
449;0.039287705928863596
450;0.07276429687684129
451;0.09494740310775802
452;0.047109428669084456
453;0.05125396837646182
454;0.016132327089942024
455;0.0752187521126912
456;0.004410987938205347
457;0.0732526451217778
458;0.08481883559828969
459;0.05236702663508004
460;0.09201050096668652
461;0.03389839185844971
462;0.09373675906368219
463;0.08793822360790375
464;0.027154424664175558
465;0.005858329988765155
466;0.08010555010555706
467;0.03256145285840494
468;0.06733498741123853
469;0.0950891923559551
470;0.07855819986845552
471;0.03451228633412993
472;0.07787283669292785
473;0.08710022090055948
474;0.0748902438138405
475;0.012104611927080145
476;0.08205248145607612
477;0.027154227358081075
478;0.004041412167546954
479;0.015871898980944977
480;0.06069219584373468
481;0.01878169951303125
482;0.00512830843306793
483;0.016206009960718384
484;0.0707155272811001
485;0.03246972176941054
486;0.07285055653081383
487;0.04117996790030831
488;0.061106920420038395
489;0.0321440701939674
490;0.021864949161553505
491;0.06643542538084334
492;0.05908184286103579
493;0.020413683897353842
494;0.08045912746197566
495;0.025336425493794425
496;0.06412682454414707
497;0.02682100432273442
498;0.08065868385772063
499;0.08496926818686307
500;0.07321904441872887
501;0.003033330777728227
502;0.003353988427269472
503;0.03469458647446052
504;0.05580834321058146
505;0.07000793196056444
506;0.06654183297982774
507;0.013087840838101406
508;0.07503782412525514
509;0.07860929394240163
510;0.050031182620560326
511;0.05905389357768129
512;0.08215304983786313
513;0.05980648491295181
514;0.04144046089591043
515;0.011569360767487902
516;0.0055646894802396825
517;0.002127949783254479
518;0.007839386079149724
519;0.05912446895947726
520;0.0955639596681632
521;0.019770295257783833
522;0.06128811616554754
523;0.07114440515626902
524;0.09231061601116353
525;0.08366352273144823
526;0.0689535086806423
527;0.004010721704076048
528;0.08042268755932877
529;0.05026312751347736
530;0.0917737265058375
531;0.05985301243153232
532;0.09482736031237966
533;0.07157801766050469
534;0.06875725296535579
535;0.09458154477573438
536;0.07516098134118099
537;0.018525430411399913
538;0.09824403584484809
539;0.09533040542113876
540;0.05544707108850602
541;0.08022077106676967
542;0.06918192057500319
543;0.08749884165502018
544;0.009497090446630685
545;0.06530913897236887
546;0.08496530625582414
547;0.023806710292054736
548;0.05249254328016038
549;0.019287032221338297
550;0.015057114140579898
551;0.001757646743623631
552;0.013049467031608242
553;0.036460281018512265
554;0.008743950003842694
555;0.032414791599671304
556;0.028123306729431686
557;0.006506051828061122
558;0.049253084116373004
559;0.060832190670329606
560;0.05672058258320012
561;0.07596989166504964
562;0.013729230879247946
563;0.027518553341499077
564;0.05828729798395771
565;0.07678808643296393
566;0.09676550969566727
567;0.03690790875159289
568;0.04924480427114069
569;0.017581781891024308
570;0.06638546562522053
571;0.08614278637843718
572;0.030045167933875697
573;0.09043503446663152
574;0.07934777954395703
575;0.05404890522735041
576;0.06410527160776881
577;0.016172041284539296
578;0.0367781402341086
579;0.0875009234558065
580;0.031401795312862524
581;0.0661305990351192
582;0.0685975454394644
583;0.019617295502096455
584;0.07459131332016382
585;0.05824017044536686
586;0.09645989479844769
587;0.008544900561040115
588;0.03873911686716949
589;0.038339886671171934
590;0.07441942981168381
591;0.015881352841792217
592;0.09411884980562973
593;0.032836001377857596
594;0.034059172581634135
595;0.0021514948660191213
596;0.04821268662889469
597;0.06781760807930208
598;0.01959656993124105
599;0.010904969353544725
600;0.08767161026426308
601;0.005903095697833316
602;0.09109295635519646
603;0.08961166188237346
604;0.012835215414974066
605;0.06145085569396074
606;0.07181806922601934
607;0.010372099661044333
608;0.0493654410926988
609;0.08576749101930137
610;0.0984862371065261
611;0.06538145182729667
612;0.07949644926420185
613;0.024047026267347518
614;0.09405784711791629
615;0.03385318717943031
616;0.07512410783942167
617;0.08238154705257905
618;0.0668317717611958
619;0.040411002643289395
620;0.07698075241098894
621;0.07298160670463774
622;0.03970818068691896
623;0.01976300625034836
624;0.03948478936095833
625;0.0871172895437347
626;0.03211749430462083
627;0.022612750810758076
628;0.04790520557303965
629;0.03904008927100251
630;0.03596731503378153
631;0.08006553106554812
632;0.041560677882906065
633;0.014444462565960436
634;0.07167569369097251
635;0.035840371768977385
636;0.08292143376785192
637;0.07407792092558907
638;0.05148903254673051
639;0.09083341361056041
640;0.032439565377812694
641;0.0818015639860295
642;0.06065283160285078
643;0.03048597322361948
644;0.043509291949296904
645;0.027606398444515592
646;0.05448069408962435
647;0.020978226405409073
648;0.024811827011834542
649;0.06020989039653418
650;0.007503692292481501
651;0.0641767308688086
652;0.027583538450725767
653;0.04037331731298578
654;0.06254730329506906
655;0.0373625398199687
656;0.05360704697817579
657;0.0077541076789168885
658;0.0461127487080971
659;0.05060884918178224
660;0.05767442943728294
661;0.08500229752401592
662;0.08274898821704407
663;0.07410158421462472
664;0.0874952517755856
665;0.08915432401907643
666;0.0919239462597996
667;0.06965169045105607
668;0.07183785423637755
669;0.036438492637584065
670;0.06008233642290583
671;0.046418901790621386
672;0.0499331197355586
673;0.03976735020842762
674;0.0752190711570846
675;0.07312486034506868
676;0.07599300967241701
677;0.025999154126005522
678;0.09131247931513597
679;0.05760095102340429
680;0.08881197268574002
681;0.04779986310160447
682;0.09178029095660334
683;0.05191860637784365
684;0.0458717655486842
685;0.06807189191257833
686;0.007738216152806898
687;0.08617357909714946
688;0.019482777866000812
689;0.031868339110255044
690;0.006155546047568273
691;0.046787246849260083
692;0.035603090994645946
693;0.007608950633745071
694;0.017246171203548745
695;0.09597774187609816
696;0.003988145800594267
697;0.05076563372358744
698;0.021678956630658663
699;0.02338326816260272
700;0.07217262658980358
701;0.09062300967626219
702;0.018463146362744886
703;0.06735993045402604
704;0.018086942243754213
705;0.06905177937926732
706;0.07414600059383276
707;0.021020937017547384
708;0.070349256573825
709;0.013809624268572762
710;0.05216238922764426
711;0.08879250629464835
712;0.054231295471208474
713;0.007406054122468287
714;0.01547835253694867
715;0.04242959980569147
716;0.09099150583676398
717;0.08617458246590584
718;0.07451599967724613
719;0.007887002038272162
720;0.03979003607278785
721;0.06556571425002568
722;0.05793622830576133
723;0.08700015650492367
724;0.016167740861463088
725;0.010245704723190408
726;0.08366143252368137
727;0.0782694096426434
728;0.09546321456783563
729;0.08161875960970207
730;0.06029409061160354
731;0.083229403746352
732;0.09515229321126967
733;0.08802659925297218
734;0.024418470478682442
735;0.015005244498226511
736;0.038816996184172996
737;0.007058606133419443
738;0.09931701210767246
739;0.091319878049477
740;0.0924000640491799
741;0.07664491408526158
742;0.023577998504485498
743;0.05738286943114303
744;0.0006862308582631816
745;0.015568629731059203
746;0.06336481658896774
747;0.0522019260693161
748;0.04163449387435558
749;0.07219562702331372
750;0.027769618543044695
751;0.08250949773343129
752;0.05559652801004383
753;0.0738687945960953
754;0.020312502610799366
755;0.08694104377500836
756;0.05952488166591721
757;0.011934408719211798
758;0.053387424874769634
759;0.09365770336718687
760;0.0023920437562826914
761;0.0170114293138843
762;0.09152999735901461
763;0.015906532888545922
764;0.0653045063627133
765;0.010621573582446609
766;0.08056419048510358
767;0.01023789317049012
768;0.03594904879790472
769;0.022208314856141234
770;0.034201142449251945
771;0.05129555363221856
772;0.01332160826707719
773;0.014028664110852462
774;0.014852505057614063
775;0.09613748989126034
776;0.0932425673310629
777;0.05434103767146327
778;0.06067718438545172
779;0.07539414557346297
780;0.04719811405949138
781;0.0897458513709889
782;0.04312628834595374
783;0.04374483569383306
784;0.03745604607574393
785;0.0968765152097961
786;0.07085201549435959
787;0.08002297007552141
788;0.023396216675860917
789;0.07097182799765858
790;0.0017752243949652358
791;0.09541829156347388
792;0.02008843098833442
793;0.09427835551097491
794;0.04941499154689308
795;0.038355076483384376
796;0.03319450228529708
797;0.09131279369147961
798;0.033231299902657045
799;0.013339003656343286
800;0.0024049519130195708
801;0.09796407048513195
802;0.002157036590785122
803;0.04498559450234383
804;0.08323055359583703
805;0.04875799347081297
806;0.08161254570201654
807;0.06918782487708323
808;0.021265460243755332
809;0.031177457301456435
810;0.002632890083782702
811;0.025333210912784634
812;0.08414931465421047
813;0.034477198889822834
814;0.07582294143345197
815;0.07166044429812911
816;0.08414142149897108
817;0.041341753294360364
818;0.06985487952638043
819;0.08481602465719316
820;0.06520916887129174
821;0.08098240407836424
822;0.04159168114019457
823;0.06952827284784313
824;0.027429785686364172
825;0.08131951710401246
826;0.06764193295979401
827;0.045222618614613
828;0.05724561272581579
829;0.07981210996923044
830;0.0167961907719276
831;0.08942219334215289
832;0.05364681292047461
833;0.07360709926916668
834;0.08370727904137854
835;0.061753954904330555
836;0.09770870858515703
837;0.003144920765768111
838;0.08151686755876646
839;0.06466050440938233
840;0.07128426373621888
841;0.0548114047131273
842;0.011865241217952528
843;0.09559050858591939
844;0.043016799710538844
845;0.09990179413382075
846;0.05092966232783444
847;0.046887315237119066
848;0.08141136385249324
849;0.08998661378252129
850;0.03276079069908801
851;0.0313657842624245
852;0.07661278706363697
853;0.018200055534033966
854;0.014361561978269833
855;0.002685285688171002
856;0.009095386772671755
857;0.09823514271277843
858;0.025159514481684287
859;0.015289400809229858
860;0.03846769296938331
861;0.09538733172509957
862;0.08170931401625273
863;0.08237510648756947
864;0.09887391646403043
865;0.08220114714588041
866;0.01191960613790215
867;0.0355405748599348
868;0.031161968812073018
869;0.06775244072766799
870;0.0981927369513315
871;0.003990960334487747
872;0.02159450849722614
873;0.035873320031525234
874;0.023557610786441453
875;0.09063090082327896
876;0.036731056259390694
877;0.06172360272536888
878;0.011982101574235916
879;0.06899270461229616
880;0.028228761775532664
881;0.012984195241831076
882;0.07871259314031143
883;0.03936254906974767
884;0.010756355813007623
885;0.010837061926269787
886;0.022630179290307195
887;0.02179239701136534
888;0.08396374952281942
889;0.03590445381541209
890;0.07294336738797845
891;0.06118129407025796
892;0.01298405343159721
893;0.0042668967192936785
894;0.030844137600943445
895;0.010454224285194814
896;0.09355781968676623
897;0.04485189948068742
898;0.06242920204913815
899;0.054735041444782584
900;0.06742663366118964
901;0.03818283198996249
902;0.046673110871986404
903;0.0066913653256662105
904;0.037782436062757524
905;0.018813857635519106
906;0.08963169418709757
907;0.061804764661168576
908;0.024874641653737397
909;0.043684801022320974
910;0.03612738463411238
911;0.08330426193918758
912;0.0077331678532528425
913;0.03241363930311888
914;0.021180171259767056
915;0.04891011114874791
916;0.027550253240684264
917;0.07390376667846173
918;0.09789057862813898
919;0.03333153303136597
920;0.017340073110503774
921;0.050799561969918076
922;0.07748718302266766
923;0.04526754542673318
924;0.07213596095316452
925;0.04788585595515468
926;0.0173263488591892
927;0.06973095549289351
928;0.042088710759306217
929;0.03906568768106028
930;0.04687713587329149
931;0.022296021268288436
932;0.06934529899114103
933;0.03809661276145533
934;0.07800180492219329
935;0.04358960861895287
936;0.07258189647950981
937;0.07778507738376288
938;0.040101773631145525
939;0.07844726123128354
940;0.028311116725051235
941;0.07568131712754306
942;0.08681189885255323
943;0.06787841467099547
944;0.01965215986972453
945;0.005410029046339049
946;0.04261427305409835
947;0.02503402839765162
948;0.08430375944844011
949;0.01982260576510584
950;0.0432092463321096
951;0.01742156904079647
952;0.013437547265222295
953;0.09337165240676129
954;0.010103546433896594
955;0.07335163201211135
956;0.08909436822729233
957;0.029372551834659744
958;0.07829008543556298
959;0.04696438697953648
960;0.056280709215833946
961;0.037935285134974565
962;0.09959043396211924
963;0.08186832000013139
964;0.009833322734528617
965;0.05122601027032382
966;0.01147763032147624
967;0.07274409998339904
968;0.07477530883975764
969;0.006596735617880489
970;0.09458769895524795
971;0.06431835605133208
972;0.09863743954616705
973;0.08056429392304336
974;0.08335981210143355
975;0.04540016265620744
976;0.05716088020656471
977;0.0165040992027221
978;0.02386358414200637
979;0.006952442650382085
980;0.04934121745818178
981;0.09151443075256716
982;0.06013681135652076
983;0.07522115965269281
984;0.08682754143513757
985;0.08645220147354699
986;0.0451889363568634
987;0.0356455342839422
988;0.002406171488171971
989;0.09114336856424765
990;0.09434175698299042
991;0.032437997834065924
992;0.018956148458529866
993;0.09246622991047476
994;0.09197359127916493
995;0.039369233014787425
996;0.08724763901618796
997;0.04904176829372325
998;0.08881334019447998
999;0.07800564931432581
1000;0.06063712154591815
