1;0.0582628016149976
2;0.04741278157871512
3;0.07282815705268074
4;0.0308444899383305
5;0.03241788084282551
6;0.01131098780916412
7;0.02154631092663574
8;0.026131964791313578
9;0.06425774157593389
10;0.09360610439206662
11;0.06730272717997914
12;0.060316742572127914
13;0.00012128422786005233
14;0.08066557576543522
15;0.03196405318901876
16;0.028866686636461792
17;0.01633312746923097
18;0.09722832009849905
19;0.08267245722622318
20;0.055616128585590376
21;0.06293480868529103
22;0.09865018076788103
23;0.07256193735986023
24;0.06960228733200861
25;0.04798562403918016
26;0.06989732293154992
27;0.07286628136223727
28;0.06748432192970452
29;0.05391440536062869
30;0.091123932195388
31;0.04001202853451753
32;0.087614625802887
33;0.00946197626238231
34;0.035369275330924835
35;0.05648840819747922
36;0.008056815059923539
37;0.07110645171695733
38;0.04772076868065808
39;0.06293378885364906
40;0.03803566484928977
41;0.09338906583683772
42;0.0498653327581323
43;0.0011959895220682748
44;0.04986294522250291
45;0.011931221584412078
46;0.0370128955766501
47;0.0436009604348852
48;0.0780124803681803
49;0.06592697110604478
50;0.08205420234746684
51;0.05647504028185921
52;0.026936943174938
53;0.016719984427845724
54;0.09750585151580621
55;0.06916336300145291
56;0.024909926510724323
57;0.07512928487347403
58;0.06378925596547276
59;0.04850654965241028
60;0.006923695771131888
61;0.022008637283494094
62;0.08685571319094532
63;0.08792938990417719
64;0.016061044126671854
65;0.044941387815958356
66;0.0950582311206601
67;0.013302592806387315
68;0.031334761011529835
69;0.0232733391039025
70;0.08546590216259703
71;0.09625617181404673
72;0.04724507583557877
73;0.03834939056554148
74;0.08428108295227443
75;0.07899871769008404
76;0.08642989641516172
77;0.0037446466863217177
78;0.09094746227372084
79;0.07773017624061601
80;0.0748265748736667
81;0.003141790972777947
82;0.09597247531330447
83;0.08471857202440015
84;0.06008491594870668
85;0.03818539602761753
86;0.07254323481833662
87;0.06493336174739255
88;0.09525848421360777
89;0.050639945762995936
90;0.013504134409216807
91;0.046222893563602485
92;0.08726182152714544
93;0.011109000120689872
94;0.010995628349011688
95;0.01073657775415775
96;0.09671678619402599
97;0.05365267321344959
98;0.07110444697946842
99;0.08968180270791483
100;0.025954549907026992
101;0.09692324619086026
102;0.08912255256196959
103;0.058641613375394176
104;0.048796331692380006
105;0.09471856244328744
106;0.012747977411166168
107;0.026987247500108027
108;0.05428814293670953
109;0.08228753672493941
110;0.09808952755192277
111;0.03191419084215692
112;0.0024535291748092438
113;0.006697905803977878
114;0.06622938462191726
115;0.007356217122727227
116;0.026250785468105886
117;0.07521715182154888
118;0.09559337331914142
119;0.08898579465387867
120;0.05492865182025153
121;0.008293396611564252
122;0.052196024791881616
123;0.012657966068675808
124;0.08000540510386761
125;0.09660645723372784
126;0.010526775684274181
127;0.0897919272440898
128;0.01471272445034274
129;0.006515496565682322
130;0.0010196339993417737
131;0.029515294726131583
132;0.003290090597114881
133;0.08307947754629777
134;0.05261741001915559
135;0.029050274713772285
136;0.07807531604335173
137;0.06440953414304106
138;0.016202230692180054
139;0.07522648541117845
140;0.047145140145505054
141;0.05875046098916791
142;0.08668597624373425
143;0.0983165860133445
144;0.0740326443180327
145;0.042486008914889455
146;0.009773082123668087
147;0.02069952303051146
148;0.03448801774273619
149;0.08669254599905198
150;0.048733951666923715
151;0.07732226084514858
152;0.05697711518016564
153;0.0026866367717989226
154;0.0991183686627163
155;0.03914902522857211
156;0.05470672312117421
157;0.07131770620810722
158;0.055584480778085324
159;0.021416679331110536
160;0.007156310201758076
161;0.023861508939269183
162;0.04674107721408993
163;0.0830536340742797
164;0.08311956151775335
165;0.07848192689548289
166;0.07325745634260639
167;0.014109485784631504
168;0.036775254384014446
169;0.010688253343928589
170;0.0019573884605668668
171;0.09769653809301801
172;0.02195859836130597
173;0.0015707066475667997
174;0.09170840565223468
175;0.06649523997551256
176;0.04524494270729499
177;0.011544303486177621
178;0.033599752194459064
179;0.031510566876484326
180;0.05394101098170331
181;0.0038134725222203295
182;0.09888672711273153
183;0.012182235079057847
184;0.05232070124546581
185;0.020188504855471013
186;0.03915379397840316
187;0.0006392229710908249
188;0.034468706048964695
189;0.008662284235453633
190;0.05441870798166838
191;0.046052946592505556
192;0.0384346890747092
193;0.06302965734307443
194;0.08447673648632358
195;0.00438524256094417
196;0.06345758280510828
197;0.09711282591206596
198;0.006276568203239241
199;0.09349181675211221
200;0.031114906988064506
201;0.09389828643690508
202;0.07749891078140993
203;0.055050347414835825
204;0.01410779551498358
205;0.039966041317454085
206;0.055705726600885054
207;0.024251026454378367
208;0.04331311466681853
209;0.004809380299088573
210;0.09260204084141962
211;0.029391686244016238
212;0.026368780428363516
213;0.008422023907483788
214;0.036819217779223326
215;0.0071758950153764
216;0.0767342559934904
217;0.004153348355222575
218;0.08440404350445037
219;0.03166422842933998
220;0.012104276660290392
221;0.02330271712705878
222;0.047616637475910065
223;0.041537615118902076
224;0.05482380545555439
225;0.029028581872947913
226;0.038517412875664105
227;0.01935916939245376
228;0.09248102698064253
229;0.06713550314755311
230;0.058818071421322754
231;0.0009641495569865377
232;0.06706838720386027
233;0.05611761186791275
234;0.08612532840114835
235;0.049031103013220126
236;0.013673875916680856
237;0.07954457313034075
238;0.0597669108122486
239;0.05347966191426268
240;0.0018281018331220312
241;0.09341003345587746
242;0.08018989080252321
243;0.042172276009986624
244;0.05219308549597196
245;0.06901143163229635
246;0.025380902184795853
247;0.07515580342950293
248;0.06054106772497273
249;0.09782923829847068
250;0.08716845062251992
251;0.023723491330675906
252;0.0033994099406898016
253;0.02269118984961015
254;0.056173605988282284
255;0.003885369843331066
256;0.03815329296824756
257;0.08499515764091016
258;0.02171599191062399
259;0.0074052307310907735
260;0.02053199944979305
261;0.06889556368232962
262;0.03221236496184744
263;0.0020785634994289317
264;0.09119733969089139
265;0.06941503824171397
266;0.04867559773153878
267;0.007197858198175322
268;0.04847387697284211
269;0.0768734503648121
270;0.08584067909855232
271;0.02603374430412211
272;0.025009914879901365
273;0.08773852330181384
274;0.08217276105638978
275;0.05600158152097008
276;0.04462387020756649
277;0.01232943217650704
278;0.04503845531059401
279;0.08579188046066837
280;0.06996063172657659
281;0.04635551383869411
282;0.008712541679255992
283;0.032376984733134766
284;0.06162505008670795
285;0.0776660171025142
286;0.030575878039968196
287;0.03524179552685238
288;0.044638187880433715
289;0.08331675166905411
290;0.0871483976059733
291;0.06280590429813625
292;0.030775794379263168
293;0.08308580652630666
294;0.03243169215220472
295;0.04554928927924559
296;0.07001255893082083
297;0.003826171786713517
298;0.017045103361824143
299;0.09317029598887515
300;0.06759204357396646
301;0.09246403165425902
302;0.009711529473942793
303;0.05857239978381371
304;0.028710931677573784
305;0.0910698971885818
306;0.07605864808525375
307;0.04752413824180299
308;0.06982214449904327
309;0.012866324746449255
310;0.0010451784819388577
311;0.018395901950303196
312;0.07034759037217378
313;0.05966248395311921
314;0.013259917526832267
315;0.055097861123410044
316;0.017996533203608202
317;0.0761658249980719
318;0.07597848353140824
319;0.08068529108191302
320;0.055476690046263134
321;0.01095567594430793
322;0.09601646729037043
323;0.054441035066201786
324;0.08752129691717365
325;0.09662892146055185
326;0.05635500346549314
327;0.03557171791012733
328;0.03262571032172592
329;0.07422717646402544
330;0.05656427709302611
331;0.04249853878411657
332;0.06645381411372864
333;0.03885678226608701
334;0.05919261120690847
335;0.003705147826182076
336;0.07131332865347471
337;0.08761731562488796
338;0.0076967537920321965
339;0.07880123201133693
340;0.059939951267521975
341;0.06323477958623883
342;0.01672024252264608
343;0.01295573571455676
344;0.02741897531051949
345;0.06572608882425539
346;0.043399216275385656
347;0.07088600236890173
348;0.050876192507081655
349;0.053577546539994164
350;0.09939716478652276
351;0.01304877495088127
352;0.030514783235412804
353;0.00027071545218156914
354;0.029132940687993315
355;0.007819254117086028
356;0.05343280062709234
357;0.06072642546854382
358;0.07260363324108685
359;0.08633482831886298
360;0.09072768194810378
361;0.0735423645322326
362;0.041915964117565464
363;0.052507626789351836
364;0.04454834411127188
365;0.06192889773919961
366;0.07451730899511345
367;0.08298126094428185
368;0.05621450322283832
369;0.013246973433058874
370;0.06606406437750158
371;0.01866119739030093
372;0.02595578578136696
373;0.08850022577400612
374;0.030860092609481915
375;0.08193999612007548
376;0.09245513586771735
377;0.058931608395852854
378;0.038904971441811015
379;0.013454802902171959
380;0.03651418445104178
381;0.08558142528458157
382;0.038969007174890026
383;0.003262764607723967
384;0.06398660980847874
385;0.08053377157569343
386;0.054687082645837076
387;0.049194078936905375
388;0.06361754710908066
389;0.010143895409565118
390;0.03954992213595576
391;0.0877171911595963
392;0.04274222345972485
393;0.07806014957369356
394;0.08567257893729996
395;0.007199215813848104
396;0.01289562991318205
397;0.09862501416106445
398;0.07529129659613078
399;0.03942445367747515
400;0.08526831258198209
401;0.056034176192355546
402;0.04312306114521344
403;0.07623396479533733
404;0.006365480552142766
405;0.0960613126540773
406;0.053613499294578995
407;0.05677652130889277
408;0.04530672890391422
409;0.06964618786998301
410;0.09821684022349925
411;0.008650703487734534
412;0.09440778500411323
413;0.009127359078562148
414;0.01863775119308203
415;0.04742372734869197
416;0.014318786774641757
417;0.03531700379529891
418;0.02751782306889754
419;0.06813203970197669
420;0.007122610830388521
421;0.07743149419866192
422;0.08319207763708414
423;0.07210493758447248
424;0.009661838479916807
425;0.09586001969845447
426;0.006042743841860043
427;0.04543802108032601
428;0.003714066215219114
429;0.0753335690736382
430;0.06617217053618699
431;0.06744109487320793
432;0.09931653253444861
433;0.04850533372357904
434;0.021291403234748752
435;0.02873412393825449
436;0.031487120378190105
437;0.006002689536012018
438;0.068966754532558
439;0.05427404574343045
440;0.039250793355411255
441;0.030321951740772648
442;0.023070032058671155
443;0.012350287297208162
444;0.08196180210557719
445;0.09081622312312171
446;0.09050268248459437
447;0.026482099845557907
448;0.058150659756018554
449;0.00442919473279868
450;0.006721124917755128
451;0.0027128801915638047
452;0.024400626439348497
453;0.08706772862128032
454;0.09918070275113558
455;0.09198270442396443
456;0.061190306781296715
457;0.07997367381039189
458;0.013513255114184742
459;0.07491039469933485
460;0.024780775939954893
461;0.0075395112365365564
462;0.0796125906789925
463;0.04150151678554989
464;0.019902895885483274
465;0.032203314990892316
466;0.025732745190834738
467;0.027107874100865282
468;0.027203878064474208
469;0.08649616577237036
470;0.06873243954966966
471;0.0019855440386116973
472;0.02230052736354964
473;0.02715990670023677
474;0.09276720412345135
475;0.0860911557368213
476;0.04647035473870306
477;0.09472618769385141
478;0.0371155704585673
479;0.039276903236394704
480;0.0011038758300223495
481;0.0011433428961812875
482;0.06878634782704915
483;0.003733131327245043
484;0.07005890891880501
485;0.07684675313050994
486;0.09405269623597794
487;0.057225173383971685
488;0.013501014689537218
489;0.08930645545382754
490;0.08334019513817557
491;0.08324359511733449
492;0.06000618963490806
493;0.07818103722821436
494;0.09820387951546841
495;0.074885865429314
496;0.0836962147827359
497;0.03891495470836756
498;0.034351024869002426
499;0.02013700486038177
500;0.05759665043441329
501;0.038615606752618506
502;0.04332464859796832
503;0.07425104717972525
504;0.09943805609106321
505;0.016181533416385865
506;0.002895499740213281
507;0.009191621618433265
508;0.06290474563710345
509;0.07295639131345658
510;0.02459720802019192
511;0.016254300708846193
512;0.005160577602573358
513;0.004718879472366922
514;0.09579529254658198
515;0.01908686218536372
516;0.00344026090439703
517;0.024506174021011153
518;0.060635999368549826
519;0.053789012839870434
520;0.006246403809477364
521;0.03865191461771385
522;0.03062964635568696
523;0.06764619193805398
524;0.07379740275277893
525;0.04797570118284831
526;0.048277221151913734
527;0.07855594527880952
528;0.04482753093081639
529;0.012840298068662737
530;0.054265646526966
531;0.042675276315741875
532;0.08072175586348115
533;0.046900838079705645
534;0.09245972808558886
535;0.02769953251645583
536;0.000742116807649007
537;0.012227837829664068
538;0.009084329672076707
539;0.06312110452987704
540;0.09703075740392726
541;0.06334234357067127
542;0.05775606352680244
543;0.0886376361994789
544;0.0836489226310176
545;0.056396968174385734
546;0.07727320542241732
547;0.03461887865232225
548;0.019765705402258096
549;0.03759684746623065
550;0.01201389487900898
551;0.03911878093479897
552;0.039330679283234395
553;0.08077485049103535
554;0.04536313214015917
555;0.029260045949036407
556;0.02181448097072365
557;0.03088061247180699
558;0.02373895699139499
559;0.04378143541188465
560;0.027695443268702127
561;0.007826623391305165
562;0.05914988891047512
563;0.035544565462894216
564;0.05294046862714955
565;0.04143911253574022
566;0.049905213295180585
567;0.06073461399186158
568;0.0908439883794545
569;0.029669563064387883
570;0.021673936736911693
571;0.05080965715842348
572;0.05417350134106687
573;0.069703102961976
574;0.04561338555205355
575;0.045051042734342406
576;0.026520540392623516
577;0.08691164987457171
578;0.00859487609696481
579;0.037700025797745076
580;0.08341816861739088
581;0.06143045132487227
582;0.08126433455463389
583;0.004302809389524864
584;0.013176200801415683
585;0.0008478275437947547
586;0.04812995896009395
587;0.06524321275852729
588;0.017471621409055848
589;0.0033269645770356627
590;0.07813350235200986
591;0.03333195170175205
592;0.08317431304159428
593;0.06356905641520604
594;0.0506670447238637
595;0.0022192564266486415
596;0.0760187056914909
597;0.0016558292497874994
598;0.03723134939284124
599;0.05129980736250196
600;0.08547826016168848
601;0.010012002022241806
602;0.043199882630141365
603;0.08679078857199689
604;0.0899352228707673
605;0.07452725829413072
606;0.03481550120130285
607;0.04653223262073977
608;0.0698997182667709
609;0.010980437644311803
610;0.06282953111019098
611;0.027153236589937593
612;0.00169946805347323
613;0.07775099576174337
614;0.06780628608973635
615;0.05457334308849293
616;0.05581813852968848
617;0.06771609980781042
618;0.038235467170075636
619;0.007961466577517885
620;0.0011556057585757618
621;0.06549990973414387
622;0.09573780778458674
623;0.09764954332798034
624;0.03366099034670855
625;0.08701092872434484
626;0.06957009894903424
627;0.053011638499454665
628;0.07087176984248134
629;0.06021832773460426
630;0.03227145599837019
631;0.06238355642662394
632;0.030192816577200122
633;0.05812537739572732
634;0.006265689630904081
635;0.09607551418968054
636;0.06077402166831003
637;0.01583693115255378
638;0.05890888693403498
639;0.08700984842489859
640;0.0780416480249138
641;0.08226915700544107
642;0.06168708149241488
643;0.03489353399748605
644;0.042506362753910044
645;0.05039660458364247
646;0.05685277001634684
647;0.09706397395331412
648;0.06543070135947486
649;0.03055382520492349
650;0.004023972958804978
651;0.056977838362140376
652;0.02499184229815543
653;0.07728723555950046
654;0.025848461904219577
655;0.071302393434667
656;0.06284005560075968
657;0.06647061438279352
658;0.025145500633123166
659;0.01812613662947207
660;0.05212181784597014
661;0.048392873371359446
662;0.0978830178992349
663;0.06223652203329473
664;0.02504749806996245
665;0.05217650484665459
666;0.03141951791628476
667;0.019739367380361028
668;0.0917803643415097
669;0.04289526811510741
670;0.026598997374733827
671;0.04408624982575552
672;0.05834304220928558
673;0.007482896941849993
674;0.0019738287576030913
675;0.0875424057563997
676;0.06511830593747141
677;0.042213873198715
678;0.0656623617382691
679;0.03722396419420756
680;0.00439976175676281
681;0.0813643016533604
682;0.015931265284086393
683;0.055914414522477265
684;0.05663053790923023
685;0.08954893890413183
686;0.08441359789954128
687;0.04893857915436387
688;0.09587555856860525
689;0.0220616257696601
690;0.04633343951313915
691;0.0010249236094108994
692;0.0010788829921542843
693;0.022584264887299723
694;0.05391430148001304
695;0.05663584648929331
696;0.0884503609971268
697;0.09340285274269686
698;0.00852627768701939
699;0.06519408351343585
700;0.02302904802293594
701;0.059124962549315235
702;0.004738735825715202
703;0.006904285112290443
704;0.012587674295773045
705;0.037505670014963244
706;0.008852539272945303
707;0.060208182967742656
708;0.048790427910066804
709;0.05379247099326098
710;0.0292777930856295
711;0.08340911082177023
712;0.0394350609030783
713;0.03737272890728667
714;0.0894123038199392
715;0.031767924347005864
716;0.06832540549234353
717;0.009789562106473526
718;0.02380057177144981
719;0.09185822036699809
720;0.08643571463696549
721;0.026075510118161362
722;0.041260898049054986
723;0.050895116028011715
724;0.04567330778188984
725;0.03179110360383896
726;0.030355688374419123
727;0.01530607081150991
728;0.06668896560352909
729;0.03743024199369904
730;0.03114977366864007
731;0.0515947990733195
732;0.007650091557190231
733;0.07513096393610635
734;0.05299480288477903
735;0.0009449049250164321
736;0.00659022278588709
737;0.0300828367026436
738;0.08193535031000593
739;0.008220598768619592
740;0.05909062535315266
741;0.0365700273231545
742;0.08786359100020269
743;0.05007542735424258
744;0.015597327643808258
745;0.04787807336812608
746;0.08599247264501543
747;0.01885742630355468
748;0.09473929218019583
749;0.08240225121653172
750;0.0023486931771462107
751;0.017911457252643682
752;0.021591888684169648
753;0.013110287800778797
754;0.006615596664911772
755;0.014472821219531985
756;0.030925337866553018
757;0.0051860286568587545
758;0.019634959920497796
759;0.014933267893970216
760;0.019472060869692134
761;0.09055622052271006
762;0.0015319469959516276
763;0.016868743100331565
764;0.06137987060314877
765;0.09277239862324538
766;0.057376012955300065
767;0.039413705222741714
768;0.01715135833512239
769;0.016660707340992797
770;0.06962074793362809
771;0.06528431375801388
772;0.05103830329436813
773;0.04675201322629572
774;0.023273300121281315
775;0.013270285468249522
776;0.09718880833175486
777;0.03199377770212954
778;0.09087889497263493
779;0.057141166067275685
780;0.07545034256546354
781;0.06615168863947651
782;0.09763452275176891
783;0.09697281734054014
784;0.06886174379895801
785;0.07367651031105399
786;0.09805287377722098
787;0.05225502610652497
788;0.004096471236626031
789;0.0491391192292788
790;0.08989021898463234
791;0.09320641774226435
792;0.09386145541287615
793;0.004320990319487739
794;0.039682703771904686
795;0.03720292642213626
796;0.04129252514491974
797;0.046655188176495235
798;0.002408946302073545
799;0.032423663825983516
800;0.045057194205696885
801;0.02201541890488312
802;0.03746910464826464
803;0.022008047854378744
804;0.09458117675011048
805;0.07543658669400492
806;0.053157504617335066
807;0.03564033383078783
808;0.09513957617746896
809;0.08875428755274903
810;0.06569327128425166
811;0.03909981187952586
812;0.09153463350471992
813;0.03434836332328124
814;0.09462437728535796
815;0.05348624014997806
816;0.08016537797681728
817;0.04426658709780902
818;0.08313248790891756
819;0.09529493510454612
820;0.0662844774729146
821;0.020200064085202963
822;0.0860858633543907
823;0.03231190391228842
824;0.08282944363399047
825;0.046416639354459666
826;0.010223047269322017
827;0.06264556493884436
828;0.02239722953633492
829;0.07206154503289007
830;0.012253650509013482
831;0.024879670731552485
832;0.09383982762251158
833;0.03514727016579571
834;0.03473599718945987
835;0.04151388680358329
836;0.021594054461495506
837;0.02069161159902615
838;0.0652518725219388
839;0.04897498584252385
840;0.02133853383749732
841;0.01891353635842822
842;0.06529806415747477
843;0.07142605005694046
844;0.037731897105670945
845;0.047042770220548924
846;0.08988158067665797
847;0.011868761026350228
848;0.04596054028876109
849;0.01078790499529766
850;0.050957917892257266
851;0.07198897118892601
852;0.09268308700077225
853;0.01704682198019759
854;0.06051112605949811
855;0.04403610357492391
856;0.05281202113842633
857;0.08579156190467478
858;0.09787289744171768
859;0.08307384512220979
860;0.032183672353198536
861;0.06285026919531661
862;0.09582640497186778
863;0.042470031333413566
864;0.027301645463601733
865;0.0700879578004958
866;0.004463139333976973
867;0.0073245992129815085
868;0.022060407156245954
869;0.08173573434443678
870;0.004091047149364968
871;0.025755191673049283
872;0.06942710397062023
873;0.0980425477703796
874;0.062260899502839695
875;0.06014841230899257
876;0.08487058404841341
877;0.08388660606308286
878;0.03585293668844203
879;0.057448591733816515
880;0.06670673550710284
881;0.06506854858787019
882;0.03603135796757797
883;0.07717165663788901
884;0.0914529876887766
885;0.07653813586662768
886;0.01021988048129109
887;0.06105691575634249
888;0.0866471177985113
889;0.07801178997251229
890;0.03761854080324975
891;0.09629317413715117
892;0.014204275683910795
893;0.0403928869370285
894;0.06364113789206548
895;0.09334019879272433
896;0.03529169121671475
897;0.051984355722292146
898;0.07334326926472827
899;0.08508801128827193
900;0.045616510197633554
901;0.08324314360757616
902;0.041701519106766796
903;0.037506185985497355
904;0.07339981414378631
905;0.029529941976773735
906;0.03614382582053301
907;0.09259245371071433
908;0.09113990723847598
909;0.049284655202592356
910;0.04072440120889366
911;0.040438911186128836
912;0.09724099772081524
913;0.0926039618281058
914;0.02987400155961688
915;0.04219571247332901
916;0.01319703057031082
917;0.024285661694527318
918;0.04531971231741208
919;0.04811338266919044
920;0.026077593087688835
921;0.018682194576428324
922;0.08825228902560742
923;0.09116822544281789
924;0.0662643009823422
925;0.03481822404625029
926;0.021103259739648786
927;0.04920414665025942
928;0.07830774969334875
929;0.00854452336950271
930;0.005925041395959863
931;0.060682503357543896
932;0.027524386906165346
933;0.03596264880600374
934;0.0016843741988235017
935;0.07400757584716512
936;0.08519576317710605
937;0.08269165621024945
938;0.08893487365497287
939;0.08529285653736884
940;0.03314719619155413
941;0.030320092178876892
942;0.027774986216275735
943;0.018780549964761608
944;0.006865459153344567
945;0.06728452656597252
946;0.08285696077785566
947;0.08518203736683898
948;0.006165543648035965
949;0.0028111352096331314
950;0.03833572133511653
951;0.0185925742864791
952;0.030882931807491545
953;0.040710220948625836
954;0.07256233088855374
955;0.028619676244586213
956;0.08778291925554248
957;0.08455461324792346
958;0.014675212743443612
959;0.03433290182976917
960;5.0421408032830245e-05
961;0.08360900399663657
962;0.03175409007966604
963;0.05883654195068336
964;0.058302791811016566
965;0.04214855679945078
966;0.08133492476120825
967;0.006894378915042221
968;0.04757772397478663
969;0.00039050244709740726
970;0.01432678755428235
971;0.08739118654188373
972;0.06093677046714955
973;0.006957775067461059
974;0.07099490029659317
975;0.04326079042429562
976;0.028720880081704505
977;0.01304208826002411
978;0.06623923151866136
979;0.01106774527595602
980;0.0797686973141691
981;0.016806329033244905
982;0.008224482662808874
983;0.05776369962078015
984;0.013201993183082872
985;0.07926727333309219
986;0.0054713413022813295
987;0.0849998794162265
988;0.08309635225381383
989;0.07556405688916168
990;0.04743566925627879
991;0.003116858196023054
992;0.02615101734155735
993;0.05085683034461182
994;0.08071929409452527
995;0.061678125078837756
996;0.08809366310018515
997;0.03491306131601737
998;0.01891070418571185
999;0.025373574233412622
1000;0.0977409516070367
