1;0.19860852864139752
2;0.1301066604845957
3;0.008930458951454568
4;0.021447624620263308
5;0.17192297404805434
6;0.10356511311291726
7;0.1247830790595488
8;0.13944058114261296
9;0.1713683660709786
10;0.14332055501309166
11;0.0442834134051128
12;0.015110985830055391
13;0.15293798642994214
14;0.01451539658952601
15;0.021264857366034586
16;0.02169100127827204
17;0.09075765418220019
18;0.10315195996554807
19;0.14019956419458754
20;0.06261293382509199
21;0.1326438947832255
22;0.19789384171706176
23;0.02471636335440779
24;0.19049951254410546
25;0.02245531631836968
26;0.0464474206524512
27;0.1743030938197836
28;0.0232665927103739
29;0.04208352122323407
30;0.058930632996753475
31;0.1400750177189545
32;0.17365567381040634
33;0.04639567617783567
34;0.11281736921498176
35;0.022610964896595354
36;0.04980922693119521
37;0.043049064225608905
38;0.1397947028016553
39;0.1083325481836003
40;0.18355087697680061
41;0.0062430306708002765
42;0.0004724275883297935
43;0.12996640036555338
44;0.033841768894789424
45;0.12449931915797526
46;0.008602927935765049
47;0.12420377074041651
48;0.0585252349154263
49;0.019282069031299365
50;0.14588869638882007
51;0.08583248095319561
52;0.1743415566799721
53;0.1353134510694076
54;0.09070298357371098
55;0.0073593944975311135
56;0.0904006523131288
57;0.14334638168919492
58;0.16690416654378956
59;0.028837234752831665
60;0.007789605225384234
61;0.0008789203235478604
62;0.12069461909028019
63;0.11432226283712865
64;0.056053494275742605
65;0.17541231598109597
66;0.13542554891499334
67;0.09639863558688458
68;0.09070895422226743
69;0.0398986196312932
70;0.1480542532974422
71;0.19875025419069967
72;0.0015098206840235885
73;0.021346876237790614
74;0.1984910050090979
75;0.1786551868432421
76;0.07521853827199572
77;0.10413837421436581
78;0.005105197792889604
79;0.11059097776355745
80;0.025813307001763965
81;0.17136940489278962
82;0.05774572279266459
83;0.16264915824794332
84;0.04683198644111859
85;0.09234334007007916
86;0.039020399238808935
87;0.05320028694011683
88;0.043055696573282745
89;0.1435039515345998
90;0.07202989559014734
91;0.15123322069137907
92;0.058453661072058606
93;0.12416382301852436
94;0.07981820976065182
95;0.022790101511166984
96;0.1648860126940661
97;0.05631030959693455
98;0.09861621696205754
99;0.1241522668517187
100;0.03705077563403434
101;0.003087742285600892
102;0.1462796403069884
103;0.1785621700417953
104;0.015662934553694562
105;0.18419602616517827
106;0.05701857966449042
107;0.15214150219418357
108;0.016603593609918012
109;0.06849630184226232
110;0.15405045522551852
111;0.0013247134465707246
112;0.09291113463724177
113;0.07466081355332586
114;0.15839906043323973
115;0.14170969064715802
116;0.015311430925040637
117;0.06930649253789327
118;0.04510264748886111
119;0.03364804479973105
120;0.10278329233011779
121;0.017654179283899653
122;0.15386490451134854
123;0.1286423674488669
124;0.1471467960535643
125;0.1269240634586267
126;0.008389487117270878
127;0.13870570133071905
128;0.15383706692070287
129;0.14409787293425963
130;0.0031922810216693967
131;0.13560748253063312
132;0.04620197871315075
133;0.07318231249184504
134;0.004473969203879924
135;0.02773787538783077
136;0.04660739724077945
137;0.1961034880739939
138;0.15234553063573283
139;0.021155828206330177
140;0.11059155274317585
141;0.1861620674934267
142;0.16091151088873543
143;0.04186745272892505
144;0.014752901246536321
145;0.09519828570435428
146;0.053895822138144214
147;0.17705814579523182
148;0.17280927740661095
149;0.17928701358681895
150;0.03652842647242598
151;0.13417355852395182
152;0.007164325009221684
153;0.08617664087248496
154;0.1250450529207274
155;0.0807210123252251
156;0.05391420454101264
157;0.0073226287153617346
158;0.09413997480194164
159;0.10454805579328175
160;0.012616861536547641
161;0.020747449692279575
162;0.01957060670387354
163;0.16431638523748304
164;0.1548949600162864
165;0.18534768251884703
166;0.18282515883852693
167;0.17723131598431408
168;0.042468572402211226
169;0.105772347484771
170;0.03156684827659311
171;0.06341436145221639
172;0.19760064322913928
173;0.013058214765871323
174;0.13130953365498949
175;0.07144069016013159
176;0.16133277208119656
177;0.08926773312052359
178;0.06845551591564579
179;0.1719144123285387
180;0.08479630485473283
181;0.13893734926288845
182;0.07896001159975792
183;0.10440497444288084
184;0.03917918503396947
185;0.10116816297714121
186;0.06398155597162399
187;0.06677027155461575
188;0.1903015081277539
189;0.13686342675167315
190;0.16378675072419893
191;0.05929809693549908
192;0.022509837186368342
193;0.1411973110811275
194;0.1563405352176722
195;0.1431096581021597
196;0.07730072723886093
197;0.17648895367482742
198;0.10888885239167323
199;0.07447633010375108
200;0.16119732724966473
201;0.056314414031122695
202;0.17214752307346373
203;0.024075500055703428
204;0.00704479886482281
205;0.1474003524519076
206;0.11272150627594785
207;0.09036828823597805
208;0.13819863858007705
209;0.056596124857623
210;0.12620420293613996
211;0.09068247749675624
212;0.12738606603712696
213;0.1982670421267252
214;0.1848302316141682
215;0.17919142161986035
216;0.18517414889119338
217;0.028674679639032075
218;0.053655225713062894
219;0.016468599768832703
220;0.13519798904766026
221;0.1657964219914613
222;0.03455558454542627
223;0.17094738285668917
224;0.18572243830111576
225;0.051202773183511255
226;0.18781422610135456
227;0.0342293172363459
228;0.09446150664172528
229;0.022017211581368268
230;0.047004103540398884
231;0.018985934938138316
232;0.1364517033011003
233;0.029884148830406576
234;0.05507616174867061
235;0.1289549333093349
236;0.1293126796726229
237;0.012278556877036384
238;0.05222932164078593
239;0.079185497257172
240;0.09045363141215368
241;0.06889779608767521
242;0.19576865339466779
243;0.06432070503216172
244;0.18063657795575083
245;0.13024743650485035
246;0.144972208817397
247;0.15097905644976428
248;0.05272344924635981
249;0.08318754507418967
250;0.03836079191970068
251;0.11014862981817171
252;0.08598482327476663
253;0.0631240104080234
254;0.002092313303662352
255;0.022455691764953857
256;0.1674756850842428
257;0.14926504002455962
258;0.16045560914373358
259;0.025237450723428447
260;0.10700844781939914
261;0.08216675472953115
262;0.10381276324825489
263;0.05731668197398292
264;0.15071913703017126
265;0.05016277813144121
266;0.046302569480395996
267;0.1445846288174453
268;0.031556353904193535
269;0.1350415688168297
270;0.0009029254291376354
271;0.007389903416443766
272;0.027909691400570424
273;0.0010039154232393877
274;0.16813318886208284
275;0.1567651619056787
276;0.15428536557832787
277;0.1583609608569188
278;0.012132886310909897
279;0.1813777973283703
280;0.08501535039097843
281;0.13448483025588098
282;0.06459564630974012
283;0.014765823085781272
284;0.15727683951466942
285;0.048237528877963204
286;0.06728190694705749
287;0.14688794977954042
288;0.05404838686525548
289;0.1616219588661889
290;0.04981369222468779
291;0.06582275649334315
292;0.15268404876104363
293;0.10245967587215982
294;0.03854801398844279
295;0.028390705728683407
296;0.17189429917451848
297;0.19026820464361316
298;0.16127077826765546
299;0.18843292096201017
300;0.08389728753783013
301;0.16450514204393119
302;0.08899742234132249
303;0.10355068795899276
304;0.18824396050004777
305;0.18118483719095257
306;0.05417838718862509
307;0.12911191086494203
308;0.16247641986406922
309;0.08455660713991749
310;0.05109552763290788
311;0.1444256203663836
312;0.02808373906473547
313;0.04101142254250156
314;0.13631954446324157
315;0.04007756879086553
316;0.0382597537925512
317;0.1310556374114535
318;0.04696081252751647
319;0.14199780549122498
320;0.010881690247783538
321;0.09313541640766201
322;0.18131323678504296
323;0.0406993412338174
324;0.03174852857593271
325;0.1109406887135332
326;0.06175786907036443
327;0.06960381681348098
328;0.16587581946902888
329;0.19574414915910832
330;0.04059512393533087
331;0.05933340508692245
332;0.14517644710751923
333;0.15588196759731876
334;0.0219240356031829
335;0.07839295023472655
336;0.1525503222764821
337;0.1160228485204366
338;0.0595443900909459
339;0.04005092300065227
340;0.12610000727123785
341;0.055223297376271345
342;0.010677731130324886
343;0.012354224414416538
344;0.06776260282170858
345;0.06692489759176334
346;0.0956153702729393
347;0.037570070055211895
348;0.1416038092961357
349;0.18308631419828694
350;0.037936105341224984
351;0.02635977501377278
352;0.04819416972729149
353;0.11081490236043628
354;0.02071277087118677
355;0.054367746242801634
356;0.09233096332178087
357;0.18208896439584532
358;0.12377670528786094
359;0.005635873916716117
360;0.04463091231629373
361;0.004124321115320573
362;0.07613370988676008
363;0.004618438105289502
364;0.02163169515386361
365;0.011087940301750133
366;0.037465664630286846
367;0.14578744179035164
368;0.12403252919960123
369;0.12801379431380766
370;0.13192141215561082
371;0.08763569988390085
372;0.12466058736212278
373;0.12626386067102421
374;0.1883604308525516
375;0.1528885380848676
376;0.017494203161806766
377;0.14665170780135653
378;0.14270626884947815
379;0.1854306020502033
380;0.12978555034871309
381;0.08938988309303242
382;0.18008137131329105
383;0.07679492041837305
384;0.042116704841863986
385;0.1560560247624817
386;0.08836109156104453
387;0.04244565222283728
388;0.024285863302865397
389;0.08411433997942591
390;0.17779554384931956
391;0.14749510852985367
392;0.06646774059058072
393;0.07127656247549023
394;0.1826537983100862
395;0.005892806326506284
396;0.09920708238303873
397;0.04251843099726476
398;0.04070838730931663
399;0.19081165287666504
400;0.0816569771503857
401;0.13496705171810164
402;0.07778750930298402
403;0.13916122566302416
404;0.19786240090200935
405;0.11685741845050734
406;0.02958560064049134
407;0.009578023154339045
408;0.08495518312059523
409;0.03520540881852437
410;0.005483383665836006
411;0.1045955835470348
412;0.0798943143684645
413;0.05948594370732607
414;0.013909860794179552
415;0.0018487051516540955
416;0.0643630641754013
417;0.01098307192268282
418;0.07912840792645588
419;0.055080998628414916
420;0.027491534997909663
421;0.10044970656791188
422;0.12602645681708807
423;0.19078858755702074
424;0.17338240019867643
425;0.025260040990074686
426;0.12204364843797405
427;0.009128724337849725
428;0.048655251496486286
429;0.1360830342798282
430;0.15975791911027362
431;0.02573165404754978
432;0.18293257180706607
433;0.10461778563034543
434;0.0005033284993162024
435;0.09028781138929363
436;0.14296090001476858
437;0.15969202422312595
438;0.1790139367686645
439;0.15163550738698056
440;0.10155864623749443
441;0.14331641225221045
442;0.09351088720127106
443;0.12635371080633787
444;0.009391389399759899
445;0.14584626317162683
446;0.15713463978085204
447;0.18362377687936576
448;0.06649742969199533
449;0.01195121946811264
450;0.060707582562165796
451;0.13597098047152448
452;0.02658846205392216
453;0.1295525240707097
454;0.16755133875095732
455;0.07450614151595646
456;0.004546659123006713
457;0.0867510700641596
458;0.0842840237638341
459;0.12616338745923758
460;0.07994740492430999
461;0.07449843087101315
462;0.13569401583488397
463;0.1858138734848473
464;0.18927344242013502
465;0.09304995186738702
466;0.0007236380792490671
467;0.09799122588880481
468;0.15384186119793947
469;0.07647317588242358
470;0.17025787697786493
471;0.05051016010098511
472;0.10944067219226561
473;0.18716144083227104
474;0.05426927431902591
475;0.09942695547826066
476;0.009705294984126245
477;0.06654560005060373
478;0.055651420656998664
479;0.07277211574483149
480;0.062278726252955455
481;0.04926605397084738
482;0.17115253467490044
483;0.1432902446664034
484;0.06524062814917664
485;0.12678872347112521
486;0.1734007308254898
487;0.15440220583978123
488;0.07092337062167534
489;0.043276685323548385
490;0.14038463326908562
491;0.04841136921027352
492;0.14965264453042132
493;0.17799478322778645
494;0.026267993751263697
495;0.05563183998276355
496;0.09771577870057294
497;0.1069725925302033
498;0.14662422755578206
499;0.11901441207548275
500;0.09110572558551173
501;0.017159112632564155
502;0.018292783664559466
503;0.1501057872542444
504;0.16563304949423427
505;0.027660951167084603
506;0.04216994641059482
507;0.10532457179542609
508;0.10743729588741302
509;0.1388189756584896
510;0.14007022674442482
511;0.040344529155892685
512;0.13641258555970212
513;0.016453221884541548
514;0.041273724410061476
515;0.027252737643230843
516;0.017348401178889163
517;0.035641830794876726
518;0.02297862545540963
519;0.16133222915819306
520;0.10016878467673884
521;0.18783556815567395
522;0.0032346938900958745
523;0.019540172992779128
524;0.07079946340626707
525;0.0020753916595009914
526;0.11095237108072849
527;0.14787176396619608
528;0.0008683383902368336
529;0.04729370630311265
530;0.04279799719087296
531;0.19474840508287272
532;0.1645643696896771
533;0.17415875563200095
534;0.13815360612033795
535;0.14725136254122317
536;0.18663302861253073
537;0.07075411825606226
538;0.12915822633087023
539;0.05271403236194261
540;0.17668911415617441
541;0.13108611839666814
542;0.1975022116064642
543;0.15898706608761673
544;0.04592705859651827
545;0.03710042139800327
546;0.0139823158498273
547;0.009615811346391535
548;0.08867771167100978
549;0.15691605402270203
550;0.16403659679089153
551;0.14874219681445447
552;0.11223416471052568
553;0.13946059661784294
554;0.14281482007323096
555;0.060381515123215504
556;0.14262108500094092
557;0.11726850794985566
558;0.15041239705267306
559;0.10650306631238012
560;0.08585283887159517
561;0.1666087619306433
562;0.060210821307158206
563;0.020210205334508125
564;0.19246491721045045
565;0.1340826400344685
566;0.12097819133900639
567;0.1951197354124053
568;0.13551022690352052
569;0.06441577906331851
570;0.1744369404587206
571;0.1148856797656259
572;0.1715147753742049
573;0.14382383422690623
574;0.10070731729877579
575;0.1510651855575249
576;0.00736637975780401
577;0.15921173300761338
578;0.056617642606654056
579;0.025388677763925373
580;0.1293155531452822
581;0.18668960291683467
582;0.19443881956041
583;0.11864047371023674
584;0.03635534655364705
585;0.17737555011457937
586;0.11894809896650063
587;0.1897588934131232
588;0.029324374432482748
589;0.09558789576057254
590;0.12559422067193457
591;0.19340662678984022
592;0.1961853453645095
593;0.16258373305330173
594;0.0828986785380542
595;0.16118251126918187
596;0.08570595647717305
597;0.0774539131325429
598;0.1130026181229653
599;0.05799190957645084
600;0.16714985901221316
601;0.09721321896189526
602;0.19669561595065793
603;0.16724664586117613
604;0.030085572389463612
605;0.13992138229237203
606;0.012114722438655412
607;0.09995459591100027
608;0.07521649869994858
609;0.1458032990388114
610;0.16981391667952117
611;0.08277956502455547
612;0.054924325425424275
613;0.1863476186653807
614;0.13927505021677325
615;0.06659495175567041
616;0.06784890021348947
617;0.13653536987293383
618;0.07964478302365141
619;0.16071998975990556
620;0.006585061759361178
621;0.027838268353203577
622;0.06906234628706853
623;0.17099953766733098
624;0.05064304130745048
625;0.042413625326428964
626;0.12230284358647292
627;0.09009389839329363
628;0.1759620298429757
629;0.13422032799535472
630;0.17610763120466763
631;0.12539977856872234
632;0.013139722370795704
633;0.17999027238526683
634;0.05079863167910475
635;0.1585817425891528
636;0.16989829139323123
637;0.0738183451405167
638;0.1838612949552116
639;0.18394351175789925
640;0.177954848599019
641;0.06808044407448643
642;0.07864913663611178
643;0.02430325638055795
644;0.007317522287409207
645;0.07052456464404455
646;0.14997587669737902
647;0.1646504596372086
648;0.10096453830841137
649;0.04712713359376271
650;0.14386661583301893
651;0.16481032568685278
652;0.09180161720011154
653;0.08514612324958926
654;0.007280364120682337
655;0.07917564900080017
656;0.12912228030864334
657;0.07727251224955929
658;0.14518675219581165
659;0.13909385092096208
660;0.09730761074455914
661;0.11274788441894645
662;0.1749379924264162
663;0.1350396745430905
664;0.038924391741122104
665;0.17689477017907207
666;0.19987483309997117
667;0.10235941795853286
668;0.11297611750310076
669;0.02168105363611883
670;0.06276622997145342
671;0.11775520095681263
672;0.13064919145378334
673;0.09911159662208056
674;0.06386744653608126
675;0.07227998071737181
676;0.13791804533846128
677;0.18616682037898816
678;0.07758910056846782
679;0.07151956774180722
680;0.16319866594704785
681;0.19502478896817751
682;0.1150078760019728
683;0.1893125130840758
684;0.14563789627060084
685;0.15821112543858176
686;0.176753956155274
687;0.061831070363631335
688;0.1835442062826664
689;0.076812229486701
690;0.12119759633851808
691;0.12100196438024285
692;0.14268951552428835
693;0.05583685168064889
694;0.08782125607132141
695;0.07167398912274554
696;0.18130692760356626
697;0.14252619202832884
698;0.1557537869311304
699;0.08912992285440378
700;0.1341424803198771
701;0.034781950141167896
702;0.17897053674646485
703;0.07378845577627025
704;0.08067676096134593
705;0.14353609322919222
706;0.023940484642039885
707;0.19532140550795596
708;0.1843718752308623
709;0.1321619237147069
710;0.1554199151148484
711;0.14759048890595325
712;0.029151261606314316
713;0.1341485716463995
714;0.022233408902781783
715;0.07526753182677932
716;0.19182517425369972
717;0.18809597944258036
718;0.15147152342485015
719;0.05527327463105265
720;0.010470102416703476
721;0.16819821523632583
722;0.11767441628890106
723;0.06834709388065245
724;0.0697747946850444
725;0.010056602941520422
726;0.15115561845511097
727;0.021615830979229256
728;0.1318117452325624
729;0.028847853392602808
730;0.1459840744943843
731;0.13060226912977035
732;0.191622844077919
733;0.1187692712149488
734;0.15122861809187976
735;0.0482395576101107
736;0.012688930611644535
737;0.05915029034865256
738;0.02256039398835985
739;0.08968840206216644
740;0.09345974415112879
741;0.15671045060554134
742;0.1756636691421356
743;0.022303532940106632
744;0.01640900877688196
745;0.09592488522571059
746;0.06595186938986693
747;0.1145951833392684
748;0.17616332540646715
749;0.015087599016240861
750;0.15239136101418024
751;0.11702182683311763
752;0.008437339874262385
753;0.046401179091027416
754;0.1993656822860635
755;0.13781867838707895
756;0.04874703314150437
757;0.08957151163240479
758;0.08613149753319736
759;0.020237188878974854
760;0.0003409692138595322
761;0.10949108689889223
762;0.020852327179010068
763;0.09847252702945392
764;0.051157402552145737
765;0.12064439110301967
766;0.11475265153854258
767;0.030612953429485158
768;0.14749526126557153
769;0.155046591675294
770;0.14306930402097248
771;0.0184302179757025
772;0.08382922363637842
773;0.07279833875379353
774;0.13689006436888043
775;0.007182660997195712
776;0.040899299985667506
777;0.1951085344067789
778;0.1910520859615891
779;0.18676228922058472
780;0.017792082239852514
781;0.19755980509980298
782;0.11609240159030743
783;0.04839540439330295
784;0.07198744922197246
785;0.07241337118627536
786;0.05857091820462153
787;0.05745537957257536
788;0.07422359786468594
789;0.17229325555379438
790;0.08164508082993348
791;0.1428199437964279
792;0.1937664647010427
793;0.17743870374615214
794;0.10281720281985562
795;0.0992650627168345
796;0.009005662007927651
797;0.09742253577183702
798;0.12242621751111592
799;0.14360609011112044
800;0.12172052593703848
801;0.07341795567175749
802;0.04227172525589924
803;0.08838964286075679
804;0.03415910961522213
805;0.04189399656135506
806;0.10466917138812126
807;0.17929033289386678
808;0.10512275061710444
809;0.1649053651877468
810;0.04425803476158996
811;0.10150436781509652
812;0.061436052762681694
813;0.06871014573441928
814;0.11800166376722793
815;0.13906538515283445
816;0.039923993541738326
817;0.14046740101573502
818;0.19408240520495845
819;0.06775389898166417
820;0.07108966880001254
821;0.017133679278572657
822;0.15443070322694788
823;0.015935936227542902
824;0.194238129173536
825;0.061780059472889004
826;0.1510098183643852
827;0.0011591743502953333
828;0.11699674458996481
829;0.1905916972952131
830;0.192902646635104
831;0.11954538121987156
832;0.024335823685360802
833;0.1749954540844143
834;0.0050526396953563205
835;0.1681402105638601
836;0.19565528115508274
837;0.10162307344447533
838;0.11519397837945607
839;0.1431405525721953
840;0.17607648129816708
841;0.17823961067587274
842;0.05240259287443863
843;0.15688828924236273
844;0.03607714050438311
845;0.037929606012604825
846;0.10867741201671109
847;0.19201359205554933
848;0.1006277028780646
849;0.059741873485936736
850;0.18463881681965297
851;0.19977823785765625
852;0.18170714194376336
853;0.12832407910539856
854;0.17366133493130567
855;0.07784742192682677
856;0.1399430673405851
857;0.056928616756165965
858;0.011821649610322726
859;0.07815476549409935
860;0.016533981402637156
861;0.005598821818205768
862;0.03596955843677354
863;0.19351095435282814
864;0.03818391924461184
865;0.030237036313030097
866;0.0638009136647325
867;0.11391765166727333
868;0.06982522095333916
869;0.027794413166071053
870;0.18000398634516446
871;0.1908535159415783
872;0.0453019640042031
873;0.18777111072680894
874;0.11951071748906375
875;0.11157429362653304
876;0.16031535542372563
877;0.04030423454907455
878;0.03894253622911752
879;0.026400000023269077
880;0.013253761051415314
881;0.020293337393953073
882;0.07669488118487831
883;0.07990729835125494
884;0.03410171381359524
885;0.1603395866497266
886;0.19753692734400716
887;0.12335545080447773
888;0.1583434606437974
889;0.17865489145599736
890;0.09397025146694096
891;0.0034275924723611074
892;0.02506282584897992
893;0.022125220220777564
894;0.17419232182083072
895;0.011301844416803087
896;0.1861570517586741
897;0.18685147927365262
898;0.017530318451670503
899;0.15366480922970666
900;0.0971537232468916
901;0.04096514432106027
902;0.18975650104017883
903;0.06316962497985877
904;0.13434015964366366
905;0.17724436305365604
906;0.12061843219153717
907;0.13349504810308813
908;0.0736320719615513
909;0.06945509599814825
910;0.06416881697229149
911;0.1786628759956522
912;0.1592188476392781
913;0.08492884586648569
914;0.1770097224399273
915;0.11373108385055562
916;0.09283217330521794
917;0.021367498592231596
918;0.07342379542147766
919;0.1947222051992371
920;0.10003798519983519
921;0.19702502301607772
922;0.154157989599523
923;0.12091056228537461
924;0.024469107108668522
925;0.024080350506422477
926;0.019772510872646133
927;0.05067835882460214
928;0.07323574081555247
929;0.11928420540662198
930;0.14099807445316112
931;0.11692083426102462
932;0.013881401301613683
933;0.10930963904365537
934;0.0005106410332471834
935;0.14377731943378336
936;0.02531665667112759
937;0.0010353783673583417
938;0.1258157195204087
939;0.138419417843252
940;0.048736295261932884
941;0.12142593407704737
942;0.1783583599487402
943;0.1885243324011934
944;0.16215053985850514
945;0.053994478992547126
946;0.1056102155174294
947;0.16603968982454367
948;0.08059465327532012
949;0.14140529197466523
950;0.10592538574538585
951;0.15957383736995367
952;0.004388521474057927
953;0.1688458773801064
954;0.10657018610682348
955;0.03953916053461211
956;0.11517850693500845
957;0.196450840911312
958;0.12938221665829186
959;0.12783232834697525
960;0.17831749570663824
961;0.003193983694978919
962;0.1672377152915152
963;0.17157473338341764
964;0.12068340202016155
965;0.1249026122024276
966;0.15226432590187408
967;0.001597443110358099
968;0.19482371268683235
969;0.09260499384709571
970;0.14899975158669293
971;0.16600631887006354
972;0.019680368915593438
973;0.1397417547228698
974;0.06993411800510936
975;0.058838237872807043
976;0.03161803379184611
977;0.1434817726812568
978;0.03179052739042947
979;0.1944985715717894
980;0.10275162363217816
981;0.0015070955727853443
982;0.037002220619825256
983;0.14599125073224714
984;0.12068089525115598
985;0.031103673562160972
986;0.02217974768406794
987;0.07745433846157129
988;0.19332287831761563
989;0.0005814417755724
990;0.14065446482584815
991;0.0036688272987691842
992;0.1500114373176824
993;0.044534512783015213
994;0.1168911421293079
995;0.05045004637413
996;0.12339598980513736
997;0.1550455497728484
998;0.04276204964942043
999;0.13902255844653535
1000;0.04181036670176519
