1;0.05914547518615681
2;0.060795205243537015
3;0.09677367809797256
4;0.06442675243402188
5;0.008415574768962463
6;0.0366024112502968
7;0.09628320672546342
8;0.09662221668193495
9;0.08738964046897266
10;0.08401472130342852
11;0.0409628408152998
12;0.02715898211601027
13;0.09374477131511459
14;0.0017842231845923596
15;0.0009048809026394934
16;0.019708854158358192
17;0.0005554326478718786
18;0.08150037206977782
19;0.06912021824492809
20;0.017192846524161542
21;0.05193061197631883
22;0.09132510631149243
23;0.0703036781400318
24;0.08032732829590283
25;0.04358719565802545
26;0.040867533215938084
27;0.07252373543070144
28;0.07915761592325815
29;0.09335132766962632
30;0.034973876196208155
31;0.034528516285477255
32;0.078846471824183
33;0.04573659675119073
34;0.05223674678086964
35;0.06062529467233925
36;0.04313007789396194
37;0.09515721973768898
38;0.05140704639335985
39;0.0564738317236505
40;0.06632250247917947
41;0.0542374443488152
42;0.09758058864546908
43;0.06381731434278885
44;0.05031546135424722
45;0.0021465099230212337
46;0.08351205498890787
47;0.0500828790362083
48;0.04122726182827962
49;0.020139703491238715
50;0.0725710398227824
51;0.05526338036265563
52;0.028666846185831686
53;0.05172396766042762
54;0.014075930832770867
55;0.03560875829645387
56;0.08491699014605664
57;0.02265323110892553
58;0.03786537860275452
59;0.05584053418873989
60;0.06005344926221815
61;0.07777135803478397
62;0.029882533267274514
63;0.05607049501882647
64;0.027085494843523596
65;0.004893221561207684
66;0.00728990227879709
67;0.03260031464193706
68;2.5555416610267834e-05
69;0.0052626912028930556
70;0.04435209909688547
71;0.082892545606535
72;0.07879709900499333
73;0.05338364285179621
74;0.09740622538012403
75;0.04891267306922949
76;0.01588397712572953
77;0.05143616019311539
78;0.08232476524043542
79;0.047671603843827196
80;0.0751448915240544
81;0.01672065294287023
82;0.06680562326627121
83;0.0750255374468759
84;0.004561865564489831
85;0.02787378856735061
86;0.06533721317077901
87;0.01794204065534577
88;0.004104977383099196
89;0.08543066752570733
90;0.026029175708163155
91;0.03383035856395875
92;0.07316020019542725
93;0.04056351873909032
94;0.046231086059896925
95;0.02266458263674789
96;0.03953609967073105
97;0.04563294980408788
98;0.03433061452132765
99;0.055845417935097987
100;0.013680379731955274
101;0.051560636752354894
102;0.08118101547463775
103;0.0522468952611409
104;0.07716818550771416
105;0.04942560030706607
106;0.08099982028956121
107;0.09001591521997021
108;0.03920240028944654
109;0.07240191221905014
110;0.004192505323166384
111;0.037790188600067
112;0.01887969175285256
113;0.007738536307105326
114;0.09857063692998858
115;0.06579590802679716
116;0.06495237011737803
117;0.02634302031279814
118;0.046872870459912896
119;0.03832704341670068
120;0.05136654442158583
121;0.05483563156759929
122;0.03237797946355223
123;0.09090755014394736
124;0.0028364649136213395
125;0.050884700411291485
126;0.04816982950370363
127;0.008699958224277849
128;0.02377713132636318
129;0.0032594644475767765
130;0.05951848332194251
131;0.03628481104339407
132;0.023751312660264447
133;0.0038624366209046527
134;0.07042741920864808
135;0.02914388651107587
136;0.06852004284744405
137;0.02053649654393258
138;0.04238739468326994
139;0.04081836342077273
140;0.05961627759911706
141;0.07345278581127879
142;0.03476423063227886
143;0.04262864156585764
144;0.09056895471080854
145;0.018770872459108714
146;0.07548718680905123
147;0.010594501547149937
148;0.09727969465420447
149;0.017352595723085652
150;0.0289740642482649
151;0.08540875586054153
152;0.0005851005383918917
153;0.06155878526635766
154;0.010893798100567266
155;0.04599254680809944
156;0.03475731391708127
157;0.049352440639802556
158;0.012850016382552254
159;0.029658425888004228
160;0.036972121519113575
161;0.09878920957406112
162;0.022789871985186297
163;0.016118604311966878
164;0.09299089773135893
165;0.02146083537774899
166;0.05306420673317132
167;0.019447910407706916
168;0.04015066624349213
169;0.02726788859531848
170;0.05753994932010812
171;0.09062202783518841
172;0.07498655153629918
173;0.08761486752721825
174;0.02343484300872367
175;0.012349763884739275
176;0.03007293448054953
177;0.07965057000979144
178;0.08470526486245702
179;0.05428100553550841
180;0.051014798438726985
181;0.09547609969414868
182;0.031575012780634494
183;0.04509164879560104
184;0.03742448236278522
185;0.08927851955815105
186;0.08533036014366135
187;0.058583463983732466
188;0.008781308864533321
189;0.026107231158683953
190;0.018132061281516766
191;0.025011061554257176
192;0.0838405641313447
193;0.0067434852996734245
194;0.04834234689813252
195;0.05990333854074486
196;0.0533004943255666
197;0.029609598061941456
198;0.005728552124100184
199;0.05475103230388896
200;0.05473311799013452
201;0.03189472865033262
202;0.03433217475065886
203;0.05489533980344043
204;0.06641063041188933
205;0.014125791249253129
206;0.03652663984802362
207;0.05545944386651911
208;0.01558347942393088
209;0.08681394655251265
210;0.03362252109863575
211;0.09879868950249732
212;0.06976788378851373
213;0.014549961513101173
214;0.045838984570214236
215;0.06020247542619243
216;0.07407421576582345
217;0.08995741596229771
218;0.011469104902923612
219;0.014685410981521374
220;0.014375965809328584
221;0.03232020170461202
222;0.0014647533261211044
223;0.010373958035736631
224;0.07954767389024256
225;0.025619141342620777
226;0.0053003214102083085
227;0.036074991724162224
228;0.08338394460799045
229;0.06856589141455792
230;0.05562067207087086
231;0.09622863614885364
232;0.07390596526864285
233;0.0052787129148046735
234;0.03825973944469572
235;0.030858030481768463
236;0.07084342233487838
237;0.07958562878708403
238;0.0302766318379619
239;0.03612517871502082
240;0.021103456204922013
241;0.01502794847016753
242;0.020693961558703813
243;0.05461848349162345
244;0.09801328077477424
245;0.02869685216146708
246;0.0905742808056495
247;0.07958038723173792
248;0.07707146363178385
249;0.057619870225478875
250;0.05936086138900437
251;0.04010623016252727
252;0.007111256343072592
253;0.025610575549955095
254;0.03648114959641898
255;0.09243530882233947
256;0.056651931266378276
257;0.024186575932561617
258;0.04584234680240265
259;0.01889772206335374
260;0.020213592670193917
261;0.08221832478719711
262;0.07399802378274722
263;0.056104051822339455
264;0.022591838874311078
265;0.01968744587355813
266;0.07767332115083844
267;0.013020174060178968
268;0.05109161132893765
269;0.061295318123392485
270;0.02946223682483371
271;0.0007037659514915418
272;0.055726512197605785
273;0.04931846599492071
274;0.027846119603460784
275;0.08153369703134358
276;0.09748425116957216
277;0.0022497108177085834
278;0.0634216964067177
279;0.013210650105902845
280;0.04583647562062564
281;0.009800660019337493
282;0.01734256891117575
283;0.030402311828489816
284;0.06497488158998646
285;0.09625308864869223
286;0.0665673896069559
287;0.028003855754037268
288;0.04132999501521857
289;0.030186963872741602
290;0.06395084916664642
291;0.034090715804624964
292;0.046330384621136506
293;0.092911164858832
294;0.020372603203813844
295;0.0206577700551282
296;0.01972039977649478
297;0.019527734008698817
298;0.06990897907897829
299;0.024197893272374905
300;0.028843483478553634
301;0.07671197783277894
302;0.021470224986511233
303;0.014647269143951036
304;0.08094957737419525
305;0.03826426364812083
306;0.008157156925350495
307;0.06884609349778864
308;0.0391352374500817
309;0.020499628631195612
310;0.014496775064174584
311;0.014130829305123506
312;0.09040118634526632
313;0.02686777283729207
314;0.05477561207079219
315;0.016051361453645253
316;0.07976119537668933
317;0.07487636118620676
318;0.03545672058333386
319;0.029525545298244672
320;0.08863925025466766
321;0.026344920849656006
322;0.08011093947159316
323;0.07700585639463159
324;0.028120270517508785
325;0.08209293309544367
326;0.04441149542837414
327;0.08432127323934091
328;0.038380849756418436
329;0.011555310922198227
330;0.05654020354304276
331;0.06710081345313755
332;0.0416178771943701
333;0.03996874027819918
334;0.0051000358682914086
335;0.07985722647424259
336;0.06482687110437627
337;0.0845962234475317
338;0.02102880933955269
339;0.08098233508596808
340;0.09287666998017821
341;0.04850015822395013
342;0.004584390250232007
343;0.00015829991322322546
344;0.0666875078925894
345;0.07844357468385195
346;0.02997903254221056
347;0.06117453914870944
348;0.050497027230030404
349;0.07049268410897523
350;0.026992282582019335
351;0.035342499147294724
352;0.036339773565034116
353;0.0950797675166835
354;0.01925278179855913
355;0.05781080660124221
356;0.08292812326962834
357;0.06632834059980713
358;0.08853421344121877
359;0.05392115727317437
360;0.055442292175779
361;0.013477785332197413
362;0.01643969497682657
363;0.06509827467931532
364;0.05037939923661444
365;0.07303307402406486
366;0.03358619008961039
367;0.04509508018348976
368;0.026318324270605445
369;0.054349476733979454
370;0.08278958125537439
371;0.06064073487077294
372;0.04377733468936085
373;0.031419322698388166
374;0.016848464642202556
375;0.004085876543842471
376;0.0875600025490455
377;0.09114300015621625
378;0.08369199881365982
379;0.09895604709420128
380;0.055705285334298194
381;0.061093484877260906
382;0.06857026921908844
383;0.006630148171186657
384;0.04593021007524078
385;0.08488867037937022
386;0.01633537238935321
387;0.09717608483171858
388;0.018316414786122216
389;0.058348482289135674
390;0.07667480154489326
391;0.08249023491653742
392;0.09779532230757813
393;0.07056043878749128
394;0.08969698713169132
395;0.09223010653849512
396;0.06422836548858726
397;0.0890058121426785
398;0.08287465246682843
399;0.04399632053161179
400;0.060604499771794856
401;0.007168684987069563
402;0.02174366757875226
403;0.09595703758979986
404;0.029112329968195818
405;0.020210833247574146
406;0.08530560357709724
407;0.09523950187091146
408;0.09687332703000322
409;0.08268290310109323
410;0.07960034479056645
411;0.02488239490710077
412;0.045105787016716595
413;0.06200100635362539
414;0.08299974148748185
415;0.07021509164418499
416;0.09505221088427103
417;0.09162251023115392
418;0.09010827689189466
419;0.03055223154572988
420;0.06981693669521052
421;0.029019106910161907
422;0.0786288507319459
423;0.09145355530113429
424;0.03164957689498204
425;0.013458008017167811
426;0.09222811928226171
427;0.09160952928913377
428;0.06597141929163143
429;0.03844653165860301
430;0.09954138418964904
431;0.009566362863300438
432;0.036498407076454055
433;0.052728586426568816
434;0.0485813911659182
435;0.07889573908416926
436;0.03750792992902181
437;0.03361848537712521
438;0.05612727376115935
439;0.013618779889274613
440;0.050240765269558264
441;0.0010302462782903255
442;0.08094381440031388
443;0.06809197118608601
444;0.03134661146726995
445;0.02453384428435709
446;0.0448209194391071
447;0.07834101701082394
448;0.0971433753791287
449;0.070137815039208
450;0.03839106927183142
451;0.03851596561920371
452;0.018312573370882403
453;0.001126001837612789
454;0.08820326325506202
455;0.0750579611060881
456;0.09425221022735501
457;0.07378076116417524
458;0.051388145878346725
459;0.02497158233448482
460;0.04935478048115324
461;0.0771181102665317
462;0.049412303011376335
463;0.09294086605301229
464;0.010961875279858636
465;0.04318473671968279
466;0.0978680740662272
467;0.08964645488302664
468;0.08375061918603453
469;0.03705210821260387
470;0.09312361971956008
471;0.08637792621997759
472;0.06618558481198863
473;0.03980406758944062
474;0.020987797399405372
475;0.007569635004399034
476;0.023768345791747737
477;0.09508325233864412
478;0.023942083605469833
479;0.04004105473939058
480;0.0900849986134967
481;0.07091036594997384
482;0.007457321475902057
483;0.01657715414214228
484;0.09638468449166457
485;0.07416299342764894
486;0.06829456235454236
487;0.04316511593554308
488;0.05371818431479489
489;0.003977960104544165
490;0.07935328030303143
491;0.078246651912481
492;0.006960899109795738
493;0.006362805166808372
494;0.09671892007590878
495;0.04416219971167082
496;0.03764125411041273
497;0.0006440322494214224
498;0.03736679905752447
499;0.04478284976930699
500;0.020067533482855972
501;0.056810071699857446
502;0.003889013259839591
503;0.07394515877872554
504;0.027451211591980954
505;0.09327912030523441
506;0.018836357485369506
507;0.029515915065704192
508;0.008303752649810758
509;0.0288014876114895
510;0.05435150683490925
511;0.09017771032187899
512;0.014488590056720008
513;0.0183801624022533
514;0.0009828366308378578
515;0.06262108251423282
516;0.052391273496373486
517;0.04654966750043459
518;0.04994655621643517
519;0.08815368540989424
520;0.06286655192012584
521;0.08596979333985773
522;0.03530635095476775
523;0.09845003757395424
524;0.09235668809890117
525;0.029246000469733746
526;0.029664620418251367
527;0.09633078042789063
528;0.05973527893624925
529;0.021922222381762602
530;0.0985273795341345
531;0.074683114322094
532;0.03491843910534256
533;0.08231322574022183
534;0.01693550493976025
535;0.06006762828465664
536;0.06184239313157332
537;0.020090246044011075
538;0.0346950623471702
539;0.010174617908588458
540;0.018572236096979722
541;0.0041143413902619665
542;0.0028330040411448155
543;0.04281641649092686
544;0.000349425488627797
545;0.03461725335273428
546;0.01046600849123185
547;0.025883696008265823
548;0.09732434196911673
549;0.028319581908439875
550;0.05709292608546895
551;0.0029891403227541914
552;0.00969322345096787
553;0.0961308834307302
554;0.06876654424308339
555;0.028205060888754043
556;0.005415031774185886
557;0.035335088158663944
558;0.03280242629588161
559;0.047431984845331426
560;0.058447590674272146
561;0.051422300296674155
562;0.06113347864382129
563;0.01583273446034348
564;0.08642854351924785
565;0.03914123643772199
566;0.026296031423269084
567;0.09849244696724221
568;0.007358310944232605
569;0.014043816575913571
570;0.0740114406328057
571;0.03807051067544731
572;0.06178988077137533
573;0.013144669895415718
574;0.0867393818727341
575;0.05456262370597165
576;0.09985629615462234
577;0.02214108067366487
578;0.004392903923090041
579;0.09786277568245207
580;0.038168525924212784
581;0.03396964256354953
582;0.09691171979930083
583;0.06331633638826689
584;0.0005403039075216664
585;0.029345570237798036
586;0.09696289035225425
587;0.005997116524595081
588;0.057249803002155965
589;0.04899108911534847
590;0.018834377909619216
591;0.08601025878836317
592;0.033366814455342196
593;0.09858102179205616
594;0.05364946780683527
595;0.03486410700029946
596;0.018110366021602677
597;0.030400472674901736
598;0.05329916343493768
599;0.08077830677386538
600;0.049250579513008
601;0.06841831756339371
602;0.0021215905459623266
603;0.04228065895357605
604;0.04964950830650403
605;0.05657533500967036
606;0.05165126046351162
607;0.05677979069507168
608;0.08283335676414808
609;0.023019231846300628
610;0.0325763506317044
611;0.05889001823488191
612;0.02490725688471196
613;0.06902275458834663
614;0.07495278693071744
615;0.040193455993972574
616;0.06530657930508159
617;0.03527640016224877
618;0.08578484759145291
619;0.0670780640066903
620;0.05198240245439661
621;0.028445129825336635
622;0.01497549334055588
623;0.05265804212373004
624;0.07581289595954685
625;0.09115298585404252
626;0.07375140889991595
627;0.04988178990492148
628;0.059774261130026575
629;0.018448440430093194
630;0.09002632327398961
631;0.09852429630837521
632;0.0699674367174926
633;0.043039270340011405
634;0.015805889297439615
635;0.013426858295073474
636;0.07985520866458545
637;0.02718702799653827
638;0.06426668366081333
639;0.03404517534477788
640;0.05487429827450137
641;0.010255454424600064
642;0.0664215232539325
643;0.04179326727866244
644;0.015730427536554025
645;0.007942364085968812
646;0.0574566536932867
647;0.044474862650714514
648;0.07807975412183409
649;0.02894612123785938
650;0.04623856779163402
651;0.05807090633448917
652;0.008843048258916774
653;0.0595600886007116
654;0.06337716959848837
655;0.07348691375792717
656;0.025477958655997193
657;0.05422404940874587
658;0.05971046666436646
659;0.015551314247689197
660;0.02288750737823029
661;0.057151374364904264
662;0.013624718939970838
663;0.011348624660015173
664;0.0051376321479298164
665;0.06621030419760825
666;0.0004909112344723022
667;0.05798980613546511
668;0.08947559069501673
669;0.031368953956846746
670;0.08790481541331455
671;0.01141113214513604
672;0.04906495179229883
673;0.09934445420872509
674;0.01356348042879656
675;0.006492314777082797
676;0.025991231621522004
677;0.07458288965665777
678;0.005130700057724303
679;0.039045798995838425
680;0.09438075025638847
681;0.001840748832487904
682;0.06053446262648814
683;0.049058881495610066
684;0.027099400344059155
685;0.04537222491529777
686;0.03144324020277533
687;0.040207320949379115
688;0.0676044352761597
689;0.08781482804230306
690;0.012779602125712441
691;0.03954829328748837
692;0.016080739341467833
693;0.04512186419833099
694;0.05339153685004301
695;0.0061972837424512095
696;0.07124290196414855
697;0.008662452471073445
698;0.09882655109703571
699;0.04483716327099568
700;0.037853056960323206
701;0.042692972652070664
702;0.023543706869138703
703;0.08766493909927198
704;0.030279806390539166
705;0.02111326771923269
706;0.07530901785621297
707;0.03261538752752663
708;0.05649699153417982
709;0.013196819128490156
710;0.0733615248259252
711;0.024678188188746165
712;0.0976013422068875
713;0.005174229686466681
714;0.06696560902619582
715;0.018401032134218277
716;0.09338626944980807
717;0.056851180593821105
718;0.08403965362860016
719;0.08390361915754238
720;0.006222089728956326
721;0.05257156925889224
722;0.024751813449729855
723;0.06097385841736465
724;0.053799605654615196
725;0.04986268177288381
726;0.018849305502984626
727;0.0735567758296682
728;0.020689137325631247
729;0.050313336788705934
730;0.09381493516615598
731;0.08672242865332852
732;0.08719967671525494
733;0.060614554778678845
734;0.06111973968510664
735;0.008592239272732028
736;0.08578395534607017
737;0.047205936931465645
738;0.08820663533355738
739;0.00516275557704029
740;0.07112727828956386
741;0.039695583130582
742;0.08681985398458626
743;0.09142665686670315
744;0.08229863382822794
745;0.028086455701435864
746;0.007806846164709425
747;0.08623584090283634
748;0.09683236066153428
749;0.09075372442258417
750;0.05549294641848537
751;0.056656272852780847
752;0.05729576284188087
753;0.0809492758401188
754;0.07025480618455825
755;0.01175316627540456
756;0.0038515253490062906
757;0.04130900921762851
758;0.09172929781731687
759;0.0981774704576127
760;0.021787733825250222
761;0.09037342276180417
762;0.05793420927131948
763;0.04615160387612917
764;0.039186530521373435
765;0.05569896970647036
766;0.03809480470603556
767;0.04960484439503082
768;0.05433972370379895
769;0.006043501294779697
770;0.08813898966506616
771;0.010461764195813695
772;0.03177416321652151
773;0.08198118272055491
774;0.08853957960217854
775;0.0794963093525689
776;0.09262342021871828
777;0.012906712492784966
778;0.03969307136267003
779;0.08597466935645609
780;0.0912410686016239
781;0.08168725317809389
782;0.09768468310783526
783;0.09979959731220092
784;0.08871516120162566
785;0.07095370271258358
786;0.004181316737650653
787;0.03590035545645653
788;0.020941250906209487
789;0.08420523568442012
790;0.04807456253712068
791;0.03674609910705356
792;0.06656061587657564
793;0.07704106293970425
794;0.01585605644289243
795;0.04039890261635764
796;0.045917932328328054
797;0.08590109591302429
798;0.018666871029791123
799;0.009522350215199538
800;0.06586522425811608
801;0.013807927517586794
802;0.04234991981188566
803;0.007169611590444914
804;0.0951684784763282
805;0.03704671996950788
806;0.08261837828898
807;0.015267652642203634
808;0.024948745459272306
809;0.02544888892832994
810;0.04460871962358816
811;0.08006865539330457
812;0.0796279036359242
813;0.046678361715564214
814;0.07244366877713308
815;0.08237393720585692
816;0.07452188670928765
817;0.09640514059346404
818;0.0335400575101955
819;0.028691541799047628
820;0.0441476528928086
821;0.08723855176172635
822;0.02881046350278026
823;0.0767647422560812
824;0.07484214835064047
825;0.04910793417664993
826;0.05638098671950745
827;0.0750267954325547
828;0.012893773279446897
829;0.09763806915678779
830;0.040396042176362223
831;0.02384068001924299
832;0.02186244979956823
833;0.028622808438405534
834;0.05664535255207678
835;0.06813833281662231
836;0.06280670471711974
837;0.0122245600867688
838;0.04213728554911517
839;0.014085993742933733
840;0.037604132232984214
841;0.07035752335010083
842;0.098603618468002
843;0.033489954510550805
844;0.016554641123226712
845;0.08606993449605412
846;0.0039803706673210764
847;0.07733751350900517
848;0.03000629613115237
849;0.045157600186804814
850;0.02429360461626834
851;0.08599713840118864
852;0.04529213323313746
853;0.08555762846425871
854;0.07950465166862003
855;0.05447760255818027
856;0.059519142861855716
857;0.05181556361076548
858;0.016251875186168798
859;0.04099709452623358
860;0.04307773244882134
861;0.061500059959389
862;0.01650709558658279
863;0.02356493226918549
864;0.012201550768809133
865;0.08520956065222614
866;0.07475410777647892
867;0.05425149524718911
868;0.09835480098736125
869;0.04504070091319459
870;0.04029353809047301
871;0.020245663549997142
872;0.09017493121411536
873;0.0401165265288089
874;0.020184819013379852
875;0.07449804987951646
876;0.020722876597481822
877;0.0536197670842252
878;0.012114224628643856
879;0.051614536874436394
880;0.04389228977264275
881;0.022604295444432432
882;0.09406700504582491
883;0.05540586733487132
884;0.0042335637558340465
885;0.0686741457644115
886;0.08155106430552174
887;0.002668629361139552
888;0.05411597497071085
889;0.015991899976223144
890;0.06363583766937744
891;0.08742493514535743
892;0.07294826232424635
893;0.08878485080168254
894;0.09651934126857337
895;0.079479993770244
896;0.027537357933262275
897;0.024070612989535403
898;0.06894944670606006
899;0.038306758707047674
900;0.06275472243819892
901;0.002219701527332696
902;0.03660719544015172
903;0.06788287485474058
904;0.028734512252565972
905;0.031083798911872452
906;0.07650259574393242
907;0.09939223614920992
908;0.08911770540406797
909;0.029701638492551176
910;0.0722105381139301
911;0.03325698191867432
912;0.02299077951248031
913;0.09522734635918932
914;0.07415170508906502
915;0.07887908896108548
916;0.08467369772893212
917;0.014164191381965719
918;0.09454634211045079
919;0.00727772693482216
920;0.045538310806992235
921;0.0862125700401847
922;0.06517419342212548
923;0.08408975469325036
924;0.018852911785263562
925;0.059526189927295414
926;0.07796873938821158
927;0.036171189549166406
928;0.08760124038128093
929;0.09727838819556109
930;0.04860196044646053
931;0.08751251490372788
932;0.08870750409495809
933;0.02321513981871706
934;0.08490608147670342
935;0.09045499445373878
936;0.084607440006735
937;0.019859983171935092
938;0.043297279411079394
939;0.023902379376525364
940;0.005084996926168206
941;0.019135802309351958
942;0.0891174497526751
943;0.00925860235893775
944;0.08656919460162182
945;0.040762217311539756
946;0.04586029789804528
947;0.049809801800104074
948;0.05500076003050789
949;0.09525619409157882
950;0.022741886640083142
951;0.0581826573284039
952;0.0007201259248673653
953;0.001179162682023227
954;0.05971441762308497
955;0.09106068166261416
956;0.06162518737240206
957;0.09700058679227676
958;0.0359090745653034
959;0.06985254137310347
960;0.06179110382677544
961;0.02876668032169112
962;0.05430871849906819
963;0.08717532023399183
964;0.08212328904391226
965;0.0914044894164131
966;0.005610750223757444
967;0.06795758022725223
968;0.06322046431260808
969;0.08575061085177639
970;0.09731569776746601
971;0.0869962591283302
972;0.06612178186910422
973;0.013861703443157992
974;0.05140015094580317
975;0.02327213057540566
976;0.05337379485762566
977;0.08002188359742045
978;0.02047857920569206
979;0.07904459183698337
980;0.05184490975850861
981;0.08989831356737482
982;0.05650147014315041
983;0.07196651164808752
984;0.02190343442901075
985;0.06931814722280048
986;0.007897715791398308
987;0.08193444208360613
988;0.06495416385442913
989;0.004813698924062405
990;0.04113397949489546
991;0.07787552049293761
992;0.006645647982694569
993;0.02298269395640995
994;0.033597167233414105
995;0.00997512461463569
996;0.06456821828644754
997;0.08600261692296204
998;0.09211035291887758
999;0.03747567920442676
1000;0.0497440757706567
