1;0.07846666261673213
2;0.07173253028305644
3;0.08096396439273817
4;0.13284545802579942
5;0.044123052962225295
6;0.12812334064054173
7;0.10434144915832594
8;0.09686511141190604
9;0.04118826698468112
10;0.052036273116278654
11;0.043572755539613595
12;0.005534948666694062
13;0.03317488028764699
14;0.12183667828702167
15;0.055862142763404066
16;0.015437868005329737
17;0.1941804598159313
18;0.0014870875289436647
19;0.11516200229931975
20;0.11226779260283577
21;0.16842770338109386
22;0.18837733931101217
23;0.05860121319300431
24;0.1347283895306798
25;0.06438278273769156
26;0.04598622504947854
27;0.0749983044958561
28;0.1799513136924138
29;0.11758479162118396
30;0.07374746578283801
31;0.199554756737862
32;0.14335620016665762
33;0.14819012760932612
34;0.03239682154244161
35;0.13422244185683138
36;0.023003620921562495
37;0.14041109676466018
38;0.1409897314056603
39;0.033853078700361604
40;0.10764660226790689
41;0.12892374863677564
42;0.007411364650913544
43;0.09657418391267453
44;0.15001523457701854
45;0.11730616516264997
46;0.0932509826261026
47;0.02422830234257625
48;0.06849293722297747
49;0.07558088238604824
50;0.026620963024487156
51;0.07641030730455685
52;0.15598307071856785
53;0.05668692663231676
54;0.0173318866483692
55;0.16053943134809856
56;0.19284234164934544
57;0.1955844170190755
58;0.17245012936428825
59;0.1768671116419146
60;0.12583050800711523
61;0.11690384012661113
62;0.19813356639106877
63;0.04284112644641436
64;0.15666798685006655
65;0.005967719903815305
66;0.08166107845016563
67;0.18740422589048827
68;0.15776859444458566
69;0.18356535543713234
70;0.06636067198176769
71;0.18090684870516585
72;0.15604775069570898
73;0.192506122919505
74;0.04048018517879637
75;0.1312291515080858
76;0.18648689314893277
77;0.04104053470124498
78;0.19693128317229544
79;0.02119780296383147
80;0.19514128644996165
81;0.18020395854413923
82;0.01905277694316594
83;0.17737650648363087
84;0.048830400998456196
85;0.11664915443570836
86;0.08989495834955803
87;0.11796210278614645
88;0.057425348574748375
89;0.1664306755439886
90;0.16210632398333497
91;0.17446501722066657
92;0.0694994600364754
93;0.17661232619560813
94;0.08285306233052736
95;0.11906570253865092
96;0.025866542694980166
97;0.12507383602517574
98;0.07352849487187206
99;0.18910219303891995
100;0.024125408161982054
101;0.12751920745316028
102;0.1807644654900888
103;0.030668339349195817
104;0.15026623813732054
105;0.09168916939866661
106;0.15379443765988743
107;0.0630384814642183
108;0.11574610947243563
109;0.09065110549943134
110;0.10284406098898238
111;0.13271278643975776
112;0.15478469453229524
113;0.16925186383653243
114;0.11973059620034399
115;0.009866124115780518
116;0.12498636327684294
117;0.024203138065054298
118;0.18508470274253339
119;0.0482130012180245
120;0.17323727199558167
121;0.15363205193837232
122;0.1647252200781608
123;0.0439201921073604
124;0.0759861071914953
125;0.00399700556980851
126;0.1735576321888864
127;0.07402427476817479
128;0.12673000848873647
129;0.13687798296371845
130;0.17802453010668468
131;0.05818979529349153
132;0.07599260833561626
133;0.05576631657368678
134;0.08130991691305495
135;0.02822434758836938
136;0.17168805725077677
137;0.09804381903459157
138;0.18047943774554537
139;0.13487259767875298
140;0.17955451833427638
141;0.09337195672345755
142;0.020887325103347523
143;0.14311307842344637
144;0.12413018727579316
145;0.16709603030653808
146;0.10857087613289143
147;0.036830053501830086
148;0.18829326038456914
149;0.18858453768249872
150;0.006125975579393828
151;0.0242563459206417
152;0.0276564174461708
153;0.08149768280759578
154;0.10806676140605623
155;0.09728454321239366
156;0.15412279585361377
157;0.18183629741837018
158;0.19567792096270087
159;0.14804725995283016
160;0.02593182446546365
161;0.09087010969774284
162;0.02419654780027134
163;0.05647268482869588
164;0.04062649580427964
165;0.12399900865188057
166;0.18080757369153888
167;0.17246791354352664
168;0.00376978994310333
169;0.19292302502539319
170;0.19384810981293368
171;0.1854193872047362
172;0.07780058174310006
173;0.08030411826498812
174;0.09755688033993218
175;0.034082517506624346
176;0.01842256639316231
177;0.05879835046178841
178;0.04132956100119685
179;0.06321019403976678
180;0.012494165722760499
181;0.02893919541800094
182;0.15042026128986458
183;0.09344551712455805
184;0.08553144952106016
185;0.06687588126143744
186;0.11078601939596383
187;0.10594231139308462
188;0.14786759113779574
189;0.15318802672360737
190;0.0663692217861724
191;0.1460560747602317
192;0.15244416039783826
193;0.11448716402024961
194;0.07110065861399606
195;0.15976453012639857
196;0.008167119403784584
197;0.02680520003757483
198;0.14590497197334973
199;0.1573090745646833
200;0.13798156520622984
201;0.09992389124870193
202;0.12627667261973055
203;0.011105097310993918
204;0.1763721368813803
205;0.023295737378793646
206;0.06067285481051639
207;0.1607463739569417
208;0.05657476873561571
209;0.07794122566292822
210;0.11102700937109572
211;0.01976275346156684
212;0.08982253913365618
213;0.18001210481209629
214;0.1136176967393172
215;0.10598505976673181
216;0.11719452588857722
217;0.16735313182029793
218;0.05842124775958151
219;0.029931675128369518
220;0.16184555355311583
221;0.09502583686306042
222;0.032043568784155506
223;0.12089109690536709
224;0.01362933933336672
225;0.12224591234830147
226;0.0918793046563944
227;0.13486686908934475
228;0.13227405065328757
229;0.03870099026025891
230;0.10896218055775908
231;0.08409207937657498
232;0.014423624788921697
233;0.09416563128424008
234;0.13663271788869807
235;0.15234960346867873
236;0.10558354046468393
237;0.04126967030906819
238;0.17879484452258898
239;0.1536458576818037
240;0.10608804887276119
241;0.15851361964563282
242;0.14440022631973753
243;0.1309200907824651
244;0.15721545201424025
245;0.127808892544751
246;0.16932932803393078
247;0.10910571902575082
248;0.09461003293283117
249;0.17145850644128516
250;0.18192798144931832
251;0.1028210658134735
252;0.12098725873009418
253;0.09109758916070552
254;0.04172903779837833
255;0.17946919791382113
256;0.08910401151297348
257;0.13189371397832075
258;0.013072009870306302
259;0.005040439948324482
260;0.1410612831322343
261;0.16518540448128072
262;0.09751360673336391
263;0.17841984013787493
264;0.15424608633900544
265;0.024115593243563806
266;0.08232651267796094
267;0.05872879021297524
268;0.1423088372921635
269;0.02860763493250873
270;0.06305190833441414
271;0.05290958862553881
272;0.15921982863276365
273;0.15959944524280067
274;0.04165405483082978
275;0.12847487607641414
276;0.17106511656538856
277;0.14063962402479066
278;0.08935293163011158
279;0.04406572749506064
280;0.03212998930066293
281;0.08094620568774627
282;0.05268213132503055
283;0.01712640818437865
284;0.06291846591415333
285;0.11328644325558375
286;0.12742994911595323
287;0.1562511913276816
288;0.08753200293840564
289;0.159338349214577
290;0.03269124125183649
291;0.1461425384370382
292;0.0571547341003448
293;0.021460986075574142
294;0.12682191743939397
295;0.09584976210438848
296;0.021467516100409513
297;0.10448770177917843
298;0.02978660891659093
299;0.014258659574800416
300;0.11577484851644881
301;0.049867259091814914
302;0.1752596723464271
303;0.14258716237099223
304;0.1268563662558961
305;0.07499669692025097
306;0.19015145531036762
307;0.18241121831912427
308;0.0026966020686780114
309;0.19324459822961126
310;0.1797731831495611
311;0.0525374394551692
312;0.06184375365097914
313;0.12623452378319686
314;0.06612648990248966
315;0.18642858466250567
316;0.0837078125010631
317;0.07634640529947544
318;0.15068861337442221
319;0.08563320138073521
320;0.14641761329217826
321;0.04108775432680054
322;0.08013426434065446
323;0.16879071795764608
324;0.13785326978990603
325;0.024228341041799186
326;0.1548878909678619
327;0.18146846052583707
328;0.17426173310532678
329;0.08240809533923835
330;0.16977080244320197
331;0.16684217081996372
332;0.11810490059593043
333;0.19666780831505495
334;0.05034233238473556
335;0.17180101295879135
336;0.09153150355564917
337;0.007829509876628204
338;0.06053225580258721
339;0.18812995852641967
340;0.1636504764863743
341;0.13125929184333382
342;0.041521866398402656
343;0.022265077609317997
344;0.03751544455411711
345;0.15578603035324748
346;0.12851978711262774
347;0.19883741772544442
348;0.10765944925521648
349;0.05064779127481829
350;0.14806997410477518
351;0.027419566604685832
352;0.1732551217320485
353;0.146019935141188
354;0.11124828944719956
355;0.19073994896962435
356;0.042156190760286455
357;0.13900992063683257
358;0.19265860511348404
359;0.04822809713499135
360;0.019832225795047332
361;0.15666345625203537
362;0.16039639136033723
363;0.17259317962653242
364;0.14993500571904536
365;0.04492145225940947
366;0.14343985405508103
367;0.17871244012932952
368;0.007482394715179197
369;0.0643247481246449
370;0.00012116679353990634
371;0.16787062764011906
372;0.008065301833660344
373;0.12928925336665686
374;0.06558997833170277
375;0.14105575033248194
376;0.1458032705535764
377;0.15363952669400224
378;0.15887613749138618
379;0.0795201901251395
380;0.06114797631797733
381;0.06208986115605267
382;0.1148227470670633
383;0.1291505838802245
384;0.12793943500236934
385;0.051665050683284135
386;0.009533050030771185
387;0.054773609277445394
388;0.05127660501954328
389;0.11808228160788287
390;0.030782636340974046
391;0.07818651824153554
392;0.06726489990233019
393;0.16881839461528278
394;0.17264815152132973
395;0.1372577928284994
396;0.09299393653424178
397;0.1747714067805136
398;0.001971678693236578
399;0.04932016608549361
400;0.031779423139987294
401;0.09273433061039885
402;0.10965659769305812
403;0.029720391736647603
404;0.1824764284599385
405;0.011237400880628258
406;0.13642801227869228
407;0.011020418979019442
408;0.06340419474171022
409;0.1792044103650915
410;0.13687164547395084
411;0.059756687894942
412;0.16924222560412297
413;0.026126121590572593
414;0.08888094011300668
415;0.09029376303562422
416;0.07354136205064905
417;0.11597204992686941
418;0.11718959281264306
419;0.11252833003973504
420;0.0880654164325462
421;0.17709291847845368
422;0.09672949955656103
423;0.06463242580846805
424;0.048578618354528126
425;0.11988478854215495
426;0.1479145402809415
427;0.1959469061537915
428;0.09822400819443455
429;0.07175318765600187
430;0.025472913688963407
431;0.1883504899044366
432;0.004471068128938782
433;0.021337991131059855
434;0.035351075708092865
435;0.0419844272494176
436;0.11623559838741071
437;0.09107578231507128
438;0.015087501678718751
439;0.03576384576877605
440;0.02569174606300344
441;0.003257920481703791
442;0.043287537239549014
443;0.01886904852128797
444;0.09912729537204168
445;0.1326383433121765
446;0.17200838057834672
447;0.13672034907835018
448;0.08271828041375434
449;0.13632396332738414
450;0.03764095339690683
451;0.09793949982994615
452;0.05873229451198201
453;0.13102663289829783
454;0.11401707874407321
455;0.1171346140147514
456;0.07753946162553356
457;0.1911742104548466
458;0.18626328768836276
459;0.04544720468309241
460;0.022941603524807744
461;0.03427008435453249
462;0.17904253624457228
463;0.036029223796806266
464;0.13023265363545278
465;0.10340377226774025
466;0.165598151550907
467;0.004790580093017006
468;0.015119519249595093
469;0.03917709069059541
470;0.10342804073421755
471;0.08191023672708714
472;0.04087619252392671
473;0.15784594743741298
474;0.10407950856078885
475;0.11838222403222232
476;0.13959268120734472
477;0.12131974060672453
478;0.024076098742193144
479;0.04023501245121013
480;0.03951024451726855
481;0.011516531096229899
482;0.14834940407181524
483;0.11944515465349677
484;0.17619125278685727
485;0.14556906495058777
486;0.055584907129664865
487;0.03792179196526107
488;0.07012428270554741
489;0.14066255855195606
490;0.12132282719643527
491;0.061132155409660376
492;0.12340733111677125
493;0.1831997045543848
494;0.15675816536867862
495;0.11014871601360308
496;0.002507511955762132
497;0.08300017282934723
498;0.1315702383878303
499;0.13042204580498948
500;0.06206263169700876
501;0.002614812839617309
502;0.06733025053093791
503;0.009588793777975814
504;0.1091173150793286
505;0.12307174354680162
506;0.10271842559800166
507;0.19353057682375907
508;0.17023553941896485
509;0.13162204760470536
510;0.12757561004376028
511;0.12391753521146885
512;0.08614341000365351
513;0.11284057689477195
514;0.1965912010370467
515;0.15678116932402011
516;0.04117075924599223
517;0.057621214857469384
518;0.06660282821890139
519;0.18265283734153615
520;0.0898283964403031
521;0.01204587195937621
522;0.11292456665583187
523;0.1718701187222085
524;0.19411873108331412
525;0.09714805435398899
526;0.03664295338159034
527;0.14141936933236982
528;0.03966906154527823
529;0.16040922971266774
530;0.0326618540876509
531;0.08810610116344644
532;0.0016116190596052072
533;0.09516631591973801
534;0.08886632776800472
535;0.16178698862206486
536;0.013725992042958391
537;0.09780877157658863
538;0.1147252422336559
539;0.10850583976509316
540;0.10345498383492334
541;0.02789950512816344
542;0.06174158642023282
543;0.19903081194821448
544;0.11069091624887972
545;0.14205224954371284
546;0.13320854428799608
547;0.16221322683388462
548;0.0298851750248891
549;0.055399039133175856
550;0.0050460712989782944
551;0.027719442584727052
552;0.11940094785641238
553;0.12110649165353898
554;0.11489312261646079
555;0.10023448167396783
556;0.12840867099695968
557;0.04616890922851511
558;0.15018659336500842
559;0.11515627745903685
560;0.1311531211964215
561;0.0821622188035342
562;0.14908222579303046
563;0.1689400474093323
564;0.01595574836836158
565;0.19080734091795265
566;0.10417093073861242
567;0.11416939120970093
568;0.07408910925887367
569;0.10269301794887407
570;0.07529941506496576
571;0.0645172290898443
572;0.01000704387909266
573;0.032459290674355004
574;0.08899632435346515
575;0.06385513308868788
576;0.1366576490788536
577;0.11826829675089856
578;0.052488478211237546
579;0.047027948590594004
580;0.12803789533914725
581;0.1673839710587715
582;0.1119775669136438
583;0.17470850499659168
584;0.08885079763397839
585;0.04974477039329977
586;0.07187502331360811
587;0.12376969702767307
588;0.08640744599727875
589;0.014484026800929152
590;0.12657033377854107
591;0.16181649335602546
592;0.015671691495204376
593;0.11367588033846424
594;0.07803861349379082
595;0.07991054242559004
596;0.06684525174154114
597;0.08559415666398812
598;0.051899123099439184
599;0.18712096036228815
600;0.04350210726876043
601;0.16286903732817126
602;0.1759997256623425
603;0.029616321232748044
604;0.14467089339305916
605;0.18214301249866427
606;0.02253292524192607
607;0.04150279490144786
608;0.0026066155690372297
609;0.028740627722838877
610;0.05927947436832901
611;0.08248292214807884
612;0.1662928861476
613;0.1821131217902172
614;0.18355532625640084
615;0.1716806446025988
616;0.06861100038836375
617;0.14015695578709764
618;0.07399724239118173
619;0.08110788554483206
620;0.03471674575132144
621;0.15797820560835074
622;0.020088468187667564
623;0.19976548388676274
624;0.07219875810790846
625;0.041355953438480045
626;0.04252079485704137
627;0.19360026978726128
628;0.16613624830071427
629;0.17490499116234615
630;0.047054973306910955
631;0.14119266416046586
632;0.0369117557455168
633;0.10674734186527646
634;0.03734772768859749
635;0.06699812568871998
636;0.08826591811229437
637;0.13358181267011224
638;0.12891634357942647
639;0.19404355886454516
640;0.18260940910660992
641;0.16302101269101446
642;0.050362940298674636
643;0.09372997687912397
644;0.11452234414384205
645;0.0246179984958661
646;0.19180029971913404
647;0.08347004055926843
648;0.1929021187385298
649;0.1434312321948655
650;0.14580193035192343
651;0.009364127252467536
652;0.020754801081393895
653;0.11467839967950569
654;0.0658511255702604
655;0.16568025258851993
656;0.1150073875321489
657;0.06662751991071807
658;0.11148118598259718
659;0.06629473077245192
660;0.04404882751362223
661;0.08242333854634959
662;0.03230619267146744
663;0.1164183878010292
664;0.10322701912304284
665;0.0628345858278357
666;0.11573534580137874
667;0.1516104374647507
668;0.10718923142717629
669;0.03479446484663919
670;0.13488514002414395
671;0.15743337741746558
672;0.1788463782788935
673;0.0958917229179493
674;0.17163483503160232
675;0.14583110506375999
676;0.16820216871443439
677;0.007713925777955777
678;0.022835227288916873
679;0.07843863256290223
680;0.0009970933532985394
681;0.06105716439125635
682;0.08294031476625485
683;0.0065540710197091075
684;0.003015386890470895
685;0.08180658991433153
686;0.06141883870563467
687;0.003336720578020791
688;0.12380774194431066
689;0.05543566943387084
690;0.019748532712846913
691;0.18243357035142743
692;0.018824824958829447
693;0.07481546381282007
694;0.10259260491971511
695;0.019922335997235297
696;0.15136461854136463
697;0.1580222875246411
698;0.06786981231130827
699;0.12469022713793816
700;0.17551003978279914
701;0.14751054037063202
702;0.08709345702754104
703;0.031119526636386688
704;0.1349191380483117
705;0.1558691553891459
706;0.08331833964937946
707;0.03919702035434674
708;0.17203579064912844
709;0.01932354971609216
710;0.058242841671651835
711;0.034949312863577234
712;0.1643578466461414
713;0.14715863860333897
714;0.17942470688719173
715;0.18614750768550395
716;0.0208351125816596
717;0.14853214916912802
718;0.1139867002200665
719;0.03281341866263572
720;0.02780383035093688
721;0.07474399524670017
722;0.1453537858844211
723;0.01887727995388453
724;0.010377316377984802
725;0.16279941312935048
726;0.014861647687781821
727;0.08222165387408045
728;0.1270722041893305
729;0.14863100140883365
730;0.026358251401119248
731;0.1282049635804658
732;0.1980959895310993
733;0.12120872267180341
734;0.060626959782398404
735;0.09002155402198553
736;0.1967764721387335
737;0.10672288968058215
738;0.06477064730690765
739;0.17169999518792398
740;0.07127312774501358
741;0.15258308504357887
742;0.02998924872118838
743;0.0023163145664924613
744;0.013076348270871563
745;0.07478549832912909
746;0.02677116696257489
747;0.013029134329427006
748;0.1769261493678762
749;0.1889101183974536
750;0.01469664740515937
751;0.19353172431077797
752;0.17306538353158377
753;0.001708672602141892
754;0.04241056323851242
755;0.1478568302537595
756;0.07097446022005448
757;0.14550399076113174
758;0.103392080595205
759;0.007813131638919923
760;0.1386681784064056
761;0.11072813927390164
762;0.14485649609365842
763;0.08709082179201899
764;0.18063300711848332
765;0.16511592603642844
766;0.1589809620227367
767;0.14862856595017643
768;0.056744747979355095
769;0.07044158953986135
770;0.09625171896798237
771;0.14403706174742212
772;0.0695132448244501
773;0.10942158357781483
774;0.14243700242161136
775;0.03293994654365897
776;0.006223184056316101
777;0.016947661552975512
778;0.1623989781889824
779;0.04123789496929318
780;0.08118609875365107
781;0.10599081214568773
782;0.13686452351573067
783;0.17156065830453754
784;0.01482836294283192
785;0.11850838038171532
786;0.14712298182842512
787;0.08891877094144279
788;0.12296595335004566
789;0.0004606796875588293
790;0.11506818557474573
791;0.018592674791906138
792;0.13377607530302488
793;0.0736924396671667
794;0.0629744549065074
795;0.13421208110154706
796;0.023114090188110573
797;0.015906811706761847
798;0.08958841183558174
799;0.1290727625920028
800;0.08294620244703457
801;0.043540619901209235
802;0.002714226584417712
803;0.19749113402335783
804;0.13091203732122292
805;0.0648897279950054
806;0.136643804818482
807;0.10687887631572386
808;0.18231987321423587
809;0.1398682789487318
810;0.1261639263160687
811;0.038692918714046655
812;0.07287819541202496
813;0.11212775750208899
814;0.06249264925108864
815;0.010641079354230067
816;0.00362453612218443
817;0.12581594546677574
818;0.13507212454553516
819;0.11004332640388066
820;0.11924577568785169
821;0.10299490142913169
822;0.04784166468805493
823;0.18486943224074634
824;0.16312714101239473
825;0.11162910664159074
826;0.009791141577934771
827;0.10952011086620764
828;0.08183635401689915
829;0.0862898829312741
830;0.08319135793808059
831;0.09904611734878832
832;0.08979265605992995
833;0.1895995858870902
834;0.18914306462433889
835;0.09686571792123569
836;0.03854950421680026
837;0.09266578178751748
838;0.06573357666544773
839;0.004759627798905686
840;0.19501729636089685
841;0.15531287491340973
842;0.03515069927453414
843;0.14766002967231098
844;0.08795339895676374
845;0.12464004009718054
846;0.012233780571890219
847;0.07827271216112244
848;0.019791775107296062
849;0.038350824522632124
850;0.02336890544090773
851;0.035246806635566855
852;0.11887988361557773
853;0.03058194544999735
854;0.15230017252708328
855;0.1946787601947195
856;0.11514992131500033
857;0.1651043342418694
858;0.06522782260677602
859;0.14270609581870897
860;0.08100231833208003
861;0.10800618751933905
862;0.09460255356850214
863;0.13438004253389613
864;0.12314418069511956
865;0.19466876876319317
866;0.19614365880990983
867;0.17503252659132149
868;0.1662098496162765
869;0.0325449684119264
870;0.0847071319546235
871;0.19307336057741606
872;0.08016475268458445
873;0.02483584195436546
874;0.04153883130628991
875;0.1884046818776718
876;0.0501956865710133
877;0.061522540061414714
878;0.07471817533383639
879;0.0007533626667870497
880;0.02433548225825584
881;0.1485892382386048
882;0.1264357824344318
883;0.1629895892240839
884;0.16120253858369366
885;0.05037858328987819
886;0.19297552229476259
887;0.060095859864219725
888;0.1463228859561065
889;0.15929795657505696
890;0.03562492035498106
891;0.10685900435110128
892;0.15126571698658112
893;0.017384747471730532
894;0.05786597363612507
895;0.04929634933658303
896;0.15921856586982913
897;0.09193227200639686
898;0.09328330203686962
899;0.14063376988289314
900;0.0035903540946303327
901;0.11172057235213138
902;0.04366918164977862
903;0.06184314556113355
904;0.1557472248264333
905;0.15965250215246826
906;0.05985386515282241
907;0.08650117027839642
908;0.1772167207330027
909;0.15402007874773826
910;0.027605436402755257
911;0.034555167592614545
912;0.02498935064630723
913;0.046798578163324334
914;0.1494434475052735
915;0.17570368675538528
916;0.05388243105962405
917;0.012604385613782854
918;0.12118225948842393
919;0.096672316356115
920;0.015789002500049245
921;0.03698958734075857
922;0.034492411943815075
923;0.1431433896179055
924;0.12539083297040476
925;0.0684983378247096
926;0.08863292483761154
927;0.05310706618525629
928;0.16596296271190925
929;0.1776162317822476
930;0.10208553778747037
931;0.0162247753127198
932;0.1414044373706942
933;0.06151833682376591
934;0.13622100527272396
935;0.13106259963064001
936;0.09524332456979581
937;0.12412334904362694
938;0.07583241427890036
939;0.003403249958322552
940;0.10126461136700471
941;0.03210663886071683
942;0.13327884414745136
943;0.11467443478468371
944;0.0936037861797307
945;0.1569516729301525
946;0.07170446366612152
947;0.06112201141180551
948;0.03490459761691798
949;0.1365246619848647
950;0.030990054564704564
951;0.10028780615024727
952;0.15359269399237951
953;0.07202566623016829
954;0.03802740720286493
955;0.15383574904700714
956;0.0062142993679416
957;0.1315465014229583
958;0.08421981412457964
959;0.09591886699946942
960;0.089736612818404
961;0.12332796462231498
962;0.05401486619809255
963;0.09403504248784772
964;0.032656127717683274
965;0.18207876853507543
966;0.04226809214202194
967;0.13371576704879348
968;0.07340446373672942
969;0.12464918183674689
970;0.08169116708278974
971;0.11636440468516161
972;0.12215977379151106
973;0.14942699545753155
974;0.1758491374718253
975;0.1827421386312891
976;0.12335480933114094
977;0.12330192964348884
978;0.14491682671293038
979;0.017231932468494637
980;0.09364271330859764
981;0.04138505188636643
982;0.19125108872507657
983;0.14721822446692664
984;0.13251241429705654
985;0.14352313617449394
986;0.17346361904018576
987;0.1898704223879998
988;0.009316220852327972
989;0.008001650660877657
990;0.0704329382072495
991;0.1917952499900142
992;0.005363984620248452
993;0.02827063703056905
994;0.13771781949596537
995;0.038152855926760904
996;0.18801821654463557
997;0.18208391980090022
998;0.11454257613568167
999;0.11086079925507471
1000;0.09197186179636892
