1;0.048605141017200294
2;0.0550357792397047
3;0.02295637062073519
4;0.02284749998010326
5;0.02676398919098918
6;0.01886222702042545
7;0.006892621924083898
8;0.046231321491067415
9;0.03318162915281071
10;0.05976758237932475
11;0.045414437657103846
12;0.006268192093724623
13;0.0037788694091890674
14;0.09409108034867375
15;0.026809547847969142
16;0.00916795916884583
17;0.05885374507976853
18;0.05143298646249975
19;0.06391729861725383
20;0.05921633379570826
21;0.027025989684278207
22;0.0979920276135895
23;0.08862324945578715
24;0.07132333713946448
25;0.07990686085989579
26;0.05321056268650255
27;0.035898020089245634
28;0.08555828863448205
29;0.08594368151253964
30;0.07910898222167473
31;0.04191730825921844
32;0.07712164047618154
33;0.03178606128794086
34;0.011910180219589506
35;0.08523988046074188
36;0.029025550061871942
37;0.044695944345305494
38;0.09416341314619824
39;0.0718436398608696
40;0.05329270810785609
41;0.06293973669642282
42;0.061510058760943134
43;0.06245737816499554
44;0.01150807410096737
45;0.03407820279429594
46;0.08278423217329901
47;0.05899968274088318
48;0.011113044783846072
49;0.09076703678147212
50;0.044576395691097705
51;0.09339699455410833
52;0.020054306008139167
53;0.019321630121713507
54;0.08429242830579352
55;0.012144615986966468
56;0.0684532100937911
57;0.0051516193817735985
58;0.03919185576380137
59;0.011227022200785098
60;0.0673214139480875
61;0.06468860129363853
62;0.045097007517336724
63;0.022434621118709322
64;0.037752024720779355
65;0.09469100899836563
66;0.09701850343883661
67;0.03623290547843955
68;0.011854702192848211
69;0.06502570003169471
70;0.0390891074680232
71;0.0023777968686852337
72;0.05256782574038243
73;0.00655637481562319
74;0.06352457458526349
75;0.001201242771568467
76;0.08926544511030625
77;0.07696337730525996
78;0.037573106718192195
79;0.011694286084957983
80;0.024835216179218814
81;0.0001173460697747153
82;0.062179818290713
83;0.026416753328172882
84;0.008185458447964157
85;0.09469381839471627
86;0.09156372745560397
87;0.01533701917194632
88;0.0061663388611928665
89;0.030690544311612222
90;0.029057105947800102
91;0.04531797948845086
92;0.01107608367578259
93;0.013851427515993343
94;0.09085350205373702
95;0.05355660595634786
96;0.08346664777505286
97;0.06708254458566663
98;0.04966504405439313
99;0.08179799962402083
100;0.06288643393758227
101;0.05572243771707981
102;0.05937342576226623
103;0.06835306636901042
104;0.034273023648840883
105;0.01669810287438639
106;0.04141344092446134
107;0.07828894251351368
108;0.025994524077996496
109;0.003047765803670466
110;0.027668741793226828
111;0.09498990342256766
112;0.01804388948569671
113;0.023178385102665934
114;0.01614182302792924
115;0.06912897258084608
116;0.09851733739663449
117;0.05217616162453779
118;0.08497596007228515
119;0.09975359140097473
120;0.04730134175673865
121;0.06903143653882308
122;0.04250206501800418
123;0.028657587001213215
124;0.03570595910144469
125;0.062003522515311195
126;0.07479093426242639
127;0.055463175399767355
128;0.061558910146962235
129;0.016948096969744333
130;0.08170490536677819
131;0.056348646289093966
132;0.007075114291150553
133;0.03435289879597503
134;0.021180209638079064
135;0.02410185465585344
136;0.08883841836484829
137;0.006453475324753133
138;0.005377908018990319
139;0.059434406512662075
140;0.02991618120998344
141;0.0693447076361736
142;0.05999896303394247
143;0.09766707206464567
144;0.046830159928496054
145;0.03460637113104673
146;0.01504155739375911
147;0.01683597096894951
148;0.08242530056070183
149;0.06591292538021153
150;0.01713301140531188
151;0.09686739196136984
152;0.052472310548878943
153;0.015098819420651388
154;0.04472014152816294
155;0.03263760454091119
156;0.061811446616730305
157;0.027591838705944706
158;0.09275397915838601
159;0.09144623597379149
160;0.0741932886052771
161;0.02419401851950256
162;0.0722424359670806
163;0.09096816131033153
164;0.01167863714734354
165;0.054469872380327036
166;0.061468644803918074
167;0.07940828357156939
168;0.04944060476508475
169;0.06503280588960685
170;0.030062791253505174
171;0.003235010104671188
172;0.04794505307645069
173;0.059763258102212606
174;0.07508185742959793
175;0.08633229735683044
176;0.0502860840522977
177;0.03178877265149035
178;0.034485792272084974
179;0.0878846535764917
180;0.0838500511781591
181;0.05003665401602976
182;0.004937346866332792
183;0.05247697145605334
184;0.08609470343294907
185;0.012159618204991486
186;0.009714202710702991
187;0.05258898396918704
188;0.07064993219244556
189;0.04859489516608639
190;0.06945536151640969
191;0.018148608849861757
192;0.024519377651030252
193;0.07115200607161581
194;0.07160231941946106
195;0.06521838549754332
196;0.07883342600963553
197;0.0752581195602761
198;0.003296891542139602
199;0.014416793077748603
200;0.000980749488392363
201;0.08711155610282892
202;0.05577212110927259
203;0.03636612660746981
204;0.01506012650010824
205;0.06641917804141381
206;0.05987169829121486
207;0.025320819840607668
208;0.028171052347311265
209;0.07554533805576422
210;0.038862121971192834
211;0.04926871915798109
212;0.04690193422555333
213;0.03036382082877256
214;0.038442725590989116
215;0.016953167568559826
216;0.08907735641460947
217;0.06602845216605116
218;0.0017829254427535802
219;0.06019130026503006
220;0.08948441165201221
221;0.09025724073098802
222;0.042704417615187985
223;0.00152473323299539
224;0.08508704703881867
225;0.04682181011935552
226;0.0399383330651674
227;0.084631581840332
228;0.08079909410634169
229;0.03257462326769467
230;0.033452975787592355
231;0.04029338742366743
232;0.0483728654691505
233;0.03759839724736518
234;0.033608840368125295
235;0.016145152117077424
236;0.09480150988534405
237;0.03309434551160728
238;0.0968867767421454
239;0.06494262468991281
240;0.06854271812233523
241;0.004678577722906674
242;0.041191752124642295
243;0.09462520897735177
244;0.09700192821120196
245;0.08552396488698072
246;0.09602391261250043
247;0.03722755683705128
248;0.061086213209364616
249;0.06810651459174527
250;0.05015111408163667
251;0.010452798641724282
252;0.05441796910585703
253;0.05112569660928134
254;0.03699132556386129
255;0.07371968052368486
256;0.03793194808941267
257;0.0945813772305929
258;0.062025430931212544
259;0.023168365182691955
260;0.05614295089070146
261;0.017899147324788114
262;0.05177332808150973
263;0.02213447577793274
264;0.016885449562220402
265;0.03776093607267862
266;0.004021608531142406
267;0.0019360677838653473
268;0.05976278423549274
269;0.0027051275620256113
270;0.0438553826453995
271;0.09757856791453619
272;0.007785758586620695
273;0.02058626941850035
274;0.05567848818561253
275;0.004538947495147327
276;0.02154804200072007
277;0.059027391401723694
278;0.047263001798970666
279;0.057420420380934714
280;0.036294328373764895
281;0.03339119297037513
282;0.028434227116574173
283;0.09060719329437905
284;0.047417088655394984
285;0.03987246338163043
286;0.008540245376869537
287;0.023555335418309488
288;0.046360382009149693
289;0.06382079694292192
290;0.035522101099210494
291;0.07432876916288471
292;0.010284801786446841
293;0.018805495872044956
294;0.09579398104127647
295;0.035506159073770194
296;0.011940490531700033
297;0.050212827380532225
298;0.04002222259312613
299;0.04479652251192706
300;0.02443503994756622
301;0.0397446419362849
302;0.08873288845137255
303;0.0268859296928619
304;0.006208831267217008
305;0.0865510246152092
306;0.02590322572920405
307;0.0033562296351043797
308;0.05593711849358203
309;0.05093275365883807
310;0.030583700542747227
311;0.07455864658234072
312;0.011749109881190623
313;0.00803898852557875
314;0.09620157223717637
315;0.02161600853000203
316;0.09481420094750305
317;0.06806478482170517
318;0.054656161469391
319;0.0770234823975538
320;0.059538857055868734
321;0.02015468766213148
322;0.0925693857902233
323;0.030386408815203783
324;0.0982808611023136
325;0.06226583242667995
326;0.06755624139973597
327;0.0529996146549179
328;0.08620220346678499
329;0.032114818082943475
330;0.08012819713363276
331;0.00911301617656839
332;0.07289789659871866
333;0.09736376355006753
334;0.07785013163663322
335;0.04023428456917308
336;0.052498918188842905
337;0.08131727654341858
338;0.044643789037480924
339;0.08385646652013264
340;0.017259906431670503
341;0.08253740072673227
342;0.06368530141641925
343;0.07756687841063276
344;0.03865486570007352
345;0.04608544195194311
346;0.07730060116359756
347;0.06646466451064124
348;0.0718249413501483
349;0.09928258057278962
350;0.0756785056418903
351;0.03399217846216873
352;0.013443479360121025
353;0.025161832341219128
354;0.07943493073457954
355;0.00171891492203613
356;0.00020678828773291747
357;0.04116595451579546
358;0.013328123757840005
359;0.07173829505060969
360;0.06371738951713156
361;0.009112741018776793
362;0.06927339607683568
363;0.029290611111415232
364;0.09504856528996736
365;0.011998844124323305
366;0.06369120440172514
367;0.03235629312980004
368;0.005689416581122209
369;0.09490138252806644
370;0.07470674092732993
371;0.03378836846268052
372;0.013096047629470321
373;0.06272054881656294
374;0.005364629697510137
375;0.04588355750817698
376;0.037061909142586405
377;0.06837728634611066
378;0.040348094813868335
379;0.08460654857969149
380;0.08922352124860437
381;0.025836572479027486
382;0.04726518233538281
383;0.07848619441478412
384;0.08020403676801796
385;0.015037519596156845
386;0.03842484297064687
387;0.08950420302196098
388;0.07668082732171129
389;0.011318297524131294
390;0.05183234638798241
391;0.005436030104971257
392;0.017042316538525483
393;0.050594645295651865
394;0.024295049682175787
395;0.04651226538522947
396;0.09741249560201917
397;0.00012880450068616378
398;0.03353663987181978
399;0.08093011421004064
400;0.0664243482833181
401;0.06446551040285746
402;0.09175877899497988
403;0.0529601890671198
404;0.04091998592848994
405;0.08788506110429481
406;0.03356610594864197
407;0.012528404628187651
408;0.053220972584036144
409;0.0022742126416763764
410;0.06849167558503472
411;0.0942583280803814
412;0.03740213600802916
413;0.058277730874716764
414;0.0242857441506794
415;0.06439331255826826
416;0.039463146378711435
417;0.02574794455351145
418;0.06365766979512615
419;0.06509181897234256
420;0.0631397252650629
421;0.03761590717163178
422;0.027235856836815023
423;0.0032473343154539648
424;0.0611017905725081
425;0.07251699676187705
426;0.055201828956718046
427;0.01392259916056271
428;0.03194933575450381
429;0.07717167362665729
430;0.05179475814910223
431;0.08175306718175147
432;0.014358370061274562
433;0.06733788716013904
434;0.014749044294744142
435;0.09165227384806843
436;0.06448055307829365
437;0.08668318106799149
438;0.039289582644867094
439;0.003634546993774013
440;0.012348542174123667
441;0.02178670481577305
442;0.08925333280822483
443;0.051270120788810936
444;0.01692906723532225
445;0.09277289365825045
446;0.021089210479355337
447;0.06330259584676612
448;0.06299604096345765
449;0.018443810208596225
450;0.07396348199092091
451;0.0445278518567956
452;0.05573731163037176
453;0.050553519238515414
454;0.06099472326411947
455;0.057797753946606446
456;0.04421129555515203
457;0.023626910605643838
458;0.06374218753687481
459;0.05516166547810966
460;0.039677722947627204
461;0.05931948309099694
462;0.032289051947255454
463;0.05401634208788142
464;0.020889822617238343
465;0.018587379977527862
466;0.06665132995865217
467;0.08557245001921701
468;0.03322353281397853
469;0.0823925033972144
470;0.03353783534250404
471;0.04087214828530777
472;0.057727264288655135
473;0.01333621067723434
474;0.04483484511792168
475;0.028395662241602716
476;0.06496457258224948
477;0.0914458461902875
478;0.09494431944818439
479;0.08301168730519978
480;0.031123965967601808
481;0.05374140845536059
482;0.001002093074049515
483;0.06000312223408441
484;0.06788966206421844
485;0.04413228319748418
486;0.09719028987131734
487;0.06439302973828374
488;0.08358493456353389
489;0.04429161634253771
490;0.07218611893839229
491;0.08261467306836139
492;0.002198181942959521
493;0.051354493090919044
494;0.0582471787139816
495;0.06122933693205249
496;0.06404947940171556
497;0.004170221017560339
498;0.04678475761724618
499;0.07556915170316214
500;0.06477069262539813
501;0.04573731599226118
502;0.005729022126743955
503;0.08023422650836737
504;0.04864664326657453
505;0.0010891318263871797
506;0.039578058877609026
507;0.04665374746938144
508;0.04653100352181259
509;0.020465688624323287
510;0.09080885446097504
511;0.03994072156202614
512;0.07073163218417197
513;0.08532315525714822
514;0.07289006658194569
515;0.057887733829020196
516;0.004861694167777842
517;0.047375514507026276
518;0.09727021916396061
519;0.05325912605983235
520;0.05921437582308913
521;0.09740637896486982
522;0.0618338157846443
523;0.0042127078355708725
524;0.008763372363849954
525;0.05767893351676785
526;0.07301219282323222
527;0.060380342705440154
528;0.039878064460380426
529;0.018252122444634367
530;0.04959055630290147
531;0.06224563089789186
532;0.08257388565609229
533;0.0464966321639583
534;0.09534206323513929
535;0.0037465112255132497
536;0.010068856790358273
537;0.0979392100458087
538;0.09188358765014669
539;0.06398970152776531
540;0.08899763682366403
541;0.062040466890640966
542;0.09350395383797701
543;0.07553340064542714
544;0.013786783539043047
545;0.0022757699232301754
546;0.0190533005449143
547;0.05820220895895289
548;0.05000607842153342
549;0.04639405916610039
550;0.020998851416600375
551;0.005311664833119012
552;0.01520643190903679
553;0.007715554758504273
554;0.09113163155098462
555;0.004738435847116096
556;0.02102594112045777
557;0.0941486736370309
558;0.09584253339159159
559;0.02448096769990911
560;0.0009635837247720658
561;0.07099617601437273
562;0.044496199005602845
563;0.0006206561485092466
564;0.016753654997386458
565;0.05023705013451436
566;0.06646598714141912
567;0.023433010257101962
568;0.09632382142977468
569;0.07764533656284917
570;0.09665628689526597
571;0.04585763400094006
572;0.08187329857066739
573;0.03704701260652243
574;0.034889318915979566
575;0.06825790356325516
576;0.038973531483237615
577;0.09770832678970955
578;0.06025647650254379
579;0.009793697218322562
580;0.021012243100081464
581;0.014379920965948412
582;0.06079243115826736
583;0.0919242797636447
584;0.0861915879621849
585;0.04877462595602747
586;0.07207290709680941
587;0.01357913750396026
588;0.003510413616404251
589;0.08706602947497319
590;0.027078124444629738
591;0.07309014519014916
592;0.019681117881082802
593;0.02751777526884205
594;0.022553007576637297
595;0.08819874514577367
596;0.04037730500378767
597;0.07273372250441172
598;0.04609004119603395
599;0.08844526069172169
600;0.03907034514008463
601;0.06935556225051079
602;0.060752942807309224
603;0.07502535214752654
604;0.08846888917711679
605;0.0069538997605799735
606;0.023100117884799345
607;0.01257944107134399
608;0.0341452802723556
609;0.08910507205862848
610;0.0855825086339066
611;0.05142694560502364
612;0.08535447523723766
613;0.026101708102429934
614;0.012168796706372621
615;0.001165330596680203
616;0.07196867797722248
617;0.02657600159122865
618;0.0471991328408462
619;0.03779987798207656
620;0.09658052711426264
621;0.08680871918244532
622;0.027010395342462634
623;0.014875156252076784
624;0.0028951211861123595
625;0.05952370008386491
626;0.03508877757035193
627;0.09882132740087832
628;0.08331721171438398
629;0.04479651144617243
630;0.007066462386269379
631;0.06706990498822306
632;0.053586070123892326
633;0.02972283684028265
634;0.06673243831158042
635;0.04765086774850741
636;0.02113649623561973
637;0.08713156592065785
638;0.08266654595299278
639;0.06998861368446173
640;0.02433745136898341
641;0.005332823167836365
642;0.08327630454417775
643;0.09189319789200202
644;0.02585266623647955
645;0.08311226485076467
646;0.09253932580834791
647;0.09727143835367491
648;0.004029136488724139
649;0.06695891568777664
650;0.003991892606324765
651;0.04540719297441031
652;0.008130772993645775
653;0.024650370629799814
654;0.02213583837729526
655;0.04014473652760804
656;0.014420731372417717
657;0.04858636529159069
658;0.031349073478380354
659;0.07597966663930408
660;0.05399770091987491
661;0.022514133826729555
662;0.029371437793310164
663;0.04480742121706332
664;0.00520174792340119
665;0.08408191512743059
666;0.08736661531084616
667;0.08379853701090156
668;0.03728402110057786
669;0.09441698527685698
670;0.076621896640509
671;0.09576340253878077
672;0.06462667652220314
673;0.03263089814445667
674;0.04161707267987454
675;0.01411105687625337
676;0.037977572173191025
677;0.045712137786212775
678;0.05935161601679173
679;0.04219839139068913
680;0.04148175794005008
681;0.019247106752482947
682;0.03575869428121544
683;0.052334293272882984
684;0.009161316667829933
685;0.06994997494868699
686;0.02832939449167773
687;0.07278612489902718
688;0.045852773893266335
689;0.03978827605657266
690;0.04244536794608056
691;0.030037325969782272
692;0.05571831350052763
693;0.0492007017854234
694;0.002163666191635705
695;0.028794768836699625
696;0.03146609095327838
697;0.09256128050639807
698;0.003819475977338194
699;0.03493275837111944
700;0.007187184691028914
701;0.04423602195212595
702;0.031944027314927695
703;0.0006222336170783827
704;0.09866182797667894
705;0.05350785256855776
706;0.07536094919376872
707;0.012222517181207072
708;0.0878880801306951
709;0.013487984882923555
710;0.053435822751767476
711;0.06996672517316645
712;0.0006750024179656644
713;0.04156145886203978
714;0.03262261901415708
715;0.08865173001899353
716;0.08008803934940761
717;0.061896315536800556
718;0.07142790652727234
719;0.08606690980489046
720;0.05099589354988576
721;0.043636146487659094
722;0.06824664579165822
723;0.07633190734705374
724;0.09057431514123762
725;0.05146577922999124
726;0.03957205797302912
727;0.06889344162655542
728;0.0838479792700057
729;0.05380189125257752
730;0.014729949607958304
731;0.031817509605922126
732;0.034860418662697734
733;0.006018993087572911
734;0.08992258947712221
735;0.0385324425449373
736;0.002180688205868142
737;0.07103404754180492
738;0.02535453985021069
739;0.023869013892504978
740;0.007789792489100955
741;0.042705099086782654
742;0.0027035941823205013
743;0.044237052681072475
744;0.057395095646222
745;0.010637612933125706
746;0.08694477477191631
747;0.06399450222967445
748;0.0929447272765324
749;0.07656519527654207
750;0.04564895675064065
751;0.06519280031742343
752;0.09167349161293686
753;0.06840823998565031
754;0.03484956246907328
755;0.06956125794254445
756;0.08209478130312912
757;0.051803827233006264
758;0.016120070887323756
759;0.03536625981988208
760;0.021487562736247568
761;0.007990530282633457
762;0.053465393089623364
763;0.06506753549983876
764;0.08463755299423842
765;0.03409971166813624
766;0.01742191791206329
767;0.03696047323775251
768;0.00869865437296915
769;0.028662231248167504
770;0.060718814214235084
771;0.05881101905208156
772;0.030696205740368177
773;0.046362409435412325
774;0.06761881246126415
775;0.07464249575396745
776;0.01661388621768314
777;0.003858001559045754
778;0.004582625141532226
779;0.05713805633363126
780;0.035445953030176815
781;0.022585543264121523
782;0.05700153872083033
783;0.017657477593817705
784;0.08192658642191974
785;0.042751097418410225
786;0.05030556183026979
787;0.0361928915938043
788;0.04547261611756281
789;0.022599044969695073
790;0.04850900325827989
791;0.0918306108955939
792;0.06810741446360027
793;0.03269558799841358
794;0.0008907846317758206
795;0.06489985765067673
796;0.05521457539501026
797;0.02277443119487902
798;0.0025596459073075175
799;0.01837209296128599
800;0.017870634421168496
801;0.07894370663910077
802;0.05500486465194054
803;0.033351665967762734
804;0.02477468550379787
805;0.07801453762335223
806;0.06340304392574346
807;0.023093186136006805
808;0.07562342165997793
809;0.020593807972225143
810;0.009839157749568596
811;0.07206044797628705
812;0.09126676816951226
813;0.009231309711994474
814;0.06307177942166776
815;0.016409861115517056
816;0.046146011287309996
817;0.014213821369895609
818;0.09607349003034937
819;0.037749783225520785
820;0.0177799664147584
821;0.0174165812237554
822;0.030233110661666698
823;0.05620535730355806
824;0.06992914691159323
825;0.09111688176987334
826;0.016598036247814363
827;0.09133104287426475
828;0.07331515975195271
829;0.0507631437312851
830;0.03603613287145379
831;0.0341683909620925
832;0.08907697361882788
833;0.006187496995542829
834;0.0400942548297587
835;0.06579387824904652
836;0.05726913616677701
837;0.04055256643205282
838;0.06667397369434659
839;0.03625754219533274
840;0.09644501144893411
841;0.02146860747204652
842;0.07658995131870516
843;0.02167879002084805
844;0.0813267615495829
845;0.04457525918990856
846;0.03036461293303441
847;0.017699601147190182
848;0.08939316683312457
849;0.08211949930310723
850;0.004103560548830965
851;0.0855293068445509
852;0.08816707289435537
853;0.0735192929549157
854;0.010909388112968078
855;0.05766324961703584
856;0.038649047941635206
857;0.04093245930619528
858;0.05431383679252244
859;0.04364030121601316
860;0.05525076734582918
861;0.022483837010293963
862;0.008295825702434756
863;0.09227672017978666
864;0.064389102856324
865;0.06743171558235005
866;0.057464716105545204
867;0.01049617898752494
868;0.0633138918699033
869;0.009163853831372039
870;0.029615062580657395
871;0.048366940837629595
872;0.0653574240913069
873;0.04672494008761883
874;0.04884255701084403
875;0.04512065951224509
876;0.05149996916537539
877;0.08160465815532866
878;0.00492779264059361
879;0.040381297616681994
880;0.011345485682414502
881;0.011338825913592832
882;0.09608384879107745
883;0.07234423800610221
884;0.04547742157334207
885;0.07269531752871765
886;0.020846077606888648
887;0.06932405816071179
888;0.07851484508422563
889;0.026721928093122984
890;0.0661318243403795
891;0.062398035457547
892;0.0049972237964940325
893;0.0958248683757435
894;0.0007264248778810379
895;0.009290507019491924
896;0.003453721625283335
897;0.01939129970138358
898;0.04483952137790707
899;0.0367179273574213
900;0.023434759769228597
901;0.05729691806916272
902;0.031157067840169517
903;0.015878390782262386
904;0.06732654236587597
905;0.06951413288225053
906;0.07717136244499351
907;0.04235293260313808
908;0.02979040516171663
909;0.0917023312653594
910;0.016826107484929454
911;0.015011271384246195
912;0.027758237968291466
913;0.009587659307886454
914;0.08542346026342461
915;0.08936192262444381
916;0.07716384850193624
917;0.06509740237405637
918;0.0004670024586917676
919;0.0857014489064031
920;0.012152377167400252
921;0.008981734399218821
922;0.09117307765115691
923;0.05920678870344529
924;0.0924339248996251
925;0.03424350277896095
926;0.044757427373586504
927;0.02273090837553389
928;0.04962883134254728
929;0.03315570413548256
930;0.09721884589059904
931;0.06232983137222169
932;0.003366587224850859
933;0.037334026823773396
934;0.05767057384013557
935;0.033286435611098945
936;0.035927518599036624
937;0.028251483906560317
938;0.06771914671740459
939;0.06722521462171042
940;0.06737842802632459
941;0.037394463338253296
942;0.08845690301417918
943;0.03358362390917226
944;0.09631909581817655
945;0.08705387376232938
946;0.05379339407482275
947;0.052810907729690465
948;0.04881942750272416
949;0.059222707263789545
950;0.0611219342766307
951;0.05504546623312978
952;0.005269733088538931
953;0.02540750444244516
954;0.08869800181670634
955;0.001896621539127341
956;0.04289315102963516
957;0.049187118596494155
958;0.007766136487513165
959;0.04373073683366781
960;0.09431668356767066
961;0.07390940409875066
962;0.07865141698359217
963;0.059797032276762335
964;0.07068708217134301
965;0.07636465036635809
966;0.05570660859425465
967;0.05732971391094003
968;0.016721741335244355
969;0.07749535721383133
970;0.09094581924753514
971;0.025027628681684424
972;0.0772407058392729
973;0.0800754696786278
974;0.06320860371752011
975;0.03629513636625684
976;0.06934488917472612
977;0.08905124869533337
978;0.06874043698446644
979;0.08580678360784248
980;0.03637674736143295
981;0.01851760646207894
982;0.035674670096340844
983;0.0017961995614267036
984;0.08383579748876113
985;0.014406521587754462
986;0.012451257847667263
987;0.0028724748937580813
988;0.09548905938050661
989;0.03327651229791295
990;0.08181640757246768
991;0.03623135483789091
992;0.05444530574319978
993;0.03512499699600704
994;0.032929352533503486
995;0.0622715616865154
996;0.09958965100031192
997;0.09528698736887034
998;0.09671844860212392
999;0.0359346718134488
1000;0.06450935130334311
