1;0.06361254678398352
2;0.1549233610906134
3;0.021943367807041536
4;0.0021981619146234756
5;0.07078815238036033
6;0.15534343412147386
7;0.10322599549844205
8;0.11477434563112959
9;0.05663717684048042
10;0.09137447192925274
11;0.18279341478006847
12;0.13559712751508338
13;0.18908125195013728
14;0.1867227530326045
15;0.09858687486499902
16;0.10918566100269254
17;0.09919524915117556
18;0.03181821032534056
19;0.03596598218057436
20;0.10573302045000088
21;0.0847963314959547
22;0.09868662712337638
23;0.05767869058682884
24;0.09461323379291962
25;0.16198646749158446
26;0.04573419162600148
27;0.10333556581671709
28;0.04730753332495379
29;0.05040246924704206
30;0.11649269999400187
31;0.10041832488597924
32;0.14536518245913538
33;0.10222210850830492
34;0.13496641808145457
35;0.12959877938401881
36;0.10332749819911305
37;0.0018205399032818815
38;0.11413698207692713
39;0.10493864900181277
40;0.09511994013050776
41;0.08938949854297469
42;0.030662275615919478
43;0.06091304706466969
44;0.15619404950460272
45;0.11187063243549263
46;0.1955691002128946
47;0.050361844594501305
48;0.05240555955873885
49;0.02859598347513306
50;0.14792550766327245
51;0.1349158325105041
52;0.11175857148143312
53;0.03736335127769295
54;0.12320953774078536
55;0.17829225980246152
56;0.141032871190568
57;0.08805786566037639
58;0.027573631674577426
59;0.1922143891939918
60;0.1478428746766591
61;0.14524742876239902
62;0.1362347275038719
63;0.06638596643125068
64;0.19765151237294706
65;0.03746742499922882
66;0.19203267235487165
67;0.098348683250091
68;0.18334005905737233
69;0.05413693858041318
70;0.16052435022778544
71;0.10087643758469163
72;0.02819858446025445
73;0.15352955345451932
74;0.15859959302681312
75;0.0011762007253159235
76;0.07659015982336029
77;0.01388075608368593
78;0.050936492986606074
79;0.013505307849592097
80;0.1758201566774628
81;0.031858143562049704
82;0.14996780815373154
83;0.09464683777288696
84;0.17464107723623856
85;0.12142400422894638
86;0.10239324677206262
87;0.027429393497868684
88;0.055070998778177095
89;0.17011618687361355
90;0.04298767110684734
91;0.026374813880208972
92;0.1727097315190204
93;0.01909242441792851
94;0.070265668490086
95;0.14161014862541974
96;0.18178052021350585
97;0.0654504618140918
98;0.1529987723097847
99;0.10452132007575238
100;0.163806500859593
101;0.08195044162348063
102;0.1766747064759053
103;0.07440076203292703
104;0.07298415289210385
105;0.16923945515853436
106;0.16311590129307954
107;0.04623252471116086
108;0.05305398672799855
109;0.05869882211872766
110;0.07793613236697104
111;0.08446377456224441
112;0.09380847228249395
113;0.13165982621121994
114;0.022613888075267364
115;0.18751932949123892
116;0.01259140047117311
117;0.0541258602951048
118;0.04400765967013705
119;0.13144013916924727
120;0.17020814437256004
121;0.07693716657466737
122;0.08945265773184773
123;0.13944276242733267
124;0.1414954878371772
125;0.0017225433735393427
126;0.10961834966503191
127;0.09690337918507977
128;0.08741135011534609
129;0.0011645869042285152
130;0.054734605869166744
131;0.14281403250343414
132;0.036518025065692176
133;0.015422484994905106
134;0.10536641431102663
135;0.009001840819217954
136;0.03110291694933061
137;0.13840455371809476
138;0.05132429997385433
139;0.022691711590293175
140;0.18897825847249405
141;0.04181029329909452
142;0.03221136257273614
143;0.14921263245876262
144;0.13468315423422347
145;0.16901064903112153
146;0.10242182635077286
147;0.1364523836772189
148;0.12352324035287375
149;0.07038203332901043
150;0.010529512004870534
151;0.040127631236554856
152;0.18432781723261454
153;0.083003143743629
154;0.00037958690403505635
155;0.18989892069072783
156;0.17970423138587327
157;0.11022495503540178
158;0.10983701724797845
159;0.12905188265745257
160;0.07130262577085637
161;0.07358427545903715
162;0.014409009770242821
163;0.11667749954121334
164;0.1477757359416631
165;0.07113193101900626
166;0.07099542675382652
167;0.15977782420737707
168;0.18928519158893095
169;0.10126524784914791
170;0.15624448533927662
171;0.10758224612983971
172;0.13307930439250157
173;0.1605724074533822
174;0.09344314533316465
175;0.040832322217497
176;0.05004165381904824
177;0.18910445021129765
178;0.14689934361235535
179;0.0245094451207839
180;0.11560905335787666
181;0.15191471953373614
182;0.19373082850581394
183;0.07710347319877409
184;0.14052039224538934
185;0.09160213736563078
186;0.08839892244036973
187;0.1455555313282458
188;0.021687253702721045
189;0.1818161598281116
190;0.11632827152918138
191;0.11411684853364341
192;0.15562151835622995
193;0.14860743680236496
194;0.011349507274000348
195;0.045993567749401554
196;0.11056492770568505
197;0.14767344570230767
198;0.061336826103596614
199;0.03787997706636952
200;0.08022896151491532
201;0.19666548460568853
202;0.13561468286928915
203;0.05712746998308911
204;0.1909371163981478
205;0.04958191452216159
206;0.019240810899717832
207;0.16406224641681827
208;0.03301031437287607
209;0.0888400120574437
210;0.1709756719453691
211;0.08315915912881051
212;0.08254501027993454
213;0.10897373552347683
214;0.06372868781143985
215;0.02487525601762195
216;0.06170785432197334
217;0.04724068412078648
218;0.11088169432930402
219;0.03377757830694696
220;0.1308983696680058
221;0.08647099873004081
222;0.025063731238562426
223;0.14023285997441745
224;0.08955283791039868
225;0.05574538309268837
226;0.11682892588401919
227;0.118611056884256
228;0.1870375649775348
229;0.10983633699483104
230;0.04963609000306573
231;0.046623635063768924
232;0.11306179505318792
233;0.049304343054791436
234;0.058766335825015226
235;0.01778707472945651
236;0.16504975605639258
237;0.053186989030406064
238;0.04333071302908953
239;0.0509917248728498
240;0.17291124055153226
241;0.13228074200012574
242;0.05700846113494665
243;0.1655961541792759
244;0.09658313148822531
245;0.12544038542713018
246;0.02468763524264324
247;0.1762492079112681
248;0.03569935730793983
249;0.06670743574770281
250;0.17555807786792735
251;0.12412503295022217
252;0.07505054690657248
253;0.15844949486530335
254;0.13256021035209845
255;0.11006620964641077
256;0.025785337748969562
257;0.10978674744554034
258;0.16800373636775565
259;0.08717506455485513
260;0.12488265894115225
261;0.06949551358382992
262;0.03859746911120585
263;0.1885729487868077
264;0.08978846927691571
265;0.1258971522317379
266;0.0703026177709224
267;0.03633155595279354
268;0.0668586104147297
269;0.16936725250864174
270;0.08174509496310947
271;0.16694644024957572
272;0.16505816331131448
273;0.1301934649340043
274;0.16892335689645238
275;0.027023016269737687
276;0.01193760323528701
277;0.18505138658886336
278;0.09847541339321003
279;0.13672239401156322
280;0.1355593299755003
281;0.12598565823465116
282;0.12166646096959227
283;0.025608248584755456
284;0.10235789692419467
285;0.02966533682299906
286;0.10542704245168669
287;0.11216286260283087
288;0.1303917852578954
289;0.19349699556061772
290;0.1404152867980198
291;0.011654489977318307
292;0.12200305640068383
293;0.015090373878422004
294;0.07393883402131052
295;0.06751687964298607
296;0.07488562650253819
297;0.03856594295642686
298;0.09992212517455175
299;0.15313603287587982
300;0.025216665310003328
301;0.0480595316526242
302;0.1553189677532734
303;0.1131446618078436
304;0.13758478274521505
305;0.014660623463807587
306;0.08181366892660263
307;0.1263054719480617
308;0.1254410261068942
309;0.07551854438349817
310;0.07991767580717556
311;0.057154082894380426
312;0.06429335900710069
313;0.03405620591591101
314;0.18301641592628337
315;0.09768947980497976
316;0.16390686896910683
317;0.04833925170352796
318;0.11700243027991658
319;0.11824324682596035
320;0.043181817772377534
321;0.07903253906598098
322;0.09999862168325058
323;0.1950817523180889
324;0.062026816448129685
325;0.13521000218293186
326;0.1480748395255532
327;0.0599065405648132
328;0.16767702290458786
329;0.18919960714034292
330;0.02642555071571442
331;0.0633735634743584
332;0.09996810142956414
333;0.194036092573776
334;0.11357536842611878
335;0.1789624294855642
336;0.05413634033310295
337;0.1618446196837912
338;0.09968700771353707
339;0.15218424711526063
340;0.16202123183183892
341;0.11195454870671005
342;0.006200629034628658
343;0.04217543151539256
344;0.05512364097850897
345;0.03674252980767865
346;0.0037266715728123904
347;0.0635026078258271
348;0.1784031565272303
349;0.1303477956150231
350;0.152797329794739
351;0.025669324638285265
352;0.09169157094434853
353;0.14561619546117374
354;0.07112936230232059
355;0.12512577782120027
356;0.02241831695921046
357;0.14002692167362107
358;0.12005852215647013
359;0.0712920845937439
360;0.1215941740241985
361;0.04607760747683909
362;0.1567055681005883
363;0.07736553049646244
364;0.156557090872757
365;0.1401144016944027
366;0.06477786361693479
367;0.17028509792266766
368;0.06841877806470353
369;0.13684161369429482
370;0.1205670698122847
371;0.054886418908518024
372;0.07268624751055656
373;0.011031853523291746
374;0.07629176319966378
375;0.1978747815310283
376;0.14228595676584177
377;0.08170455570273279
378;0.003325045036160157
379;0.15391012057440645
380;0.030256254554552386
381;0.09445439833091136
382;0.10645669074521664
383;0.06874499811391287
384;0.007657770709601764
385;0.03069916928105587
386;0.06138708342797616
387;0.12377353491188513
388;0.09564765270456373
389;0.020296361484310268
390;0.14224011368863815
391;0.16144218290433704
392;0.15747143867407587
393;0.0898769080967097
394;0.0898000841026718
395;0.04754623948553365
396;0.010008592665895044
397;0.16118569428050844
398;0.1900323608863412
399;0.17428543262242724
400;0.19682385297636723
401;0.022970646124188112
402;0.10126946260085401
403;0.04533875068657716
404;0.002923664147327565
405;0.045794306757509666
406;0.10513511802730709
407;0.003258007546922093
408;0.11206509426391871
409;0.11400192021766463
410;0.14619069550084102
411;0.14735693067427819
412;0.020252616017344495
413;0.18358691455486242
414;0.017642737812196895
415;0.1338495325702572
416;0.013200460972876105
417;0.07792434037511786
418;0.10923082735464767
419;0.0483433413240397
420;0.08066328647742245
421;0.1410867299080167
422;0.04081220155548604
423;0.04274816261195807
424;0.11214716088201782
425;0.04416421484776987
426;0.06159282415674392
427;0.1027350401854777
428;0.16434634847267737
429;0.08586791978248168
430;0.11317789414229087
431;0.006806140760266067
432;0.17058487739523165
433;0.1312631990604318
434;0.1870814384639286
435;0.05818883224183056
436;0.10793587996226868
437;0.03780138747558746
438;0.08029377489811676
439;0.07895504539363657
440;0.06329429039806134
441;0.19804725694664624
442;0.19115365744147908
443;0.04579705848766938
444;0.0886561817760748
445;0.040151177513723595
446;0.009702172925089304
447;0.12186694587945274
448;0.16897630251944792
449;0.17395303587648886
450;0.015255809218714323
451;0.00454100278568772
452;0.054682430778723305
453;0.01847271764869012
454;0.11360001824402499
455;0.1746191109593002
456;0.06018822078584152
457;0.15388222502598434
458;0.09938232149244437
459;0.03171767373275054
460;0.025026219107762128
461;0.1461627570604595
462;0.1791448358213151
463;0.0656116544705083
464;0.16386705910693547
465;0.0975752621681359
466;0.1458140546972195
467;0.15364149068261457
468;0.19124945674424282
469;0.07084970729367482
470;0.11780953126816932
471;0.16986441519560128
472;0.1740200166439198
473;0.17031908554827896
474;0.07416435457095312
475;0.08377011552263457
476;0.09376277336053696
477;0.0007913794897535409
478;0.055182320688515966
479;0.0803927091077173
480;0.08985153503846766
481;0.14799634450081528
482;0.03762892603053539
483;0.025708554704543765
484;0.05297996266383081
485;0.05571991782563895
486;0.061260299625266135
487;0.17090816244482498
488;0.07740951806211255
489;0.14458187948978393
490;0.056138611140122155
491;0.13246732810632272
492;0.1289658654599671
493;0.05538852892597612
494;0.03474253071689375
495;0.055387959656067576
496;0.0031967772337977876
497;0.1819705495476786
498;0.05534707437629012
499;0.19960718897879448
500;0.09702215041138368
501;0.07192582784612798
502;0.13647777361177862
503;0.07641621530033237
504;0.1943650834987835
505;0.08926075764821689
506;0.08859920665908146
507;0.16537115420721687
508;0.08401176816925403
509;0.0825620693018903
510;0.031246664911578216
511;0.1308812211593163
512;0.15953557463279888
513;0.05443719478745044
514;0.1564787373131506
515;0.1725847875129768
516;0.09529196511776479
517;0.187516290178259
518;0.12595534390563842
519;0.13702259546718656
520;0.1977720740917008
521;0.18841913247308795
522;0.08349550903046166
523;0.11743777800510682
524;0.005817740298177609
525;0.1867465537259586
526;0.06635733096964845
527;0.09250904610577404
528;0.1902679373769818
529;0.12856100832018952
530;0.12159976705831421
531;0.0166656600362179
532;0.17483453792793727
533;0.18591917590890158
534;0.056923015721501935
535;0.037399507319904955
536;0.06320365968240052
537;0.17889291913032962
538;0.10554179458675164
539;0.15274065770092982
540;0.19276510454066273
541;0.13503264074735374
542;0.1836922073329501
543;0.14600348913456404
544;0.0163206971198961
545;0.14580142039025104
546;0.12840952598131686
547;0.16237770373995014
548;0.027631263611991176
549;0.1883896593783717
550;0.008965960784139382
551;0.005283930132376602
552;0.1561134374347837
553;0.12501227122622724
554;0.1019871418826433
555;0.1816286663731932
556;0.0003501686603146093
557;0.19291388255586125
558;0.15249564903020585
559;0.1757351902072925
560;0.032063013204519895
561;0.13332456150549987
562;0.10906948242705068
563;0.08382707103445669
564;0.046823234106298434
565;0.03948686242317581
566;0.07358168486320134
567;0.06781145635493065
568;0.06081193584992126
569;0.1402266054273299
570;0.10507133824656462
571;0.19419961091323776
572;0.16994297910832235
573;0.19958130093750082
574;0.1379028417218474
575;0.18079754870304698
576;0.091309516787888
577;0.050134459249280616
578;0.1052558625518219
579;0.08887443899930192
580;0.12405156079414706
581;0.07775190692768526
582;0.12726303250317816
583;0.004867527102780756
584;0.08160233802873292
585;0.06310659782904442
586;0.15904378312942224
587;0.18548711488105485
588;0.1429869349856477
589;0.10293136553204113
590;0.04734969569888477
591;0.0865295625123359
592;0.010815806875460177
593;0.05524580394431749
594;0.11791680359559698
595;0.19376898069604673
596;0.035383838946313896
597;0.19702979201398568
598;0.19993093657649605
599;0.015387893588206913
600;0.16256677343615195
601;0.17857534887903637
602;0.028022977237875637
603;0.045452472926882106
604;0.08656527223002466
605;0.09245397490947722
606;0.09058483001738032
607;0.11066800076905288
608;0.1467883712578963
609;0.010384947210045459
610;0.06546503256388495
611;0.19838793795832407
612;0.14883202621278183
613;0.15048807341255477
614;0.16866350733159916
615;0.005812272679983632
616;0.19369948054306377
617;0.1592159927083322
618;0.11578589329360717
619;0.07694748108026224
620;0.024201163152615914
621;0.0006849416510688044
622;0.14696993148687706
623;0.19153584165849957
624;0.13930573595813095
625;0.18064208041111152
626;0.12501919531590355
627;0.02326372728772641
628;0.14013005327098937
629;0.05398391589714871
630;0.1131558601740152
631;0.017063321061459448
632;0.025128482183933844
633;0.07863374593172677
634;0.05405730681501502
635;0.039732411056454066
636;0.04207544698401795
637;0.07603441633309159
638;0.017674113828427186
639;0.012014116161263156
640;0.12432645653132901
641;0.11890816987065922
642;0.05753247170340601
643;0.07417109003746647
644;0.12533514891275568
645;0.08246614271904065
646;0.09844272626820248
647;0.029523608296517925
648;0.05230337367022136
649;0.16884443464979004
650;0.07289607789550244
651;0.1172989644083575
652;0.038266807851483245
653;0.0956684433320068
654;0.1372686390041862
655;0.15517813466227642
656;0.1946571668468313
657;0.026197455216367228
658;0.14551304255172443
659;0.041123801557103185
660;0.047971373166090125
661;0.170581917843533
662;0.14849004857572742
663;0.06592785811710551
664;0.001057480538065092
665;0.19098908463794861
666;0.07521932213021237
667;0.1443316619675966
668;0.17026150289599734
669;0.10493613632845059
670;0.14239130614717288
671;0.05572007624288873
672;0.11172345883330398
673;0.1911326025726202
674;0.056772254163497494
675;0.15525036106540802
676;0.051803184273459424
677;0.17225537028947424
678;0.015111116907173839
679;0.1627298389245968
680;0.1016357001779603
681;0.05105149978265551
682;0.08967483502675505
683;0.19889330435559557
684;0.19241814771229182
685;0.11374115225574954
686;0.15640797494286263
687;0.1452437711847083
688;0.15572460565845073
689;0.1661910673402382
690;0.017288243816210302
691;0.007888707692872
692;0.14388576047790022
693;0.0062409005971896915
694;0.06583799232489417
695;0.04699629564613655
696;0.0793445850035902
697;0.09754342632756477
698;0.12480903178492549
699;0.16608415774165844
700;0.14389487586838462
701;0.1661781055183966
702;0.11818456096424988
703;0.14249164478901571
704;0.12887007380752488
705;0.1597995700018718
706;0.13242525307438913
707;0.10520306983976527
708;0.0024089308806620525
709;0.17885694849782696
710;0.07308876622302221
711;0.08804859756574701
712;0.11069209432364213
713;0.16111730068639504
714;0.15738668841576794
715;0.010459772999622464
716;0.07019389340450859
717;0.13730876925959376
718;0.1567172311168748
719;0.03378849118425311
720;0.10431642067577354
721;0.05874729813448179
722;0.17001350031193432
723;0.15920538648698804
724;0.191409825512662
725;0.13793095318807533
726;0.05596018369842773
727;0.14231832264779967
728;0.05050469479476891
729;0.008968397834828168
730;0.009853380842640492
731;0.09550947388954248
732;0.06517008444936592
733;0.1829157982357777
734;0.06415379107810369
735;0.04411600061154733
736;0.029211328959683903
737;0.1837108408173755
738;0.18732291647315014
739;0.03329698160654917
740;0.001677031838141274
741;0.017410375039805026
742;0.13329348972255486
743;0.1243922180537829
744;0.1623129594712524
745;0.17342662221480817
746;0.1529736924245162
747;0.09683775228420827
748;0.012465147048787895
749;0.12330872369442131
750;0.03678031010879377
751;0.13753678371958608
752;0.17750678194253036
753;0.021258468742345715
754;0.09206095291781069
755;0.1657995022095705
756;0.1178801932924703
757;0.06773497679690281
758;0.09117393678905335
759;0.02629785829242235
760;0.03383647000774719
761;0.15443760020910527
762;0.17532233431946354
763;0.14583868748084416
764;0.15887037750212837
765;0.08089308932252942
766;0.15697761737955454
767;0.16428060419325424
768;0.10508783424085455
769;0.15998072945777156
770;0.15787736225642549
771;0.006818073634226574
772;0.003206253156686323
773;0.11558582478367169
774;0.03063079078266742
775;0.026465018742481375
776;0.09933901276536046
777;0.0001233957314285883
778;0.08704357070640974
779;0.10394916500118888
780;0.05816603264016214
781;0.09115180509182788
782;0.1847044416269623
783;0.015968873878698386
784;0.17056674629092716
785;0.1241360279351083
786;0.06570858635422237
787;0.006076754690944042
788;0.042554052784127765
789;0.07087090379974273
790;0.15516502250630249
791;0.17930988869253656
792;0.09774447757742938
793;0.12025174022585994
794;0.09871077677855211
795;0.15831571011713336
796;0.17337549844543607
797;0.02519891609374232
798;0.017238158746872668
799;0.030056565654862612
800;0.13743276744248112
801;0.1785108357139644
802;0.152380061555257
803;0.11781478301232462
804;0.11770999045449307
805;0.038596187253943405
806;0.060294984081485904
807;0.08090738144181218
808;0.022473617771485467
809;0.17956142045487433
810;0.05817109775327787
811;0.16011447875747906
812;0.17584235496653547
813;0.038808673264340815
814;0.15212280614616527
815;0.007795889934447109
816;0.0598832401625655
817;0.16302329739850874
818;0.18919667658590236
819;0.15451069270020928
820;0.08446964002138842
821;0.07531030982168603
822;0.06943176777367865
823;0.0378334679990775
824;0.008048444587129345
825;0.18936643886584947
826;0.18807151124043678
827;0.13394762362337395
828;0.1702053010670418
829;0.19591175213719514
830;0.18517766357674673
831;0.19249327101229743
832;0.0971330886046714
833;0.17567789662891112
834;0.06891752474791955
835;0.045465790908773146
836;0.1153242439158372
837;0.10606336443307812
838;0.12575705259422415
839;0.11638827456917938
840;0.07233778650596086
841;0.07058710051683297
842;0.11328263634604326
843;0.09294034490525847
844;0.08097814807088022
845;0.04132689827246303
846;0.10847210745071637
847;0.004938012722783314
848;0.06261861664564165
849;0.14588085427316796
850;0.004527498454780554
851;0.030333117920026843
852;0.19973691811671404
853;0.04493811701440669
854;0.18040419617972916
855;0.11472810152799061
856;0.10913722718224705
857;0.02071571821642808
858;0.08276080727824751
859;0.08831703831851173
860;0.044199820224452215
861;0.031806433268025014
862;0.05623210164246522
863;0.056272798455716005
864;0.019320140414344645
865;0.14187228644572505
866;0.14769147085394513
867;0.19471620043218132
868;0.1447374795981875
869;0.10203002400753113
870;0.12938621993029883
871;0.08960970116858911
872;7.080118233331323e-05
873;0.0851113591943936
874;0.0944849324570173
875;0.1896950643686844
876;0.1191172990032276
877;0.1305136565320199
878;0.03600292824127971
879;0.08640309438704862
880;0.1613828056931843
881;0.18621265241285398
882;0.07753318198976987
883;0.1490499238626421
884;0.18212619071789357
885;0.033070180861439605
886;0.15301893655832854
887;0.05956004534964961
888;0.1625792020011131
889;0.18465821297831267
890;0.011836806763870888
891;0.12623051946418265
892;0.1596124027457121
893;0.009785749461781235
894;0.06341517439038329
895;0.06874810960151816
896;0.001792570037566188
897;0.04241283239713376
898;0.14035730377353312
899;0.07506519192146628
900;0.12956160696494995
901;0.13319967310140787
902;0.13977323914352283
903;0.09631514467538965
904;0.05483470139253946
905;0.05008999004923845
906;0.10506210792038469
907;0.19286043435540934
908;0.029146338568422837
909;0.17911538444519448
910;0.03738515844566342
911;0.10754895286022492
912;0.1545004598652271
913;0.10165188910281826
914;0.020354256393922455
915;0.12917395203062085
916;0.1693383170771359
917;0.17931655011371592
918;0.19684185649658825
919;0.14543789446213448
920;0.15187821251264913
921;0.10007679150187343
922;0.06403531574667498
923;0.05427044618313255
924;0.0881683540643617
925;0.11639572891980739
926;0.013943737331605033
927;0.15586658674986975
928;0.1864550657467804
929;0.16541771920691875
930;0.014248600185226024
931;0.16781324037914405
932;0.1300840115987607
933;0.19367789285965273
934;0.16450189500071177
935;0.14866518898471268
936;0.048385858718656395
937;0.16261737236553686
938;0.06505103878245333
939;0.13461163550461167
940;0.15112711100447476
941;0.04191927782596383
942;0.012437463216866562
943;0.12160857131370278
944;0.12078357710225059
945;0.19531323812505205
946;0.007054167969861181
947;0.006602965128377192
948;0.16792300614694958
949;0.08797676073824119
950;0.19097656069167068
951;0.006627214976528784
952;0.0036718216685332154
953;0.18458982067506896
954;0.119598735801557
955;0.1344997983340909
956;0.15397298163910056
957;0.05000918408158537
958;0.0029649485437200918
959;0.01660447142815742
960;0.08488304164645646
961;0.005004595221293285
962;0.18339526246363708
963;0.05258026006494623
964;0.06878342220906584
965;0.051543248951308955
966;0.0591951990181788
967;0.14143705390085
968;0.16953442780501782
969;0.02390359566756688
970;0.17510367658251152
971;0.09801823222815083
972;0.16275832198349005
973;0.09251458410993361
974;0.05183492369183423
975;0.03970888164917666
976;0.04907166820101019
977;0.06641498741061638
978;0.18223836562049944
979;0.14138011062536826
980;0.1987617985454776
981;0.0001784606438715475
982;0.1418589919652895
983;0.0881299634087879
984;0.17202984828068407
985;0.06754752831985159
986;0.1738356536988288
987;0.10723501397759382
988;0.09817236167397986
989;0.1635797412446821
990;0.1305630122173638
991;0.1257095170691727
992;0.1943524523627292
993;0.07151580310595365
994;0.12398358329259547
995;0.1364787477279064
996;0.11049220910587339
997;0.03401392015863607
998;0.10271747587134937
999;0.1486094911036294
1000;0.052963729140970764
