1;0.09218687510495843
2;0.14441466952522308
3;0.13166527847758233
4;0.09543355882891001
5;0.13821456525135398
6;0.02255707999208303
7;0.04784729754085213
8;0.10144442500915113
9;0.149060581142013
10;0.07218278974900226
11;0.14091325665416915
12;0.01614818749781899
13;0.017410194945783487
14;0.01963485769811404
15;0.06665526742913744
16;0.05861406732005301
17;0.18216444370162443
18;0.15634599429558008
19;0.14983319234191841
20;0.1935976064993733
21;0.11722006977407762
22;0.029208925805654554
23;0.11533375782241273
24;0.1467015048074159
25;0.046313971997753514
26;0.00652178909244614
27;0.1729487773193532
28;0.15027737193503765
29;0.15945774371855714
30;0.1286271821319316
31;0.14295144765689058
32;0.05799175361326436
33;0.03461320658598337
34;0.09813770452372415
35;0.03358489834690033
36;0.013163491060171895
37;0.12047081485289704
38;0.13955429506236272
39;0.09166984846290319
40;0.022758530865615124
41;0.05720461590115011
42;0.08283321358349396
43;0.024147792307683182
44;0.1604156722635488
45;0.16781794998618238
46;0.07181010220115856
47;0.17055931899108395
48;0.059734292368883946
49;0.001537526241719589
50;0.15609444031791417
51;0.134097587346476
52;0.038964699316066234
53;0.12255355089192899
54;0.07571229262161844
55;0.03310384352722793
56;0.1263046230896871
57;0.021964284296668746
58;0.036179799734557365
59;0.1452089416105403
60;0.13531943586091055
61;0.06284085586404797
62;0.15363866069752835
63;0.11591410981395965
64;0.0627076354529326
65;0.10873172604981507
66;0.09206605518377874
67;0.018443918026488326
68;0.03320740175109227
69;0.1818460337171314
70;0.03444193713744328
71;0.005156440200693946
72;0.061017700027866106
73;0.04665208360444537
74;0.12620592612353243
75;0.09628297902604413
76;0.16986562375165917
77;0.14105507499706146
78;0.035432892174553275
79;0.02952066979141892
80;0.19803566071453285
81;0.16164782491475804
82;0.026055706002737947
83;0.10101708260916101
84;0.08087935774285866
85;0.06429370460032482
86;0.0955694643661058
87;0.14641996743185998
88;0.08106895614430792
89;0.06776698175117013
90;0.014176658394427211
91;0.13549680960390328
92;0.04493210524436826
93;0.022415580680996985
94;0.19976635698327827
95;0.07078945445096255
96;0.010081367353057336
97;0.14237216040623826
98;0.09292982878067678
99;0.025067488696080845
100;0.1609184945451378
101;0.11807242045274602
102;0.12025886687022878
103;0.009734870778838167
104;0.1098972314436894
105;0.015356632364993317
106;0.000718284064397845
107;0.04942709560861256
108;0.12533543584509274
109;0.0024695947730598578
110;0.049064326972689615
111;0.12066690582902931
112;0.10326365009786015
113;0.08497505847687246
114;0.1506426410883818
115;0.10132856191552907
116;0.1387876279620485
117;0.07442109277404706
118;0.07602439143243234
119;0.09467876538526465
120;0.16218716163436733
121;0.17992052004426906
122;0.13892930849244128
123;0.17473504106634885
124;0.04554065470784683
125;0.10600446262715726
126;0.08121257767001132
127;0.027653214990550557
128;0.15511620458971476
129;0.19748138918459268
130;0.09160459720923729
131;0.175831044976381
132;0.16263944538140396
133;0.11500660949067283
134;0.11773770413774015
135;0.03476248987261841
136;0.1492927925736955
137;0.03192873193347075
138;0.16303172034998467
139;0.038694706710572874
140;0.09370327981779132
141;0.11742075140468566
142;0.1745642125127928
143;0.023938705598483434
144;0.08344555689682275
145;0.02590859005744899
146;0.11127167411201158
147;0.12663743465379376
148;0.1039963857838554
149;0.03822704833936772
150;0.12473925499499183
151;0.07726606517216311
152;0.05219344761613871
153;0.11200567607305566
154;0.03349239634703192
155;0.16326652237225536
156;0.11064537531296495
157;0.07411985604625558
158;0.09031602320471065
159;0.007280282444935615
160;0.03847034076084382
161;0.060050207001621336
162;0.06170753335265655
163;0.1435965943121225
164;0.06958115365841318
165;0.009786715137756663
166;0.15258458029651745
167;0.0012868220662575203
168;0.021316026750955765
169;0.18609830075163666
170;0.0006237848775155542
171;0.12332568728945555
172;0.18274074505464533
173;0.09192415712575869
174;0.19547989626938317
175;0.005140905320408984
176;0.1704992331138253
177;0.13765321546063705
178;0.11015308314958566
179;0.07249819479809264
180;0.09825792606632933
181;0.07111417202797736
182;0.004551193167598999
183;0.1782035962645909
184;0.09002589130578259
185;0.08245491073112937
186;0.12362881872421179
187;0.06581479541580877
188;0.0871004660697429
189;0.1599540402429389
190;0.11322327029804885
191;0.19852143165273192
192;0.18757482204787243
193;0.16909247016760656
194;0.1022213308984556
195;0.1426499096013466
196;0.01846462125871413
197;0.18634125424141856
198;0.06539480989519977
199;0.17778242285627965
200;0.16479570801211857
201;0.16471036968369046
202;0.023604250269374363
203;0.11325461178816397
204;0.07104191635902268
205;0.08396004145009335
206;0.08027291463801184
207;0.12932804599086145
208;0.09559467580027281
209;0.11963070565723972
210;0.15062105560081454
211;0.17010835963769316
212;0.19958062857595807
213;0.14388348216317495
214;0.06347548374514547
215;0.1595966584561319
216;0.032567491521694025
217;0.07902471788673833
218;0.042482527865214205
219;0.19623193931350533
220;0.0333479131255888
221;0.15369115758484908
222;0.1477390289121992
223;0.18743856765259106
224;0.17581911979328377
225;0.037379832449559336
226;0.19420438656180028
227;0.1685562876463409
228;0.1269198322799945
229;0.06686305605661114
230;0.17641369546207744
231;0.19006941506949535
232;0.02791577999753743
233;0.17679105007500312
234;0.08073350379349127
235;0.10035009921315796
236;0.18671923503267635
237;0.16603752366116048
238;0.19259599801688618
239;0.01669114307958133
240;0.028856505723821035
241;0.13593728288237458
242;0.0936446592288764
243;0.06826276854822043
244;0.02628767599561952
245;0.07740897601577867
246;0.05153945460634249
247;0.013489346732455632
248;0.02437553231838059
249;0.15836618384488182
250;0.011003367555224864
251;0.1337161108858556
252;0.1904793382385239
253;0.12099405930958285
254;0.11879634240094417
255;0.10376442946962534
256;0.03397882560940684
257;0.17836308841325837
258;0.03315205946748321
259;0.18709116422837666
260;0.15584888670550037
261;0.11530509509046519
262;0.018783524618743996
263;0.15792861336108655
264;0.07298690816438502
265;0.013073096903753245
266;0.09039046107874389
267;0.1971203283214917
268;0.07428949546279849
269;0.06523287877676452
270;0.05346041048252675
271;0.005569909242524629
272;0.18053220906529308
273;0.11860175252588048
274;0.10338618746176514
275;0.02168801537288645
276;0.1125985235322842
277;0.1515979522581135
278;0.004887497285470133
279;0.03274620926041405
280;0.09764012199639552
281;0.08048684801274111
282;0.15281987869783265
283;0.060160464481933754
284;0.0025165143129546545
285;0.00015038267434726028
286;0.12048451798592619
287;0.033311234665849176
288;0.1886811595880661
289;0.1949151525293698
290;0.19241319219090805
291;0.006473439473005583
292;0.11000727372091446
293;0.04691037718982025
294;0.018275712492194018
295;0.19490537011126013
296;0.04687398411356099
297;0.1585208511095583
298;0.03852059795435996
299;0.10575536797650627
300;0.16466402140519165
301;0.15500022049297438
302;0.0983401411830537
303;0.16153979195938842
304;0.18744887290107592
305;0.04753308541772128
306;0.08446759550084595
307;0.02894063356513772
308;0.08742466689283966
309;0.15372215798878705
310;0.16800646758690663
311;0.044441328794421114
312;0.14966780656241963
313;0.0430603509295388
314;0.021148860882621048
315;0.0357050842032288
316;0.1296029334655141
317;0.005635742880917416
318;0.08906040132874667
319;0.09696982163468314
320;0.11936078016842742
321;0.03645435631524259
322;0.057471096059929866
323;0.10756478860435899
324;0.18351102703917244
325;0.018834324942671565
326;0.0534516188456956
327;0.08678283157311939
328;0.16902023168306118
329;0.15280687181714658
330;0.12737234580826007
331;0.02837221973245754
332;0.0779395863806569
333;0.05387510177415003
334;0.10394907970361966
335;0.18573779625497344
336;0.025080484521833736
337;0.10872120203656871
338;0.005102101699894935
339;0.14065853927591251
340;0.07525409053089055
341;0.17993253669854342
342;0.0404607517279382
343;0.11058859673156876
344;0.1317324795818081
345;0.06914734808568794
346;0.1717075338851551
347;0.0160118321745121
348;0.06894798802082416
349;0.19428869296697304
350;0.16749869021126673
351;0.00456416110600979
352;0.1339140407015752
353;0.043923013807653954
354;0.09981001539230201
355;0.0003357963842329337
356;0.025004220258941914
357;0.006347793424745719
358;0.05585652747151988
359;0.06131425676587002
360;0.034583917294101596
361;0.007175129198240416
362;0.08355952364617565
363;0.09082445787737636
364;0.1342429218172903
365;0.10238335298618938
366;0.01302160268786925
367;0.054750016114216815
368;0.13068912707190453
369;0.16763618318688264
370;0.11801180697968483
371;0.06678148789025744
372;0.09410567846633207
373;0.19549097863850967
374;0.02509795297142117
375;0.1823430503298459
376;0.17058647142743466
377;0.1450711095938859
378;0.11203996190490201
379;0.17716395141882785
380;0.15067012849508377
381;0.04181703599983844
382;0.0850157494178283
383;0.1758763642021035
384;0.17967487561253875
385;0.12915308444404922
386;0.18391603750216817
387;0.05989568506243397
388;0.06623332075101276
389;0.1313804440587237
390;0.0997137578859097
391;0.18905471965494092
392;0.1538380444475871
393;0.04211371286344774
394;0.03763768564481647
395;0.08488167189984841
396;0.08136641593622923
397;0.18312244039157513
398;0.17879947998784948
399;0.0028942183687661552
400;0.1287369636378126
401;0.14229830244122094
402;0.010165269471949557
403;0.16173539081986332
404;0.05835044266901506
405;0.12977445641941435
406;0.07187117808670689
407;0.10611061149726049
408;0.10470763171900875
409;0.13432682744300628
410;0.04286447024597953
411;0.16295411328146045
412;0.04393614075760086
413;0.055874016422691054
414;0.08542563739841176
415;0.016969773288414338
416;0.05362423634389564
417;0.12703296477417247
418;0.026223295864740884
419;0.003797791243761473
420;0.03819012284516681
421;0.050517274140918715
422;0.03319991719404452
423;0.03260606600944473
424;0.07284472975318912
425;0.031919268401579236
426;0.18318549827663896
427;0.03091659821061008
428;0.1494635578801051
429;0.00431906397551991
430;0.048978671189330726
431;0.09531122237887997
432;0.10580381778315612
433;0.19790141232768788
434;0.03848412786717079
435;0.15864052344791388
436;0.03590634483281838
437;0.17198524981434896
438;0.06592812896704577
439;0.10870211751190931
440;0.06146681098445142
441;0.1321343841857755
442;0.025668807687595985
443;0.12552674861256038
444;0.07323999982067989
445;0.17472791778392832
446;0.18407570399655715
447;0.09390454010502088
448;0.13175071134093172
449;0.03706825045194145
450;0.06989241512903442
451;0.04645180817526476
452;0.02315324336786009
453;0.006400040588660594
454;0.012899929178814863
455;0.027018298138508826
456;0.06251470283022056
457;0.09113053803343317
458;0.12559110124231643
459;0.07509726862322082
460;0.13870481485135813
461;0.029046422644832082
462;0.14430777373848613
463;0.1050785298541775
464;0.011116367622473767
465;0.06541776608285373
466;0.16652135314881925
467;0.07037444460085658
468;0.14411476804674128
469;0.01591310605313905
470;0.03397646342876013
471;0.04691816801084621
472;0.12191483343086805
473;0.06162904109431511
474;0.188172307736154
475;0.15332814656712512
476;0.006740848969845881
477;0.18428808844853697
478;0.07742828832203855
479;0.11596480090911987
480;0.14053739027861692
481;0.06728975170579303
482;0.061785682981507356
483;0.06514401555373182
484;0.19236338050459648
485;0.11666260408235254
486;0.05172714102662963
487;0.016336930034424112
488;0.005210622620054806
489;0.029205257137368948
490;0.13033683745325483
491;0.04222406411324116
492;0.04281824046224612
493;0.07669594985984525
494;0.10631062745311895
495;0.027850000401789934
496;0.10970182106951201
497;0.04464874710263814
498;0.18368345797941496
499;0.04775476286503644
500;0.01729173047065784
501;0.02145773181484678
502;0.00060586589888878
503;0.1826987164282101
504;0.07492520513940991
505;0.117470585896184
506;0.01948865408541636
507;0.1867524024707431
508;0.016067924944763102
509;0.19670481670445336
510;0.1315534221738873
511;0.1121853523970373
512;0.009833492447071969
513;0.010147263743336188
514;0.13509142338795077
515;0.14792096631063165
516;0.10042537015071347
517;0.19509567043074094
518;0.1055550195287442
519;0.15515193817299353
520;0.10579967150581493
521;0.00034850279305385093
522;0.04526294381641807
523;0.04491138419702896
524;0.11371511427090553
525;0.0667167974382603
526;0.15890006957110514
527;0.14925716237771589
528;0.09371198953256657
529;0.18309404463304055
530;0.06868062787660549
531;0.06262060445745006
532;0.13333393835205185
533;0.07956855327217255
534;0.19457196471184773
535;0.06965284708572057
536;0.15178192761450723
537;0.19824906759453298
538;0.09731368591397711
539;0.03336583573481575
540;0.15962921549664422
541;0.13299072121242236
542;0.05921755042622039
543;0.04762415849708632
544;0.1542359607079091
545;0.1391144384955505
546;0.07208618873287034
547;0.17388756807215375
548;0.16218084117545906
549;0.09076792833452728
550;0.13227837915472315
551;0.18095320183200791
552;0.025442366218127413
553;0.1945746996609192
554;0.0716703213935325
555;0.10192902707148971
556;0.11923213514499752
557;0.05103434233131687
558;0.07285619384558395
559;0.08719728595619153
560;0.13824999085059583
561;0.12279796780603502
562;0.020887037541258716
563;0.07512391703597239
564;0.024160360554827266
565;0.1434469360406679
566;0.14188841532975438
567;0.002266943533622645
568;0.11502910160177177
569;0.11497509836514426
570;0.03953847089810374
571;0.11529107226748588
572;0.07740783729196919
573;0.00227206854710138
574;0.16859349408209912
575;0.1366579792751553
576;0.07747584989904265
577;0.1493561702947683
578;0.14521358347226784
579;0.1447516059619268
580;0.06773832112488613
581;0.04359688092212839
582;0.07929878964371712
583;0.06349057566654029
584;0.03313044897986641
585;0.16464628259543576
586;0.013887504988406253
587;0.11766532137358864
588;0.16934182383550067
589;0.19216993331754686
590;0.04362183299110514
591;0.027780680025188322
592;0.18080423400792778
593;0.0005539980727306215
594;0.10296725003470318
595;0.029236062639089
596;0.1379132027005365
597;0.12120473728527502
598;0.09732797382641029
599;0.14524543934745882
600;0.19206857692882884
601;0.030912839582520515
602;0.0537161142700843
603;0.09950599328494436
604;0.19623782968758618
605;0.03053199861473901
606;0.16090645434293102
607;0.027138983030885955
608;0.031360302602725286
609;0.16375117165677233
610;0.150313810873793
611;0.05490150062452253
612;0.11120164126489807
613;0.03974067427723787
614;0.07290538435952186
615;0.080711439665511
616;0.056386142306160486
617;0.18435071440868545
618;0.1617163392792954
619;0.015520716090847642
620;0.06845380752649403
621;0.19481411449572053
622;0.0700938752641467
623;0.05306131583054419
624;0.08319945734478128
625;0.16448709997742456
626;0.05234654498156049
627;0.18983429873682578
628;0.03032428475768554
629;0.049424934313612084
630;0.15229211840723922
631;0.04566896615460894
632;0.19113590628974916
633;0.012203489640153654
634;0.10189153351717745
635;0.08079373582676669
636;0.17882937782112182
637;0.06157116205158924
638;0.07482248351795111
639;0.014569409063688532
640;0.1198265631498745
641;0.13436566291006988
642;0.012935496837426187
643;0.018986718109184487
644;0.18331406161236316
645;0.13736693065330577
646;0.07595905889628414
647;0.15784386202865006
648;0.060676623957454434
649;0.1571948903802417
650;0.12983196860584495
651;0.10876343824239064
652;0.005287193885248543
653;0.13983847661825083
654;0.10364053809972561
655;0.1991801261684263
656;0.039827847270224925
657;0.044088619097602005
658;0.016399594611046765
659;0.1249667453754326
660;0.07184097586050331
661;0.039137071381969646
662;0.15652873446140153
663;0.18930165157265122
664;0.03605117260709192
665;0.13862866555719827
666;0.02150381802853656
667;0.024127801645938352
668;0.1627547849529429
669;0.03808522679668305
670;0.01769742513074355
671;0.19499217748357917
672;0.07967409048294621
673;0.010612771581085001
674;0.07256910955702967
675;0.18464251875571158
676;0.012611417591032304
677;0.00654612730356543
678;0.187862191385604
679;0.027083770405200026
680;0.1537225244278069
681;0.034901615735011736
682;0.07371849377785344
683;0.09816302908044039
684;0.16507541673982024
685;0.004998949290438204
686;0.016765405465595042
687;0.05905913570992907
688;0.18639635334660748
689;0.1168687102106814
690;0.12553671870789831
691;0.09157364919520952
692;0.05266451514138455
693;0.14224245554672696
694;0.09704119143665768
695;0.11468914510326594
696;0.18831545401601818
697;0.08479908885668848
698;0.04184183391980004
699;0.027825265881436124
700;0.1949098084887957
701;0.11198260059112171
702;0.10870161551201891
703;0.12029695742213503
704;0.15704090908699309
705;0.0715654496095565
706;0.14252431054235876
707;0.084880983901715
708;0.07542473274307449
709;0.08713288319810922
710;0.198172433961932
711;0.11420086109476285
712;0.09846381368491784
713;0.08703071686913869
714;0.13254660280519584
715;0.044868318514202615
716;0.18599792494147996
717;0.14868479114716068
718;0.1554888197213227
719;0.10227442321788888
720;0.04680646118538263
721;0.0719976305137232
722;0.09740269206864048
723;0.09484814768619453
724;0.07734133644730744
725;0.027932088708635196
726;0.08818349405502442
727;0.13541144432838678
728;0.07371688453667928
729;0.13021149885374897
730;0.1805569172222199
731;0.036113879801571436
732;0.19048785521663925
733;0.18575964608070455
734;0.19364272330928564
735;0.08203791056000298
736;0.05800540240042065
737;0.049128635287100146
738;0.17486001526864958
739;0.1703191441129729
740;0.13920351359642272
741;0.11081283805866307
742;0.023772567118807864
743;0.08172464372555065
744;0.14865712834241374
745;0.05316138155693276
746;0.19962828583548015
747;0.13932732279708354
748;0.183721712016244
749;0.09947271623434242
750;0.18178294121733557
751;0.018698391797364433
752;0.18778491749206996
753;0.059736005025588984
754;0.01140421417740658
755;0.18305539533520027
756;0.06998960052944032
757;0.15274797424047437
758;0.1296852803271232
759;0.011874951697664594
760;0.03671524757343647
761;0.1454339489204033
762;0.06615329003243396
763;0.1545533698703437
764;0.17949169828179418
765;0.015026678174449182
766;0.07561215828905879
767;0.0636497313917324
768;0.010888453363408091
769;0.17508442687811848
770;0.16006739293851968
771;0.06526878733734169
772;0.05738594373239361
773;0.06441528120341947
774;0.16558159624322508
775;0.07783263934240321
776;0.011316178330549986
777;0.02239834013141182
778;0.07633591416562979
779;0.008215779407883829
780;0.16895083860473703
781;0.1692458508219018
782;0.10388242885334874
783;0.1219813188913877
784;0.019644714764127394
785;0.030244803801614362
786;0.14827891469480797
787;0.09993581086478748
788;0.19844458470561474
789;0.004325061662916396
790;0.14633799863879488
791;0.09117407001499785
792;0.09173265981075598
793;0.049159476262468374
794;0.06101260083800324
795;0.15168674092564882
796;0.038280080136399164
797;0.08444306496837027
798;0.18272233684548417
799;0.07858448019067893
800;0.15036913664746354
801;0.013200359498554227
802;0.17575405616097398
803;0.11258764735901271
804;0.1761272571168315
805;0.14095702822897702
806;0.03501247172559239
807;0.153848927006489
808;0.02975905196005442
809;0.07076423228069993
810;0.1779630803137308
811;0.19142942292786091
812;0.07710960595739397
813;0.1567171709178653
814;0.11180414001028822
815;0.19604666990228947
816;0.11753142257353089
817;0.0442654750622735
818;0.057353295058720756
819;0.07284939111926059
820;0.09804239032713835
821;0.1267804207868413
822;0.1553253681740271
823;0.03838452592007713
824;0.18490026460393116
825;0.16605899560020568
826;0.16746833394133692
827;0.14137509438929927
828;0.06032358218108813
829;0.05613662290432582
830;0.07606517723347757
831;0.0659425836866531
832;0.05192875234155017
833;0.11527094872891255
834;0.08497441246161458
835;0.10256330391983959
836;0.19599409090345504
837;0.054149136937178044
838;0.16971087563793252
839;0.011256681468399267
840;0.19016079857935722
841;0.09503557290687058
842;0.08817756163237314
843;0.10528623065242504
844;0.07542883550975713
845;0.032818650521704476
846;0.06332290197742017
847;0.11990464569721733
848;0.021996082266351392
849;0.19303536587972236
850;0.044876931555983206
851;0.011065099704990922
852;0.06476329755371571
853;0.110458526749991
854;0.0004340823885451428
855;0.02553319474896514
856;0.08930636204474432
857;0.15707771716589272
858;0.1754273280654428
859;0.07927709618910013
860;0.042386701049838466
861;0.03567761726903149
862;0.06661678934885844
863;0.09640297009178055
864;0.00615951161189392
865;0.041330902896967704
866;0.018683819336060004
867;0.14114974125086485
868;0.048772649373633375
869;0.04365510210724573
870;0.037980929302047134
871;0.16676576576619617
872;0.07676395219020254
873;0.15535692695242484
874;0.13241968576602525
875;0.19033952827090983
876;0.11062873564375449
877;0.11303205773973696
878;0.1762114009092768
879;0.11255866473806875
880;0.13181843686832592
881;0.012224649173285496
882;0.06414015475502002
883;0.0252842801105178
884;0.18036605337421846
885;0.10288096498280815
886;0.07542935434994598
887;0.006310348613466421
888;0.02770185395715126
889;0.12130076396258814
890;0.06337116918681825
891;0.11231460927384845
892;0.18584261316714043
893;0.1048686871427213
894;0.17536024473273581
895;0.065456778881715
896;0.08864631071117308
897;0.10414923807478127
898;0.09271706004572836
899;0.13157253777016073
900;0.13106540992629664
901;0.15831645412038092
902;0.15918942250827167
903;0.15029028056093519
904;0.14703096318530426
905;0.131650944072048
906;0.05597695189912719
907;0.16426440995820177
908;0.10331841743969515
909;0.1343550085550491
910;0.07669777616280815
911;0.06087893487314198
912;0.031031421460713117
913;0.10985257354731336
914;0.1123537934710466
915;0.06464911335394073
916;0.019718499503298095
917;0.09821487975292711
918;0.19589497232560593
919;0.0018301974033619218
920;0.06907562046484313
921;0.12356367412594943
922;0.1544019772639591
923;0.12104857312236646
924;0.17060735891205156
925;0.16297864450779875
926;0.09245475955525778
927;0.09028763304196208
928;0.04914306227650871
929;0.14329154801721075
930;0.07434117373348324
931;0.12049767109056009
932;0.172926342417467
933;0.005600491561211874
934;0.12234197781600359
935;0.17259247722617344
936;0.15558407413369701
937;0.07464403028241691
938;0.09323731901029149
939;0.17431392634247
940;0.14925447140651654
941;0.1643884435549493
942;0.11291430725410173
943;0.14337173205125153
944;0.014240936346276923
945;0.11370704440810973
946;0.10401361931281333
947;0.06816771494412113
948;0.03756110542447477
949;0.1809387770166299
950;0.059347399242717216
951;0.094841130827411
952;0.035228530186100886
953;0.09487660275350225
954;0.02451451724470879
955;0.16049403576316415
956;0.06883821263672456
957;0.07604370567415197
958;0.054157737848390314
959;0.02500215304743001
960;0.0733722722350701
961;0.12616029379419938
962;0.0627215017598243
963;0.1389575795949167
964;0.1214747570877858
965;0.12516776497110801
966;0.14099139154744794
967;0.025763036986568635
968;0.11788695804513137
969;0.048550482564197785
970;0.15060049793283292
971;0.1336169408024007
972;0.19186386991745627
973;0.02723302044190994
974;0.09198774082689538
975;0.13220005214426556
976;0.1682377344997147
977;0.13737748766969302
978;0.042481610176240574
979;0.06930443104613322
980;0.03531225838273877
981;0.19520430424728757
982;0.04818637422963186
983;0.051126551845381334
984;0.016838939154650623
985;0.04209382221304077
986;0.0063955647683372925
987;0.07661645049545106
988;0.15280524235256943
989;0.04625219627308963
990;0.08778295269379784
991;0.08707957277927414
992;0.18555145574649418
993;0.0965493638760848
994;0.14934997269941017
995;0.19026178205410746
996;0.06838790220520954
997;0.06818635784352976
998;0.10610573597567706
999;0.035531666768299
1000;0.065149508213267
