1;0.06743269737870343
2;0.058525296195676695
3;0.05227422415162487
4;0.061877467538564074
5;0.024889078571830692
6;0.050525491373768654
7;0.03128601103826583
8;0.006586709379392753
9;0.06190926183743975
10;0.033298396588954116
11;0.0498993396293983
12;0.025677603251658323
13;0.032718105641094765
14;0.03091136030334246
15;0.07789939095888926
16;0.07707893532270635
17;0.07157420513195693
18;0.042851021478237696
19;0.004661682791530098
20;0.05067798934479818
21;0.09269782079203295
22;0.04489169449677749
23;0.04240444176962263
24;0.08513607504923887
25;0.07690001960995087
26;0.07730493051525084
27;0.08300573309549297
28;0.032476201487137195
29;0.04983282721134648
30;0.009585862627489828
31;0.07287317354420478
32;0.0956704470253511
33;0.09188083344112635
34;0.07414170740448271
35;0.04271482176952343
36;0.011356818974180827
37;0.08921357678420719
38;0.0558046009828621
39;0.014059803168577101
40;0.08441871838741079
41;0.014762957728205774
42;0.022251947299190646
43;0.061434368753379834
44;0.08836690023898114
45;0.012750733687474536
46;0.06815763129439611
47;0.08366969600658758
48;0.08497836466979806
49;0.0619034172996362
50;0.021794222909062078
51;0.07457113345596078
52;0.019508221013343832
53;0.04088977735330175
54;0.021943754330123078
55;0.092440949782779
56;0.05481744551126817
57;0.02596050131920337
58;0.021921444440249283
59;0.034710297633345634
60;0.0010299375905688413
61;0.0740673058387648
62;0.06189395923013002
63;0.04546882233256423
64;0.01351899296750616
65;0.08434283744274211
66;0.04482753610178423
67;0.09998613010982832
68;0.06391742967903116
69;0.011651133230366062
70;0.0804527163147934
71;0.025832919030215798
72;0.07120971311755858
73;0.0010236742112167741
74;0.07587294324293778
75;0.007947249285422564
76;0.07749087778957536
77;0.018532610603416
78;0.07182953844430683
79;0.09994430045453483
80;0.004368951869440385
81;0.0043469636389324
82;0.07401450962221988
83;0.020638820165653406
84;0.06503386579094411
85;0.08876287200631194
86;0.01935717406144192
87;0.06007357986574383
88;0.0017753198746466082
89;0.034884125461441595
90;0.03913660501825659
91;0.0036328483676312698
92;0.08143036351294913
93;0.047598048006460725
94;0.04264096651330515
95;0.025604038474881755
96;0.02028630486697558
97;0.024874177929271525
98;0.04613864865532093
99;0.047547137376559606
100;0.03743737772100456
101;0.030853683929698606
102;0.07085355046008546
103;0.018863900027423976
104;0.024965134007954193
105;0.05882200995694597
106;0.03452082511764818
107;0.014459020089001073
108;0.042913581627974234
109;0.09921576201226089
110;0.03003034998044657
111;0.05940765942471931
112;0.04881670359112766
113;0.051159136023514254
114;0.07602700380484287
115;0.06108014591178851
116;0.03733526748449768
117;0.040243396304178614
118;0.00019632244583369653
119;0.03209334834638177
120;0.013352195153811797
121;0.05009846833890824
122;0.0316347048174781
123;0.014782862979724844
124;0.09196780452473866
125;0.0675100550865765
126;0.08131085203690146
127;0.04480117781979265
128;0.031097247305268572
129;0.06595708184657463
130;0.02370173569928338
131;0.050071176669611
132;0.0863569206291519
133;0.008544931911006215
134;0.05506098075189845
135;0.089047624924603
136;0.09498781985651948
137;0.012230688556375836
138;0.08906750803259882
139;0.09838155194228017
140;0.013383266566365293
141;0.012987632191259924
142;0.05016457116662494
143;0.057367007561238026
144;0.062313594534101235
145;0.015047215051027197
146;0.03316237331184446
147;0.058001219670020525
148;0.001558720081276166
149;0.03564277940163337
150;0.05177894140581568
151;0.011874222831424919
152;0.035676442983129754
153;0.08441030369844299
154;0.022268797912805383
155;0.053915275600843277
156;0.09034756969860624
157;0.08832205155383785
158;0.007395048213809996
159;0.02603192895079276
160;0.04855072628120471
161;0.06066099455157098
162;0.05117615121633443
163;0.09568401024856102
164;0.0001571144925870849
165;0.08120388962821443
166;0.02369687492919378
167;0.035049331830257706
168;0.07140769941151813
169;0.022054266041093507
170;0.035591339928336144
171;0.01929569719979526
172;0.0806398769308838
173;0.06197382335109439
174;0.06839039521284626
175;0.07159225451139806
176;0.08360442660702877
177;0.0762721752302902
178;0.08537956544598348
179;0.0441382022779568
180;0.04512838932349614
181;0.05856373091372294
182;0.012737314930106637
183;0.060854471147603874
184;0.008481155617863357
185;0.07402256620972034
186;0.08024513263556537
187;0.009631997292061913
188;0.002956303477646605
189;0.07556487070793133
190;0.09168751499838025
191;0.041339822636341596
192;0.04507054419261332
193;0.014146760657761404
194;0.08949738579635141
195;0.06966163156447346
196;0.011527770848186382
197;0.03493867122731196
198;0.061704827078896754
199;0.09354940353070584
200;0.018127109049845425
201;0.05412836265440263
202;0.029123617331048002
203;0.07319883502421852
204;0.03166811023857854
205;0.011947740443372046
206;0.00429593862534694
207;0.06670791454897179
208;0.035913033372327686
209;0.07447026567447394
210;0.0872639509162034
211;0.05548883071452823
212;0.09118566990611249
213;0.013029103557302092
214;0.0056395768816456145
215;0.08735346067459529
216;0.09996509501849825
217;0.06904962314343459
218;0.007709215879736464
219;0.026151626250288884
220;0.09372808708960612
221;0.03320573566800137
222;0.06612408088173104
223;0.040712958379769494
224;0.04431790335410606
225;0.08873480468172336
226;0.05961215876018677
227;0.0656762820474622
228;0.08232382138433426
229;0.03365645457192789
230;0.004667477880264381
231;0.006888705396167172
232;0.012989266493361651
233;0.06168578441688532
234;0.07302656921287687
235;0.04225741863319809
236;0.023646659240876156
237;0.03343851932157995
238;0.048368039327233804
239;0.01274185819775222
240;0.04505090968549194
241;0.014647088190917713
242;0.02002453547156562
243;0.03634911343663621
244;0.09294772219491865
245;0.03480622541534511
246;0.09711579323313842
247;0.011414100721627997
248;0.0785902943879792
249;0.022154067965587745
250;0.06281281913051968
251;0.07074210169031897
252;0.015941945112680756
253;0.06127563784601592
254;0.071656444994066
255;0.0759725778295493
256;0.05796296024149897
257;0.048705849566701126
258;0.06797442374099612
259;0.09844246489646206
260;0.06266749788623924
261;0.005708370193155454
262;0.029294911656517722
263;0.06601091168093474
264;0.038378726595719836
265;0.0028352237848153663
266;0.029277220103761128
267;0.07059953659423979
268;0.02364508223785803
269;0.057961315714204764
270;0.05032114199418019
271;0.09978004734632048
272;0.0789193845193683
273;0.01926445993606435
274;0.06265687038188605
275;0.057988943234807556
276;0.07667605172438068
277;0.09167950416364179
278;0.005398544434343045
279;0.09495636534004354
280;0.06324319358707252
281;0.017482083036512077
282;0.087812748899818
283;0.04674377796476518
284;0.08881569946914726
285;0.05872654725495498
286;0.08289498740974863
287;0.0038671575636355484
288;0.08657231938118783
289;0.08459060007198084
290;0.043382445049972795
291;0.053668030827863734
292;0.020698079720089593
293;0.06283230260902116
294;0.09439628870436705
295;0.021699916483724758
296;0.07880803186295202
297;0.016886836193162915
298;0.07966859623513095
299;0.004436969199442353
300;0.042467517966283744
301;0.08125467012068432
302;0.056994555989400536
303;0.039023667210365764
304;0.055289908514301905
305;0.07929408067096944
306;0.09233419975173766
307;0.018230899786718213
308;0.06840043164314236
309;0.0902869571805513
310;0.08664744253455901
311;0.05479342940415836
312;0.06583742440306872
313;0.07264341895668687
314;0.0800658186648013
315;0.04077660060363769
316;0.01883393114785238
317;0.09322524276098121
318;0.022126683219645574
319;0.0012724996900131402
320;0.012067926892049108
321;0.09139494223298705
322;0.044249678389031856
323;0.019428326499728355
324;0.05491353958162224
325;0.059545601349228254
326;0.058210484095958026
327;0.00304872082133697
328;0.004448101651346315
329;0.03939034568037361
330;0.03756797625082754
331;0.06898382992387934
332;0.03516376794703454
333;0.028261659712274047
334;0.0031359940189436444
335;0.0991022047429158
336;0.08733290921814632
337;0.09426644928803807
338;0.026493079140853804
339;0.06089533518932373
340;0.012233857682571625
341;0.09984740023014071
342;0.08387912113956181
343;0.09369450248569412
344;0.06594253235714113
345;0.06418064906905487
346;0.043573951110790016
347;0.023235586322988767
348;0.055363356572592094
349;0.056354733100382914
350;0.03186023891683983
351;0.030243828145784513
352;0.010706503615553021
353;0.04356025972575392
354;0.007485701334425643
355;0.09742317842398085
356;0.06647199308314303
357;0.06491910435447533
358;0.037165171770078
359;0.0791777779842746
360;0.016758968659230135
361;0.09436079973317346
362;0.05093154957536511
363;0.0457609099812127
364;0.08492501523213165
365;0.055883394422032856
366;0.07818891929901219
367;0.05862328028254796
368;0.08158153866459535
369;0.09035370456731823
370;0.013124109409559992
371;0.017306236173873214
372;0.07220842543841578
373;0.08465030233004889
374;0.03828695941579659
375;0.0858533986204549
376;0.04016263520705848
377;0.042795793515063844
378;0.07555830245755177
379;0.03028690519565526
380;0.07189458009268966
381;0.07520450908499823
382;0.003714845773557707
383;0.018902808621289426
384;0.004863413648120996
385;0.09701204484323495
386;0.07781030369697878
387;0.095386874275735
388;0.01808449080802017
389;0.09690480070116629
390;0.031578414735014916
391;0.09827279629889332
392;0.09862648020013354
393;0.06659565233523328
394;0.03445751368067112
395;0.08958223918789401
396;0.002209532805934311
397;0.04947299289136108
398;0.031003942844292445
399;0.0742156013736626
400;0.024784019533764814
401;0.00790035085853894
402;0.015265072299062023
403;0.06424831387562854
404;0.04367803236360232
405;0.03658405243448886
406;0.015242906114499334
407;0.07253529012970603
408;0.039098806669609236
409;0.0077963796914757855
410;0.05681232530508304
411;0.07201176352096839
412;0.08732745720491256
413;0.06470834138723323
414;0.0207113481935835
415;0.039215637646597724
416;0.054069594953812805
417;0.0779568015462403
418;0.07395235782023556
419;0.03884772753707995
420;0.018372804698883194
421;0.04165510749139905
422;0.046392595348826705
423;0.01646950716214828
424;0.061356456073720284
425;0.08903703279504843
426;0.008803437154145588
427;0.006724085596232322
428;0.02933276001659424
429;0.00922450454313295
430;0.05415021633954645
431;0.06312527653103614
432;0.06395492971653917
433;0.00800875052429939
434;0.023424498071583557
435;0.04913138309225149
436;0.058135837138001634
437;0.08991587527267997
438;0.006554736850245957
439;0.0788670125368906
440;0.002015949793085481
441;0.007182120283678806
442;0.052638872181362234
443;0.06692764637130903
444;0.01641210732008116
445;0.05700465049223389
446;0.012307094301130262
447;0.01207701686815983
448;0.07587361557167954
449;0.09476441529847396
450;0.05985405859409453
451;0.023872581897301383
452;0.042210423094388765
453;0.013087372372982221
454;0.05722996861210386
455;0.0994439861210851
456;0.09327853984672406
457;0.01843424012463977
458;0.05810048367114379
459;0.030203742063283967
460;0.0725887942073757
461;0.09067675539034145
462;0.014915738341197715
463;0.040947313177788915
464;0.07793016563453212
465;0.03409559483899797
466;0.08801467561219506
467;0.03197934483198078
468;0.003627778924174463
469;0.08307428928068719
470;0.05986716106908409
471;0.0765341787527623
472;0.010461650724862616
473;0.06678914802297664
474;0.09478082950494345
475;0.0703446154627904
476;0.03991633028481633
477;0.009433676657161683
478;0.071773034307232
479;0.06723890338609813
480;0.040383472670628084
481;0.07704327410632035
482;0.037107883417595265
483;0.08796213516056438
484;0.08525893601436166
485;0.0929326010778843
486;0.054700829059933724
487;0.011114581461984087
488;0.03552921733137639
489;0.03637625424586525
490;0.07605320742840282
491;0.035210677910150055
492;0.012818626062836336
493;0.02283931203659402
494;0.07112534304533522
495;0.07445451124643175
496;0.027594477111309048
497;0.002722651972158219
498;0.057390265511355266
499;0.09668337531928246
500;0.07610164954522597
501;0.05695749751900864
502;0.06761671404944018
503;0.024539397891570315
504;0.053034303585218025
505;0.03412556208657258
506;0.028465784767904703
507;0.011372394138771214
508;0.04979624058016448
509;0.0008156784983282318
510;0.08355671670952632
511;0.049713452668721125
512;0.09686703488902264
513;0.09789400664896455
514;0.0774464204119068
515;0.0657292529251709
516;0.06316466918316818
517;0.056374639032383045
518;0.0216739310582314
519;0.031129069245639653
520;0.006697381733545282
521;0.05626615821734628
522;0.055193346354332706
523;0.05930419149873526
524;0.056900128739290706
525;0.06412439224463966
526;0.01985730100306913
527;0.030489352415007356
528;0.006806665839556681
529;0.00936242717568313
530;0.040680902491309213
531;0.012397048383721687
532;0.015022403322485401
533;0.011453633252040497
534;0.03288168587645486
535;0.005838151030617767
536;0.0009551001645897062
537;0.08250721904828456
538;0.09874329662983358
539;0.09717381277745331
540;0.08270232159143616
541;0.07225520163630132
542;0.079250881107158
543;0.07318237154783909
544;0.07616162481027655
545;0.047953593112564155
546;0.0208583480691662
547;0.030061981542201258
548;0.09777747468679232
549;0.07590978050102394
550;0.0688380475428488
551;0.07897677472627536
552;0.0578497751977813
553;0.012630706988692076
554;0.045344519293108655
555;0.042190176950498086
556;0.04331467767130209
557;0.09758144469011773
558;0.006297291559870167
559;0.07125196200281257
560;0.004686848365916563
561;0.021596637938864672
562;0.098627644726287
563;0.05924334078248206
564;0.015180958206773032
565;0.08563517567612021
566;0.00967558361261598
567;0.003866252663495806
568;0.0854219108830454
569;0.0999112618744437
570;0.002797897310197528
571;0.04619239521401645
572;0.0849194387353689
573;0.0648689156363988
574;0.020763741339031895
575;0.06485720732980978
576;0.02157487418928844
577;0.09507871487324793
578;0.08089052629276773
579;0.08365550001021621
580;0.002408292502741305
581;0.09029764820822644
582;0.03092111767288095
583;0.09239882608877235
584;0.0994769356842217
585;0.04036392790031462
586;0.09071346418199162
587;0.02070068580270429
588;0.08194383016305568
589;0.05782096809108848
590;0.04135955097809886
591;0.07336081160923143
592;0.048420130523861564
593;0.07058998420201355
594;0.060278004733785764
595;0.05810613392544918
596;0.07387758031645289
597;0.0325332878303643
598;0.0528628090377182
599;0.056782662770382276
600;0.02520451723420618
601;0.0024052627157901355
602;0.05690416899024983
603;0.06613243235052141
604;0.035444898992716044
605;0.002921698395701533
606;0.015914526437663234
607;0.08456694581770849
608;0.06780036281391151
609;0.03768846994590154
610;0.01324059993101967
611;0.09822822168069495
612;0.04873279975425329
613;0.05651488656779298
614;0.04996078167180343
615;0.0532472300851414
616;0.038723109291467044
617;0.060523663627692376
618;0.07672769349914771
619;0.00945911405009675
620;0.031213968069059295
621;0.027950859360756853
622;0.058918224933339564
623;0.04993667517360352
624;0.06868567626986846
625;0.056556756499039476
626;0.05132356507435483
627;0.09523750490349599
628;0.03317685915085224
629;0.0625376540710629
630;0.08556118625128557
631;0.06445782329393485
632;0.04191836003246788
633;0.009991868344600564
634;0.006914214649268647
635;0.08192397099712151
636;0.08468646325886263
637;0.027428739151125273
638;0.0340440004852671
639;0.07566280907683932
640;0.06918552838339027
641;0.028009041817816563
642;0.06229994516321005
643;0.014145636464382372
644;0.03626699866818931
645;0.011688684201231703
646;0.04561376433562338
647;0.05290948465373005
648;0.08358861021154801
649;0.005940110191466908
650;0.0007320599989414589
651;0.06800642502223318
652;0.047075888073906114
653;0.04090190946454489
654;0.010933596657194056
655;0.09106760200623397
656;0.0977351208703336
657;0.027675182024835578
658;0.0696887360609613
659;0.036137159389773924
660;0.05692393222468131
661;0.07289245396933806
662;0.07487923470485135
663;0.0028162513554282676
664;0.05387656160635819
665;0.08176820902838584
666;0.008195947863700292
667;0.09436151589063498
668;0.005469217831679952
669;0.05165256885071473
670;0.04130743443204163
671;0.006932140317299596
672;0.06265385968434699
673;0.07893852030638344
674;0.08789726972326242
675;0.06250673513141959
676;0.03374297707153472
677;0.0389641479867385
678;0.03584237884008364
679;0.03968561823281213
680;0.06402446466855309
681;0.05048779622362211
682;0.05025060931874027
683;0.0664656257527153
684;0.08192332681673471
685;0.06192823950415758
686;0.03758318149977083
687;0.04228720890461497
688;0.03377593468281781
689;0.03894221328811103
690;0.09407607513767664
691;0.0697115407641819
692;0.015663159381886005
693;0.09938825311107215
694;0.08196706883203382
695;0.09428831302661787
696;0.02544289870090244
697;0.0873249726909227
698;0.058992727110451705
699;0.028113155032252826
700;0.01148218477882268
701;0.09514664804897771
702;0.09749726870541295
703;0.02849357869367164
704;0.004950002874438431
705;0.027655523843487795
706;0.03325261906510053
707;0.021278397880821743
708;0.05698381999458755
709;0.039286418289789994
710;0.03088389679022484
711;0.0335937174956668
712;0.0800901672789948
713;0.04934573801047385
714;0.004630508050227478
715;0.08440941486906291
716;0.05139237006054284
717;0.09862844115598506
718;0.07615928304375727
719;0.038542526059045526
720;0.06070860171953653
721;0.022649109819704107
722;0.07084512278587342
723;0.02424882418019333
724;0.013323686359616727
725;0.03512573419105791
726;0.034260803080054504
727;0.019836060804854838
728;0.029825435644824108
729;0.029028346169475052
730;0.02364593636575764
731;0.040161698212571456
732;0.05583556040029151
733;0.01890667956155916
734;0.009349234585732858
735;0.06167740758749285
736;0.07123228202989816
737;0.045703152215920785
738;0.09903118839351294
739;0.041813255170636554
740;0.005136903232524859
741;0.02890595330491229
742;0.09805179024721061
743;0.08433464612213008
744;0.015640896447434282
745;0.058240605174796595
746;0.07467584733178283
747;0.0386671933166011
748;0.017538744296056674
749;0.07389546891669346
750;0.0629397112783542
751;0.059800222150569494
752;0.0875823783811534
753;0.042754604991340366
754;0.07906494597693343
755;0.09576349361484437
756;0.08867096346944413
757;0.05896747050271498
758;0.09206185359376848
759;0.03341181612130365
760;0.0690183539971224
761;0.09854122947273757
762;0.09235110737508839
763;0.07603675262846223
764;0.002846051401456984
765;0.08716741257724275
766;0.014984045075734365
767;0.007320855545463423
768;0.0771257634770583
769;0.05115945405621969
770;0.08386059241732874
771;0.03832219462786934
772;0.05372508384573032
773;0.09619312841647312
774;0.08310849632517553
775;0.052371657842041425
776;0.08706698964296054
777;0.08926075065255627
778;0.007845286843600597
779;0.018151197572756184
780;0.02821773874038307
781;0.019367905481849357
782;0.053522805281428235
783;0.028556008164813053
784;0.02040594920803268
785;0.09761923052977917
786;0.0060712598158714
787;0.059598719313110886
788;0.09114396051460966
789;0.09951741421956484
790;0.03864282587695629
791;0.04862253462919391
792;0.0864270150899694
793;0.08506510002562988
794;0.06901220749371614
795;0.05203631822405372
796;0.04362320908288447
797;0.029846769417788077
798;0.08173698909376555
799;0.09544628027829458
800;0.01420083680017259
801;0.04861360789362501
802;0.06384851017863578
803;0.026430661952097423
804;0.08873564723663727
805;0.017878629305826354
806;0.04329333577042861
807;0.011510273595817501
808;0.04189457215386225
809;0.0438380278277146
810;0.07127220434076753
811;0.06254561052032469
812;0.07723626223375947
813;0.003336490890057853
814;0.06291352642210452
815;0.07295225629736178
816;0.05266308382198464
817;0.05186922593716586
818;0.031747109646764804
819;0.0011796984756742958
820;0.08014717820318994
821;0.009867563378277933
822;0.05139896676652555
823;0.017458974718776887
824;0.06301082799718673
825;0.05887317728370788
826;0.0011738283895376678
827;0.08632048869405519
828;0.09591925263285098
829;0.07860675605076267
830;0.05655242928330212
831;0.07754078753984145
832;0.07312600912316128
833;0.009250211001501408
834;0.01649507443538818
835;0.07993770721640812
836;0.07706385122440845
837;0.03820137658950673
838;0.08695050356199718
839;0.014172072852468088
840;0.012542209338649824
841;0.01546862231355175
842;0.0050073441399766105
843;0.057269764197178274
844;0.016102610250014384
845;0.08778009937729005
846;0.015511614853818202
847;0.002660296603568746
848;0.0318675135894539
849;0.06651454729574917
850;0.06331054945429715
851;0.07298041567077446
852;0.015160659697455238
853;0.029185821671568357
854;0.060247257783336595
855;0.0439879119746096
856;0.05027715266152965
857;0.038839626884248184
858;0.023396081540976655
859;0.0956690178521164
860;0.023816810911668252
861;0.022004878371498393
862;0.03079748081741157
863;0.0284561903632382
864;0.07839516733046775
865;0.03864793098728552
866;0.013467725029754097
867;0.07711970641422207
868;0.03530311415175387
869;0.07417949274187986
870;0.005679619208866527
871;0.09614443856737126
872;0.05747836981173263
873;0.04815779919374424
874;0.0364564866331639
875;0.022700783792321322
876;0.019889938759941408
877;0.047600802925365254
878;0.029813180591857925
879;0.04830020496174382
880;0.09820240001606304
881;0.04953552549757254
882;0.045854943736646586
883;0.010161845607989318
884;0.08225527821163624
885;0.029663427916516605
886;0.04242805021546745
887;0.05463263468888577
888;0.009187528491400398
889;0.03582287997502808
890;0.05068836001245345
891;0.02100245224904891
892;0.0825519245926013
893;0.08507954635043373
894;0.018096624422850927
895;0.08619890657034421
896;0.040492129789138104
897;0.013901685416924282
898;0.07694290175099687
899;0.06427918499779416
900;0.09170020564052744
901;0.09270231930482914
902;0.07072803055888241
903;0.08018906886769822
904;0.008811969780313123
905;0.014963719119152109
906;0.027788339360592197
907;0.002173449878741984
908;0.008194821980720746
909;0.06565508466456825
910;0.012916996770915635
911;0.019806932111223155
912;0.050516562211850816
913;0.05646048433164558
914;0.09742928957245317
915;0.07749310156092318
916;0.0816050048640389
917;0.0844689679975782
918;0.06674333264104902
919;0.08789491244802562
920;0.01544537527706008
921;0.012780744801255284
922;0.0027924683152700247
923;0.022631412857230096
924;0.0696125274263987
925;0.002790693218866802
926;0.017381363774048798
927;0.02514276391490894
928;0.025868983988082662
929;0.0641068666657006
930;0.0935582026437022
931;0.021789383236892435
932;0.07476448060584157
933;0.037447587864814516
934;0.08241119074120978
935;0.09714032201803126
936;0.03059858762601623
937;0.07180152074739958
938;0.00974649471160246
939;0.07840333480786627
940;0.007495344351126543
941;0.0066261568789333985
942;0.01634954677771703
943;0.07099134803674308
944;0.026901094262094295
945;0.004907617553677135
946;0.046630531531222735
947;0.004214240803300163
948;0.09019930384339825
949;0.0015030959402240864
950;0.04968451245197968
951;0.014874063295199948
952;0.04409746608863322
953;0.05723633458225768
954;0.08012754585643617
955;0.030014935417385404
956;0.08766748945378698
957;0.07451999822358951
958;0.09866466281208203
959;0.047974498386837996
960;0.05184381939578874
961;0.06819282710737466
962;0.0217282023788561
963;0.012405439454295753
964;0.09215815749475553
965;0.01752987344325756
966;0.005021805094886556
967;0.028647240978140243
968;0.09047353126378874
969;0.05206811960171447
970;0.023540935733839165
971;0.06192051444232563
972;0.013701354019429247
973;0.09819625977867846
974;0.07364612735458968
975;0.08176497800596608
976;0.0073875381285993585
977;0.038448912543330216
978;0.048305248018270575
979;0.05186600420805191
980;0.06084726381438438
981;0.010405750552174676
982;0.025304166050501887
983;0.08867244908188698
984;0.042557195592309485
985;0.08762443861586713
986;0.07491317148948214
987;0.07530102059376602
988;0.020457278913950418
989;0.06991020537256426
990;0.07386538942196777
991;0.037602563361374935
992;0.07835137799174816
993;0.011571880368574473
994;0.0237601115235245
995;0.0860688518001953
996;0.05124521285849151
997;0.033387752500391
998;0.0793699109434105
999;0.0029968588072629035
1000;0.0420146802880591
