1;0.005546654058646206
2;0.04665586930790364
3;0.05413305328349079
4;0.002421882706003709
5;0.08898382010194908
6;0.003602636984510521
7;0.031904835096408415
8;0.09708357073910409
9;0.06647342960453105
10;0.09834408574808215
11;0.012804384548211712
12;0.08727278069485013
13;0.010990185664661445
14;0.04168168709383333
15;0.06453265008028229
16;0.051685421218894814
17;0.0364476743065304
18;0.07024005914305437
19;0.0726691486308485
20;0.0676581120840095
21;0.08601067710811867
22;0.044611809148560624
23;0.03808653252012261
24;0.031256936623519076
25;0.07644950591846798
26;0.0647012302081759
27;0.020403613792262
28;0.025140514009176898
29;0.05641066587171681
30;0.01094495423578894
31;0.04676083425511584
32;0.07099287749157039
33;0.041244179131964376
34;0.014255710163771397
35;0.01801818399372155
36;0.06075828603540633
37;0.002631477935362925
38;0.0015359119310557447
39;0.02546921515951014
40;0.08989954406366502
41;0.02809150343133824
42;0.0015819233643492915
43;0.06601736354418097
44;0.026535483971567766
45;0.09989021234747264
46;0.08728936712572855
47;0.022157293782042932
48;0.003847628458911279
49;0.0471017341725756
50;0.016540619284838198
51;0.07966261301052915
52;0.0556575497010055
53;0.016511949597129018
54;0.07717406845064084
55;0.009942779962336702
56;0.007357380653231283
57;0.038164863547209084
58;0.0005315237821596819
59;0.061100580541161346
60;0.07469685236415874
61;0.031460745114294766
62;0.041107766496734435
63;0.04765652642140677
64;0.0009646573865641162
65;0.04961130871683592
66;0.00385560043597738
67;0.08373017129966058
68;0.014145649031059183
69;0.09624969223015759
70;0.04217985817403868
71;0.04836226660941844
72;0.0023559898045770414
73;0.0030078800335568093
74;0.06596125638106652
75;0.015877297683527993
76;0.05892081436530418
77;0.04462531982920155
78;0.0752466819757737
79;0.060700608577851325
80;0.0016157719999302822
81;0.060678655108385764
82;0.07437397840351954
83;0.033343007283742725
84;0.08511507000686616
85;0.009949957402531996
86;0.05234698294384769
87;0.036806796693343614
88;0.056494352958748356
89;0.028611367165435345
90;0.015021388602448504
91;0.04927384164504957
92;0.026657848607502865
93;0.05228513760902226
94;0.013142187882918445
95;0.03140995332230325
96;0.09337217212150817
97;0.06157376285917541
98;0.0957030353593453
99;0.034328481477847984
100;0.09988195286214041
101;0.047404721170642844
102;0.0447083252382799
103;0.09286890185346736
104;0.09357115983133032
105;0.031564207091732466
106;0.042287340871321494
107;0.04045250536134975
108;0.09942425158734798
109;0.08638563757328194
110;0.0773747077163672
111;0.005198014130499396
112;0.07329823069872553
113;0.017425831886741128
114;0.06756444297949658
115;0.019996338831255
116;0.013767411782958672
117;0.09280627859049101
118;0.01748638782911699
119;0.002948811637087434
120;0.05900338687791859
121;0.03390335191824722
122;0.06442099721593833
123;0.012384413357814173
124;0.09664801887009888
125;0.0414661668087866
126;0.03730288236011645
127;0.04321086027123516
128;0.06440411763826219
129;0.04486406700064464
130;0.01684799135962132
131;0.02996555412076909
132;0.038706563669360365
133;0.041002746824092696
134;0.07100369254559996
135;0.08648357279623259
136;0.033888478723396724
137;0.08927957390405472
138;0.0924856199729972
139;0.06428037967577703
140;0.004566256846899608
141;0.050609572556069994
142;0.02815589891785483
143;0.0380044692792784
144;0.0500614581752198
145;0.06664837143527859
146;0.0507566487441872
147;0.02956466545782388
148;0.05455275608446252
149;0.015170935051628132
150;0.048946333274232305
151;0.0939090559990772
152;0.07196673483221812
153;0.03253703733673626
154;0.09278733710911903
155;0.09861506893633426
156;0.0023949421048581557
157;0.0006499480917516398
158;0.008134122219656736
159;0.06544639016730425
160;0.043945592415168766
161;0.0877966079741763
162;0.042089008297411426
163;0.027947785064608956
164;0.02357547675029097
165;0.08815784792635835
166;0.03284023881503739
167;0.07750540758518482
168;0.09471169163609651
169;0.014233871671704736
170;0.08118045385495026
171;0.00988848741895021
172;0.007661309658215387
173;0.05408298173217289
174;0.046178362878756346
175;0.05566491401060965
176;0.09861438540965063
177;0.07436814555596057
178;0.07581713982001312
179;0.005638971422616113
180;0.002177125922831358
181;0.03253430383066707
182;0.0386937161921871
183;0.033245311537758095
184;0.09648503867065052
185;0.004727319068108815
186;0.02729623009637651
187;0.028729408973731732
188;0.03268494946025598
189;0.07343330200971629
190;0.025808460239396272
191;0.008732362774474967
192;0.08748247423813463
193;0.07655491925515709
194;0.07194304103624623
195;0.038117937367902845
196;0.004260466110290762
197;0.05373530387898517
198;0.05508185116486202
199;0.07989869469195636
200;0.03810875523062021
201;0.024732525569872987
202;0.08259473220902919
203;0.04355509602994952
204;0.01112141320515011
205;0.04315402251991131
206;0.051234964220197216
207;0.05022478279374087
208;0.034408898713472746
209;0.0026174986280332103
210;0.017492523961796427
211;0.029293789148854433
212;0.09255919763067404
213;0.020881138010057733
214;0.013890961997594898
215;0.06378599725261823
216;0.014090660641401132
217;0.036589749110925295
218;0.077714862138412
219;0.04548485383870057
220;0.007158742627532477
221;0.018245242660679117
222;0.005447496791833428
223;0.062009893155457775
224;0.08818315800812898
225;0.058904185084851325
226;0.04858261412942577
227;0.03574348089148203
228;0.02494238455361423
229;0.04208091992886002
230;0.04665706933830502
231;0.08883624781933808
232;0.04961864175943323
233;0.07561902030695278
234;0.0412099734030825
235;0.028407688393212074
236;0.03436466626166009
237;0.04515673397837179
238;0.09821006495637503
239;0.09282040969628258
240;0.02890626890200948
241;0.06804468498128939
242;0.005301092402471686
243;0.07467005118597585
244;0.07308731911462049
245;0.07805945429186467
246;0.012592002968516904
247;0.04582960947525116
248;0.021296051059175383
249;0.03706242156952564
250;0.03325967258223994
251;0.07831333282934966
252;0.05088407959556517
253;0.0972286090291361
254;0.039881362876942474
255;0.04221478882758839
256;0.038492012764438324
257;0.08954772710515005
258;0.020667194630807784
259;0.050183022697799645
260;0.07543548873339168
261;0.029258759133196123
262;0.037812042198097306
263;0.07569815187489502
264;0.06649650443166208
265;0.03664421084436775
266;0.07713900227691707
267;0.08856663799065313
268;0.008682162288816209
269;0.02832289954956152
270;0.06553725517553032
271;0.04940793063603334
272;0.05823696094226919
273;0.08248501369891374
274;0.03189208092332736
275;0.08397980574618583
276;0.06745780476183709
277;0.003991899950665056
278;0.08183421560040793
279;0.044757384234780186
280;0.07532492591559092
281;0.03436428437391429
282;0.08129544243326457
283;0.0777032939294953
284;0.0136318343006688
285;0.07433332151074847
286;0.026515046981415758
287;0.07132597266065953
288;0.08407340292890908
289;0.04356573520869908
290;0.07153351797099276
291;0.039765260796592955
292;0.0722474335199617
293;0.05094243242286332
294;0.0101102889385704
295;0.06708703748446478
296;0.0796529516518879
297;0.08045811844776796
298;0.04053334794866366
299;0.05019124301493651
300;0.014600568698291806
301;0.022575768745795113
302;0.071851900345475
303;0.07248007718319506
304;0.0027880791771498384
305;0.07024919513985704
306;0.045548426836954016
307;0.07003352358796354
308;0.07955760097051308
309;0.05000214514009045
310;0.038535750788495186
311;0.06557098350950187
312;0.08704411462498765
313;0.06678410166827102
314;0.052446337976513206
315;0.07368907768477004
316;0.035022648653613285
317;0.03563874033766573
318;0.05138135375717177
319;0.035423456169086646
320;0.07172781875803538
321;0.012492361646704642
322;0.044241685941512336
323;0.09561108537070315
324;0.05391659272500629
325;0.026839784045658534
326;0.06810189374931264
327;0.06185433806502251
328;0.029189451225678942
329;0.030689132060694315
330;0.08035683929351356
331;0.0423355353110757
332;0.05583380066188775
333;0.07635271315358046
334;0.04145772527292967
335;0.05655238619479957
336;0.09315100636985098
337;0.021369029536526574
338;0.09993294341671734
339;0.013922553516479386
340;0.045220355831215135
341;0.05219291756820883
342;0.0080222342934819
343;0.014978339600266944
344;0.010030001084986596
345;0.04446638967715795
346;0.03669969175621677
347;0.07555726194626497
348;0.003124431837321473
349;0.0031673597501242767
350;0.077167629456785
351;0.08318683457560015
352;0.05936641852460576
353;0.04322865515386984
354;0.09955372178964345
355;0.06361919649311236
356;0.06543088693133979
357;0.07253912120730326
358;0.044928302078383275
359;0.04931230033632398
360;0.017875786303953003
361;0.09972905279093786
362;0.054516217380708346
363;0.004921432494541512
364;0.06967255595131444
365;0.0592906610462671
366;0.0191445761388101
367;0.0235175210424449
368;0.06611738032379837
369;0.04436325968128131
370;0.06711326984261752
371;0.01031412313118938
372;0.0889201567032695
373;0.09558835234108051
374;0.029179425438790242
375;0.03840421495595564
376;0.05641888945954591
377;0.07452315656374511
378;0.055221001268822956
379;0.022769252261712516
380;0.052425027184682366
381;0.02162788085740839
382;0.05852449289534927
383;0.06691444030338216
384;0.05960885629315419
385;0.03403324055178673
386;0.08605448565736108
387;0.05345993613152103
388;0.08931665643172992
389;0.0874111240673884
390;0.08770431957253111
391;0.01977831078742527
392;0.09271853607715902
393;0.006443654112011277
394;0.04294904042533727
395;0.06246302598145851
396;0.060147987111277
397;0.07183697061880816
398;0.020967864481587096
399;0.01947764697708523
400;0.03436327244736847
401;0.0016128205535877683
402;0.06507769152921718
403;0.05772239774041299
404;0.016032628822265662
405;0.030239898199421203
406;0.09851727943627642
407;0.0562882078062992
408;0.048397031217626396
409;0.046925096443894754
410;0.08455699486246657
411;0.005701090575596735
412;0.07065204635148196
413;0.08704601912360682
414;0.06963363111763819
415;0.018371103082045183
416;0.006875335623987933
417;0.06655230984215542
418;0.09797482705792579
419;0.02887634591487788
420;0.02907293723531983
421;0.08463302458667149
422;0.026150586464297687
423;0.0925441122940544
424;0.06323374922801914
425;0.00427230568272009
426;0.052560504432223376
427;0.013566950323942084
428;0.06651413528301159
429;0.06309211666084308
430;0.01688523976087065
431;0.07876823402220186
432;0.02697648230207236
433;0.07346013727138667
434;0.0698297878027468
435;0.06802720539098821
436;0.01763925065157418
437;0.06603803059260098
438;0.03689102466508842
439;0.05538871464491979
440;0.05869872827695845
441;0.012653665509374402
442;0.08151430298303627
443;0.04650305559138508
444;0.05203867565044989
445;0.008410555232024752
446;0.014217172716954496
447;0.02192098254376842
448;0.04338531402289008
449;0.0556478729654305
450;0.02376287848241473
451;0.0900501033122448
452;0.09564255173152425
453;0.03549896711978025
454;0.028747864303025252
455;0.049592020042171885
456;0.01845098679439369
457;0.07697181142599974
458;0.09536657997683173
459;0.001741327676473703
460;0.002988000393251189
461;0.015754131142917505
462;0.05090172236523047
463;0.041887612660408906
464;0.09324542510410683
465;0.06554621497512035
466;0.04554334145248772
467;0.054837496837535964
468;0.024322767984106965
469;0.003208326281362406
470;0.08078733887294698
471;0.0376226802412018
472;0.040679478745432186
473;0.018212985913396384
474;0.041033056773608745
475;0.07623616668144
476;0.03713720485159418
477;0.017251799402281488
478;0.02854356465051563
479;0.08293285297782037
480;0.07356641713704772
481;0.01704514627302847
482;0.08490019405410591
483;0.05186841010452056
484;0.0012818884736987225
485;0.0039995264442290405
486;0.009179496706975243
487;0.045981875703395216
488;0.024669418652580745
489;0.06838248857711897
490;0.05066842759978122
491;0.005456542847911483
492;0.020648979851522965
493;0.06379817907310883
494;0.05103149548040123
495;0.04519268807828896
496;0.023086274682991084
497;0.07138334215220489
498;0.017283806690387638
499;0.07550700914172892
500;0.09422677992608142
501;0.042660148518120534
502;0.02109525852613895
503;0.03719039961447795
504;0.010861285899552254
505;0.04621866806041768
506;0.09071379928983068
507;0.05464972040461413
508;0.028933373647463703
509;0.002493687927603516
510;0.017611028660072147
511;0.01659226932470099
512;0.08223108326636452
513;0.052451359130204794
514;0.07055810426004736
515;0.05318611072129908
516;0.04907497868980879
517;0.023386489420538528
518;0.03171409211419697
519;0.045219433840180984
520;0.03417600454988271
521;0.04752678437464678
522;0.03887945447290586
523;0.05042812397258398
524;0.0745880053814499
525;0.05041353037283496
526;0.018788887339381055
527;0.0053190260867569845
528;0.004912874412570212
529;0.05930184674031398
530;0.025540266021828708
531;0.05001180434809807
532;0.06537207318582704
533;0.03880122510821069
534;0.03965208365430367
535;0.09509846873176063
536;0.08261007208035855
537;0.09307468017174052
538;0.07136398289373728
539;0.03718361683265658
540;0.016294725136551846
541;0.057073153855217364
542;0.03404994997145616
543;0.07367582896673318
544;0.04309692332926415
545;0.05690138604758256
546;0.09654668705125956
547;0.09344245440323347
548;0.08874076153543181
549;0.048239082941796754
550;0.07127214446473511
551;0.026082780921052408
552;0.09056495041495904
553;0.07495647349197791
554;0.006501953943003114
555;0.022481848143683893
556;0.05431766425468259
557;0.006364655459974633
558;0.04917527613567705
559;0.048001737690943826
560;0.04149518522503053
561;0.09154033956032874
562;0.05029341992220147
563;0.042024759528317225
564;0.0845677148949043
565;0.0047233251463069115
566;0.09671301422719036
567;0.036565368895139304
568;0.018804519974920067
569;0.03009775700477372
570;0.07091224493878798
571;0.021488540756753095
572;0.09537359027740523
573;0.07513432668983518
574;0.09345432284343676
575;0.09555543939107604
576;0.0206845974572199
577;0.035893709995851696
578;0.041449462214882375
579;0.007531424208988402
580;0.02996460080334693
581;0.04795598913454318
582;0.006892747555710699
583;0.07225875017882408
584;0.04055906467507219
585;0.04952033016329971
586;0.012197608141736472
587;0.013097640001468692
588;0.08666028963845683
589;0.03426459529471348
590;0.0526761839802556
591;0.01847726711558063
592;0.08600897952691416
593;0.02288383353447824
594;0.08265777175637752
595;0.09837843752451514
596;0.045466599830010446
597;0.0783427261728165
598;0.008642832627862751
599;0.047950796342814066
600;0.05830145320533017
601;0.005875750636644706
602;0.01436813274619222
603;0.03854451550486565
604;0.006872973062088905
605;0.03397943776873367
606;0.0068660625951710965
607;0.0300375999724138
608;0.06895948287933312
609;0.007903599801477935
610;0.0034702184909493616
611;0.011607832142910524
612;0.059109931247755224
613;0.09272952989670917
614;0.06015717188009554
615;0.03647132795435992
616;0.006974544093451052
617;0.08338863028119908
618;0.05736257664285857
619;0.0835969505010622
620;0.08113115533374152
621;0.04081473743522504
622;0.031385298832823864
623;0.009928877480162591
624;0.08051237696612078
625;0.0365378673101106
626;0.06777663634792606
627;0.04131932508796924
628;0.09408843161543502
629;0.038470660456758454
630;0.061709453715846886
631;0.08223440226428155
632;0.026465345924727157
633;0.01085408113800589
634;0.08084614406469243
635;0.05823833032726632
636;0.031443265362348725
637;0.025528376479636652
638;0.045501829452628
639;0.005294122672270985
640;0.03539523148606616
641;0.09903599038722621
642;0.02997547505842455
643;0.09547367315241617
644;0.08419740008470578
645;0.051653111879627955
646;0.07594002336070693
647;0.016180120839715064
648;0.005585131971225155
649;0.03340255017838482
650;0.02642851309579666
651;0.012198553327961548
652;0.004748409125257658
653;0.00714473549963347
654;0.004680958837295446
655;0.0584682981331908
656;0.08411660957487332
657;0.048893517874803054
658;0.07356037811422095
659;0.011363593125581918
660;0.01887630213869325
661;0.003081066809448696
662;0.07355684146571334
663;0.05458147193472384
664;0.0111496277417679
665;0.09265886121598849
666;0.08519263772589143
667;0.059908760534704245
668;0.08507137096264014
669;0.04000647185091982
670;0.0881326007355527
671;0.07665237745037541
672;0.004309091466120929
673;0.07738409919338478
674;0.052412351378249025
675;0.010575282719165857
676;0.0415597693869328
677;0.049506051962588116
678;0.07119478826660268
679;0.054013280725293634
680;0.047002384090842064
681;0.06644380692640427
682;0.03345033355649901
683;0.08782907352918196
684;0.006755878965253204
685;0.024779579875974345
686;0.008894939199508534
687;0.015867870365874125
688;0.06907581109475318
689;0.006181676948534365
690;0.09390391041909484
691;0.09184838701030754
692;0.07349595693403324
693;0.04173376497018952
694;0.08118732950706753
695;0.06976744824809553
696;0.01877258652473206
697;0.03585153809032109
698;0.09654510488826128
699;0.004643557260328579
700;0.057537987379823234
701;0.08856796221951746
702;0.00564079212297075
703;0.0015270878632789753
704;0.03900905146121306
705;0.06787317378870793
706;0.03321078819502228
707;0.011213377881966314
708;0.09209284666254564
709;0.0018215681231223636
710;0.02293574139878035
711;0.006837898719009861
712;0.07798573042662388
713;0.0007398217510813376
714;0.03755669095383321
715;0.06813265712325926
716;0.09200186497489996
717;0.07770078968526417
718;0.048812541618502694
719;0.08480755651993357
720;0.05057256184878611
721;0.041220150429201775
722;0.03478256689428727
723;0.04525245084712573
724;0.07356007012792935
725;0.06729043231863681
726;0.06772906927878863
727;0.06911101046160743
728;0.06295407011219926
729;0.038862566094581344
730;0.011881182215853103
731;0.042814151811103186
732;0.057026700604990765
733;0.048032823839218586
734;0.051951240292707916
735;0.03270714102219259
736;0.00018694289746756798
737;0.04942818199829982
738;0.019281416009825116
739;0.010792444479519514
740;0.04638336034663601
741;0.0212836066271087
742;0.0914598531132698
743;0.09703208370587958
744;0.01579916659905786
745;0.08626509824503431
746;0.08499550951362794
747;0.04625263022509884
748;0.054276793871383226
749;0.03484722681291426
750;0.045677198458280936
751;0.06641621221002829
752;0.08560188275075954
753;0.057975035270305855
754;0.04949819058435339
755;0.04123504501596373
756;0.0036012255348571555
757;0.021941341347929078
758;0.026431605959223017
759;0.0347358892275188
760;0.03409245434260693
761;0.053134933285628766
762;0.02899234897959644
763;0.05716499837011342
764;0.08324581442734456
765;0.0016848268188328298
766;0.02384421587402601
767;0.07545096642183402
768;0.035985859115976904
769;0.08369399363160941
770;0.08189873418596391
771;0.011710010934353123
772;0.08003348780908524
773;0.06907123877635045
774;0.07074690376644907
775;0.05973682751209667
776;0.08942087789542691
777;0.045916424289204075
778;0.005041649144820981
779;0.07364924958826728
780;0.06936275055806972
781;0.08519306075167402
782;0.07115924774658082
783;0.008315618592999952
784;0.04853892149881287
785;0.08791465165485704
786;0.05474230333836139
787;0.06764056942218913
788;0.08338874621828728
789;0.0624017450767025
790;0.03670684303365184
791;0.045097943505284524
792;0.00784604300579369
793;0.05262033990376911
794;0.034055068596097485
795;0.010918524118229835
796;0.055519140228493795
797;0.07059403779787436
798;0.036991920850285354
799;0.0005683929412479638
800;0.06910196579060082
801;0.018061755983772833
802;0.03236236354190112
803;0.09229971047464364
804;0.025634289058011996
805;0.04797062790409297
806;0.0742157932038127
807;0.07418661124558026
808;0.01336476935610872
809;0.02860682827218222
810;0.07883524129117198
811;0.011482025391817974
812;0.07544570596169138
813;0.0003040220715021969
814;0.0034925051104707674
815;0.03761933120605169
816;0.01680446623480344
817;0.01953212612667178
818;0.013527960944175145
819;0.007213036429972797
820;0.05133505130189592
821;0.06641468603324624
822;0.03533015834106248
823;0.09126278881419186
824;0.04425649998108956
825;0.05320555557844922
826;0.08755208354427786
827;0.09768123047562198
828;0.05025644824034179
829;0.07328603140692627
830;0.020617823518486192
831;0.032895086136277445
832;0.03280533631146605
833;0.08351743152109059
834;0.05119852703395771
835;0.08667599471183786
836;0.006841759821667859
837;0.048387595446703936
838;0.05509916724538493
839;0.03769637658532615
840;0.04554259757798271
841;0.05730294692153651
842;0.09327330017131255
843;0.050045431881489494
844;0.05763780220778825
845;0.0618820130035497
846;0.021845782930787608
847;0.03476831877316874
848;0.007734346149618355
849;0.09587380016871522
850;0.05588175107472774
851;0.025239514982141623
852;0.09576846312953961
853;0.09076962746708293
854;0.008208031828055119
855;0.0017206395966556265
856;0.018187867763510703
857;0.04460952353520162
858;0.08849660608360413
859;0.0688689866414458
860;0.0006503548569354867
861;0.058637598409105166
862;0.0540420366731095
863;0.014447381518580604
864;0.03833027751198819
865;0.03222516201278266
866;0.0962891779435326
867;0.08586244029373388
868;0.012013323605358874
869;0.06292423495368352
870;0.08323365488682817
871;0.0028134475014893858
872;0.0894477776784737
873;0.009141013455875724
874;0.09792438529942601
875;0.03368470401215198
876;0.0021961721542611778
877;0.006673109265309774
878;0.07246804758970014
879;0.07183345328615447
880;0.05795872448052158
881;0.019659271505051236
882;0.03098647380880486
883;0.09652591504332066
884;0.058390667967131084
885;0.06454660852237461
886;0.06427915963370705
887;0.06652896871495077
888;0.05956958812579205
889;0.021483896551643046
890;0.07853206428837461
891;0.0237040007811402
892;0.09999888509172983
893;0.037639170607400824
894;0.030821362942670863
895;0.05978929643939196
896;0.03203428507050743
897;0.025281243011155266
898;0.011493735281465335
899;0.026619889873974335
900;0.06632450731257504
901;0.08838502761943379
902;0.07976033040953454
903;0.07146042788170907
904;0.08461381081518582
905;0.05317041963689352
906;0.0482589516332712
907;0.006533497050474957
908;0.07994046300907252
909;0.09081733065519992
910;0.0469585879583087
911;0.03907052776557322
912;0.0649561458134481
913;0.08162729502914706
914;0.09548565998131057
915;0.0469154025964208
916;0.07760153803642458
917;0.0044374034212670945
918;0.04154315000619723
919;0.09040885686085742
920;0.06958403598571004
921;0.04063786045011667
922;0.028387363545126033
923;0.059640587053298236
924;0.08515030529061278
925;0.04951381253360572
926;0.020480096830215157
927;0.058414478770264344
928;0.000783873784261624
929;0.023455914701812797
930;0.08210600184560231
931;0.05410799489183567
932;0.07901384584665733
933;0.012015416013107905
934;0.09766404162157118
935;0.01855816128513348
936;0.0868405453318365
937;0.0232718297001116
938;0.032171613957343984
939;0.006943606790837931
940;0.05123198649351705
941;0.04187531794196382
942;0.0015134142062752987
943;0.01752633358932776
944;0.04508732806024812
945;0.07374143826934365
946;0.06560377444335257
947;0.09554487213953135
948;0.06517454249228406
949;0.03864342149672162
950;0.08162268501526887
951;0.0457679776361683
952;0.05921388794530468
953;0.059212177429423155
954;0.02176733943454511
955;0.06731660422144041
956;0.03619003572263359
957;0.015481734058916752
958;0.04110710956399022
959;0.06299948706731372
960;0.0222890554477007
961;0.02338365294300422
962;0.08326043827947917
963;0.09394649316625592
964;0.04365659269570047
965;0.04623506546321426
966;0.025460323879842584
967;0.07001302054604144
968;0.019044384276730032
969;0.01932639554837802
970;0.04398923977502446
971;0.016153103879902788
972;0.03935693524193317
973;0.012863152528740441
974;0.0117569572584866
975;0.03210205974209686
976;0.061203839465035895
977;0.0833898413003007
978;0.06872842991692682
979;0.011939654742510221
980;0.048651093818499
981;0.08127602818658969
982;0.09701560263296434
983;0.07321044167570659
984;0.09817981446103707
985;0.006654002384913815
986;0.017338264911076397
987;0.015127107316240552
988;0.034925137574711086
989;0.03555882064345781
990;0.0755965786307505
991;0.013011431682450836
992;0.02411315914257415
993;0.065483336709081
994;0.04439119118543843
995;0.011791367317534019
996;0.08876771650859716
997;0.08432683833375994
998;0.04258036585706324
999;0.06330839796219243
1000;0.055023307269856714
