1;0.09650302149986778
2;0.06423079477534914
3;0.08911086964288394
4;0.12297377299889461
5;0.08895822209778248
6;0.09057061553741426
7;0.06665675292740013
8;0.10920956602291239
9;0.07201816669565245
10;0.19209260318584498
11;0.11581967883664544
12;0.08332618356449523
13;0.10805203956402532
14;0.16096756469132875
15;0.1624697794638993
16;0.004178614247020329
17;0.006688007732479773
18;0.19349464030865104
19;0.1488770067953212
20;0.012752331185952981
21;0.02005764973417881
22;0.02160764205590653
23;0.11987835726757284
24;0.0031322695501640354
25;0.19428363174230884
26;0.05173253171198231
27;0.1265668906620062
28;0.053985994723932576
29;0.09168625530510657
30;0.16378886531278072
31;0.18107996100196538
32;0.055298319403491794
33;0.025524414661029417
34;0.073269618224473
35;0.18673442092417863
36;0.10555182551108844
37;0.07137598023106251
38;0.03662550907435578
39;0.007327839545682813
40;0.1731869542996699
41;0.107585070293281
42;0.061884897415436235
43;0.02504148738769925
44;0.14501373936513148
45;0.1405601681397576
46;0.06591117738496065
47;0.15388463129665367
48;0.03295283974376719
49;0.03624743758701632
50;0.1718181332358148
51;0.038897678770177004
52;0.11817266923953901
53;0.08947579221195737
54;0.022500336033922277
55;0.04342331100328645
56;0.1659533177131908
57;0.10617370851705894
58;0.09392808557691067
59;0.1704123975405305
60;0.12513261239049897
61;0.1406553163634618
62;0.1674692187141266
63;0.1764695416580064
64;0.19295309548929726
65;0.034805967719873876
66;0.14737195823306115
67;0.011669681898062124
68;0.0154573145307914
69;0.12909300442075725
70;0.07224255274561713
71;0.05269064636467951
72;0.07612429958433065
73;0.16979391242179664
74;0.05073308880261136
75;0.09092859452353647
76;0.09058927452868666
77;0.0052682025818815426
78;0.17805690941316152
79;0.01275983232276099
80;0.07694519013032969
81;0.15099818584008076
82;0.14481115126574085
83;0.18905309466601644
84;0.15196083279011866
85;0.0821291968862086
86;0.12533023459067896
87;0.17855588309859646
88;0.07622965685371702
89;0.12605710505053833
90;0.025402600726162496
91;0.06260733202489217
92;0.06336354946610241
93;0.1269814666634353
94;0.12864962661063567
95;0.09250742711189193
96;0.17443571646827247
97;0.008861805393064094
98;0.06480833310947705
99;0.1634210399879965
100;0.04651271487379587
101;0.18180113423850625
102;0.1235654823647032
103;0.10894975361864719
104;0.11019480530644127
105;0.04535970028872458
106;0.04164843195297257
107;0.1861209852223815
108;0.17186397965510275
109;0.02435476631160547
110;0.056075355642305175
111;0.06832915045460818
112;0.11439101344316245
113;0.1631863344016558
114;0.024392304092170837
115;0.12525829503024574
116;0.0060905326594473674
117;0.1549781193519835
118;0.1232308890120194
119;0.07676977334462567
120;0.07403804089624551
121;0.020898734435813294
122;0.1764517750806892
123;0.06907387404637684
124;0.0017160535138105448
125;0.07637136066738846
126;0.03267621582699692
127;0.0669550966502577
128;0.10165055209660466
129;0.03919325581393423
130;0.11148440369672635
131;0.15322831533044184
132;0.15165994097798993
133;0.1723275182324008
134;0.1017963906491401
135;0.11355736240239132
136;0.17372652560294025
137;0.06783249249095354
138;0.1487958412726347
139;0.090235712925545
140;0.19755505780106514
141;0.13991571343864737
142;0.012061844093626872
143;0.1711214766592057
144;0.12675386935283064
145;0.12602501081753134
146;0.11692596290942354
147;0.17999031178679353
148;0.010701447151205157
149;0.17887042557062277
150;0.07071768987737637
151;0.004625124257430624
152;0.03434239402302857
153;0.13480082338105548
154;0.1517722158330071
155;0.0792614014689598
156;0.16594451531559262
157;0.16284341992046877
158;0.13115292710822968
159;0.038377907146195295
160;0.15388564078572775
161;0.009973455202423542
162;0.03180146001366253
163;0.0738874640116192
164;0.036150118180775646
165;0.03110660228925224
166;0.045293645445841205
167;0.1378307978382198
168;0.038762279702233005
169;0.09253249948840639
170;0.15360816497760252
171;0.005695231525149236
172;0.12644637261944888
173;0.1598075924345036
174;0.04695136436613372
175;0.1849343727047279
176;0.16590028392125067
177;0.06613934121332186
178;0.1825485901855609
179;0.09834219790199422
180;0.13566298573037003
181;0.07179263010360044
182;0.03360689780711608
183;0.059706808873387224
184;0.054057297082787927
185;0.04639295165177069
186;0.07471295438179375
187;0.15066353841661256
188;0.15303483075708557
189;0.09840762658490794
190;0.15508991753606358
191;0.13448769145019732
192;0.03732022670115411
193;0.13992835792908462
194;0.062442911981050675
195;0.09184165677977812
196;0.033701987852966964
197;0.05356504877463826
198;0.05981557272858282
199;0.11121946222448725
200;0.10953002283199274
201;0.17856489708296125
202;0.0946800978545846
203;0.18940818066812914
204;0.1405585261781885
205;0.17259786838236688
206;0.06951536256476312
207;0.17186567724446644
208;0.19027458213220103
209;0.17726558515852062
210;0.03906162558467141
211;0.1180329603303864
212;0.11013560013882207
213;0.10069434619290854
214;0.10962278672635109
215;0.12647107134114688
216;0.16533355859602047
217;0.12783667811746016
218;0.0660741084053879
219;0.06903037540945578
220;0.19773716249764073
221;0.08680907959513254
222;0.16519915063385643
223;0.15488501597940932
224;0.03848617962086931
225;0.014505975387044102
226;0.12634886874237214
227;0.14976001270513292
228;0.047144913488146804
229;0.04374832888740572
230;0.08572826127354119
231;0.10140963369444188
232;0.18741737951096463
233;0.014098355238174244
234;0.029888056949515397
235;0.05104136048331567
236;0.1962780092126709
237;0.15129993242466502
238;0.0945233167336562
239;0.02140242207303569
240;0.0007655262521707896
241;0.12646198177176354
242;0.15400159557363083
243;0.03794799170875001
244;0.16094981857406554
245;0.09884398648303049
246;0.08991255443682987
247;0.049840031379208984
248;0.04525323202647356
249;0.02394665683491657
250;0.13956408334018433
251;0.09511699303212545
252;0.055266832069113626
253;0.18024859277311206
254;0.1550260369313556
255;0.1291969868010632
256;0.13199121002978806
257;0.012964357252811998
258;0.008613434310363367
259;0.1740482161950453
260;0.08636394672279082
261;0.13934770398296642
262;0.030611648224549627
263;0.10749347858636527
264;0.039523826514823
265;0.18896772912985665
266;0.11858251171978454
267;0.11249166974283753
268;0.046077136445033376
269;0.08207786594322825
270;0.12248629372030911
271;0.029140916667199514
272;0.04083336535832736
273;0.1020046750009585
274;0.046972168872308796
275;0.048822864657056875
276;0.09647514354148026
277;0.13420606152160666
278;0.0502874312168949
279;0.0640365261863138
280;0.12775012308741782
281;0.09773991382822192
282;0.14469315020632068
283;0.1193164772091143
284;0.048594704898975286
285;0.07101450419663684
286;0.08683833465696399
287;0.10429435942862719
288;0.10479855014299266
289;0.03411622675688299
290;0.1804085306801937
291;0.008174535452293342
292;0.0841404659373421
293;0.13495915957572588
294;0.05596931922945372
295;0.1744088243843525
296;0.14288522895086983
297;0.18619360303591545
298;0.07643375264548301
299;0.06832305062191667
300;0.1569651916925605
301;0.133332622012455
302;0.07921905894273425
303;0.15891411382259701
304;0.011961884505371634
305;0.15705219002508627
306;0.019705136493413503
307;0.06877094398026694
308;0.16806946657619015
309;0.19901513720958272
310;0.17095615262598188
311;0.014436422022288831
312;0.005594520024751338
313;0.1684860105928222
314;0.1919365489385295
315;0.10573755798939018
316;0.10204166857760416
317;0.015199901835978658
318;0.048903982745632436
319;0.09211733005247338
320;0.0017598677654505847
321;0.16604325055824354
322;0.09485695916193904
323;0.04096220300199685
324;0.18915446662870608
325;0.11789910789512448
326;0.17509175375653793
327;0.022361131091465758
328;0.0019536655725283627
329;0.06495024496964019
330;0.18079386590386445
331;0.05060606770032672
332;0.0593909508644078
333;0.08551906198391578
334;0.10008753884938132
335;0.12826263991601694
336;0.19035187337094944
337;0.14901604446400774
338;0.08206439024631451
339;0.12845834203610063
340;0.08278630448512164
341;0.12648849154770148
342;0.015199630781487783
343;0.03663771673558647
344;0.03530783855079922
345;0.08358634111346973
346;0.10654476947440035
347;0.11817958538205496
348;0.05521291665071964
349;0.1513084618054454
350;0.16051334202191056
351;0.17042109188441834
352;0.13333705848531113
353;0.13259285662257134
354;0.02704588293834438
355;0.1819746916711909
356;0.1999286663637088
357;0.12185737160622392
358;0.030352934131450373
359;0.0695460785134944
360;0.1280262867084343
361;0.16831108450284638
362;0.08663830082101341
363;0.015303941863725435
364;0.042905017198272846
365;0.17227774894874823
366;0.12047794056698731
367;0.12097295078232924
368;0.036867815586889806
369;0.15239389630778125
370;0.19873072827365978
371;0.03432358653276244
372;0.1340895167506263
373;0.14117845115274882
374;0.030034690842547486
375;0.18557114040567876
376;0.1976525828844955
377;0.15656354192200195
378;0.0025328457858184495
379;0.13157031444388842
380;0.05603799639473775
381;0.004254844878804187
382;0.12298923065580068
383;0.12771948434085856
384;0.14471827200517015
385;0.19296655773512
386;0.12886750023700064
387;0.07761562878163795
388;0.04916929486302982
389;0.10954115646893403
390;0.04431302703128184
391;0.06472710950401228
392;0.11889355611300219
393;0.03940890820776273
394;0.08181417425251687
395;0.06889894653932964
396;0.05128620030256308
397;0.17322740516992036
398;0.1004213078701362
399;0.11095075768864493
400;0.1595982464773408
401;0.11216233953308444
402;0.003766109416046093
403;0.1456989178330018
404;0.021182843709823953
405;0.1479049685059519
406;0.03093215047029061
407;0.18468486254237673
408;0.12581146733319884
409;0.19295512158830241
410;0.07164302600071518
411;0.15472553766819355
412;0.09438362328233624
413;0.05423854872568621
414;0.06022823649922056
415;0.10651337726900341
416;0.00936483857985435
417;0.17058882853907445
418;0.005463594953885931
419;0.14425861999931514
420;0.1200142993139539
421;0.19234059718968874
422;0.1456076381148689
423;0.11095011212650419
424;0.11846680675235746
425;0.0874104254128255
426;0.0751730914921027
427;0.12955807306512676
428;0.1276593471033082
429;0.1754133381343244
430;0.15811913933939103
431;0.11569688917890553
432;0.17800249666040835
433;0.016840926039225778
434;0.13695665666621398
435;0.05072250756518124
436;0.19634380149100725
437;0.0384994526935081
438;0.04900135147598868
439;0.05262212767594465
440;0.0965867148202767
441;0.03687601011820953
442;0.000679711444529274
443;0.03754381573269614
444;0.1148959030644226
445;0.19122558528289485
446;0.014485409348850453
447;0.1584506816153177
448;0.1129209052441491
449;0.0024057081426053007
450;0.07481901382462348
451;0.010335598414928615
452;0.09486859514913537
453;0.06199882437265039
454;0.109354464566569
455;0.01678645432965531
456;0.14918909003896094
457;0.19363789668287237
458;0.044981254954993014
459;0.04016675930241436
460;0.19163588420814473
461;0.03603948566082809
462;0.11328474550871555
463;0.06676309539521673
464;0.12621302858258607
465;0.19098086177124737
466;0.16296736031721026
467;0.05564106385255816
468;0.09884820334680289
469;0.03775331810941465
470;0.16515382303676285
471;0.07348928501381968
472;0.15961303650199998
473;0.10742525462316438
474;0.10579122210118155
475;0.008219067611195797
476;0.012837093746720308
477;0.04817762794353247
478;0.19270978916548243
479;0.024363052863633806
480;0.1018475582006595
481;0.1940146646435697
482;0.19513481999265436
483;0.05023649366248324
484;0.05261865745477268
485;0.17999576454808786
486;0.0165105543484098
487;0.14052673794525783
488;0.1658303407799886
489;0.12962653116545772
490;0.15753093951873037
491;0.054172026823778176
492;0.17358537500935006
493;0.08835952137262038
494;0.017059755118204612
495;0.18849820025276953
496;0.012815018621451025
497;0.039469251543465325
498;0.1869987631371418
499;0.16903743760736895
500;0.0908782201537471
501;0.15865474966512744
502;0.023923420609686042
503;0.14339378891070576
504;0.15169169124043447
505;0.0796487452864218
506;0.01866991187963083
507;0.11235705679375624
508;0.09055730501463476
509;0.09049856786881919
510;0.035327967219024
511;0.10491660617826687
512;0.07474531565145204
513;0.10891213997382226
514;0.0009676936038298446
515;0.13610894965023446
516;0.16273960088218647
517;0.0804850546766329
518;0.15068773818202988
519;0.17170215301048927
520;0.03177359203475527
521;0.045733299451084335
522;0.017593721672970908
523;0.11294497946152271
524;0.13716451845177544
525;0.17496439637236008
526;0.09206098475990009
527;0.15195871175255415
528;0.07977088906759006
529;0.1329337385046699
530;0.008763075258617747
531;0.18372117123662984
532;0.061354170203494034
533;0.18261371446006092
534;0.03273592529576128
535;0.03619069210785571
536;0.14094132059521944
537;0.019465345597139194
538;0.19797063416782754
539;0.08547640566030808
540;0.18935431158570465
541;0.16885901707746515
542;0.03361291591828151
543;0.043533677851294944
544;0.16900227334787732
545;0.07494335192211199
546;0.07668463228200184
547;0.01700001954057182
548;0.0402550611486086
549;0.16599099578664347
550;0.1453997221820211
551;0.13274101779580358
552;0.10879159312776765
553;0.09391812057264558
554;0.1432795233065898
555;0.08389630099491735
556;0.028180109864330862
557;0.1589116904822929
558;0.112651397437968
559;0.1049211745271998
560;0.12800323776969977
561;0.07021602651665304
562;0.11437192983648499
563;0.197149108870797
564;0.07032380226498694
565;0.026585341280802255
566;0.04811170045008926
567;0.13818523553039794
568;0.024652424914098272
569;0.16105071697268578
570;0.15333768852985716
571;0.1488945533679976
572;0.07329325366347957
573;0.02044059958041915
574;0.18576955445087098
575;0.06211611076602357
576;0.19931581332478948
577;0.11963594076393375
578;0.14632425849345176
579;0.18174050335072903
580;0.09185208022241143
581;0.17701536567906861
582;0.1128833985815253
583;0.0679758780386466
584;0.04768848805119228
585;0.03884041274362045
586;0.14771995834554244
587;0.19890424292506692
588;0.05852766984834082
589;0.0788348097443107
590;0.02427077135514675
591;0.019700190625900206
592;0.1849039749677709
593;0.06939092801915954
594;0.018177982354788094
595;0.009852546097267956
596;0.1737777641208006
597;0.08842055189392471
598;0.014307222503591732
599;0.15665680538458865
600;0.09152973985668317
601;0.17364892265354745
602;0.19853284002845642
603;0.14361208555725452
604;0.07069120777127587
605;0.03995934896170148
606;0.06317274448988393
607;0.06604170224328786
608;0.1543891160074102
609;0.13758567076909978
610;0.16015357063261515
611;0.12709027057776429
612;0.19998697217137745
613;0.001921703751150883
614;0.052203491615312396
615;0.12937810874907357
616;0.15311150466590728
617;0.03497218535449527
618;0.1748844619824203
619;0.14836520645440351
620;0.0807049674100731
621;0.008780086561843814
622;0.015118628896494802
623;0.09120908664197841
624;0.07353701944143486
625;0.09528943638106298
626;0.031435542467710055
627;0.038726120940942015
628;0.16193520484290483
629;0.0832781620141112
630;0.13228838641995863
631;0.10615502629682064
632;0.056619446440120735
633;0.03485986097614951
634;0.07741480901369054
635;0.04214102762698533
636;0.1085329714837262
637;0.0033204171043030198
638;0.07439501905223798
639;0.17396397743516384
640;0.01681702766971216
641;0.11392813194298959
642;0.1496188984241335
643;0.07410052230635143
644;0.0886840233495402
645;0.1306417571654866
646;0.06285009135420261
647;0.13599178409859763
648;0.03140712311546403
649;0.1992325300255032
650;0.08746812027915546
651;0.1036552051312219
652;0.011085124041857753
653;0.07268518447477897
654;0.1555759154037215
655;0.005393494840149438
656;0.07702231004224874
657;0.1412056585967262
658;0.1258866444753143
659;0.09138604164772457
660;0.05927103882016896
661;0.1958760556264071
662;0.16768701792403623
663;0.016251285821139726
664;0.11892622206081226
665;0.04442850081635757
666;0.05021003860713824
667;0.19520932677754038
668;0.02080139934824539
669;0.09670277203511723
670;0.07478769312510879
671;0.18997771980120615
672;0.057926180812309894
673;0.006508845720556345
674;0.08960968205086109
675;0.11554600540432135
676;0.11417377549498715
677;0.017266240388234367
678;0.06145689798703731
679;0.08681917959890913
680;0.03719651518291696
681;0.1208490624440888
682;0.029467571132065353
683;0.16055710669797507
684;0.1863950144235975
685;0.0717405085232018
686;0.16925076186250732
687;0.18126246789245704
688;0.12963216114432993
689;0.1321365750042792
690;0.029578494583471816
691;0.05776678792153907
692;0.11332409243231832
693;0.13344476078152318
694;0.1772338693231872
695;0.08059569628144053
696;0.11154607657712515
697;0.10021853622017883
698;0.11345908818537478
699;0.006634038694981581
700;0.1581474398151778
701;0.09652917450386218
702;0.02365485250663435
703;0.038340639076085294
704;0.027213590361807507
705;0.0761350650792566
706;0.10307558284142632
707;0.11461641588716949
708;0.15611331173063284
709;0.031089440116643854
710;0.16845107170551715
711;0.1569994100757497
712;0.0004797152593648324
713;0.05922641162662832
714;0.12934745673638956
715;0.06643636400181645
716;0.053467541750334836
717;0.12204209676289116
718;0.03907828872262986
719;0.045197669770925014
720;0.1753836584746078
721;0.10495940932410447
722;0.13602812278555715
723;0.0929310812218952
724;0.18806997088677968
725;0.17197007068577583
726;0.08706107068080902
727;0.03953421718792685
728;0.12023141424554024
729;0.1928407381788321
730;0.1083041221759701
731;0.17885625159741383
732;0.15961398387279935
733;0.08299849327653719
734;0.1258155126313345
735;0.15117970944075032
736;0.09256589243696152
737;0.1686699388383793
738;0.05035173442198004
739;0.09808649514530876
740;0.02347258891456532
741;0.12055027167009841
742;0.1345981450694178
743;0.11951352060196077
744;0.06968725496206281
745;0.03429138025390377
746;0.04246441273743254
747;0.006683671870728669
748;0.025294407506561513
749;0.05034727996791591
750;0.1709989128256053
751;0.03839742038854219
752;0.06943920559459392
753;0.04682411810365481
754;0.09565843034898876
755;0.11590759603601793
756;0.12006576456752971
757;0.05101627272534535
758;0.19760065955253617
759;0.11687712562480757
760;0.10196091798701715
761;0.19337951667058018
762;0.008445698191749585
763;0.04542752485640118
764;0.155470232159491
765;0.0007781154760009512
766;0.15812695747968497
767;0.06643765584319786
768;0.007181222301538015
769;0.06885772840943005
770;0.19764523361947783
771;0.11865725625313667
772;0.14868958156635478
773;0.12875320338837776
774;0.09085133185409429
775;0.07791553862762353
776;0.16980993997229787
777;0.09637839769833195
778;0.009254162991945125
779;0.17169183823932607
780;0.10994207369847123
781;0.13187439020377786
782;0.1870739858352112
783;0.1912603141581131
784;0.00048068315709846047
785;0.02070165352900053
786;0.08099491748107031
787;0.18819089178466086
788;0.12361156758419967
789;0.08913099835709325
790;0.09264122893440137
791;0.14222686602151044
792;0.09613336914251001
793;0.15551481848094295
794;0.11800644303706638
795;0.1918269069269578
796;0.11029182105457885
797;0.10380852041092184
798;0.029283738558265295
799;0.18280029934731973
800;0.17957131042404043
801;0.1920153124746514
802;0.09451082102001772
803;0.08313731327546614
804;0.04650795898415741
805;0.16603546799640173
806;0.04246640929707162
807;0.02544875216267424
808;0.19540470187335074
809;0.009676952526128303
810;0.09645116329176351
811;0.10211478239839711
812;0.07382427563244605
813;0.10089891997894429
814;0.1494400681507936
815;0.01902028009145773
816;0.02012905747069147
817;0.17797761762934428
818;0.15243013639086048
819;0.06465222309058553
820;0.16536538881241003
821;0.19638591851336046
822;0.012804981788206394
823;0.19895580290738682
824;0.050050285926696005
825;0.17582984498196003
826;0.04154858525282126
827;0.06285547681769836
828;0.030140164500418034
829;0.14349062797683013
830;0.0757469688107602
831;0.13468156515691274
832;0.03623718836520724
833;0.07581105579177837
834;0.18739528262868277
835;0.16404992928743414
836;0.17595879693334265
837;0.15681001294225488
838;0.11861256824877452
839;0.04497207385185118
840;0.026012429880514377
841;0.0898239964638174
842;0.1588093137536367
843;0.112264798541418
844;0.11543555583446563
845;0.15169032392777407
846;0.12083178186736719
847;0.18380917432195315
848;0.12175724699375506
849;0.19298882192092096
850;0.061309734477638836
851;0.059470472728880314
852;0.01326029083503677
853;0.05736934202900739
854;0.15873039149774948
855;0.06575546141269879
856;0.1671282906224814
857;0.12740518726114633
858;0.1499662585228939
859;0.06568611902247733
860;0.01961401696998657
861;0.011783001492337797
862;0.12277587759042485
863;0.06755018423449581
864;0.06357149979900688
865;0.019799175504456246
866;0.18366448909847688
867;0.1657422279391549
868;0.16369912120527216
869;0.19656189252305128
870;0.018154558070705318
871;0.007349668686753708
872;0.08263308236016859
873;0.04722576180320577
874;0.10910415075037908
875;0.10039263737304947
876;0.1493969666064694
877;0.18956305909048168
878;0.026431313589845896
879;0.10358509357363876
880;0.02846719754385867
881;0.08087307932319227
882;0.097332301165012
883;0.10672495635288148
884;0.03170129531995885
885;0.06635898301717802
886;0.19274445893783662
887;0.013374140684680081
888;0.08884187527818635
889;0.04337569555727261
890;0.19927005358843244
891;0.13646047746517515
892;0.08012711674463589
893;0.049116661498932596
894;0.08263831409616806
895;0.05248775048709038
896;0.008339433511055261
897;0.06914231576505903
898;0.04710868502150223
899;0.12914988105929487
900;0.09697411480567933
901;0.1478598097931658
902;0.13541194889354546
903;0.10775069363380202
904;0.02116416891144364
905;0.007683239255912012
906;0.16442015530630683
907;0.07858334429797482
908;0.17663307132833214
909;0.1574823175853785
910;0.053481960043931576
911;0.15817310184148822
912;0.10005671135146905
913;0.129226194103067
914;0.196823688957656
915;0.09444350879863442
916;0.19221592609819893
917;0.03390290830725162
918;0.017235865555244655
919;0.1371541357885169
920;0.02195887510695398
921;0.15672788879676902
922;0.03209317768242916
923;0.03275788827373079
924;0.09651918513738895
925;0.12944249627895424
926;0.1661255706379124
927;0.1838286379602595
928;0.013634775239378573
929;0.0528047992381963
930;0.054294107603010525
931;0.14711043601014068
932;0.015246548641199766
933;0.1529348560018382
934;0.0932246154982356
935;0.15467059757154583
936;0.060317197928394434
937;0.13199684500545816
938;0.1580841935104228
939;0.14688295214727906
940;0.005925439525300291
941;0.004132342286931934
942;0.05514994388133157
943;0.18634474720779937
944;0.10216910933832357
945;0.13351726490050816
946;0.07585086023133387
947;0.1966475107822535
948;0.073770804746765
949;0.14796567864308027
950;0.183409976047807
951;0.0798438789484614
952;0.09870909781765497
953;0.12064173272242458
954;0.16943624332924953
955;5.58677869042068e-05
956;0.18327692856586858
957;0.06433211288908934
958;0.19740091703613186
959;0.08049779070791824
960;0.05495925936818298
961;0.05863629833965252
962;0.05575755989562146
963;0.051206619517330104
964;0.06096653261240137
965;0.14825228349358044
966;0.042711521525043275
967;0.13482796351311663
968;0.1481188310804431
969;0.12730160968538576
970;0.18232337858259776
971;0.1635892012596437
972;0.027686764001817646
973;0.08427781302724387
974;0.10996484209240845
975;0.13973215221592913
976;0.14096188568746612
977;0.17784936451125502
978;0.10872255652483827
979;0.1933952580833087
980;0.17412622260314134
981;0.17279952888483657
982;0.13764791445147048
983;0.19842777369104858
984;0.18151009269360488
985;0.04712859459410728
986;0.05243699236681176
987;0.18497168203193826
988;0.12568786362691442
989;0.030332023531312105
990;0.12317511506280426
991;0.08758976205685108
992;0.13214514924238716
993;0.17764166687454497
994;0.054462644431794764
995;0.18042081660261855
996;0.025311287777191896
997;0.14013474705791093
998;0.09985308223583678
999;0.14620130431886622
1000;0.18228883382979763
