1;0.023611234364294756
2;0.03688246329351598
3;0.0562177225859966
4;0.019562331035676284
5;0.04382939577386509
6;0.02469100922141141
7;0.047261120664399636
8;0.0889521675952203
9;0.06582210556140468
10;0.04046740029283478
11;0.05676317828083093
12;0.07167023398540766
13;0.06540369476284107
14;0.05561765728660494
15;0.029587424320559077
16;0.0085203498426218
17;0.08666285768444154
18;0.0777447380001631
19;0.07621895651880085
20;0.033170428351538384
21;0.05329291504198489
22;0.0043257435818753074
23;0.06629606417003024
24;0.030657189805759336
25;0.026246775887808216
26;0.010490400286693803
27;0.04035524990750303
28;0.014452770320322328
29;0.0646228024748293
30;0.030624595219206442
31;0.021060200337000835
32;0.05359680827361481
33;0.08209889396830061
34;0.0070065373586275185
35;0.037192028428301986
36;0.08268564744696465
37;0.05286873478647724
38;0.00966675560570307
39;0.08551920637012253
40;0.014796516636221802
41;0.07135954433731405
42;0.0831896803762
43;0.08238450626527222
44;0.07074716442122997
45;0.011179253590995177
46;0.0810495186667434
47;0.01558952518658311
48;0.024050709988477848
49;0.08699677454873841
50;0.003728746914823422
51;0.07699225867540513
52;0.03824427422949148
53;0.03631132472877485
54;0.0112693194194892
55;0.09376016721103672
56;0.0260576635609038
57;0.0552432731948728
58;0.057955891284830856
59;0.017905233413676502
60;0.09462358669896126
61;0.06679252959325678
62;0.08949611055751412
63;0.027176779694515887
64;0.02041808570856626
65;0.07697394653647496
66;0.0976931530926845
67;0.08263229695919411
68;0.012312203745688277
69;0.030882763544156113
70;0.07518587690066358
71;0.008315122857357271
72;0.0002926796758487726
73;0.006791794264816121
74;0.0958867580778694
75;0.004875025421772306
76;0.06807134117804434
77;0.04226452912450205
78;0.03063039940702128
79;0.04906575652524262
80;0.029913358154927617
81;0.03137833773424024
82;0.02663606851839864
83;0.03625326373567106
84;0.037262367332922534
85;0.08982092607944728
86;0.011503791354543647
87;0.08573554076931228
88;0.036744926362634
89;0.07749445962464403
90;0.057508783357334906
91;0.07569121647769195
92;0.01876099135777283
93;0.09397232613026121
94;0.07781085511411373
95;0.06440672283851322
96;0.06443114031379271
97;0.045914777764763215
98;0.013423973225939634
99;0.04218924916609176
100;0.04076342924754986
101;0.018706638518867568
102;0.05656548151108235
103;0.007475330006884196
104;0.015962722220109304
105;0.02536488440957596
106;0.07866257209964367
107;0.03853571071854794
108;0.003277678141180174
109;0.08987447225319381
110;0.038976238793928975
111;0.03959462912009222
112;0.06232179063573565
113;0.027726369864940627
114;0.04221217535953692
115;0.023167441006516267
116;0.004907100964509581
117;0.07862192962305709
118;0.07973848541891751
119;0.04002912811444444
120;0.08836756700740267
121;0.021093986028081546
122;0.026033838834188573
123;0.025625072065870027
124;0.03421791252978529
125;0.06740241299709199
126;0.03231398761065176
127;0.0241023849685456
128;0.00598558842967456
129;0.01658615934802058
130;0.05347198821839749
131;0.09802131298508729
132;0.07764335814884589
133;0.08057445097847993
134;0.05131649960093259
135;0.0019546703747910124
136;0.007844741229211393
137;0.08765577831952284
138;0.08266151128676416
139;0.08510357691816177
140;0.08056884157416834
141;0.051940488964056064
142;0.05563373963257145
143;0.09970507792759832
144;0.05194590542886893
145;0.08894256189086736
146;0.016803131780393877
147;0.0820390343542838
148;0.05846201625218246
149;0.06791701084436548
150;0.016117393701368832
151;0.0026956450445859816
152;0.015929682122528467
153;0.06197186850156501
154;0.09438265292688874
155;0.012230166671599586
156;0.06789368488673617
157;0.09706515613317412
158;0.05842466883732137
159;0.0880758313343408
160;0.020942492032256888
161;0.05841533637829215
162;0.008541729417436606
163;0.020720796552441724
164;0.08753161625015883
165;0.01834269504787347
166;0.05967186783074259
167;0.05528463981310464
168;0.008731948366325671
169;0.06722840871462331
170;0.07798258415120887
171;0.06586737248393895
172;0.027265512284318495
173;0.07146211713284714
174;0.08971081643447702
175;0.06192389342706481
176;0.010571163190497702
177;0.05436628820273918
178;0.07412125769901758
179;0.07883579509944509
180;0.09784772602868273
181;0.06531513817511139
182;0.06607158059764358
183;0.08228611012300245
184;0.004212169383978182
185;0.060696189982115234
186;0.03651400823056165
187;0.06451255860563583
188;0.01019795266036392
189;0.04320229580524676
190;0.0010359372645689757
191;0.05214348638204326
192;0.01892781657681856
193;0.02463112833574206
194;0.0692865585109231
195;0.019128473034706994
196;0.054760846242345854
197;0.07707576344256356
198;0.08981877972929281
199;0.013811800786163064
200;0.08332781020846464
201;0.07270249679230927
202;0.024111881693319494
203;0.06944892270480396
204;0.005198995818128294
205;0.03295317678864331
206;0.06803504547479956
207;0.054397983060971745
208;0.021674227615051223
209;0.07715010197436623
210;0.09209657780780861
211;0.009137333802685322
212;0.05422628014755574
213;0.0216797426054018
214;0.09326871401757403
215;0.07235903092690905
216;0.058829336657180924
217;0.08632146393487113
218;0.051011529760318065
219;0.032025886995531716
220;0.018503400760574162
221;0.038301238983786325
222;0.02528669426897259
223;0.07925079896424185
224;0.06968084092882275
225;0.03555078336749939
226;0.028148147620330313
227;0.02843152123024738
228;0.07624603720485766
229;0.07915096616957944
230;0.0789576140187425
231;0.06826261636672364
232;0.07336050537426393
233;0.05454784598593283
234;0.015556345532944382
235;0.040562670049354516
236;0.05646543055150136
237;0.026243071451941893
238;0.05795277311300673
239;0.04870226397796698
240;0.08902846213092132
241;0.0819158931440776
242;0.06530027925188628
243;0.01131059563215754
244;0.07234284212956715
245;0.0893468661855966
246;0.08363035225759277
247;0.08556204970043171
248;0.03944765388871882
249;0.02775333470914615
250;0.09726666486079999
251;0.026262005953850254
252;0.03908407150683593
253;0.028621213956944194
254;0.0030131294774560892
255;0.030434711142712803
256;0.03293943769417769
257;0.02480009484850787
258;0.020454719724012384
259;0.09362777534318174
260;0.07293630477872907
261;0.07993745905820455
262;0.04046457133521641
263;0.048098022789493655
264;0.07634748050128937
265;0.027917383770903383
266;0.08593229946079628
267;0.027725055969771286
268;0.08170964087101235
269;0.025061025174487862
270;0.09482659750293776
271;0.08578855643577667
272;0.022824613550784457
273;0.01022739107069528
274;0.05695652369547798
275;0.004829041101382981
276;0.03054462165403489
277;0.04299042880408854
278;0.0919822362626068
279;0.07315606523730746
280;0.08213723694330594
281;0.07100774489994825
282;0.09432103768438899
283;0.04035887557633536
284;0.07953693157620617
285;0.07994468449121425
286;0.035835589188988125
287;0.053505487215735115
288;0.08620431018793334
289;0.050037055985640545
290;0.01221358127433837
291;0.045646737997296516
292;0.05435379315638492
293;0.067033557717371
294;0.04005275224167368
295;0.09859189338263778
296;0.019312278322204824
297;0.0823273721176555
298;0.08761973455460574
299;0.0734138197894479
300;0.050877651874983665
301;0.055250330191084135
302;0.02588821061731328
303;0.016482038435193625
304;0.04427901712223831
305;0.0430513883436327
306;0.00906439155460327
307;0.020088051073707515
308;0.05888737898575002
309;0.04240838339177148
310;0.023786312593598105
311;0.03929966131595694
312;0.0597038242191785
313;0.09014047579252416
314;0.09513857038859423
315;0.07255131320529086
316;0.040825247594523495
317;0.07088803794194164
318;0.015459779237364003
319;0.07227862769258075
320;0.02257725128630622
321;0.08386991390191034
322;0.003695453826110218
323;0.07728647293291123
324;0.06645304810158874
325;0.032936825481738076
326;0.05626032787172567
327;0.032780453319882254
328;0.008673392548132519
329;0.09657207375192169
330;0.093883827424358
331;0.06654206669298873
332;0.09761401404543776
333;0.0008485145775320336
334;0.08546998470558914
335;0.09180852342789231
336;0.02492187337516574
337;0.027213609793729235
338;0.0510727894610589
339;0.022735440202227578
340;0.056554360671676386
341;0.09361907186162392
342;0.012529787985470497
343;0.054177524488318224
344;0.040959016723505486
345;0.0826004037580672
346;0.09425487514935049
347;0.012431913988778676
348;0.03400410525338445
349;0.0385243295738439
350;0.022601847560634436
351;0.07159392521083713
352;0.02191781863706519
353;0.05264789701399761
354;0.04049832385275831
355;0.005099145432072716
356;0.03491706375165512
357;0.0330187500684097
358;0.06096278986027116
359;0.0915994020070318
360;0.0298869175110699
361;0.0526349066884568
362;0.024402622884455494
363;0.07807114016624568
364;0.043551685913434106
365;0.010862997173957467
366;0.0834800603144933
367;0.014341710818964126
368;0.06860357567302972
369;0.0035143963192356686
370;0.03294064463102775
371;0.09203419730969035
372;0.05572071793016434
373;0.030599011587336678
374;0.0942890019135608
375;0.07410558726617386
376;0.00739080653747195
377;0.0040354799386658315
378;0.0007400324686138937
379;0.051043343302298996
380;0.05169259909926796
381;0.05218412011191584
382;0.02932589904097778
383;0.09743032225118153
384;0.09686711705530371
385;0.07352054227079667
386;0.09183507133447927
387;0.04800570914293966
388;0.08441734096297826
389;0.09450644601547475
390;0.07023604591090588
391;0.05663715823418663
392;0.03803390257570269
393;0.01015580871606715
394;0.04766113681908708
395;0.08641443691466025
396;0.016512048265844237
397;0.06618493906285089
398;0.09208872650824909
399;0.0446692267257816
400;0.09881449729112465
401;0.02152849939611421
402;0.03968246072945486
403;0.08234883804709738
404;0.09925223053329281
405;0.011043004507536359
406;0.0565805700630424
407;0.047611953694841974
408;0.060559805996600984
409;0.005394056452922503
410;0.023337484443807247
411;0.030724161198886747
412;0.002658284940874134
413;0.02335133355359106
414;0.09195368705075564
415;0.06836554455217556
416;0.058193429543808475
417;0.0725060642562224
418;0.08672303610912907
419;0.059407893123001855
420;0.09106408839599625
421;0.0463152041352533
422;0.03842984352240968
423;0.012074120986004168
424;0.03471824924795939
425;0.09205447323681147
426;0.0038851153029720643
427;0.08274169930519337
428;0.07302956888688825
429;0.003285229581394633
430;0.05710686177970298
431;0.002113826387258899
432;0.07979546754092219
433;0.023266562177759076
434;0.013833647408277328
435;0.06688861249871622
436;0.08790878925551943
437;0.0701635957459492
438;0.03838531930709097
439;0.033164857260865745
440;0.010223005610595937
441;0.02977057785359846
442;0.06301317166132012
443;0.03659316530228873
444;0.04649957178189146
445;0.04789238770063874
446;0.09053174164343598
447;0.04082733737387702
448;0.09267707769887673
449;0.06640961209914546
450;0.04972136302081655
451;0.06686536122136287
452;0.049866003214063793
453;0.08649435590905166
454;0.07542634652771624
455;0.09580038568458661
456;0.026631931771202468
457;0.07199145486335594
458;0.05322549147068439
459;0.024722887396744476
460;0.0649605145935691
461;0.029880116997570462
462;0.05486531501050317
463;0.0642447925456984
464;0.08537521613552983
465;0.03190549198577702
466;0.0697711300303102
467;0.05618374184967726
468;0.01259731169462245
469;0.038697625039049714
470;0.09798467262418749
471;0.08791945252496704
472;0.09792951319026375
473;0.05125494437703326
474;0.034233190367054425
475;0.06220808529930103
476;0.0416229639251145
477;0.00017948580925264412
478;0.02787686119290026
479;0.02964036278541562
480;0.055638913167145004
481;0.06624840917801543
482;0.013164878756995603
483;0.03803437779409441
484;0.007107116801934077
485;0.02467922071178559
486;0.054318844688276906
487;0.003771515301205253
488;0.029584064902577104
489;0.010313765302821732
490;0.08650786643762583
491;0.041642171230223804
492;0.020687721098675827
493;0.06316278360405458
494;0.031448510473794225
495;0.027800031904732816
496;0.09262465815678579
497;0.03180447075465683
498;0.009677255906012528
499;0.06405082844299519
500;0.03969162027789239
501;0.09244434183425954
502;0.05799237210506134
503;0.06491780554545755
504;0.07721543659348895
505;0.06231094139576916
506;0.04105362684889387
507;0.048359336308421874
508;0.04371888057660969
509;0.06291923481755753
510;0.07841050361351688
511;0.05258880747575262
512;0.04349644278422307
513;0.039443776841070394
514;0.023222868137308252
515;0.0033942926363951576
516;0.08806104247780934
517;0.079245139940871
518;0.050546117929509096
519;0.09078930670193874
520;0.022436553679817308
521;0.014646798902433134
522;0.09887973936660499
523;0.04293598422408871
524;0.07299120515455808
525;0.06264200856034365
526;0.06883855571039936
527;0.014233267418517949
528;0.02431984525541512
529;0.024867410780473068
530;0.0223074205692296
531;0.06799181181548732
532;0.06814045306987994
533;0.06111934502037845
534;0.08480954224831588
535;0.016402183403747418
536;0.04401694768925856
537;0.059310951260237124
538;0.057793285349204596
539;0.07337443881984282
540;0.029924997956089064
541;0.03587418079767037
542;0.06330559152231956
543;0.01188607290539897
544;0.0666227741610313
545;0.04168431831912653
546;0.01219519194388511
547;0.091357095315302
548;0.04928564148102284
549;0.038469182739150155
550;0.07084220699019607
551;0.07022399749828982
552;0.04612541787844171
553;0.0003552361126776371
554;0.07695130401405953
555;0.05852953691225021
556;0.06772665846736085
557;0.06372579812778438
558;0.03155383775936669
559;0.09607737678667864
560;0.04508460688973773
561;0.07493685824056825
562;0.09968855010138367
563;0.0965911937793703
564;0.011048722662170952
565;0.06300991469071764
566;0.043147619387778335
567;0.08325455542076786
568;0.031136585913212292
569;0.04834532013828344
570;0.045145204943695984
571;0.035808336469418944
572;0.09005754656291061
573;0.07497856759717568
574;0.02741952087160734
575;0.016683846061957164
576;0.01593695578623523
577;0.054732981037257405
578;0.07248088447736314
579;0.07323382363164582
580;0.04931875092771979
581;0.09364371935523283
582;0.04980121968525595
583;0.09069931181791209
584;0.02639216384069658
585;0.0034347688613606043
586;0.0007290349955079711
587;0.03695988891023433
588;0.06190908640266635
589;0.029231225542965256
590;0.05107061137037903
591;0.09889848366501094
592;0.0074967814398598015
593;0.03777606854361744
594;0.08996913247995457
595;0.09452092770920693
596;0.0023517423525963757
597;0.06783215621406985
598;0.010209979178844187
599;0.0482694180441968
600;0.07891979027271342
601;0.07304205939808088
602;0.08379775206553526
603;0.04412102360083958
604;0.08567036692794414
605;0.026361975972449627
606;0.00701989919163607
607;0.06281172810650895
608;0.05063365324809471
609;0.09453086637642245
610;0.07619605999922145
611;0.05046787318066434
612;0.05633841501906137
613;0.033499721710813495
614;0.04217983279215849
615;0.0019237485247714514
616;0.05072594310986494
617;0.01300768496990621
618;0.0009054907635359434
619;0.05541839464833048
620;0.08800531792997894
621;0.031817822999083936
622;0.029886084754274723
623;0.08210631110382755
624;0.03109997470734449
625;0.012952252732604065
626;0.07186459627785911
627;0.09618000740541349
628;0.059087869680868446
629;0.05344612399065919
630;0.0534574750982615
631;0.06159215919356264
632;0.018994728323245582
633;0.09034926854066011
634;0.02620531673672514
635;0.08370303237070267
636;0.0443514288427362
637;0.015447335150545506
638;0.052661226830139435
639;0.09396659022069331
640;0.0056325054938555115
641;0.010758617335974907
642;0.04681217563671985
643;0.05972522347241393
644;0.013985288775317095
645;0.059316997631583185
646;0.02001463679666985
647;0.04985071687584896
648;0.04500918027711526
649;0.01958547860951311
650;0.09759446604632079
651;0.09557898324232234
652;0.04595183930750292
653;0.029475600519196635
654;0.015198369429067927
655;0.012548870938045277
656;0.026013595762003707
657;0.022532437689073027
658;0.024505026228037977
659;0.09637217944676736
660;0.04387951204124622
661;0.034292683717353244
662;0.03568275805252937
663;0.07592656171246241
664;0.07504994917624629
665;0.0724472306388228
666;0.07859708922468862
667;0.0473602470949451
668;0.05855640586390435
669;0.09898977415696546
670;0.07706144911060604
671;0.019818164259893103
672;0.08179878565439451
673;0.04877847812373001
674;0.09007916354620422
675;0.08878322425150205
676;0.04240103752534457
677;0.06778298712984177
678;0.07666556106066094
679;0.05281339217263421
680;0.09116352626196314
681;0.08949523332027581
682;0.04237150614730445
683;0.06206245525879535
684;0.003252029408673307
685;0.0857239854995099
686;0.0843096733945944
687;0.09485108961145106
688;0.007442648716174016
689;0.09685076050427523
690;0.09356669467654852
691;0.06899181974267281
692;0.009840160179189029
693;0.06675929618557486
694;0.004732507038032675
695;0.035895073326140725
696;0.08225561509157425
697;0.031021293316679854
698;0.07084662187035327
699;0.03871748381733839
700;0.07484968465793045
701;0.02426108940427483
702;0.043297414189193195
703;0.06986651015190626
704;0.006283492710820193
705;0.08381385843934869
706;0.0002760924294849199
707;0.09337008774181897
708;0.09506806240821594
709;0.010226394716489463
710;0.007303784319200735
711;0.07412688726034952
712;0.08865522116287637
713;0.02738565132338603
714;0.09913939118022366
715;0.07350394266626958
716;0.060826776867657306
717;0.034801386083682266
718;0.008338500341562239
719;0.023189658110172363
720;0.07224946677317297
721;0.009680403476958067
722;0.05238178252899901
723;0.03722905261413757
724;0.03779124885533928
725;0.0769516085128928
726;0.005673901606226717
727;0.06899751349905195
728;0.0563789408548133
729;0.071658595201207
730;0.023912519262589017
731;0.06204718986294205
732;0.0780996236507393
733;0.0015078264823601196
734;0.007631652021549296
735;0.09180823109410226
736;0.008198043070454809
737;0.06391525781718124
738;0.031474637032531574
739;0.05792165585869197
740;0.07614904593747258
741;0.07464975898075606
742;0.03417156247636462
743;0.010908331366833002
744;0.07212830124766034
745;0.06722150628505084
746;0.09027978500255945
747;0.040901965262908006
748;0.07691724858303227
749;0.09060723777995792
750;0.0867664944909366
751;0.008456887769549304
752;0.09970123195817376
753;0.03508213152356128
754;0.03707378571403302
755;0.05760412652289503
756;0.012936420150575745
757;0.059298990357992576
758;0.004357844381226184
759;0.04226897204966107
760;0.0781169846599497
761;0.05928128720012315
762;0.017815198874391924
763;0.08136557986331797
764;0.053767238062101236
765;0.02029961454366166
766;0.04379760411215873
767;0.018912819622996235
768;0.025235817929928052
769;0.06533146573533337
770;0.04987369278084837
771;0.09636850543665795
772;0.04622721155582504
773;0.018895117572558663
774;0.002839679031744824
775;0.07822081587472564
776;0.07581086087125775
777;0.0549188100408922
778;0.08093488974742838
779;0.05167469403751912
780;0.0912220423669453
781;0.08081370848068574
782;0.02409707631454261
783;0.07255807454074344
784;0.09477967129991123
785;0.005896257770935243
786;0.016745144874030993
787;0.059395056726504275
788;0.0687935807295821
789;0.05604377379424193
790;0.07449724000322826
791;0.07766526695354255
792;0.04904728158567645
793;0.07066077811852142
794;0.06972010393246762
795;0.037152489317492925
796;0.05364681103447727
797;0.08342140167092581
798;0.06081535168793087
799;0.008268504457894787
800;0.09089806723683412
801;0.03892651176039801
802;0.06644967605385786
803;0.004326097044191879
804;0.09637218778218254
805;0.03576748137143337
806;0.07027250815767452
807;0.011824430985543522
808;0.006561439239073774
809;0.09750731236244994
810;0.08303384895285203
811;0.04742136087639079
812;0.0264225021321329
813;0.0027285748210442275
814;0.012940546601764425
815;0.038159757742803085
816;0.0006830243936001069
817;0.02830650006907144
818;0.0632493922403696
819;0.07118751368722172
820;0.02321262883573614
821;0.0805546128589868
822;0.0928067768757789
823;0.01698242920615475
824;0.010289390097000306
825;0.04709973189848637
826;0.017537374711174593
827;0.06100976821051817
828;0.06600928112281115
829;0.08426386994813138
830;0.06560182572966805
831;0.047336992582584336
832;0.027826876436304628
833;0.052840275585999234
834;0.06649294790760144
835;0.07577806736428594
836;0.027022983721478624
837;0.09196271479788115
838;0.03780496884981258
839;0.06777517311552232
840;0.04846777559241172
841;0.016052410837018916
842;0.0934896260618575
843;0.09789781896217126
844;0.017439935024015762
845;0.03969204278416595
846;0.0885285902246529
847;0.04903849271931874
848;0.07630712405616322
849;0.002434354791260418
850;0.05668796750595828
851;0.014176748196997347
852;0.022156894276329733
853;0.041371529981761995
854;0.023424625311236527
855;0.07257147475124125
856;0.08054264265465501
857;0.03806544482104107
858;0.03149753527857093
859;0.046052425845645284
860;0.09697063336590492
861;0.006172973744985877
862;0.02398301797861443
863;0.07597312898578024
864;0.06238554771710995
865;0.08796023018362832
866;0.02794256627372549
867;0.08981638668967812
868;0.08414593069722008
869;0.010175982543626916
870;0.07896976931483125
871;0.08304256874972543
872;0.07015485988929834
873;0.015384289982981969
874;0.016587357468339694
875;0.03137128703552431
876;0.012243838074925961
877;0.032376492961026584
878;0.03325759106562483
879;0.0823398960139309
880;0.03212792157032265
881;0.0026682770827235027
882;0.09746104737323912
883;0.04091636643877136
884;0.07335244404202566
885;0.07088746137108254
886;0.024555783681544176
887;0.07496987454941897
888;0.024071039273582173
889;0.060674787275277364
890;0.05382240449329232
891;0.07263790985964913
892;0.05099243095877919
893;0.06474159586048388
894;0.0019696262389997444
895;0.07818270687452537
896;0.015690502705980925
897;0.016064214526037204
898;0.05910768648220021
899;0.05254296053077018
900;0.004117795923455381
901;0.049589830433789284
902;0.030428143526347363
903;0.0853627742924403
904;0.09333632868687367
905;0.01739982095967364
906;0.062057836853756154
907;0.03382733924273629
908;0.07768439381498649
909;0.026812489086689185
910;0.06630977359524273
911;0.05034590774609952
912;0.08061143631080772
913;0.029808976658750066
914;0.03645469801877164
915;0.05336209699163257
916;0.05570843418352947
917;0.07803983234783342
918;0.010685474364344883
919;0.046613729220496926
920;0.02542936377335422
921;0.0009219711818864274
922;0.082335829885085
923;0.08962955158311053
924;0.06723909350742373
925;0.08086716246384267
926;0.027793660137553102
927;0.013959099370188167
928;0.08947912375945923
929;0.0026938717060143837
930;0.042662311619728645
931;0.04917318413158374
932;0.022899337981534585
933;0.04054763869146405
934;0.023431991853587242
935;0.00469308009754682
936;0.02608703614715996
937;0.0774581473195968
938;0.00895030326864763
939;0.07913057794542376
940;0.08760532760985416
941;0.05259217215490145
942;0.05525876354545825
943;0.0323213535849729
944;0.024802962124632667
945;0.059267019069572525
946;0.03419846636467089
947;0.05966949615882901
948;0.004699990741354654
949;0.0007735946470935674
950;0.06036896240743536
951;0.05993037438164994
952;0.05777414784277819
953;0.03573505021574082
954;0.0258603031091604
955;0.05414102586527219
956;0.05558493907447966
957;0.07153986703864414
958;0.0011023682686753578
959;0.08097898856075335
960;0.01381193198858346
961;0.05365076075636678
962;0.05949859811697104
963;0.02773040845493532
964;0.07148557166148342
965;0.09236673714545339
966;0.07584215990906983
967;0.039227031342442126
968;0.09120816536176868
969;0.032822052564533924
970;0.05416812083633571
971;0.09956341438985979
972;0.007754374870396841
973;0.012487268602085001
974;0.06806963274436231
975;0.0693750613340275
976;0.015687757529119297
977;0.058133980960631285
978;0.0868023688324409
979;0.08080251023905996
980;0.04908095315673355
981;0.04103942448293457
982;0.0638696149528973
983;0.03116752680735524
984;0.0044874512132424774
985;0.005701579591172357
986;0.054775158052576926
987;0.003945211577143726
988;0.08518692399459361
989;0.02322126746580241
990;0.0950169283273887
991;0.05437650262052051
992;0.06768674930372028
993;0.05199733957383375
994;0.06473846097001547
995;0.03683671067642641
996;0.07218279949732002
997;0.03237829246086512
998;0.029126758479958294
999;0.04371506385874006
1000;0.0039755674519741605
