1;0.10123799105935521
2;0.017117631744948448
3;0.06572688449169271
4;0.17766809612995246
5;0.10135188164365845
6;0.15725043905898528
7;0.021258718739137473
8;0.08211683626469563
9;0.07260519267916431
10;0.020808148746858504
11;0.08358839310956259
12;0.15126813130783925
13;0.1235208860282635
14;0.1682244782904992
15;0.050917897189934315
16;0.06796989198146235
17;0.012920115992768788
18;0.18865942968376162
19;0.005283735387436473
20;0.15406686942700268
21;0.08287953508124153
22;0.16248483268357183
23;0.0281898414977529
24;0.04619070726911037
25;0.1574417149304529
26;0.02991340559792932
27;0.16300628302530706
28;0.05543103255912827
29;0.12100516869890834
30;0.01412869935666512
31;0.15498312715357923
32;0.047790146373076596
33;0.12114302171044203
34;0.0447431037207791
35;0.18794604065230558
36;0.10434946298107442
37;0.15073973051401587
38;0.0848654541738432
39;0.16813245202475519
40;0.1379488793411951
41;0.15426346830442816
42;0.10624677280022143
43;0.19150243134820244
44;0.08677666731996347
45;0.18397316050870646
46;0.12420123519387316
47;0.1733247424944581
48;0.10518551920351515
49;0.08840389774288245
50;0.13411162579679933
51;0.1455575113875835
52;0.0876889043364477
53;0.0820828964033522
54;0.02562972602916973
55;0.16400953245487837
56;0.13661531361061255
57;0.16704366859389033
58;0.12193913355850217
59;0.0434001111911206
60;0.17515847500186021
61;0.07606730647381227
62;0.11149275844404405
63;0.06324176631261835
64;0.00819260354843685
65;0.046998513774804844
66;0.11892707673509262
67;0.1294499602198535
68;0.10570371861309923
69;0.07517058522934228
70;0.14794983150895724
71;0.016350143202667946
72;0.15004564966709114
73;0.08724558483999728
74;0.07575850257849025
75;0.15338351024317806
76;0.1136981426360425
77;0.03142710356057954
78;0.19178601353153368
79;0.16777414481101027
80;0.06212620896480712
81;0.07583667459866426
82;0.11617477345082723
83;0.18617147327700156
84;0.14521185095148573
85;0.031602775585129875
86;0.1832958569884563
87;0.07057572166918258
88;0.02995582595250701
89;0.05926580369909909
90;0.10574840818206883
91;0.17586616688264955
92;0.057543867317261556
93;0.08380930225758912
94;0.010060195237573089
95;0.038139524235743766
96;0.09338549311278324
97;0.0027486466376080323
98;0.12318291388848766
99;0.07288206753798468
100;0.15166207860894693
101;0.06109094237219717
102;0.12997060237214128
103;0.14113598427377383
104;0.036836057356562237
105;0.10880418226233057
106;0.122237928889247
107;0.058270308641749896
108;0.11361307642343409
109;0.04639249970087598
110;0.08117372951214874
111;0.08875931460815667
112;0.17002130121831804
113;0.10034463520088821
114;0.05641520873326316
115;0.04959658563444289
116;0.19756641940867867
117;0.059277401320496304
118;0.1306668619184028
119;0.016223775175149835
120;0.019349465328677186
121;0.1821201714172325
122;0.19086380157319982
123;0.12045796942405469
124;0.0718662678214254
125;0.18143357693273776
126;0.05736884002134815
127;0.10708216448748241
128;0.03573267249494821
129;0.030354024070064912
130;0.05469401587399121
131;0.05908936944580532
132;0.182192235804495
133;0.1889066215594979
134;0.029081418486563163
135;0.19275957312179817
136;0.18901557387781354
137;0.1954756006689801
138;0.08911595238627668
139;0.08321297150863222
140;0.026681897531606102
141;0.18679932126370136
142;0.16772623751953886
143;0.19202231604153244
144;0.12375230373122795
145;0.0897903670751079
146;0.02678985683964612
147;0.0635306619852954
148;0.14909518852338263
149;0.1250510869097294
150;0.18774197008562496
151;0.18116795322195597
152;0.11615673976305536
153;0.07413493499497817
154;0.0988254396303365
155;0.012622695456529876
156;0.13901420529578631
157;0.02710587105894955
158;0.056939382553429944
159;0.06781921311277686
160;0.12566868880707613
161;0.11408878634106326
162;0.03740703023387917
163;0.11724026432412081
164;0.0741671469438759
165;0.17908504359565808
166;0.1149924813206072
167;0.026811205289120423
168;0.13972441932546487
169;0.07465121547807434
170;0.18048012260007934
171;0.018720103296657943
172;0.04642441165977418
173;0.12634684256713585
174;0.004901159864879512
175;0.0008899391352623188
176;0.08014819003940028
177;0.1974916705585814
178;0.043429178624480126
179;0.08627017034814831
180;0.09621038576103125
181;0.18075621633569483
182;0.08272485713951057
183;0.1392033805742466
184;0.09838593748253105
185;0.1505053760734837
186;0.19302642669674505
187;0.016954637038369812
188;0.113514688691361
189;0.14325891135197974
190;0.14353771267938847
191;0.04493163263729112
192;0.06444268066636871
193;0.1746258434231558
194;0.03406615921384737
195;0.09174410129915592
196;0.18623446742235691
197;0.07816101466581751
198;0.16092922891386532
199;0.019667922744774514
200;0.02516821520239474
201;0.14913261857006374
202;0.05400901488885415
203;0.11181667965548235
204;0.12154907736429149
205;0.08495439435161325
206;0.020333696361182763
207;0.16937391055741624
208;0.0956900229867745
209;0.012807839198279726
210;0.05289683474947824
211;0.16589924909000564
212;0.009209347892017194
213;0.0824833925683995
214;0.09783541490782935
215;0.125217034756088
216;0.04143277584833527
217;0.17090292026857945
218;0.18890479269225546
219;0.04843047224460693
220;0.17334423168912097
221;0.1933653642159336
222;0.13323252044269893
223;0.1691974368547573
224;0.14120352935992286
225;0.13407038435238172
226;0.13679765353950035
227;0.180898902136251
228;0.1295965746323419
229;0.07555685344914619
230;0.19971824502076174
231;0.07194391814290105
232;0.17588778543793596
233;0.1593148521655804
234;0.11815917079612069
235;0.059676534472546776
236;0.11941672974825819
237;0.09952025326143438
238;0.19291064950528575
239;0.0770403952002172
240;0.0421996879857677
241;0.17685012221155438
242;0.07382686705549808
243;0.17731696364088478
244;0.1460061917453269
245;0.10278616755362753
246;0.14332575231022665
247;0.15188171666831732
248;0.1983991470868659
249;0.14878027463187124
250;0.039845141852291266
251;0.15623883720956488
252;0.0708394909381767
253;0.09386516048995758
254;0.12345594891359733
255;0.19064024252011458
256;0.14548878957019526
257;0.029298583856066186
258;0.18683674999251643
259;0.013964069771969357
260;0.11988852448042336
261;0.08747679122605896
262;0.10133022576534263
263;0.05719876237572213
264;0.0160859280390085
265;0.011342012074601105
266;0.12752298766460976
267;0.07659409214877085
268;0.16938027526106425
269;0.06709507901651272
270;0.1907109888600229
271;0.17257995420963593
272;0.05962121709042685
273;0.09309635520186817
274;0.016656596622963704
275;0.06827190404338013
276;0.14575027401730511
277;0.1641756335205145
278;0.13419239098545951
279;0.09815977160892281
280;0.08299405366360509
281;0.03413736293415039
282;0.043534268637483844
283;0.19802274665956787
284;0.08371185287004934
285;0.03563398957131991
286;0.09242817134742787
287;0.17467543840779157
288;0.0772972697013291
289;0.09957015122705637
290;0.17180174059711303
291;0.08199415211218704
292;0.012924979300778761
293;0.08963158658699417
294;0.18492085865946084
295;0.19323347818454306
296;0.06465126121064424
297;0.1638375914460458
298;0.07385518085993259
299;0.036889756772211804
300;0.11087478961170388
301;0.17256682917684604
302;0.08700103423817583
303;0.1548667617071752
304;0.036138436333962985
305;0.09718942378574787
306;0.04831936599371567
307;0.13935567706001056
308;0.09316100473085127
309;0.06081444635855922
310;0.18531148865062963
311;0.01981651562629523
312;0.05026138585881752
313;0.018308933002429594
314;0.1628039240852085
315;0.1752673198975202
316;0.03407317499845108
317;0.050248316867507414
318;0.15138869891666218
319;0.18879098437627118
320;0.17437564736431355
321;0.13144586646845802
322;0.15670617968435432
323;0.0009452485328916849
324;0.01981903064322328
325;0.03484260637037571
326;0.018034827264557563
327;0.05633753500556935
328;0.00782310162808928
329;0.14439309611831405
330;0.19765317203528132
331;0.12730258894214697
332;0.09241101271024905
333;0.18666926449675797
334;0.06506909189946201
335;0.13455116685091026
336;0.19016852461195777
337;0.16529355240170338
338;0.050120886278296875
339;0.19446441735632625
340;0.047559370580163664
341;0.121381704743077
342;0.11036282829500176
343;0.1093181556912894
344;0.06005742388494764
345;0.15831374853839672
346;0.12511156704441426
347;0.08507182347625503
348;0.03347752847375003
349;0.18656556949555092
350;0.07647321694369864
351;0.09001285836171458
352;0.07220745350378399
353;0.16036869154609742
354;0.13559260858240466
355;0.12845790011152394
356;0.009985127800443694
357;0.17980113354753552
358;0.198142042754317
359;0.10304357799398477
360;0.11388495297075268
361;0.01591334848239332
362;0.10522933771134886
363;0.12563353157742177
364;0.18523967180535786
365;0.11994677099453194
366;0.16268915484252133
367;0.1887630987959715
368;0.19965265753971706
369;0.01054726596993274
370;0.020165476122906603
371;0.09267372258259901
372;0.17265553356429256
373;0.15362615742891378
374;0.1805020901047698
375;0.09271857862652494
376;0.14770695983577234
377;0.11556294729120836
378;0.07087933239512645
379;0.10301681613017732
380;0.10967832057428795
381;0.04266485149242465
382;0.04093067460763207
383;0.10734531072316598
384;0.18244350125260284
385;0.00449019882340509
386;0.15541739731851298
387;0.07829056525324772
388;0.14385834906630512
389;0.18093138307169712
390;0.07796420706533963
391;0.07637987853696258
392;0.0015748435408435403
393;0.19546163595313912
394;0.0777451255856339
395;0.022816125486724917
396;0.15145082304575508
397;0.02549613635158883
398;0.19283198047459452
399;0.055537057278132566
400;0.08456649032698729
401;0.023034045276376116
402;0.13259543000500368
403;0.04492603394088168
404;0.002733445321613548
405;0.1389327266503111
406;0.1936585621654275
407;0.07162470677203857
408;0.1931447527839125
409;0.055112965386624226
410;0.1117385722612009
411;0.08584274535576637
412;0.052240845733834945
413;0.023387015729295826
414;0.1118834313118352
415;0.1255070370993054
416;0.12293203014028303
417;0.059583103404583
418;0.06676689205450073
419;0.17724014800441118
420;0.1872373180634622
421;0.1138519692206861
422;0.16826422673641928
423;0.034275062089785216
424;0.16732224724451183
425;0.11610109020053944
426;0.024815644188889333
427;0.14520165301920746
428;0.013346462060565268
429;0.13129630478263626
430;0.08436740647161563
431;0.14045245924424196
432;0.0630455372607022
433;0.08243533603822606
434;0.19479538490788362
435;0.15928055797764248
436;0.1951243251800594
437;0.059493364423163955
438;0.0028207250079305135
439;0.0816965348498136
440;0.11725605038559445
441;0.050210685253859966
442;0.16055711125281757
443;0.15840069887378141
444;0.18882137808612692
445;0.11102114381537838
446;0.0056048943570229165
447;0.07161823741418638
448;0.19698538679882993
449;0.09968568922236483
450;0.15149585751115346
451;0.18289485310500248
452;0.17217124886604776
453;0.06174123394610723
454;0.14665224018316925
455;0.0741704714537276
456;0.05480246962655016
457;0.1735252542638367
458;0.04587863078595544
459;0.07903805455371248
460;0.19205715036660936
461;0.15523767485767237
462;0.15560018704576473
463;0.04253115583872709
464;0.09114811664205572
465;0.07632771518279165
466;0.19029419312766394
467;0.15272958543810394
468;0.047138594530871526
469;0.10321994359672658
470;0.1453189291696676
471;0.18162067827388745
472;0.08147384518930367
473;0.13515033951362385
474;0.08974729450409032
475;0.15019069003442878
476;0.13866538889500485
477;0.01292633744808458
478;0.12243952147796949
479;0.009133741477216484
480;0.025274329371747697
481;0.06677402227090339
482;0.008700561686548336
483;0.1890463019150217
484;0.1951598568342737
485;0.1323300262527886
486;0.13142607439179754
487;0.04726632410478056
488;0.06301371710152184
489;0.11813185330058842
490;0.1723437036574189
491;0.15063713086431815
492;0.18937765795915687
493;0.09511673494202402
494;0.05871530434701311
495;0.12766610069899992
496;0.0016895486028475127
497;0.06839304296620807
498;0.13873884554784194
499;0.08300787056691637
500;0.11752099720737184
501;0.02983475184921629
502;0.08192414430165709
503;0.08269852876404507
504;0.1948927472401072
505;0.1482312009406189
506;0.18344587582645752
507;0.017843639145354053
508;0.002278314938471082
509;0.14087208882819197
510;0.10897885235599612
511;0.08734074826599517
512;0.084288028999366
513;0.043795635960005
514;0.06686992450083191
515;0.048402395538735446
516;0.08432503098673948
517;0.022695890446945
518;0.12570909862674717
519;0.1939510936324752
520;0.09110500812774198
521;0.07730058470543018
522;0.021908945645335076
523;0.1587832740880559
524;0.16926892335267926
525;0.1775218828971691
526;0.060487356532347804
527;0.04525592226299649
528;0.07215040720444668
529;0.004913056717612463
530;0.15720451970172156
531;0.1317029902217374
532;0.14905816312015213
533;0.08831022033320346
534;0.17524304353949346
535;0.15010717613698657
536;0.006000164850259737
537;0.04365628508134285
538;0.05287014996116848
539;0.07381938904047329
540;0.0450332047684773
541;0.0019045952891438623
542;0.11201849685857146
543;0.07552487903580835
544;0.09332954330756038
545;0.1588717788180959
546;0.13237762111490262
547;0.0036010892866392254
548;0.13064998752634846
549;0.17944676959527003
550;0.029406290190113274
551;0.03214195782061748
552;0.07336529264157823
553;0.14328000820236986
554;0.14851483245519356
555;0.025733065100726482
556;0.16667241370114963
557;0.1470162106918596
558;0.1115245362570328
559;0.1567460294404469
560;0.10001361150139923
561;0.08970009273566604
562;0.022508708992446613
563;0.051850012558243445
564;0.05022480199215867
565;0.03081332206054408
566;0.11864525650799643
567;0.0666962607408278
568;0.11924493676996482
569;0.1573645179864505
570;0.13952080888185056
571;0.0830219519780705
572;0.1423956110922234
573;0.024632128361507966
574;0.08915222220790467
575;0.1628906007533328
576;0.17471722871719744
577;0.08740998649222174
578;0.1636719596633857
579;0.029622428995465612
580;0.016993220497981933
581;0.06749413803546243
582;0.026468526133937756
583;0.009309119958494661
584;0.19997678743184616
585;0.19997268311439814
586;0.02052490668083631
587;0.06376829066308275
588;0.07226416286143925
589;0.09956481213765914
590;0.05670466449772604
591;0.19309997543893964
592;0.1636500455682905
593;0.1658992673326212
594;0.17379702277648082
595;0.19003161296654902
596;0.1709232200051528
597;0.035273721950970005
598;0.10392206017720698
599;0.19479651873834483
600;0.044874301827651245
601;0.13881204901803607
602;0.12579710426587778
603;0.06300523394535529
604;0.08838727772661355
605;0.1680999584154493
606;0.12330353399764782
607;0.03764773630238474
608;0.18860652454291468
609;0.14219776170069104
610;0.05194032773555977
611;0.0029785022848644485
612;0.0909323653883176
613;0.11136796231304609
614;0.17652974278067102
615;0.028352192114219646
616;0.17961156800606487
617;0.041338998768070304
618;0.1192280166297261
619;0.05514602308571919
620;0.021707159369366513
621;0.14999298946094475
622;0.13147934975422979
623;0.09678555448192422
624;0.0018668402141699847
625;0.1629546009290833
626;0.03331065759611773
627;0.16212315599529595
628;0.07883887339712232
629;0.1592407035648823
630;0.1806377996698766
631;0.11167926652096667
632;0.0005624369585141454
633;0.11767583281239812
634;0.09859886651753696
635;0.0855544671537981
636;0.1351074677023122
637;0.15516136547106604
638;0.1254636573235297
639;0.015388034790641282
640;0.07831910675494752
641;0.13940814211756403
642;0.06978709027159502
643;0.00767298202005553
644;0.0805696468758455
645;0.19418434325871486
646;0.04057579864644145
647;0.19077013586119235
648;0.17769598421508695
649;0.04070124780349141
650;0.07358994053144617
651;0.09134132249902252
652;0.030361498765079986
653;0.009099433412224656
654;0.13108833073836554
655;0.1741800146075596
656;0.11599238652076199
657;0.16297206253326918
658;0.0159671040184975
659;0.019280243952941256
660;0.032636166692495076
661;0.0849802785275212
662;0.13662536047741541
663;0.1408229382983511
664;0.12481598645258651
665;0.04884181541054784
666;0.040402072404379014
667;0.0523487526388073
668;0.18145333555182505
669;0.19680863373547453
670;0.02228108583134605
671;0.03894360520222717
672;0.09050712414073346
673;0.14296570469116493
674;0.1022831958707196
675;0.06467285030467369
676;0.13459662937681968
677;0.1714010005087452
678;0.07539966524111846
679;0.10451747731613226
680;0.010165290067070544
681;0.032509545516383166
682;0.03865800764786738
683;0.1384449816535865
684;0.054881599311263685
685;0.12666182289370195
686;0.1356126920444256
687;0.09169105692744872
688;0.032581118859064895
689;0.07970936451833488
690;0.14558390073607277
691;0.04774112139841542
692;0.014172938555256587
693;0.03436936619113007
694;0.1368188999035814
695;0.03986018797578581
696;0.12765010732239776
697;0.01263443117135521
698;0.029993893103148195
699;0.14728091633595003
700;0.060653434838424496
701;0.047210676260111176
702;0.04533947005928221
703;0.14544563522882198
704;0.053957038433317187
705;0.0004366300565753045
706;0.04544389097345791
707;0.17028820879031267
708;0.04014418572160035
709;0.051870330965855055
710;0.04235690994891972
711;0.0007307167440188778
712;0.04069084957293483
713;0.09589688685193849
714;0.005593352158544374
715;0.06489234732946501
716;0.049378136169487344
717;0.05558713544597691
718;0.18513862899891426
719;0.09961961752140809
720;0.1954089884963954
721;0.09678186216269652
722;0.03622651280190832
723;0.028420267202350205
724;0.026984418103428956
725;0.14888479400764879
726;0.023111758295574505
727;0.045338886299832654
728;0.18379678821841547
729;0.01732136589706126
730;0.0780408521355952
731;0.09784674150257373
732;0.14129192811403224
733;0.008939132418797225
734;0.10352500734036851
735;0.16100158820327498
736;0.16097824992271825
737;0.16073141503496996
738;0.08946150915023046
739;0.10759373947888276
740;0.08256439728607219
741;0.16132027582843175
742;0.1303034783080753
743;0.15259481892403587
744;0.18319103014892646
745;0.15009117083640613
746;0.06597968971821193
747;0.1751735968058701
748;0.0015991849734538156
749;0.05562639298701937
750;0.05847199543680431
751;0.07221998240667118
752;0.18160330642243386
753;0.03960000887081386
754;0.03785777740387267
755;0.1359395114702865
756;0.18314283115536378
757;0.06492729565670878
758;0.06085302791247676
759;0.18699964556494264
760;0.07809187172369503
761;0.15385742983587303
762;0.19604417318363698
763;0.19661972063662214
764;0.17840038868922586
765;0.17923499815703403
766;0.11598281008752936
767;0.18457443855322114
768;0.05187205479990664
769;0.04355828041873997
770;0.0859896569191435
771;0.05605503192563324
772;0.05076940196084581
773;0.1289885529308457
774;0.16091350191587003
775;0.12493497865008432
776;0.0687097520766508
777;0.02041017666419649
778;0.14257349112768497
779;0.06932630828946096
780;0.13371788542352936
781;0.019300106517884254
782;0.10553039105529814
783;0.02542202365525228
784;0.1615276703152739
785;0.1467632841491489
786;0.006863171609575791
787;0.1729018197953663
788;0.08495411078936879
789;0.11996907444545524
790;0.0013683421249750527
791;0.059980165634414356
792;0.1829289242153098
793;0.0276595511617022
794;0.01870347013039646
795;0.06140307425073706
796;0.04391737236421538
797;0.03950212103588216
798;0.04444843974086319
799;0.10438498873838496
800;0.05712024357623202
801;0.051977745295109706
802;0.10081447925775372
803;0.13968442930383848
804;0.07533600234437832
805;0.18863770044120098
806;0.1938636841449345
807;0.1618358906786254
808;0.15218255455229945
809;0.11764887294953577
810;0.15302162208702041
811;0.06527176512074946
812;0.049455232551514496
813;0.08029413206650345
814;0.11892056693689562
815;0.04830372943572303
816;0.14104645787137854
817;0.05035647912816579
818;0.15674914427770756
819;0.18828614558578263
820;0.0050859463045173975
821;0.1765979492309866
822;0.015097918268145417
823;0.14468537009994875
824;0.15003254487387024
825;0.08118885781486158
826;0.05932635908985187
827;0.13050802680729828
828;0.10752738338863564
829;0.10119801250623937
830;0.13368448930920862
831;0.039048351543281345
832;0.17552198428156518
833;0.18928385767012215
834;0.1573711492399864
835;0.0926262221945648
836;0.07159395411947399
837;0.033548712710868546
838;0.12335281988393323
839;0.19353157458149317
840;0.16855324045460296
841;0.06866302047589605
842;0.16626505759842725
843;0.003945551541248671
844;0.18855043786563944
845;0.031110251048488746
846;0.11335134440653963
847;0.03534204700971582
848;0.14765746596026727
849;0.04638188573192184
850;0.05244321237244205
851;0.06285701304330304
852;0.1764035878201408
853;0.1254111433989731
854;0.04077786110208936
855;0.15444853646701528
856;0.11536907137035411
857;0.1506786923762604
858;0.07757442662032465
859;0.18253597282606726
860;0.1638599593913329
861;0.16783489376920166
862;0.06468746576729967
863;0.04247081551169325
864;0.14037949186314166
865;0.18614134641010366
866;0.061519167933982336
867;0.18888456328741698
868;0.16182829736909887
869;0.11298302276098858
870;0.112071512270459
871;0.04622067755886028
872;0.021771912032089058
873;0.07393768798310232
874;0.10053260229692432
875;0.11823983643122378
876;0.021857026923466895
877;0.16903691077725588
878;0.07818010458259242
879;0.0680763217224204
880;0.14781095383223367
881;0.09796932673566978
882;0.1012182907136884
883;0.10565077051542696
884;0.023096793548668892
885;0.076624924317717
886;0.10454894384876592
887;0.0747092897760364
888;0.05349941424557967
889;0.1705072594470874
890;0.12406637938930241
891;0.06287754219809186
892;0.04379046130817865
893;0.18995990870302767
894;0.08357179833035842
895;0.13647013510340908
896;0.04202974593088789
897;0.13419236763586126
898;0.012779461383392456
899;0.08657457193629026
900;0.0417927554559103
901;0.15446312900208967
902;0.07710652580383187
903;0.0006918511375956893
904;0.13211733092815836
905;0.16864559778854285
906;0.0724783561017123
907;0.045992399503939366
908;0.04227544273783235
909;0.17530336735175855
910;0.10385912837420397
911;0.06102135635068245
912;0.18214906467099
913;0.017579065914691272
914;0.12532135794685492
915;0.1784411280852206
916;0.1295764030551941
917;0.1834338406173767
918;0.1073464955127603
919;0.1877262533902064
920;0.14754875956547553
921;0.08102147801193854
922;0.03195086850476445
923;0.0948085124946918
924;0.08553589049884217
925;0.18932744147246336
926;0.12347539898013511
927;0.053256440435229216
928;0.1766642184735836
929;0.04870869941832208
930;0.019614612217559335
931;0.1524601900724322
932;0.03800634671405816
933;0.1546921915267682
934;0.13453078162485638
935;0.18308029157637837
936;0.1501013542448633
937;0.03379353661407989
938;0.01926902875809571
939;0.10866687644678688
940;0.15411837722635757
941;0.17659447186862834
942;0.16985269253459284
943;0.04105676847044968
944;0.020719363844768093
945;0.05287494619103888
946;0.10212178927735993
947;0.19871079346600345
948;0.037801172858554444
949;0.1608196747495921
950;0.0923964374795643
951;0.07264586304638898
952;0.14028525480007667
953;0.0536755101840017
954;0.07411960150121635
955;0.02834319338150966
956;0.08776697001623078
957;0.18150082440738383
958;0.15776358706967328
959;0.13209486892960196
960;0.1286287450071989
961;0.09240188716459036
962;0.14217698411877763
963;0.1949748631322131
964;0.06920701712229547
965;0.09057025885433939
966;0.1805863874173241
967;0.09494800463542766
968;0.19432262483202856
969;0.08468341479596714
970;0.05653206912807773
971;0.11184591077748463
972;0.016994791935551912
973;0.0783351443188805
974;0.012538332390909446
975;0.06911516459406435
976;0.04129877084416152
977;0.16195711568433635
978;0.11347635599619069
979;0.019501752471697477
980;0.05955096705821086
981;0.055695830240533976
982;0.14778107796403472
983;0.05252432612956797
984;0.1812905443400369
985;0.07870631652788024
986;0.1872093190816089
987;0.08151675407473274
988;0.18922756208572294
989;0.1352543375926256
990;0.07549681040036849
991;0.19878813423522257
992;0.09212878672568703
993;0.017470398454679837
994;0.01670755600308933
995;0.03464592012754399
996;0.00284340187378489
997;0.034510489239725155
998;0.059793251913874884
999;0.061713877899507934
1000;0.10732660727082224
