1;0.08313041573998367
2;0.07436098952798167
3;0.06344232618674114
4;0.02992481615641526
5;0.05575791677240367
6;0.08845841026761458
7;0.011871578520162096
8;0.09198606242593324
9;0.07799108609920302
10;0.09989998710644787
11;0.0033484175044025347
12;0.05976467566022208
13;0.04890392164950724
14;0.0828908522919884
15;0.02195637731624006
16;0.03873461090093105
17;0.013954940325434784
18;0.09681898334436327
19;0.007558013317147328
20;0.020218302970818915
21;0.0856539865939287
22;0.08460346855341024
23;0.08746824486704877
24;0.012079813113001981
25;0.04475452656554211
26;0.003842152877754346
27;0.0016460893834862379
28;0.014032495955671676
29;0.004677727786760222
30;0.03084972031006379
31;0.0018897588280698985
32;0.017809572655755057
33;0.096935785126115
34;0.08697302582583066
35;0.055449912560788045
36;0.07538925693123916
37;0.07405076837047236
38;0.03959961972241132
39;0.051792602730593475
40;0.08205887790827439
41;0.09713207567548815
42;0.04545250466496904
43;0.0794470320078656
44;0.05324191510133563
45;0.049802116242338705
46;0.02598241653401169
47;0.042246237019381495
48;0.023166684666050888
49;0.021112037361864757
50;0.05471963797609845
51;0.046839784821574
52;0.06862262342153162
53;0.021187967400875085
54;0.032340713524316535
55;0.01564042256901522
56;0.06113490941006677
57;0.09364273396400158
58;0.06669482499154532
59;0.0727530916271006
60;0.029103018923640735
61;0.09397567324519009
62;0.07219051755847689
63;0.04291106664270436
64;0.07502820842100498
65;0.08567546217270355
66;0.02955827608326981
67;0.02713549106340636
68;0.08566160123438042
69;0.07149243208941977
70;0.08797981510405395
71;0.023934088717485938
72;0.08985183504896214
73;0.027167950024274502
74;0.022340093539345685
75;0.04432826839768236
76;0.032492926910933785
77;0.06875301083369631
78;0.08331171472669556
79;0.01349611013919081
80;0.06611548520414111
81;0.043501323773598104
82;0.07502424242218213
83;0.02963506739794677
84;0.08150365424784443
85;0.020620540145980484
86;0.06840263225685549
87;0.06368521917830915
88;0.04229523176072678
89;0.037290830551212406
90;0.010260259403423967
91;0.053141770000981706
92;0.0350849389646962
93;0.0758004817414316
94;0.035505474352156154
95;0.053180082690994404
96;0.04182557421351443
97;0.02479831277453666
98;0.032498159078028555
99;0.0487100181653394
100;0.03586739532473426
101;0.04233584141345403
102;0.07292040432499904
103;0.01847040719292976
104;0.0767133100025345
105;0.01970747207202871
106;0.05833848286450504
107;0.03698678325750322
108;0.03887743787495747
109;0.030673017973166284
110;0.06715772862926844
111;0.005114259230793961
112;0.04090272729847366
113;0.0664734448162999
114;0.053332105708493206
115;0.09394375313573256
116;0.0003569562319652553
117;0.07257429207118486
118;0.01805189521904498
119;0.02360177185047696
120;0.07267667719450564
121;0.0743574371294702
122;0.05834334798798733
123;0.024957891998942074
124;0.024022368767413482
125;0.07846326162433835
126;0.06435300830185896
127;0.02327053773914265
128;0.018680167980146524
129;0.003315979639617395
130;0.07141621833868723
131;0.07829697453145004
132;0.07521466140981069
133;0.07863767542374389
134;0.05588829928178323
135;0.05018816697469493
136;0.09814196304298428
137;0.030072641991664387
138;0.016493102957931962
139;0.02087699579496829
140;0.006637576130771029
141;0.08621903433920859
142;0.024817809774511392
143;0.07537634817543383
144;0.01716432783549602
145;0.033686575981969
146;0.02832268192886228
147;0.08968776547958458
148;0.07044103061535689
149;0.05629311462367467
150;0.09152720042269558
151;0.0218947091429894
152;0.08394821266364157
153;0.06054314596336713
154;0.09826405407447834
155;0.08907278748977464
156;0.025445445649356604
157;0.07536826115441092
158;0.046191811566104246
159;0.09111792587212068
160;0.07236060622234772
161;0.03323109404271627
162;0.06602127518672535
163;0.07253283645005086
164;0.005072388132005301
165;0.0539833490232333
166;0.0355772976109596
167;0.003451596554884473
168;0.05155862014715923
169;0.072099311710826
170;0.06308389108701154
171;0.08115094103716197
172;0.056227584742553495
173;0.05758540955735995
174;0.012678554866924374
175;0.05392232525555636
176;0.011830161883300072
177;0.04620660534589837
178;0.08313300622142411
179;0.0059562581002021164
180;0.030965698336306968
181;0.06533534741784455
182;0.04790909529902054
183;0.04407093421097979
184;0.04708807472310178
185;0.002523289781835303
186;0.08176142183500545
187;0.013337093444733418
188;0.011204089443581944
189;0.048272025760649165
190;0.08651357865049375
191;0.0790637530418208
192;0.06917010639803771
193;0.06095589239939745
194;0.046433743397928676
195;0.030550234516822053
196;0.021879779637126173
197;0.04695229432957496
198;0.0639950101689351
199;0.009136707569793968
200;0.039722043617744646
201;0.09266711647326731
202;0.09287451062294655
203;0.03252977473610369
204;0.08591168198455273
205;0.019273270978347856
206;0.05342408416426843
207;0.06368938510907104
208;0.034535814131918564
209;0.025242450767826743
210;0.09236487834684132
211;0.04991479672552234
212;0.09034558082342849
213;0.06505079022189113
214;0.07586642348032813
215;0.07232961879151016
216;0.04314505092401545
217;0.08170936703855926
218;0.08779484445060594
219;0.07207849625302692
220;0.019587412346590272
221;0.04939030147587778
222;0.0952164712683358
223;0.05368854112944507
224;0.0015788600051879764
225;0.07881969776768676
226;0.07338925642267034
227;0.01136447216728882
228;0.0812617182184571
229;0.03383681532633668
230;0.05654220161992003
231;0.0849031776446999
232;0.07388598376888146
233;0.022388948742252557
234;0.09713171896470137
235;0.03533841685820849
236;0.07204303603269532
237;0.0981972055599849
238;0.06776048568397858
239;0.012817345508841905
240;0.06854446737640096
241;0.09170483161650339
242;0.0517029459627909
243;0.05850567413316803
244;0.05389438373000399
245;0.050921288013699766
246;0.07560827828711333
247;0.07737035337821821
248;0.05818631960520248
249;0.0005071664363447859
250;0.06145482889529591
251;0.011517367418338876
252;0.09732424055706279
253;0.009489459422973646
254;0.05667423048505822
255;0.08583410692076193
256;0.05364409473488636
257;0.0019069643924255033
258;0.09749744872398595
259;0.01235341781684991
260;0.039074987982092524
261;0.06591641360329535
262;0.07178978419118677
263;0.09413474155561707
264;0.03912302229212316
265;0.09279135855785252
266;0.09126276529482841
267;0.07357158069922642
268;0.02675881338683276
269;0.06788670912254757
270;0.02170699492492846
271;0.0027307734417972296
272;0.05022227688250524
273;0.024607373140606226
274;0.02064312925459281
275;0.028388555203401236
276;0.05430678003666933
277;0.047600479368305526
278;0.030346045809120238
279;0.03127968336094951
280;0.007326463735053013
281;0.044260956732152905
282;0.043507513071533
283;0.025800870258646802
284;0.0555401894576693
285;0.09663345353390854
286;0.042192316401743805
287;0.019155965158425936
288;0.05646507683068147
289;0.015534823834753186
290;0.02127681169594885
291;0.03900818396554795
292;0.029278810771982435
293;0.08157286883213348
294;0.0050133870933766755
295;0.0801442144501275
296;0.07694261023543893
297;0.09525433179413817
298;0.02902369591874724
299;0.0011297466337004904
300;0.05411069414512542
301;0.044577397402096756
302;0.013573182499946846
303;0.053777485060865916
304;0.042632763920130747
305;0.06415119688507208
306;0.09791676156881127
307;0.031216331791116738
308;0.09123862786853398
309;0.032452238756569975
310;0.07231063065433684
311;0.08940037068842221
312;0.03902023508000853
313;0.03839960313799248
314;0.06251550021559386
315;0.011133043802421706
316;0.08680280459044797
317;0.028444221029407347
318;0.03172460077128899
319;0.0995531556602232
320;0.0749819853503167
321;0.06034796803779784
322;0.09199100436983748
323;0.09625359161983932
324;0.011399605718400919
325;0.002295535147622552
326;0.06683709376869953
327;0.04379731399761876
328;0.08532522953077123
329;0.0027055437722752432
330;0.00363077756010487
331;0.03240179350343462
332;0.06912088686692193
333;0.046742131906555455
334;0.00950530129553634
335;0.026350612280361965
336;0.06588773505352752
337;0.03598406971394148
338;0.05052607042607893
339;0.08139974675178063
340;0.03593768560349552
341;0.029197323215989737
342;0.09754046007668857
343;0.07045734065784529
344;0.08236233331299543
345;0.07150839635490785
346;0.014678706070695791
347;0.08577125460905644
348;0.027702448754400345
349;0.02356875799368703
350;0.05672201019381913
351;0.07669347525532152
352;0.05170341316920975
353;0.012055907333012018
354;0.03435241908390823
355;0.007862031663021619
356;0.06141761841617001
357;0.08695845759333512
358;0.08210581242263149
359;0.04180524385383427
360;0.02947778438549442
361;0.09380753503658662
362;0.055988136524956135
363;0.052877678533577145
364;0.05559047675897175
365;0.08835181693173699
366;0.05984538093621853
367;0.08963015703761008
368;0.011702275178973
369;0.04925212218597006
370;0.08140766765315417
371;0.06421912342498574
372;0.0840501653149369
373;0.0758055618725988
374;0.07866771172365856
375;0.06649602944068833
376;0.004543286637552913
377;0.05582977659210391
378;0.030816924984324725
379;0.038356554105929655
380;0.008569013513914647
381;0.02298007562990331
382;0.04893795675342866
383;0.01994176776621366
384;0.006562846655206478
385;0.0886835676090345
386;0.07725610013045864
387;0.06381546048542146
388;0.04274196615683867
389;0.009722716684023892
390;0.03665410548747327
391;0.05589718618998114
392;0.018325090156790992
393;0.0413128036939861
394;0.07767676898946144
395;0.04077462180688288
396;0.01588402398253408
397;0.050492435754322364
398;0.04422715932529245
399;0.04447435390420548
400;0.04350659061652279
401;0.09454208934675411
402;0.05948521476166482
403;0.030267946934180424
404;0.07896016366188219
405;0.042547891507589246
406;0.057536105219682956
407;0.010659489653769628
408;0.054409298958602276
409;0.09804855987658682
410;0.034850410148066016
411;0.05577482760131695
412;0.051807808894057256
413;0.08519287352707904
414;0.06579769357171004
415;0.08385653653315345
416;0.024557925268044956
417;0.04526409715236336
418;0.031281293257294264
419;0.02119774916892855
420;0.05869819818515942
421;0.019767234473813025
422;0.08690645827425103
423;0.014427295382443008
424;0.06745515969135081
425;0.08155046910018726
426;0.0025836408766601983
427;0.008424313931136585
428;0.05349244545441656
429;0.024315328563047023
430;0.0502071040918112
431;0.02979911597026046
432;0.08701266746437052
433;0.04657743232848852
434;0.09063684855273689
435;0.04763933124523696
436;0.02587679930516225
437;0.01966796841582892
438;0.005994416988677465
439;0.0345569669036895
440;0.09242354820638549
441;0.08315371509596386
442;0.02218187572152243
443;0.08225273440685874
444;0.03403007344098953
445;0.08078590186939932
446;0.08540743727745706
447;0.05566536204619095
448;0.07038802035052193
449;0.01989676990707584
450;0.0190016230931513
451;0.023092142363656133
452;0.028220842312119368
453;0.029587247256590267
454;0.0865381830782293
455;0.011458696783237899
456;0.08463654298817176
457;0.0067666256750338665
458;0.07852370493538036
459;0.02375777473076809
460;0.08472798310545393
461;0.05409581710835701
462;0.0842176449122988
463;0.004137558232750682
464;0.05465358425614312
465;0.013463364113891142
466;0.026324278906728938
467;0.0843339226682187
468;0.01517951172496076
469;0.08491864302305857
470;0.026961975247581052
471;0.07403354505203986
472;0.07410941270386731
473;0.07173539684713405
474;0.012279632896626192
475;0.06894396096117356
476;0.006272204586284247
477;0.05109968362045129
478;0.010698091944238697
479;0.08018121430397143
480;0.026296236261076703
481;0.024337108633555572
482;0.034620679149591285
483;0.0515322201270561
484;0.06038011568921328
485;0.08734244164150602
486;0.03636654968780049
487;0.04693941221152085
488;0.0009832176013333306
489;0.009684133061173529
490;0.05009619081210508
491;0.08687067576180002
492;0.01574119753103088
493;0.03902643658850581
494;0.027076881945783383
495;0.044985121700904386
496;0.09641613689775724
497;0.0879679545088233
498;0.037268130286803605
499;0.05987665648349897
500;0.09489906988988035
501;0.07422915431778272
502;0.030296529580155676
503;0.013042232715279923
504;0.07928005613841668
505;0.04726720356445816
506;0.020487405546769224
507;0.0636516051968331
508;0.08684368010552657
509;0.03266167233694276
510;0.05527905835111503
511;0.0542238680417824
512;0.09179220534434641
513;0.020647399290052316
514;0.055500074878686925
515;0.03191362359654578
516;0.012900370634386172
517;0.06899422848433943
518;0.0716289667243712
519;0.05292999797814279
520;0.08885714586208754
521;0.008706519056947082
522;0.039639131696092726
523;0.012979923596994125
524;0.08404325812642086
525;0.09300238630541552
526;0.05319226936376375
527;0.09837236567652491
528;0.0870912359020382
529;0.023044288306983865
530;0.03505034199185338
531;0.03230974619896169
532;0.06649799179927016
533;0.0735556668129298
534;0.06422214515488159
535;0.06511088634559857
536;0.02938376098284633
537;0.08133121791442732
538;0.03425877697946581
539;0.01232353287710698
540;0.07629036797915928
541;0.020065572871360515
542;0.00725864469834514
543;0.023549504385786093
544;0.04467038668183675
545;0.0020711452361325657
546;0.09653370610183741
547;0.09481388747169255
548;0.09740149924488213
549;0.07813043034376085
550;0.040597447645157374
551;0.05247868859311431
552;0.04218537611200116
553;0.022621750797680442
554;0.06553877728508183
555;0.08440180644311701
556;0.06387700699699493
557;0.00799343976030642
558;0.05467257303951755
559;0.062348867848121416
560;0.05350327492101192
561;0.06696122017334787
562;0.006811732084716649
563;0.02195278008039231
564;0.0704431954579679
565;0.05443054398913565
566;0.024857082813083242
567;0.07192375793994385
568;0.06625361884850393
569;0.01404129653303825
570;0.08782240075220887
571;0.009114787395114022
572;0.054768364207754994
573;0.01757629928011192
574;0.012400718200354233
575;0.052546233729729976
576;0.03694692871015478
577;0.09035689219343075
578;0.0016632203339026486
579;0.001251195961611662
580;0.0313933279415908
581;0.06852082085205118
582;0.04805574711246383
583;0.028445217369511458
584;0.042742548916290604
585;0.07137584140626305
586;0.07326935249090603
587;0.02686400419298908
588;0.0949048958057223
589;0.057923418165848964
590;0.0348537036801322
591;0.0016450381695514494
592;0.05119499578810221
593;0.015631321480086457
594;0.08520400833927635
595;0.02048293035411121
596;0.055633819822456826
597;0.05757574288537085
598;0.03145139682662682
599;0.009284208716564447
600;0.04835152811198162
601;0.06872835292475712
602;0.02578863414855531
603;0.0695424089250025
604;0.0988917837747012
605;0.0032753519624900366
606;0.01810828041301371
607;0.08338250637316791
608;0.08322654288272474
609;0.055720929654969435
610;0.04059759750499197
611;0.06980756830855782
612;0.03555786591000289
613;0.05849054184154006
614;0.0681763778616651
615;0.09075046135195064
616;0.09339412148118437
617;0.01847963672701457
618;0.07876507026570448
619;0.02899996509007904
620;0.06546467900233537
621;0.013962711605271306
622;0.024800665050118832
623;0.08144865054516849
624;0.056610794155062365
625;0.05434127940859641
626;0.0804057101078249
627;0.06322003911309974
628;0.08141697079053367
629;0.02062309469812612
630;0.01280347232984005
631;0.02357299529806879
632;0.08865675988726987
633;0.05844436673532594
634;0.06208484343742199
635;0.0006676796024074561
636;0.05630093356644549
637;0.0558910140425583
638;0.05700426369272793
639;0.0017557467191474886
640;0.08486347849082458
641;0.019384168995349504
642;0.007885540548647985
643;0.01351360070116523
644;0.03734513503862468
645;0.07128079555028957
646;0.06081938091671614
647;0.08966335337205558
648;0.0038367848422537934
649;0.005169067943133709
650;0.08699779250182836
651;0.03175813688187842
652;0.03311183917869126
653;0.05983721840005747
654;0.08028304133217928
655;0.01933031660238013
656;0.09384018936633494
657;0.054234880319453616
658;0.019997533536286406
659;0.0666572876500684
660;0.07333563475876713
661;0.09595848555498605
662;0.022047947926422663
663;0.01578993322856296
664;0.05117785539863656
665;0.07092339222392594
666;0.020914855636977904
667;0.07347568056091262
668;0.09567608033876651
669;0.07448426273654439
670;0.002645905230122714
671;0.09842447557362846
672;0.04310578832760299
673;0.007122409057982205
674;0.09925556376640653
675;0.03961590111606172
676;0.08984344918208892
677;0.044355172069330095
678;0.035840955140686484
679;0.007336604398515013
680;0.07988626398344766
681;0.09978734176442604
682;0.046628259957352106
683;0.002529432432790135
684;0.059139278776266374
685;0.039161758149013605
686;0.07846990617436587
687;0.08652692604596413
688;0.019193653324971152
689;0.014137325871126184
690;0.09236112261890447
691;0.035814112164828486
692;0.04325110853109412
693;0.0022243180370029926
694;0.03507982661469932
695;0.09714383594865332
696;0.06262912967419636
697;0.06419353215900213
698;0.018964448315151483
699;0.0860801369876915
700;0.07329857451148872
701;0.09612684763309738
702;0.04516951013200701
703;0.09351196004033126
704;0.037862923956419874
705;0.03333580004255068
706;0.04063654226097407
707;0.07640148719272105
708;0.009609491909651425
709;0.04900565142964219
710;0.0646398516775806
711;0.04240675178938963
712;0.06303759355152089
713;0.011647372897349052
714;0.05495100483876371
715;0.009138581368963295
716;0.011097179311884076
717;0.08043425601348253
718;0.007643092926264961
719;0.07441288617363954
720;0.04579425533441685
721;0.006538220960128783
722;0.09511061214748048
723;0.07030002970210422
724;0.012294405171498735
725;0.0667811665601086
726;0.02973028403025864
727;0.04460539799477273
728;0.03794804151289577
729;0.07021123394005656
730;0.0971547099815587
731;0.06124806785269759
732;0.09267587772790613
733;0.012153086882844623
734;0.09707339523646924
735;0.011978774444638008
736;0.09822741694029656
737;0.02771778233655027
738;0.030291587206469173
739;0.008987755997277636
740;0.08577782473067252
741;0.016810146977021847
742;0.0036979737376964476
743;0.09496005772214675
744;0.01084001032309273
745;0.07438795719846618
746;0.013960363059325532
747;0.025352514326499587
748;0.08451447101882636
749;0.012799359343847683
750;0.036744188691295844
751;0.07496721294831467
752;0.0159532845944129
753;0.06623772422815563
754;0.08592739222393864
755;0.05826591922994643
756;0.015355192005979035
757;0.022499807868358226
758;0.078861208889357
759;0.0433295054040455
760;0.02547536715612946
761;0.00490485698221197
762;0.07123970636631934
763;0.029421451022505242
764;0.06723796944561564
765;0.03489332894843296
766;0.033977082473488976
767;0.06823544613327497
768;0.07102546192806385
769;0.03614566179844713
770;0.09508158572867338
771;0.08829398563946013
772;0.020168384845472
773;0.03430514091784305
774;0.035773696918273645
775;0.02294068796658403
776;0.04123201061623754
777;0.08009911417013532
778;0.022353254038394388
779;0.060194030270420674
780;0.0813729713341797
781;0.0689433679331161
782;0.03741264210818187
783;0.010602974960120538
784;0.009124780550888657
785;0.05500113826015627
786;0.019802266211155963
787;0.07778773894586816
788;0.07207612631714037
789;0.06541630988514277
790;0.09907159903577126
791;0.033733094878682195
792;0.06552291030213707
793;0.03573147197340866
794;0.046351003680683525
795;0.027944275468532145
796;0.08128958954230771
797;0.08093377497886556
798;0.07547292969663669
799;0.01328367879220941
800;0.004993800628226641
801;0.07488917877900103
802;0.08755032047769595
803;0.005418304142139807
804;0.08568667360616825
805;0.02166976134164127
806;0.002559518512161652
807;0.05598252440668897
808;0.07956229891757666
809;0.0226109629254889
810;0.08323685520588402
811;0.03745671623081244
812;0.03627823040802928
813;0.07519636919425864
814;0.012666463761065795
815;0.06403481498566747
816;0.012710190931166399
817;0.0761527366644379
818;0.02305112793075066
819;0.03327637127247847
820;0.06367783372028556
821;0.07547560954679139
822;0.07682782815212283
823;0.08951780846689138
824;0.07463000864957406
825;0.0840214034197984
826;0.013193223874374917
827;0.03647528043621797
828;0.023685921967501845
829;0.08715428820319754
830;0.05643730447277191
831;0.0008264142336411595
832;0.0727222476240068
833;0.024571505333324885
834;0.07682082333120561
835;0.09879797357513724
836;0.0023926080156562394
837;0.016838719755616526
838;0.07830719553071476
839;0.06156606948900996
840;0.016656753231366995
841;0.07602586935598153
842;0.0011986087667370526
843;0.04931995087428066
844;0.09779925605532674
845;0.07062863704878623
846;0.08065079547659128
847;0.0315825505102474
848;0.02679904366418802
849;0.09985496726356477
850;0.006615343811379604
851;0.01590077456222967
852;0.05718996945650804
853;0.08302717558456316
854;0.06089170387856607
855;0.018316229745465953
856;0.03526566489970514
857;0.09337965861693331
858;0.06190212201684597
859;0.05285431298509707
860;0.06702976323459492
861;0.09325791314172054
862;0.022402008402305242
863;0.0639120112547676
864;0.09460917610530839
865;0.015395246823991649
866;0.011536757177961689
867;0.04568304078286685
868;0.02586362808591629
869;0.03733481493888217
870;0.047381385500947316
871;0.07821013105249684
872;0.0882668468029841
873;0.02007854951829985
874;0.0019270378314476977
875;0.04480501227614722
876;0.055224545331598374
877;0.010097867492270297
878;0.03676236483136478
879;0.03906286261967619
880;0.03439892186664541
881;0.0037408313236151017
882;0.06878825643189256
883;0.02884044919550567
884;0.0196670795768656
885;0.0543414766245206
886;0.023383624654146486
887;0.060910809590311414
888;0.008625047373299045
889;0.055191228996961744
890;0.052797396630823924
891;0.0976955493269355
892;0.008373844257297525
893;0.05873346528924548
894;0.0052540645717703005
895;0.06886387020037425
896;0.072436880164338
897;0.09432530963788952
898;0.09714946121249599
899;0.05118778367546481
900;0.0349878496521771
901;0.04940785359043048
902;0.07836233065253116
903;0.023502200635990157
904;0.008439935258938802
905;0.0608684981830008
906;0.026440002534024412
907;0.0022411427045193055
908;0.07131891384815285
909;0.08475563580826868
910;0.09483649826298503
911;0.03165672623225784
912;0.03152943791688798
913;0.06684526171153614
914;0.013876199788820454
915;0.08814503125066417
916;0.06468742097767376
917;0.07351400041890234
918;0.0007235126195985764
919;0.07982437014848874
920;0.0716941470654266
921;0.08516761174625308
922;0.015847796320802954
923;0.08298801438248943
924;0.06604883108257047
925;0.06336155939466433
926;0.07169959993515591
927;0.08243039707271817
928;0.09818227562775622
929;0.04264901420304123
930;0.014042126603148642
931;0.05420022304155299
932;0.03787625183727596
933;0.02116513036921419
934;0.0272640955947126
935;0.03817022317995758
936;0.09141697543732674
937;0.06437266593182107
938;0.07777187760129256
939;0.04659558801910729
940;0.04164616359909852
941;0.032496802593053174
942;0.008632761374886532
943;0.05724806679421629
944;0.06936279823241315
945;0.04659368968864396
946;0.0710370257958745
947;0.04244196526021307
948;0.05814018416785752
949;0.06663508990851337
950;0.04300640430257261
951;0.013985647347762765
952;0.047150852203350774
953;0.009284981648196388
954;0.01788703617681773
955;0.09068353170942993
956;0.029863677597208683
957;0.03612961062438036
958;0.012591785000776068
959;0.04440380837524151
960;0.062091407219475904
961;0.01211223001923213
962;0.009124257160409321
963;0.07817043522484053
964;0.011143964213313418
965;0.002361538877255032
966;0.030913586056767185
967;0.062244354549283634
968;0.030702298930546837
969;0.04118138183556489
970;0.03420812135459914
971;0.029804390369521528
972;0.022794509474710924
973;0.024220448319347544
974;0.08794709931981821
975;0.017798336705437536
976;0.004975155078513194
977;0.020575160709993236
978;0.029018995454905185
979;0.010536763166626785
980;0.09429217473658776
981;0.02549207751476225
982;0.08437687468247115
983;0.0482803585768474
984;0.05302105332549826
985;0.09588928120939358
986;0.0822241251441031
987;0.07800686107178705
988;0.07155692010160769
989;0.07728874856687049
990;0.07591799174551626
991;0.047028216243215085
992;0.06197927596686451
993;0.08061732250899434
994;0.0001034618813516186
995;0.0007194688088506762
996;0.07775986815337448
997;0.013233143084680888
998;0.01582909467796303
999;0.03488850673107987
1000;0.014193756204931386
