1;0.018946424289521747
2;0.04548473308916026
3;0.08985140859217904
4;0.08476200467287326
5;0.04727810159440559
6;0.09763122594726054
7;0.029896878568889375
8;0.056961689047094116
9;0.004708500866185484
10;0.07400452822086905
11;0.040852583640255395
12;0.0556393238846044
13;0.09353403695827456
14;0.09699195505902866
15;0.005282910600133007
16;0.04408169843531079
17;0.0324884252513861
18;0.07197231128165679
19;0.022466264611903642
20;0.04490752050202619
21;0.0231637026839565
22;0.0370663751233381
23;0.009118740513921053
24;0.03356184738680297
25;0.06878722179350773
26;0.06468637884646977
27;0.013195954086821893
28;0.05051129575805118
29;0.07600441518687258
30;0.05668186528907213
31;0.0867429272731294
32;0.03825626162220556
33;0.027478093896527545
34;0.07495090800513823
35;0.039133277803791014
36;0.05766632198576626
37;0.06894595184058096
38;0.029110031027652694
39;0.08760731176422834
40;0.008593521294270446
41;0.009580682360052262
42;0.024319296562778026
43;0.04727348652603272
44;0.07783711334247082
45;0.07531614393169526
46;0.018110151087748973
47;0.024361504927176092
48;0.047009377333255165
49;0.0163525131718851
50;0.012735566889435014
51;0.073328215596332
52;0.09003272933439854
53;0.0971436549765767
54;0.0558803925334169
55;0.009187745701025285
56;0.08132858350852931
57;0.00527140604070786
58;0.05974384042669672
59;0.05323608136347659
60;0.01141460571932328
61;0.0688764054329014
62;0.003024379760852236
63;0.09468645092654553
64;0.016886253671702156
65;0.05418079026931101
66;0.014413938760862966
67;0.008078158462607765
68;0.08859726526808366
69;0.07212929772661847
70;0.010765550221636545
71;0.007102320888733727
72;0.028299368494495516
73;0.06001135036911919
74;0.06496219299278685
75;0.01401217828191047
76;0.05320566555129145
77;0.018372114135901153
78;0.06497368374344738
79;0.038384371954424706
80;0.015839967469628735
81;0.08743935167209743
82;0.04904278837044268
83;0.030374434095520677
84;0.009863000229534192
85;0.009063821027671415
86;0.04632671958651272
87;0.023725957518152197
88;0.03989930088095095
89;0.018114994528398355
90;0.0716296638908517
91;0.037726666573696346
92;0.07602885875170234
93;0.021112314375963406
94;0.037176193416929085
95;0.044927288392750786
96;0.054668769377429906
97;0.08791050300378211
98;0.0966368958627283
99;0.013727199132349321
100;0.08493328925941157
101;0.023523542807637576
102;0.08135261019956254
103;0.011206904121818108
104;0.08300812449725585
105;0.007003337268916832
106;0.025670691411750626
107;0.08496671154062824
108;0.0007334117504119164
109;0.03946613505940965
110;0.007030299848407029
111;0.04105115855031008
112;0.012435219276754695
113;0.09204199927337538
114;0.01778261420651719
115;0.06540737197182682
116;0.07302779571302905
117;0.03702541528202357
118;0.09620658509560917
119;0.06753466859498726
120;0.07956365768144595
121;0.07488125051665677
122;0.050303356547635875
123;0.0682895347942299
124;0.03098019257664484
125;0.09100055850948346
126;0.09833610807004355
127;0.07815363051233898
128;0.011006289555717431
129;0.04922969153862488
130;0.09659077273730982
131;0.033512156659999126
132;0.01122901321705825
133;0.06324911081515253
134;0.05078328894178526
135;0.05297432932087979
136;0.028055661559852587
137;0.02878420398527424
138;0.0019472654212011166
139;0.011589946876428914
140;0.06320437498729863
141;0.06111971009960257
142;0.02173955357023868
143;0.03526872406232217
144;0.05909947158945016
145;0.009909158432907517
146;0.09823686317165714
147;0.07296760583637056
148;0.02114014756910354
149;0.08111510428950924
150;0.0315236470775825
151;0.07982831744390835
152;0.06106573908757297
153;0.06615473859769051
154;0.03833907692033253
155;0.0037695512851469216
156;0.06807943374836455
157;0.04269818781792653
158;0.03469329830789739
159;0.06964665987729866
160;0.0471767377822558
161;0.08657489956667674
162;0.06971275822888118
163;0.044299592823465794
164;0.07498517477819173
165;0.09412502582227908
166;0.02657873483578397
167;0.06278534001296364
168;0.0785717928946505
169;0.052162186061868634
170;0.04701923270498223
171;0.05056743793294576
172;0.08095503402220666
173;0.04309886620990993
174;0.053252595282535564
175;0.020360097519106713
176;0.03363087830631326
177;0.026906546302175594
178;0.018744172637480995
179;0.017290724298271377
180;0.04568705249112716
181;0.019028875397635616
182;0.0672577121042778
183;0.07652422381692825
184;0.00017219403363475383
185;0.03641125557785792
186;0.08247140693249543
187;0.021173893486890583
188;0.03521528286870367
189;0.026865893688011844
190;0.04587400907937416
191;0.039802085393467815
192;0.09238955715045101
193;0.08664327540400286
194;0.054839599648138254
195;0.009519612252890797
196;0.034353542884847925
197;0.0544502046383226
198;0.09573975563448887
199;0.018114694403753018
200;0.05777963159784542
201;0.004920711224118668
202;0.017428714204610108
203;0.09128373716363944
204;0.09819437457861124
205;0.01787323542345535
206;0.028392959265681396
207;0.0970815205204451
208;0.03836952530382928
209;0.03682446349820617
210;0.039967902954940494
211;0.06417450248343635
212;0.04884090348853707
213;0.02428946013500327
214;0.0035081098860608507
215;0.0032593498769266094
216;0.08154812006021094
217;0.05610153730332923
218;0.022476129087591612
219;0.056784477021056795
220;0.00039939641466638646
221;0.06462173580774733
222;0.0695830185481953
223;0.08047360707868406
224;0.05146766597103206
225;0.07564429219086999
226;0.028880596066036192
227;0.0325623272440168
228;0.06483358525954262
229;0.0971998291378442
230;0.05312535909692461
231;0.03829524740649986
232;0.09009758860886195
233;0.05607640252853793
234;0.07009703835866125
235;0.03774924786174938
236;0.018810374894515383
237;0.09944047548635122
238;0.04275702934088063
239;0.03636618491855675
240;0.06763484098467175
241;0.015541441925816468
242;0.08705006819736705
243;0.0570773222802298
244;0.05533402013346914
245;0.05526188399125527
246;0.021276541659320948
247;0.058949008178752496
248;0.08983548031563887
249;0.02161906809594848
250;0.014553433781085657
251;0.014314406605267317
252;0.0400108696017643
253;0.09434971118069652
254;0.012741662780956188
255;0.03312076562427746
256;0.07587119765087025
257;0.001698067187307406
258;0.09490825021341957
259;0.08749068164558026
260;0.018826833530993473
261;0.08781633487504673
262;0.09194953651940829
263;0.09986126442046835
264;0.061211121955834516
265;0.028247622442350184
266;0.049558330640042496
267;0.017676360962306903
268;0.05023068728128519
269;0.047295873908812694
270;0.07074092149013579
271;0.06582517513233546
272;0.08235213055352822
273;0.07665063924948111
274;0.054306233988805866
275;0.06360557012856098
276;0.025445756603380457
277;0.015151536949251499
278;0.09729820933054482
279;0.020045442244323853
280;0.02463440984318789
281;0.08004814905428326
282;0.034549681486862695
283;0.09220031455524468
284;0.06689893221588425
285;0.0824403514679693
286;0.06967734020539211
287;0.05106057831172095
288;0.05473816518193806
289;0.06501581408763045
290;0.09949911819495981
291;0.024916998102841283
292;0.011510243142353228
293;0.0417537858016449
294;0.03016067745637976
295;0.0027063222015775604
296;0.0750874162798035
297;0.05383316526843666
298;0.09310903780144526
299;0.026072101126818615
300;0.06002410255483667
301;0.07531982778420583
302;0.08802024004722253
303;0.08760644811528234
304;0.05669891927757742
305;0.029847543939841816
306;0.0396856628830204
307;0.06513005184638004
308;0.050892162233352925
309;0.0992272181860344
310;0.06046802199924004
311;0.05794817340268715
312;0.003672427752690455
313;0.06196830121209823
314;0.09186455244135011
315;0.021846606761380685
316;0.08821591600465994
317;0.07315442906991758
318;0.017475479576924226
319;0.023129527830897237
320;0.08867538560652213
321;0.08971803040143239
322;0.05928315624292923
323;0.023516675023319524
324;0.09081570711363514
325;0.05037088630893253
326;0.09449148256298621
327;0.02319829315493901
328;0.09008963735419971
329;0.07727130041889373
330;0.019913846839844387
331;0.04181270192160779
332;0.00024186487059993934
333;0.07900701247376207
334;0.029726805624533427
335;0.016601420880576045
336;0.0529982269541967
337;0.07188480502247334
338;0.07041912227721583
339;0.029381033212357924
340;0.016389495808107835
341;0.04436598926876219
342;0.07966243377978184
343;0.02773733244366963
344;0.07010656913410167
345;0.028959015180447648
346;0.07808007312034701
347;0.02186400484877761
348;0.007085879698546194
349;0.00020823935876238542
350;0.08329802434019712
351;0.056913649844067965
352;0.03935990408966783
353;0.06995890797755476
354;0.027322194724482718
355;0.025499168147395404
356;0.041839692484479635
357;0.025620931507263203
358;0.03552900700383103
359;0.08189373484115972
360;0.04583547429917059
361;0.09096896584923155
362;0.05015850850872085
363;0.0855661613669742
364;0.08212679770747387
365;0.08891866953053061
366;0.006666828998635566
367;0.03570838457568881
368;0.03099768440390012
369;0.09295611417947296
370;0.04687737597719704
371;0.09713596368341772
372;0.06366960079359567
373;0.03355897692511237
374;0.02643708015966271
375;0.09187069921950854
376;0.07454498873697617
377;0.0004346736880577962
378;0.023736721726379275
379;0.016954352213102188
380;0.029397263906753734
381;0.061585580713607105
382;0.056299400751333176
383;0.08960269254278125
384;0.037329463734590194
385;0.06596920601190809
386;0.0677282856347146
387;0.015866162439478592
388;0.026823268504624156
389;0.03966386419247883
390;0.09301012379451845
391;0.08831235002325721
392;0.01643462557833977
393;0.002981197236186051
394;0.0035662661062480505
395;0.034086316584470804
396;0.02688717747247219
397;0.06088941550445427
398;0.01946227832558639
399;0.06504791236660125
400;0.026437069020678806
401;0.08955595525525822
402;0.09072619780072633
403;0.04960758084257427
404;0.08117801401476488
405;0.057379241168847565
406;0.08546166646604025
407;0.05726608152306553
408;0.029508145396889507
409;0.07625968854772286
410;0.05441211680387436
411;0.04506024242226223
412;0.051302708450410295
413;0.05705767625928883
414;0.012385506015167093
415;0.046555490344525774
416;0.07723295567496169
417;0.0023821639575048906
418;0.07433883763276308
419;0.062299043278802174
420;0.02004167163876626
421;0.03469155775630781
422;0.08029168238278485
423;0.02083508842058246
424;0.0860868430633992
425;0.047094770349574426
426;0.03228869777784162
427;0.06443059537330519
428;0.01794415499091385
429;0.02102736886171899
430;0.07692514177569294
431;0.09909544111756027
432;0.008352460704350551
433;0.062460886467979586
434;0.07035439009944304
435;0.07627217924201116
436;0.06169096851012822
437;0.03473754680718057
438;0.08577867155625045
439;0.02037271487022392
440;0.01610752218009215
441;0.02043917394257251
442;0.007595292518472041
443;0.06771217595700146
444;0.07222164567702474
445;0.0778086468865041
446;0.022534093906434252
447;0.09668010427727952
448;0.04780820553322515
449;0.072675830968973
450;0.059947088982050714
451;0.04808070965575378
452;0.009106992282573601
453;0.025558052416152888
454;0.06023523223753557
455;0.027450540680679814
456;0.09457444701509707
457;0.01938986003202984
458;0.09959884565938208
459;0.04214649532329812
460;0.06765513564442079
461;0.08151722335939565
462;0.05241253567064172
463;0.06784166022693443
464;0.008443048626234495
465;0.07097371830303027
466;0.02133135527737805
467;0.07784977093662637
468;0.01861672018084817
469;0.017778610549374765
470;0.010749661138424427
471;0.018149717968878244
472;0.08242673041501077
473;0.07729160116415668
474;0.09604108523132321
475;0.055669146426581884
476;0.08664664958238738
477;0.0014232626918799674
478;0.023324899183797845
479;0.008123945229998564
480;0.08003848591192692
481;0.04017150879320678
482;0.09313512841586827
483;0.04763430058214499
484;0.09272232653345945
485;0.003813829739661434
486;0.0729765902734296
487;0.08711635577156919
488;0.0018672067259225323
489;0.028893754609650137
490;0.042970759554365204
491;0.05947970265958219
492;0.03996075999890303
493;0.08986935075568941
494;0.03571444531264724
495;0.05330655461342988
496;0.022783440626841445
497;0.04988381806970206
498;0.004762595870999376
499;0.004515470275330369
500;0.04440376401643897
501;0.05008450975604739
502;0.08012731551130753
503;0.021361392843061745
504;0.011660259725156809
505;0.0536348090493117
506;0.047115241781343326
507;0.014662571501158695
508;0.057619534807052446
509;0.014255159403194863
510;0.02850566118432464
511;0.07476646670957471
512;0.039147046473064565
513;0.052492867735987415
514;0.07570919068175648
515;0.010596917329313138
516;0.04386872807171495
517;0.0029649145353822792
518;0.027766386955632185
519;0.056870228102366464
520;0.0926123042079841
521;0.014726245696589058
522;0.008352010187600779
523;0.0779797496657964
524;0.04295629629539865
525;0.07623168325879492
526;0.04900849016034382
527;0.028960000007186116
528;0.09603500351770039
529;0.0744634059205707
530;0.019257061183281687
531;0.005753720701077281
532;0.06546909606231015
533;0.07116358707067862
534;0.09475994433475426
535;0.03320027927610083
536;0.022773329120770704
537;0.08119735822829018
538;0.03905817483814203
539;0.06649368074695962
540;0.05210616909066354
541;0.010682486122650037
542;0.0336694598750109
543;0.060977659732495
544;0.039730230257909886
545;0.008207570695150058
546;0.06143181018718446
547;0.06786780522157872
548;0.027881544634056024
549;0.05490485133347781
550;0.05128314165216496
551;0.04812908623139681
552;0.049071878248528544
553;0.015702099265118608
554;0.05471573594875933
555;0.005463926327569879
556;0.06330613628763386
557;0.054220360344687385
558;0.05921469274409913
559;0.02912209978637601
560;0.030137610000273
561;0.02831392287325061
562;0.09153432943903773
563;0.04648782458830907
564;0.08700564661021988
565;0.029393129657744155
566;0.08353734078074117
567;0.08525733812311415
568;0.09489643709839712
569;0.026004251636984832
570;0.016689611384195002
571;0.010324032877860191
572;0.013866350746983148
573;0.012422454050650945
574;0.04265554852904622
575;0.08500263824651089
576;0.05392383478312569
577;0.04133885654562263
578;0.0062161705093051415
579;0.06955968302261244
580;0.07191068084147975
581;0.06790880382397066
582;0.006631754912536126
583;0.09460868981905121
584;0.059056077799587985
585;0.05960480426271051
586;0.023816603122532823
587;0.06997401351156914
588;0.04303523416569093
589;0.0978427476218018
590;0.01794603938990762
591;0.04270402452617359
592;0.019601187648455157
593;0.09471991804940894
594;0.0999469668537785
595;0.059505527414403625
596;0.07381064278572684
597;0.06118573021094326
598;0.09632303930200897
599;0.05192447556196338
600;0.0004497274787220063
601;0.0025471197192521444
602;0.07026804231902962
603;0.07350173257415811
604;0.029955380666941325
605;0.07283902572249698
606;0.07459935624142199
607;0.07612356963648441
608;0.09315776987163225
609;0.006626269739146784
610;0.045742884003589994
611;0.07610106129929768
612;0.059587580565293397
613;0.07998103242670822
614;0.01536241854378232
615;0.03587450575503479
616;0.04794598531101869
617;0.0743453562001327
618;0.017885271091676348
619;0.021796909330778394
620;0.012975836587158507
621;0.07060849747993757
622;0.0821230249033717
623;9.785435370633922e-05
624;0.08581633921567122
625;0.02454947838519156
626;0.06679916873448233
627;0.08214315869118663
628;0.04432235662543266
629;0.013636448668318991
630;0.0942533542846703
631;0.040896532635882554
632;0.049590752452213054
633;0.08665204659970077
634;0.050307808953325886
635;0.006538534761633553
636;0.06440440460287919
637;0.09217556667056392
638;0.09796264925607878
639;0.07604354779708093
640;0.08288754764745289
641;0.06488323416195589
642;0.06695936614360268
643;0.04729292220989883
644;0.07784831729796504
645;0.0870610555762546
646;0.03676287420199621
647;0.008643452466757462
648;0.061957682316045884
649;0.09448404720919755
650;0.07598813245828831
651;0.03983344785969178
652;0.010835650990111745
653;0.02612682323853435
654;0.0146449320935229
655;0.024505680891356497
656;0.03634523152120502
657;0.08806972090646481
658;0.06364357832639576
659;0.07216445765113073
660;0.03390868628944295
661;0.003016873692667288
662;0.04371116599245894
663;0.010206395119963185
664;0.01114153099433175
665;0.02256341164755541
666;0.013566047922770342
667;0.023282501536833325
668;0.01143500906138969
669;0.0444337467768451
670;0.062117968229792944
671;0.0997030755160968
672;0.024116029206462754
673;0.0895596523717776
674;0.019767595870027868
675;0.043149031779827145
676;0.0767578944320113
677;0.0951805914728489
678;0.09581723724679882
679;0.09575018594092582
680;0.02396139738706654
681;0.014863275644681928
682;0.011327799759061553
683;0.03512651657598437
684;0.007503080540571728
685;0.059655762314407834
686;0.022408693606446185
687;0.09097493239677916
688;0.06384025642747625
689;0.08983777855607485
690;0.08009329341819549
691;0.006200265528126459
692;0.049251213347715816
693;0.056438519532301425
694;0.027409975061569836
695;0.00920508927282
696;0.02654182629890056
697;0.07783415675722122
698;0.07314705924673777
699;0.09140059058910344
700;0.07651689728641745
701;0.010522872246690974
702;0.08351011087723181
703;0.09394111951354163
704;0.05050705132740333
705;0.0009746780298023561
706;0.018490391058440702
707;0.005727846351393029
708;0.09141448283180893
709;0.08079831517749046
710;0.0020401017749891227
711;0.03086529665024992
712;0.07406758472012663
713;0.06818578952255987
714;0.0896497742645756
715;0.03100457580411431
716;0.02921650270787518
717;0.01680203894103124
718;0.05112710485956121
719;0.08907836548540728
720;0.0840032526438283
721;0.056884807828635135
722;0.06848139292199955
723;0.0001479728269375258
724;0.0867396384180367
725;0.049835051720628236
726;0.0676418750884074
727;0.0521141829063406
728;0.002580612162395446
729;0.028910409714072927
730;0.08277735513784212
731;0.007977308018630292
732;0.036163434469346556
733;0.06706967272156486
734;0.06464757605940633
735;0.08694796886071582
736;0.01122741369785495
737;0.09990820700209047
738;0.023382278829327544
739;0.017467064349755836
740;0.047454293109085235
741;0.006953064920923802
742;0.027647375162438884
743;0.015195297557608435
744;0.07987966636826788
745;0.02242552594998827
746;0.05856575200230723
747;0.01605733853578779
748;0.048085370120368134
749;0.05830044012670478
750;0.015761756890175428
751;0.09286024633109516
752;0.08891430672314178
753;0.02176485867158534
754;0.04402773839702528
755;0.09279742740046099
756;0.08877741246527567
757;0.08474185075123379
758;0.023715720342130975
759;0.032805299122328484
760;0.06565486740345701
761;0.09152676894064998
762;0.09708707050642545
763;0.05885451289423774
764;0.030506009347397212
765;0.035180952594226746
766;0.03237509713135196
767;0.06895644049304776
768;0.03955966035719571
769;0.033959491444696364
770;0.08134288398001469
771;0.07139467023276032
772;0.04939208590165204
773;0.036877113310010715
774;0.07041945735895318
775;0.05511835509848584
776;0.06003560668378882
777;0.02531806605750573
778;0.0054987488043905745
779;0.09416982413514235
780;0.0704487004207525
781;0.017723135325592054
782;0.0030227371051923637
783;0.07721289208956417
784;0.007025565649713384
785;0.04101431359838068
786;0.01185634782109294
787;0.0034479777073173736
788;0.0658857112890842
789;0.04038642749077298
790;0.059217297309570684
791;0.00546620627735579
792;0.03650144345036837
793;0.09406035716962123
794;0.022957583010594695
795;0.06097217258198132
796;0.019685249472445477
797;0.07318036734583563
798;0.08504687742884867
799;0.08992047017461402
800;0.09480718016722925
801;0.07514462160768041
802;0.035262480727230795
803;0.005411507330367072
804;0.0381830759677517
805;0.05477370955054642
806;0.08605501528100426
807;0.07143797068251519
808;0.002149367693304494
809;0.046628053340878085
810;0.017378369488099267
811;0.03891790675290688
812;0.07549498878432692
813;0.05573106917515223
814;0.05857166205325768
815;0.05933526030464044
816;0.0394068478583571
817;0.009858923479312776
818;0.009277538783425077
819;0.017134850240526068
820;0.0935163660722362
821;0.04097374507365639
822;0.0376874700911083
823;0.06935657885505765
824;0.06782926986015672
825;0.07944004727789578
826;0.09898687888994853
827;0.018084430474919245
828;0.008487712359655786
829;0.02526283439190563
830;0.01621009660386975
831;0.054585012779455544
832;0.023326024220814826
833;0.0641986532068804
834;0.09815074693961737
835;0.02218989813606618
836;0.055258480457477714
837;0.061239115609191014
838;0.03177666237060036
839;0.043321539099739376
840;0.07102453728967936
841;0.08538701942552276
842;0.056399582823435435
843;0.06615974952517076
844;0.014404264619550933
845;0.09296313564253839
846;0.00812509202657613
847;0.0039640556159171395
848;0.06819069695164166
849;0.03688128319841634
850;0.054440110785452744
851;0.08339060689569827
852;0.026750725324849647
853;0.067300442686916
854;0.0011523133797342155
855;0.019249069910033324
856;0.039862496687841725
857;0.04667392802498618
858;0.06782503607401628
859;0.032563384731737866
860;0.014883802772695444
861;0.09180511557112946
862;0.093670390576208
863;0.0936668444955839
864;0.06995266180627953
865;0.09088365423367863
866;0.06815026808333396
867;0.04023321422439944
868;0.02781383010170281
869;0.008356437544570118
870;0.04659506397767204
871;0.009013589032621528
872;0.06529167540749026
873;0.09412152222979031
874;0.08205665504441867
875;0.07587736268752467
876;0.0444126011505126
877;0.09742433304918074
878;0.05963404294077838
879;0.04028889801319503
880;0.03423313565266497
881;0.09444466151837841
882;0.09492309440926205
883;0.08562216860772073
884;0.06215376433000785
885;0.06493060749460511
886;0.09328106985190826
887;0.02168117358528714
888;0.0032398079377568114
889;0.09910676225193364
890;0.01554873941135091
891;0.09056249749504697
892;0.09711065865848088
893;0.08848858184808411
894;0.072140932346625
895;0.03425865831237183
896;0.041109015139209164
897;0.08158712593564033
898;0.04681767878512665
899;0.07894673747977587
900;0.015367517502079342
901;0.07579360993734505
902;0.08717647464844057
903;0.08332830556941925
904;0.07570038108475442
905;0.06426127377200877
906;0.04760239327632353
907;0.08644566611808774
908;0.06367375698669724
909;0.01230692317049651
910;0.03516852006629403
911;0.09923636381343623
912;0.005916401736396815
913;0.07659509304807255
914;0.01243103370015386
915;0.052217960548388766
916;0.053643361394045144
917;0.09233662474196011
918;0.07778878808982247
919;0.04625596129889793
920;0.06636823982707622
921;0.010600293896357216
922;0.06085458438225564
923;0.050426214663857716
924;0.05124217624538074
925;0.03568715983685912
926;0.07640411447747304
927;0.02760235318796881
928;0.005411509510738677
929;0.0977191591217385
930;0.0036091429498381847
931;0.01576289116979097
932;0.0886789069273388
933;0.016882071828428647
934;0.05193791179360777
935;0.06258969161018128
936;0.05734110259649211
937;0.00866069510837253
938;0.08500033088379229
939;0.03279042994440958
940;0.02169204101079755
941;0.004401975141167947
942;0.026367154066795018
943;0.040760911571639385
944;0.07326916388854157
945;0.06392647673005385
946;0.07417989738770009
947;0.0027169717001089503
948;0.09382288511377584
949;0.06436549185122119
950;0.021608565973367612
951;0.05005711486796647
952;0.048720277235068526
953;0.04291052060583498
954;0.02600393110506796
955;0.06307363831512293
956;0.09224643514549759
957;0.011467354730061297
958;0.05926069019559056
959;0.09434481048384913
960;0.054062759355935
961;0.08810820470627151
962;0.09489501726547134
963;0.08492521707921077
964;0.05245616576388982
965;0.010915588503125108
966;0.01843774253502292
967;0.07443179558502543
968;0.053456224175887405
969;0.02913944755897474
970;0.054792755687891416
971;0.0757366369959189
972;0.010422626913819278
973;0.04740840221005449
974;0.028645184469369124
975;0.010603367258769049
976;0.002659572980168168
977;0.002101007938099464
978;0.03838861005267716
979;0.09218582537745945
980;0.028977814528214952
981;0.07108721901784955
982;0.006869809469986133
983;0.03457215093285052
984;0.04721771855419748
985;0.0067397378592556345
986;0.03949040816785163
987;0.07190614404877832
988;0.08105364220366858
989;0.08696818496348446
990;0.06122482455593384
991;0.03966065348013528
992;0.010764838688486733
993;0.032987085301011125
994;0.06311430226754298
995;0.08328973283473341
996;0.006302112039342534
997;0.007125551864520897
998;0.08682996665882609
999;0.07523002913286649
1000;0.09133000638901621
