1;0.012276082981036864
2;0.09571496270163535
3;0.04784746740864955
4;0.0019908700824475822
5;0.040448919613364
6;0.0006326085065203491
7;0.017378516031486258
8;0.012844185969514555
9;0.038607212498720414
10;0.020347213460947745
11;0.08702574073551285
12;0.010965635198453505
13;0.04338844316339936
14;0.036304101803141635
15;0.07440264441253458
16;0.047960215552373744
17;0.005004626312777438
18;0.07107190052626848
19;0.09039291174300536
20;0.06870826933946798
21;0.09642822991610332
22;0.048403124410960376
23;0.09042911352490318
24;0.07023226467086598
25;0.014622867698510478
26;0.004462251770972536
27;0.09373731036460523
28;0.08757869054244577
29;0.012726355214519381
30;0.06357712385917606
31;0.09945069177640363
32;0.07058224160953788
33;0.05559183471694127
34;0.0442067587176142
35;0.051437997038772554
36;0.09776530760252389
37;0.012902438480442868
38;0.017341608758544225
39;0.054162557555515634
40;0.04720911794236983
41;0.007334339441902472
42;0.008469380415619777
43;0.0840002398577656
44;0.04890964406447488
45;0.05457567431673532
46;0.04579796938131214
47;0.028597602978522818
48;0.06848307739241669
49;0.08558073780013346
50;0.03950501368751556
51;0.020381125222037347
52;0.020130228766643755
53;0.0909498965909332
54;0.08844412744840954
55;0.04456380431766599
56;0.03482273280309175
57;0.06609252292215749
58;0.02873188072248961
59;0.01587346258089476
60;0.07234832039587645
61;0.03907507718634989
62;0.0071228668320513335
63;0.008496485857411541
64;0.058020176777000915
65;0.0018504286130743175
66;0.07835273112783302
67;0.034239237511430154
68;0.09626822619887093
69;0.06926203991567023
70;0.05010649229762637
71;0.0734492383163186
72;0.08816427533569982
73;0.03557389189349974
74;0.03251233980685727
75;0.013405628844755924
76;0.04516264517159999
77;0.0008176728474640571
78;0.03583071525487528
79;0.05253834681674449
80;0.032809538486861765
81;0.08300313716879368
82;0.09711794698151227
83;0.06517696876518855
84;0.09792341992714826
85;0.03322218457021602
86;0.012454232538983735
87;0.05955097942684347
88;0.05564342102567076
89;0.016264698794129506
90;0.07047078317572028
91;0.023659775420043397
92;0.02301263858212456
93;0.040706219445121816
94;0.09145690623145836
95;0.011781858678044954
96;0.027195539754374543
97;0.09199885932836306
98;0.06584652291865499
99;0.02591594393389839
100;0.08370836038939589
101;0.08286362590769236
102;0.03092291517125534
103;0.03743749052982808
104;0.08287189193666376
105;0.05793926603658056
106;0.031298310769324426
107;0.03295464499464306
108;0.08650141627164334
109;0.09932014801112495
110;0.05664755658842102
111;0.0460226281059589
112;0.04939962929690966
113;0.052119399910251864
114;0.09888957545846916
115;0.020758021625038727
116;0.015269936617303172
117;0.017906083872871348
118;0.09508186744826391
119;0.09645558298141427
120;0.029396989536474308
121;0.0655159935320732
122;0.02484301460609837
123;0.010962676498199587
124;0.016067632853461713
125;0.036389967390498636
126;0.020914119368676133
127;0.08945437472788025
128;0.0725700924080047
129;0.03983122104948938
130;0.07195445113126993
131;0.0017218584335464415
132;0.06087422028660214
133;0.010888780330015746
134;0.08955906842533823
135;0.01708951996876237
136;0.07151560115035364
137;0.005756969606803964
138;0.03347790308550254
139;0.007651588489022732
140;0.008704788238326466
141;0.09980420815944352
142;0.0179268742195737
143;0.09490679091867615
144;0.011476930264654196
145;0.022827230474239013
146;0.02920182020456893
147;0.054941590876688776
148;0.0410697971680663
149;0.009621703365706481
150;0.05022885089294632
151;0.09946723892859193
152;0.08955882317874686
153;0.05596129436314917
154;0.001741347796790982
155;0.09610342830441668
156;0.016465971892352185
157;0.09962774844157973
158;0.031401092881353045
159;0.056420044377452676
160;0.05839533680717544
161;0.043181310325650694
162;0.04555176977464277
163;0.003426673168805561
164;0.09317765894506988
165;0.07558975036096327
166;0.07514356609487957
167;0.06635570873902367
168;0.0966797489018941
169;0.09864392624458361
170;0.009725868507833735
171;0.0053349153769531536
172;0.09873402482013499
173;0.021214741601831646
174;0.0033657374409178376
175;0.08208034578706533
176;0.029397819392729497
177;0.07780527220111405
178;0.04967768285481289
179;0.03847363614231221
180;0.08664367229901991
181;0.09826029803344924
182;0.05151774932816731
183;0.09195572661062583
184;0.04599546459287577
185;0.01951329925157115
186;0.030211217351788125
187;0.0947701138794319
188;0.08998258733158032
189;0.018655160309036366
190;0.04740790508077463
191;0.07233087182701194
192;0.08308375361293216
193;0.002951095902745771
194;0.013388169250050687
195;0.08707099945264318
196;0.005111345913262466
197;0.09560155951866336
198;0.09529457275356099
199;0.0860752391329812
200;0.05719591773153603
201;0.06828257361929153
202;0.0297687735137396
203;0.04086602281176312
204;0.02514700733463974
205;0.089046562771618
206;0.0663453563917691
207;0.049205886282949696
208;0.0025480768510127484
209;0.08642003703004053
210;0.05385518727891005
211;0.07522062783551246
212;0.0895152200139961
213;0.02356349012419189
214;0.08978593608532016
215;0.053844506038797174
216;0.03038570330894266
217;0.04507732269674805
218;0.0413565544583907
219;0.06607985814081972
220;0.02383009848447816
221;0.09280248714432858
222;0.006321887965732454
223;0.014077106415154606
224;0.05226769964413365
225;0.017997362971027886
226;0.024478780601437336
227;0.058927754925047086
228;0.048867089017054804
229;0.030587548728639426
230;0.05031325794023354
231;0.087291762419266
232;0.015725912434460122
233;0.05914354260426803
234;0.0533876373682894
235;0.05527797190771383
236;0.010009926167486562
237;0.05582821322177625
238;0.0035428530688266903
239;0.0314033694982666
240;0.01154221224125912
241;0.016282534151865546
242;0.021892067164268572
243;0.048136300318268724
244;0.055515476796777256
245;0.04689040327685942
246;0.01564343830094216
247;0.08548486920810944
248;0.02529070621744972
249;0.030405815557041572
250;0.09633716906985562
251;0.09095169406541664
252;0.09910373982827049
253;0.07418010941787705
254;0.06157124896168999
255;0.03827722727642927
256;0.038957736785377006
257;0.09575519385155323
258;0.07264171355918334
259;0.033323872381724816
260;0.06623864536950747
261;0.07826978508298109
262;0.030951969891937704
263;0.07302317935087924
264;0.02106422543896912
265;0.09311599989839053
266;0.0955996194227109
267;0.0587233649602783
268;0.041515989662968024
269;0.05133247811128158
270;0.009794821695531631
271;0.02653465334833016
272;0.052145647750789594
273;0.017880567276101822
274;0.0036395889742390497
275;0.04342441554349257
276;0.03295014834799309
277;0.07472076586732583
278;0.016634411469156018
279;0.08183175718184305
280;0.09530075010150502
281;0.022416243442095387
282;0.09415653349313416
283;0.04140728877877159
284;0.028619359644378475
285;0.030114552013353082
286;0.0026865175611512585
287;0.01908128163050763
288;0.024225718031572543
289;0.050610295277238954
290;0.012562443012995306
291;0.09208476739562163
292;0.07065645463970172
293;0.008008132615665598
294;0.07726598261057055
295;0.04704068046781556
296;0.05349009722982293
297;0.0046306167750254645
298;0.02564612685626573
299;0.027439517766775414
300;0.09969863400924941
301;0.04627077436162365
302;0.09555741004389984
303;0.06421283054385911
304;0.05030368420721492
305;0.03937993542191742
306;0.001354396354405807
307;0.054413097565527584
308;0.004387481892053602
309;0.08065172805958755
310;0.04957599897902252
311;0.05756954161218744
312;0.036441948291523106
313;0.06863292372305012
314;0.05374720499215571
315;0.026730110124909334
316;0.05891456160379693
317;0.0017196461174177058
318;0.07198532118660367
319;0.009770421826077513
320;0.013465470182714013
321;0.09306760750264116
322;0.008281656467977617
323;0.010074492760852028
324;0.045625350864673744
325;0.08340341642753712
326;0.009363493305662962
327;0.07027758308175536
328;0.08550050105327539
329;0.0041377604946447825
330;0.01764631439818474
331;0.03469731326056661
332;0.016369893395106482
333;0.021090091370424214
334;0.007891198778350162
335;0.08810481636104132
336;0.03051677161533155
337;0.062100402532754284
338;0.02771560144957578
339;0.02011620904239955
340;0.05317751070258785
341;0.002099448688150074
342;0.09898287105678225
343;0.09133733604678775
344;0.0936068344994329
345;0.0600837009954606
346;0.08961962581057421
347;0.03746066222682317
348;0.00670451567288658
349;0.06764537432384747
350;0.07199230463216921
351;0.02789997796329299
352;0.07547080000931905
353;0.06601522145605124
354;0.06633948393491465
355;0.07608063285131277
356;0.08694477379556473
357;0.0033381581889101787
358;0.04508335379512887
359;0.013658468151409876
360;0.0070450257858407535
361;0.07389148507123398
362;0.03014616572821105
363;0.05085826103150261
364;0.02099923531347091
365;0.04016353505379664
366;0.004466335617078965
367;0.05250094197985627
368;0.01408190206468618
369;0.08517720107025867
370;0.05854158934692884
371;0.05239454241560512
372;0.06704365818381279
373;0.025023974904125692
374;0.0787971452536437
375;0.09777422033040634
376;0.05670676874302138
377;0.016682898027224512
378;0.0194465114916884
379;0.050464610042078355
380;0.06011645393183738
381;0.07604837449720223
382;0.041799557827797366
383;0.05186833580927946
384;0.018067563946713782
385;0.06220116339406853
386;0.07381133970970188
387;0.09945369611783875
388;0.07051712779286287
389;0.01868592345024437
390;0.0649459005792186
391;0.08171905546709035
392;0.026471742669989563
393;0.09215811751275352
394;0.032081971511318474
395;0.02134923700365776
396;0.08969435581131636
397;0.09530287757897678
398;0.07909178285968332
399;8.26127165388213e-05
400;0.0020650108582004226
401;0.08427627170653382
402;0.05771666465530864
403;0.03255552202271152
404;0.014584615346109399
405;0.07229141966285987
406;0.09839598499047841
407;0.07079444887326707
408;0.09408003769740403
409;0.08823784101095562
410;0.0420757293568515
411;0.04680774730990587
412;0.09924781475249339
413;0.07338442942681114
414;0.07220819231320985
415;0.09042556166557164
416;0.02156411378375448
417;0.01718511786230349
418;0.01127410936760891
419;0.048937130122685704
420;0.08390623292638275
421;0.09775354871854798
422;0.08052645221290104
423;0.05097335518630758
424;0.021281585869101505
425;0.09734947170641718
426;0.09723982811224002
427;0.05466294422849241
428;0.08819203542196719
429;0.06134002137671068
430;0.07743908329319371
431;0.0947402345764174
432;0.06862467282390668
433;0.029941928961720266
434;0.05300004698041003
435;0.033067299909330626
436;0.018753435686776412
437;0.03216917424545531
438;0.03857384200822326
439;0.013787480248526841
440;0.028263932778919233
441;0.0545277295635756
442;0.0028863043483918997
443;0.09809102699822166
444;0.017395123741359042
445;0.0052189804447930425
446;0.013144550380433419
447;0.08570713775252602
448;0.08398029705435012
449;0.052315734656575144
450;0.08124808519731047
451;0.04905807367855613
452;0.04326530893730979
453;0.07488122754846853
454;0.08375679897023548
455;0.04936457939226696
456;0.07693915494147924
457;0.07730704506131013
458;0.006940077538149448
459;0.07126509290655998
460;0.03646051725929417
461;0.047573392545520836
462;0.061321321155415415
463;0.008010403471386053
464;0.034567932281424074
465;0.05267491094916558
466;0.010476339601704543
467;0.05738888258439339
468;0.03343627015285298
469;0.06202786975910414
470;0.07791924806905227
471;0.05310768982992793
472;0.056145278929564384
473;0.08371822277283708
474;0.005690053348981395
475;0.03849691004064745
476;0.043714418114873525
477;0.06253035290209143
478;0.03758894031530945
479;0.06421854295335017
480;0.0604213307163009
481;0.011415594890277282
482;0.007485922917429878
483;0.04969498322393959
484;0.07104729045721467
485;0.07911567344956258
486;0.06707985540710205
487;0.07746946558695583
488;0.051625407375171
489;0.06634139958038748
490;0.0960643047551445
491;0.0276210477396198
492;0.0609659768893193
493;0.010895862923113099
494;0.09869997973371453
495;0.02569384318170097
496;0.06639996131963884
497;0.022093596392054174
498;0.029951497671191363
499;0.0003409405371972874
500;0.06782713476158815
501;0.07621338793212858
502;0.000150310656438446
503;0.028733202304392958
504;0.0013591420865804338
505;0.028120996560099434
506;0.07808135603011071
507;0.0471289993299267
508;0.041669256802531154
509;0.03742350583296494
510;0.009774891336544323
511;0.027572681390932052
512;0.07821969786504583
513;0.0264718694417614
514;0.0006277849198178421
515;0.02143960425258348
516;0.04653942873906447
517;0.02705635416673832
518;0.06274045819415207
519;0.08037768535396568
520;0.09389444811881358
521;0.08976249675432248
522;0.09074796555869906
523;0.013939397744196048
524;0.056277357102070075
525;0.04859109972291778
526;0.016554504959895754
527;0.07147903108564929
528;0.024936895441896048
529;0.02046463566971203
530;0.05369880007863718
531;0.038884409055796765
532;0.05781517616892626
533;0.0840692350485795
534;0.028362705815837365
535;0.014740198349844703
536;0.031377330220754666
537;0.03300153369184632
538;0.04801102082409288
539;0.03600454438061528
540;0.05199866369691622
541;0.0003405085346161907
542;0.06765942919605752
543;0.03142290824571795
544;0.09702245664707107
545;0.0417415367494597
546;0.09559402979104503
547;0.014632735306089772
548;0.003331719359664487
549;0.008188839869164077
550;0.014681879014457767
551;0.07135779715264515
552;0.04739737428187932
553;0.012729283449484041
554;0.038955692350424544
555;0.001481717880232636
556;0.06777207329390744
557;0.00985536477045017
558;0.07419090617056985
559;0.07433218718238155
560;0.0009695038058373019
561;0.03177453908882777
562;0.05103825547302607
563;0.09046485374013516
564;0.07780433279716703
565;0.08326370455280181
566;0.0178165784855437
567;0.07175649006088515
568;0.010176056132872459
569;0.04738340745909159
570;0.0024680069431735844
571;0.022358427497770117
572;0.03219422712674954
573;0.07402956994178422
574;0.052016122907517504
575;0.00832471634579035
576;0.016108514184355993
577;0.040305494202903525
578;0.06797053833682216
579;0.08236700716294744
580;0.035335399450182714
581;0.0074554090063929
582;0.020856603160625223
583;0.005207023580121673
584;0.023647210227688443
585;0.04572074873860509
586;0.03360294878476613
587;0.06760784746587638
588;0.015209972355791669
589;0.004263943391559377
590;0.0859771220734784
591;0.08444868855239485
592;0.008712818561859615
593;0.0728701750623366
594;0.04295263348306967
595;0.09029509143394658
596;0.02402100316492206
597;0.06869693266461868
598;0.06489658931924208
599;0.04812799181650279
600;0.06800040773901743
601;0.05740114864320594
602;0.04132597375148729
603;0.09642254614258962
604;0.022745656469051412
605;0.0011127653891627176
606;0.0219812233708937
607;0.0031658839967781075
608;0.09099119385216324
609;0.02135688226115482
610;0.006216052467184075
611;0.012940452256621549
612;0.018004033429687517
613;0.09658568977992561
614;0.04991628581495444
615;1.9791261609791722e-05
616;0.05760048230023545
617;0.09736935462946435
618;0.053374729733529316
619;0.04056366353252603
620;0.0278939451969094
621;0.09618862944977305
622;0.020134957856491068
623;0.06665179542551346
624;0.055185152441136934
625;0.0337178472760794
626;0.04547683164504131
627;0.09338701647458586
628;0.025215563966862434
629;0.04339241570319326
630;0.06780957126653572
631;0.030126288449426844
632;0.030327124172695088
633;0.04508678324816421
634;0.07419065144701735
635;0.07532959678593659
636;0.030435377242109197
637;0.0706127748054522
638;0.02278564357122015
639;0.051206295743015995
640;0.05924730657463689
641;0.018410256504982493
642;0.02677856378374288
643;0.06044367310479577
644;0.06661724468009401
645;0.035812062700904014
646;0.06408331067619817
647;0.07217649581529277
648;0.03320229674649664
649;0.09174812151900585
650;0.03571963035655984
651;0.06548324818305677
652;0.03836304030887888
653;0.0018662797888193028
654;0.03184436722881744
655;0.004562440506209709
656;0.08662473179609304
657;0.05830643137672297
658;0.05506357598500031
659;0.02230936047869894
660;0.02973334586588129
661;0.03290722676567849
662;0.008550765497657509
663;0.07394997708323887
664;0.05620330607980356
665;0.05287894934232767
666;0.020219906979870417
667;0.05741487717011129
668;0.004041029666099572
669;0.08246497830035007
670;0.009503430448338991
671;0.053903529989624936
672;0.0625677472123347
673;0.00954304251367686
674;0.0885855439276628
675;0.06904968637199488
676;0.07227339907329926
677;0.026214825683911182
678;0.0783342036903882
679;0.030295267485508683
680;0.09007863395571453
681;0.03853655071694276
682;0.0769345494913564
683;0.005750088878287152
684;0.05891642989696214
685;0.09527452102192317
686;0.07738689027926682
687;0.023709183729017126
688;0.054073680212054866
689;0.06849105240049097
690;0.0375643328475164
691;0.04638477378039777
692;0.0696848162890396
693;0.0849458406546575
694;0.0797055470794307
695;0.021453594552727842
696;0.07523673881748333
697;0.06578049155936262
698;0.019734041967220985
699;0.06689901092143506
700;0.0875372999339754
701;0.027498043329423263
702;0.08862463976456575
703;0.024044637496627632
704;0.08875100506730643
705;0.029431672455552418
706;0.022517602727173125
707;0.001919627381042266
708;0.02313436854596647
709;0.014561404428455571
710;0.017770570788728603
711;0.04464491671403971
712;0.07855935707344713
713;0.016311880000314905
714;0.02623702346185677
715;0.031634884686342395
716;0.09341918883543959
717;0.01691860243702128
718;0.014142885890995362
719;0.07677857423088824
720;0.05881044254377137
721;0.030499248992625017
722;0.0539398896643202
723;0.019629298730447164
724;0.029213693338466018
725;0.0552364980474318
726;0.026457131510528212
727;0.02412662808369255
728;0.06264338563712517
729;0.09086890323264421
730;0.0982664854227759
731;0.04388825307759049
732;0.09575632805215012
733;0.035682210379390365
734;0.08361640542394379
735;0.049838615201249326
736;0.09466607304585489
737;0.0040485904186232545
738;0.004430245758638852
739;0.002294734776598817
740;0.021225354937893893
741;0.07114481332960196
742;0.05327772064550419
743;0.007813907724499537
744;0.01946657763751618
745;0.09843455530297435
746;0.00033185842071087324
747;0.03190661968816732
748;0.04696531366701835
749;0.02181495660794397
750;0.05080847932180626
751;0.09920239498012662
752;0.05285527080226409
753;0.07544719972552939
754;0.00493333418112919
755;0.031454469154715614
756;0.07377857810097752
757;0.003578545798884536
758;0.035257603023772954
759;0.04418775926891544
760;0.06027445456250357
761;0.03690123144881002
762;0.05741147889125199
763;0.07733039254516957
764;0.02057574545716319
765;0.07110002270951488
766;0.05945947216285609
767;0.07280878619140506
768;0.09551812970043001
769;0.00205998199105526
770;0.06990219811121713
771;0.06427006591505786
772;0.004581637655663684
773;0.07557628372342992
774;0.010380959414673608
775;0.02255236236520456
776;0.026344375023445655
777;0.08448460294099136
778;0.04327810852678689
779;0.04017691776574436
780;0.06859582196603849
781;0.016662720167021163
782;0.01388022898491579
783;0.038200448699490325
784;0.009163443877377053
785;0.05162610693145771
786;0.05464931639193989
787;0.05594828667861319
788;0.029797492384846837
789;0.07580411055497993
790;0.09188687395600467
791;0.007799733207522009
792;0.040069220318504455
793;0.05015604514999625
794;0.0183131527444943
795;0.0749885907607124
796;0.08150412639458081
797;0.08255949930660614
798;0.08203184506434068
799;0.009986225243013791
800;0.0765114071924375
801;0.0798349462742769
802;0.08762263798994298
803;0.04714641438605798
804;0.09326790704105997
805;0.07940223553903501
806;0.09969562523479004
807;0.0915762493630618
808;0.07464991060300509
809;0.03419046526111789
810;0.004847354119620052
811;0.009050449976008302
812;0.06399206073046314
813;0.01946234763591136
814;0.014628113635390506
815;0.08426215937541093
816;0.0996659270490797
817;0.05417085809678701
818;0.04857377545867619
819;0.03330901083541698
820;0.0017579411100375531
821;0.04757461151552178
822;0.061316705138510445
823;0.09973288641085014
824;0.05082110331361259
825;0.03390509952503251
826;0.09412560012658375
827;0.056563840029457746
828;0.003492168072378721
829;0.049442667554433266
830;0.054044755859686114
831;0.025793364819050337
832;0.02350288105586671
833;0.024484602383046727
834;0.04315511393811592
835;0.030214588283303423
836;0.04190804029756238
837;0.013478179127734469
838;0.07799945079230108
839;0.02061229954338121
840;0.02404434577642969
841;0.027073895165828178
842;0.061640959232070615
843;0.009954673562204275
844;0.01520813160405754
845;0.010519066598542083
846;0.08459596705490544
847;0.02627303527670586
848;0.017703624186602786
849;0.005248173799338241
850;0.08133625658296248
851;0.03946590667611646
852;0.056581571055858426
853;0.008312528209966618
854;0.06101413277458864
855;0.022474334565694733
856;0.01135553170777941
857;0.09533443748541175
858;0.044931668671201214
859;0.03363026369182193
860;0.014909739568008186
861;0.09666441303309392
862;0.01153531274625329
863;0.008674981841678952
864;0.07379454379606765
865;0.06052150877526222
866;0.007230092149062373
867;0.016500954490098762
868;0.09212973323333033
869;0.026784247213743298
870;0.06899948873563069
871;0.0014646414824630695
872;0.04755879328248113
873;0.09161304204748627
874;0.07593243933075801
875;0.07604046579009138
876;0.09489348962131453
877;0.09439939790626636
878;0.019026128102881148
879;0.011507492319264002
880;0.04201633202439599
881;0.09377666035864925
882;0.08481810356998681
883;0.06605400523076163
884;0.016683427971868402
885;0.09740985096761076
886;0.07853637297478963
887;0.007837995218586169
888;0.020322734338068374
889;0.049191843812443986
890;0.03457452884722485
891;0.0456256774574949
892;0.08347801727089196
893;0.019589776070704813
894;0.07634703943678132
895;0.01570132743419217
896;0.013043299943960508
897;0.040663485861495256
898;0.04743421525011541
899;0.040947452198006384
900;0.06373904231689569
901;0.00745492429621274
902;0.0742117864493355
903;0.07488673836340558
904;0.042869195565886246
905;0.03754981685412702
906;0.06929637081787127
907;0.01813875464549125
908;0.011109842835930639
909;0.07590516363423448
910;0.03803366319303789
911;0.051774362361973636
912;0.024702999046652543
913;0.027254170772454026
914;0.08382305306590036
915;0.0330792605242732
916;0.07163431554492086
917;0.05594187568011284
918;0.05089670736384547
919;0.022097959800679936
920;0.09153469936390074
921;0.01627069103864288
922;0.05117573473912913
923;0.09440137583773649
924;0.0500227227110981
925;0.05412557245680743
926;0.08931405536636333
927;0.024954749465340233
928;0.03459248038665204
929;0.06653658650294914
930;0.009321482902411317
931;0.09765948980119461
932;0.03400519501370584
933;0.0722969214601982
934;0.07913481994307488
935;0.0629498032112674
936;0.011626254105283052
937;0.012107069194624565
938;0.006245875178680882
939;0.0002674678035985756
940;0.06607319823033801
941;0.0906963493343842
942;0.09976771660585627
943;0.09960796883194006
944;0.09080325818976817
945;0.013942594314959278
946;0.02912924263181801
947;0.0878205277832501
948;0.06654297409984326
949;0.09001443165117826
950;0.02846989253808159
951;0.06317128522174677
952;0.03147783931463704
953;0.032670351243720155
954;0.012076504943453283
955;0.09276383341250118
956;0.09831271833137091
957;0.009326157554073556
958;0.0950377723603212
959;0.005943959000186783
960;0.053362842895655106
961;0.09328757371389325
962;0.04137299446370055
963;0.019766556135956227
964;0.046062749943937754
965;0.09062506182589887
966;0.08180455956281123
967;0.09474924219194521
968;0.09187573868107218
969;0.040896824297352835
970;0.05117952366855897
971;0.05824815703728761
972;0.019558672017311096
973;0.08380428866568376
974;0.026336514108525458
975;0.04567385531938909
976;0.032345345640185284
977;0.074507256274127
978;0.002556423478556502
979;0.09513645205675675
980;0.013695329366309107
981;0.0736657808548971
982;0.09013249210066518
983;0.060680151202510406
984;0.009958675158780673
985;0.09694098506530935
986;0.022806155357829563
987;0.0065583938134210484
988;0.07708403956257401
989;0.06541661158443982
990;0.056539748890304234
991;0.04657773561125797
992;0.019545812984311864
993;0.06657785283093719
994;0.01317256763239686
995;0.01365291026250478
996;0.07687685800721443
997;0.04697489490245371
998;0.04805670015534711
999;0.06412160959212411
1000;0.03258222047370115
