1;0.041911597247834755
2;0.061787808793876554
3;0.038804048107015855
4;0.16905969634784482
5;0.11744250739794125
6;0.18442770929062952
7;0.11739637413117708
8;0.12498515551139718
9;0.010979136452789251
10;0.19548735193341613
11;0.09529455786095742
12;0.017457508650931763
13;0.058756867791637024
14;0.19586981844264711
15;0.06614427314324674
16;0.158395727623536
17;0.17956523620879464
18;0.034833911233182316
19;0.054713695573254985
20;0.08025922777840849
21;0.13750606005748578
22;0.11540270668566639
23;0.13006240217107332
24;0.17138147093010636
25;0.16938927111031704
26;0.1737817102115385
27;0.07586002894481242
28;0.13578246827087356
29;0.14157192136406396
30;0.05629687297637163
31;0.01919307436715354
32;0.017115253998594017
33;0.129748059485386
34;0.13029848962575694
35;0.12227678030316941
36;0.12382245374853969
37;0.01066138388657647
38;0.0785559179759266
39;0.05777482115898616
40;0.0511347476220055
41;0.1826523730406141
42;0.17502531167056334
43;0.005024915496155181
44;0.14967583487385924
45;0.18494438396870808
46;0.17280854039650675
47;0.04315814447416209
48;0.12870449954411375
49;0.09051212837635494
50;0.1821878068922003
51;0.08563392718731647
52;0.07597151514755672
53;0.09200101101554899
54;0.18483782397406195
55;0.19239696085155653
56;0.005796519698283831
57;0.09379044508228324
58;0.16830815333562643
59;0.08550806582071419
60;0.12809948981114067
61;0.12029646449577402
62;0.005644067838082467
63;0.1203604167713845
64;0.18459450103760275
65;0.16266443303641231
66;0.0737022437377225
67;0.012463547707120616
68;0.13458142029845394
69;0.053427115353702904
70;0.19375384867438017
71;0.02992427190402791
72;0.02974250554402782
73;0.14723020446427937
74;0.07490034157609447
75;0.18212071502958657
76;0.006266038116136419
77;0.13787256575945606
78;0.14915316080763016
79;0.04325242300586767
80;0.137711333940275
81;0.028304699630224375
82;0.011452382400930628
83;0.173421129196078
84;0.06618601499842813
85;0.07971182498784729
86;0.09916550182149886
87;0.06484995840939871
88;0.008470265445989745
89;0.15498261876413272
90;0.13086305212565932
91;0.09317459599306473
92;0.16495035149811257
93;0.15224079622165276
94;0.060778442818219626
95;0.12694894149478303
96;0.16197997101491368
97;0.0303690202876745
98;0.036933781718984364
99;0.04896479584269429
100;0.17114588481266313
101;0.0009141078855160024
102;0.14247250060989627
103;0.03903048994644651
104;0.0945041673219632
105;0.051026927158906644
106;0.15688215664448435
107;0.10979231970643094
108;0.18477286702749024
109;0.01757986735741306
110;0.13091378028092449
111;0.12152222731691463
112;0.12560246514323045
113;0.13151245854644789
114;0.08404946082459726
115;0.06658079821730332
116;0.10131445198370322
117;0.19823056829545782
118;0.11387150384297523
119;0.08878614965738195
120;0.06766546773611282
121;0.14753890395799563
122;0.18506028651026984
123;0.15826301330174802
124;0.09263316659335522
125;0.0879592516084453
126;0.08172623976521272
127;0.021831505798169462
128;0.1099552638429731
129;0.17595291518926082
130;0.18822809666651014
131;0.09850181534744139
132;0.13976182207248444
133;0.03226259172648787
134;0.1664709221888897
135;0.15384954888424293
136;0.15952063304410924
137;0.03692909682037828
138;0.17099840586286708
139;0.15281566290029847
140;0.18216090401912158
141;0.10327339914084369
142;0.12001604909400498
143;0.1981589842879271
144;0.06300481138935131
145;0.07401842213141976
146;0.03270182680299105
147;0.18561621359156952
148;0.054784616589053474
149;0.14702252829147705
150;0.16935799068815136
151;0.14660645597374825
152;0.006901512802378474
153;0.15383775862378998
154;0.013164755932929473
155;0.12717838289299843
156;0.10253538720751576
157;0.08784952534710298
158;0.03473589477935348
159;0.06991745678344184
160;0.055797082466748506
161;0.134812336118545
162;0.032057813257474414
163;0.15684512824404348
164;0.17006021144370276
165;0.1768877504535116
166;0.13444192181728018
167;0.06139619302287498
168;0.07799250232052257
169;0.005399351565967048
170;0.027843729796231422
171;0.18040546824207032
172;0.13222788108074285
173;0.05976565906072795
174;0.1265665219479754
175;0.08601262189343824
176;0.17982828420451724
177;0.17560781475190182
178;0.13055196313960302
179;0.08943579490478547
180;0.08836029816166575
181;0.10554894674817915
182;0.009085174620933634
183;0.09541155540859694
184;0.09665615062013769
185;0.18607313420889873
186;0.1638038839070193
187;0.09691094289609317
188;0.09818847950975473
189;0.18342820451707958
190;0.19202299416628452
191;0.07993765890150067
192;0.016062865500067813
193;0.01988060261503353
194;0.15263785665048624
195;0.08990692176307061
196;0.13956078187690973
197;0.02917283642883404
198;0.09641009333796419
199;0.07294021609126163
200;0.06577881627452267
201;0.023455790505341412
202;0.09849853802792019
203;0.023433370758736083
204;0.17105738582746643
205;0.1828175559313245
206;0.17992043574926772
207;0.0876855779545634
208;0.048121003406893986
209;0.016570079937886107
210;0.19742912094520718
211;0.19397362872168283
212;0.08879045693114924
213;0.07562931489771474
214;0.011915123498703939
215;0.14345010495818586
216;0.04728173548961017
217;0.11685596402698713
218;0.04094744338178229
219;0.16509942004173062
220;0.1601199562055953
221;0.1686015221902486
222;0.005927524666904227
223;0.11445864688131441
224;0.07640265151502634
225;0.18097396449857284
226;0.027518751154359356
227;0.042033958231725115
228;0.18538381010756244
229;0.11465614419250061
230;0.16614078021800638
231;0.017446712340667882
232;0.18165968843773378
233;0.03628064451215414
234;0.06165318631382391
235;0.08701858573227131
236;0.14379319297389767
237;0.1416531405308964
238;0.19754945083814437
239;0.06631140301277023
240;0.002122471660212466
241;0.17592797012831518
242;0.18797660067754357
243;0.1998879630807251
244;0.13547473368813676
245;0.16710346954910876
246;0.16950013318966983
247;0.03080021838501963
248;0.0152598952351793
249;0.11435607014132643
250;0.11917643877642664
251;0.037586163545166
252;0.09336306626446522
253;0.16617569579948746
254;0.04372748903203538
255;0.1951506127675894
256;0.014263588033526632
257;0.175808077720549
258;0.1120788358570888
259;0.06359808013153656
260;0.024787568657682904
261;0.15417233031727245
262;0.008954282846507011
263;0.14674565329194791
264;0.11091700669557746
265;0.04252473133866044
266;0.06878440877142332
267;0.06226642864072032
268;0.16985343747677129
269;0.14773299373399965
270;0.07045888548560622
271;0.10129294567746733
272;0.17321508214193834
273;0.051816043917692414
274;0.06601923171717727
275;0.08007628142494422
276;0.0656176980496249
277;0.07456844301719012
278;0.09379068623244091
279;0.010684281700640686
280;0.1532778749843164
281;0.03493564978527524
282;0.09457260047829033
283;0.017847125946021537
284;0.1100600565193858
285;0.01799578665174617
286;0.086023775387662
287;0.0015875272953248531
288;0.02578335277788928
289;0.004857140996615339
290;0.04930234427853102
291;0.17163021081990704
292;0.0814551534954994
293;0.014042815718047087
294;0.013068565712168835
295;0.16150066772432656
296;0.19957273074642934
297;0.13413912127004943
298;0.01574255762160588
299;0.0940310491260213
300;0.08882144231992257
301;0.07761465888560062
302;0.1905242144008757
303;0.03104242857587558
304;0.09444297605386409
305;0.08232987513581924
306;0.07879229881798665
307;0.038726064637742065
308;0.15227531228148747
309;0.029006882002486245
310;0.07301142783353898
311;0.1268051019430002
312;0.13499518244268557
313;0.029692380314913502
314;0.1427263721257107
315;0.03550209296497706
316;0.18611599175756663
317;0.06241256761923739
318;0.01579325258140969
319;0.08659766852744331
320;0.11031205489902085
321;0.14951329268720484
322;0.09223377865099558
323;0.1671217589727283
324;0.019970777313035138
325;0.11520067114736042
326;0.1665229754418346
327;0.04104963371080808
328;0.171137920161603
329;0.1704461434739676
330;0.04184698673093941
331;0.052942807409445014
332;0.07783576971522113
333;0.0819551028876217
334;0.053986044393859636
335;0.09635649135140832
336;0.0795502532423381
337;0.17186729791969052
338;0.009612951407611425
339;0.06255351291325362
340;0.02456340854802439
341;0.10699905730681836
342;0.16370823989554387
343;0.09120276126316516
344;0.17081378153124338
345;0.008629601171648993
346;0.025259836054336127
347;0.020107735831131193
348;0.06727570921478909
349;0.06724045440105378
350;0.1252966301027877
351;0.1477914319921037
352;0.1024353396104891
353;0.02813584357898129
354;0.15440319956462423
355;0.08396952810055061
356;0.1505067843228729
357;0.014889342186674794
358;0.18815005910433405
359;0.12050210648842728
360;0.09327538515091556
361;0.16871699476701513
362;0.08208342564382341
363;0.025482813843099784
364;0.18926919076788762
365;0.07736701693156077
366;0.09981144007016325
367;0.15522078286974095
368;0.15563481258071857
369;0.1631964036178388
370;0.18177622564816753
371;0.11295076561391093
372;0.025268300768871967
373;0.14977396454895703
374;0.05368066456704812
375;0.15534397440038064
376;0.12336726293784123
377;0.16007561330829187
378;0.0861980879938758
379;0.18059391225793447
380;0.14471606659342118
381;0.14504226241135693
382;0.16802066457808457
383;0.12631723652943003
384;0.13401136968243757
385;0.17042061618349086
386;0.12529029101400235
387;0.08078850333731807
388;0.016666476811342524
389;0.027831636138921034
390;0.18341692121793268
391;0.02494652303033178
392;0.0014257733817861996
393;0.07638081173161904
394;0.15058677356029082
395;0.06417545928354028
396;0.1509038141106764
397;0.000952190211882642
398;0.1596510529115177
399;0.022583122200579987
400;0.10139088996754536
401;0.16048726325645166
402;0.08856291580168817
403;0.07106185194727586
404;0.1279131752497188
405;0.04980919654781786
406;0.013405998572362311
407;0.11224330433590729
408;0.09417826431842383
409;0.11986174043796177
410;0.14657382550111286
411;0.18273030552230998
412;0.09893877270567275
413;0.07653655348282003
414;0.11361376267552795
415;0.19376560198375747
416;0.14609270466329402
417;0.08530203131560739
418;0.12980696581277534
419;0.031856821692268826
420;0.14209513173159624
421;0.11542628250783193
422;0.0015746560564976033
423;0.17216873580682243
424;0.007207468876966838
425;0.10071377729064179
426;0.19477846560956869
427;0.17135941721688025
428;0.04973690337349717
429;0.18816094088719593
430;0.15853161942350172
431;0.15669278512537194
432;0.16032644175297306
433;0.17547731884155032
434;0.13617460764851458
435;0.1879411628274098
436;0.11985172543839928
437;0.04190225178739737
438;0.03250469556404469
439;0.03325214167852191
440;0.07001880834204742
441;0.024356389578844895
442;0.07088317303765412
443;0.007493333105285905
444;0.10879820558204008
445;0.13695976398984186
446;0.1532134292410433
447;0.172709388028909
448;0.1511477798162889
449;0.13473643895733328
450;0.12022913174066248
451;0.08642527624493174
452;0.02100431192697132
453;0.007932476342788463
454;0.0021170356430833203
455;0.030610963005087477
456;0.09305861356269196
457;0.11180616229217995
458;0.10579041501347315
459;0.019319838746023367
460;0.04547190399607684
461;0.13596589129804512
462;0.030210946856039467
463;0.15025876457358478
464;0.10719120809562849
465;0.14143093756696098
466;0.11538886192976024
467;0.08220962800912655
468;0.16555959997902944
469;0.07536850228949364
470;0.1805636896785744
471;0.16663888048264322
472;0.059059675782213675
473;0.14666354757260286
474;0.06436029142452485
475;0.05158729631053902
476;0.13600313981908663
477;0.13670653537884178
478;0.06021953243070175
479;0.12644708092343412
480;0.17883124911735696
481;0.1424553348983158
482;0.062387136111199684
483;0.09194966017049343
484;0.1087148412274712
485;0.1354410151875521
486;0.019956815522765847
487;0.0729813549331815
488;0.004915152460377059
489;0.17405324704743128
490;0.054146283710081615
491;0.19513188579722318
492;0.006733883413043373
493;0.03650617612678275
494;0.16138393001947252
495;0.01998528702297944
496;0.021038871322314967
497;0.09656381816557776
498;0.11276088999025975
499;0.16374786942258815
500;0.0708683700349325
501;0.014906202510672983
502;0.19037194221204035
503;0.18842965628818453
504;0.004477884484665462
505;0.10859958028801385
506;0.11414366972664286
507;0.17178497245249258
508;0.015266003409756347
509;0.017576380626474486
510;0.1294647428335838
511;0.03410013839528334
512;0.15414707316451048
513;0.045134163208251345
514;0.1830817308512928
515;0.12100191729827797
516;0.0846512209810406
517;0.10499072921627173
518;0.1567452590486578
519;0.002181063923888371
520;0.13049186427701887
521;0.07588956883220346
522;0.12579730639335093
523;0.11107579166406255
524;0.020384866598210063
525;0.1728216158106436
526;0.01399864383913283
527;0.08130835058945377
528;0.0729029438031834
529;0.10708145319845314
530;0.10392084673102236
531;0.1457752501030449
532;0.08802196930598792
533;0.08302842896346463
534;0.1477465745771857
535;0.0708904572686562
536;0.01614110928921748
537;0.15697890843200568
538;0.049166634560105775
539;0.01983619272567283
540;0.10220654819371938
541;0.06194006705816044
542;0.16382631244626655
543;0.1566740559453856
544;0.010563628707720941
545;0.015204437907049062
546;0.02556339663617222
547;0.10180911327372488
548;0.03926736215899645
549;0.09118407329234768
550;0.13931450430716394
551;0.12975309917844344
552;0.12653500713490082
553;0.046082421928124576
554;0.0013950401933640055
555;0.0361911559841843
556;0.13236632919094274
557;0.14790905692603531
558;0.10855631545008174
559;0.013204482342525959
560;0.03125882388615744
561;0.10777340342328906
562;0.06113982720760134
563;0.1495478754686885
564;0.10198502613634475
565;0.13619164585063914
566;0.03317192900330317
567;0.044128757158606424
568;0.015177528640808414
569;0.06295654968530032
570;0.08071110784329064
571;0.10076046856359587
572;0.10906344921544078
573;0.13441635933755677
574;0.17767454682225556
575;0.10124022384196724
576;0.025861636026258017
577;0.1389741539877099
578;0.198449744511478
579;0.06669022730197482
580;0.17106881601071444
581;0.021922855035787503
582;0.15358253133371946
583;0.19650995754706846
584;0.04519040646258992
585;0.0962078252438783
586;0.011647542408851953
587;0.1676982221925799
588;0.18882329456198102
589;0.02347027160788582
590;0.062126967920992086
591;0.15714062007943702
592;0.19563577615111738
593;0.023190647333906148
594;0.14669309328346183
595;0.002594810344824783
596;0.16375503513044265
597;0.042611166884498466
598;0.02478999329029892
599;0.16071135740615047
600;0.18250157277423074
601;0.1433735401247695
602;0.15499532038068664
603;0.035563471752301616
604;0.192280937432608
605;0.17003672907086634
606;0.13464036478310762
607;0.07961217096853482
608;0.10130481715068096
609;0.010205855801895503
610;0.15457577248696408
611;0.15551762068171732
612;0.07519696889446133
613;0.018955894663510775
614;0.05371948581710642
615;0.016307326373407174
616;0.02726104072722915
617;0.09646132204450693
618;0.1648846126616118
619;0.12334230227838368
620;0.13036820520897044
621;0.0363018268207308
622;0.011571975717903872
623;0.07508068729154803
624;0.17173343948322387
625;0.053820437768611964
626;0.11701880719854688
627;0.033740680512650625
628;0.13930667853445358
629;0.125592718696964
630;0.05719768569172308
631;0.03615327900920364
632;0.04778681475869184
633;0.15513314624505237
634;0.020309578613287062
635;0.14341574586032343
636;0.09205838656329879
637;0.04649361235627767
638;0.09629800885482379
639;0.14594616498541826
640;0.004415196420068113
641;0.09777859223793335
642;0.13775306699638984
643;0.09331368072790024
644;0.011415083956666551
645;0.1613065000668746
646;0.05769470730363424
647;0.022029380401779198
648;0.14805047833695903
649;0.09230302437270595
650;0.0905594274109069
651;0.051737821454846136
652;0.12336018004055338
653;0.08240883368623733
654;0.06021175009427098
655;0.18616534494771186
656;0.18220486706598893
657;0.09977138651767953
658;0.12008569550441461
659;0.12687858431469945
660;0.137967821868299
661;0.039692742485040136
662;0.12801581973087572
663;0.16175992901257386
664;0.09955104009903691
665;0.0037032006836277723
666;0.08716471395909703
667;0.13075352398784346
668;0.07686451256243909
669;0.17510351787583883
670;0.04825955139927969
671;0.11543308749631064
672;0.18011211753459236
673;0.0842559937963072
674;0.009280274096286822
675;0.018501258257189578
676;0.1924599756591893
677;0.1619690981914844
678;0.04893385749523507
679;0.12945341481714556
680;0.0030457860498659174
681;0.08156853119075753
682;0.11953941953160495
683;0.17222940076251902
684;0.01573469912292438
685;0.13747376852797033
686;0.0007097195880541252
687;0.0029077123686124477
688;0.016683438309531562
689;0.16034554709269944
690;0.17963973598674823
691;0.1358400332570858
692;0.1226463288850167
693;0.004618790164911135
694;0.19795431647685158
695;0.15107293782510356
696;0.15501161706471098
697;0.03470659681136432
698;0.1492453555279666
699;0.07299844141987409
700;0.10665882279610282
701;0.19067790009169838
702;0.16065365917320248
703;0.0931607630909701
704;0.04643378689477045
705;0.09803937460094246
706;0.0210088227918686
707;0.01527395768805957
708;0.15913845820846387
709;0.11708160272297496
710;0.09971390331252415
711;0.17386427436254276
712;0.12991601091810429
713;0.01901986317012916
714;0.01739763973888957
715;0.03871905523154955
716;0.02072139050006865
717;0.199174283791644
718;0.031700998035468574
719;0.03759823043131825
720;0.0287089171275702
721;0.013732064045263238
722;0.04486676520424231
723;0.11822114087152408
724;0.05224960241111545
725;0.19219033455648232
726;0.023502226496520364
727;0.028706759487314427
728;0.1616269488246117
729;0.0319294308291018
730;0.14009195055415266
731;0.12999488224828565
732;0.06753582087352446
733;0.027086688058407374
734;0.13806293515404428
735;0.004945515872651552
736;0.07627694141631775
737;0.05521285488995618
738;0.06035962416522483
739;0.07056550737860567
740;0.04115544444855908
741;0.0900567935254413
742;0.03919324982943815
743;0.16567335954287293
744;0.1324353575696315
745;0.16848291041564417
746;0.10246422193438676
747;0.19972257068038904
748;0.12720896742894405
749;0.01124386086920155
750;0.02545167244419788
751;0.1288447199648639
752;0.10253875582076394
753;0.18293553266187046
754;0.19446940138983335
755;0.18894240861871664
756;0.1015429152727724
757;0.11436019742583942
758;0.19560060364357712
759;0.13650930549518867
760;0.11240107922575243
761;0.1143812663953108
762;0.09231873365942918
763;0.13285132101761152
764;0.12209238403777561
765;0.13016029002237642
766;0.18957432875197155
767;0.18411737176765627
768;0.07719885032509864
769;0.06700609169130282
770;0.014568110259692202
771;0.02063161791099566
772;0.11546121117103308
773;0.09245922961999274
774;0.17971212109680904
775;0.19775117677936457
776;0.016181545948872732
777;0.17935535232348107
778;0.1635224618930363
779;0.03056305605485159
780;0.030072009326958637
781;0.16599204929962064
782;0.05767344980569385
783;0.012654147493413759
784;0.09257199044836209
785;0.01655865439394808
786;0.16767623375198695
787;0.1937556857940874
788;0.04415881462263334
789;0.029044955021793384
790;0.024065862219400703
791;0.1563869019788302
792;0.013324605741246921
793;0.12583320138649326
794;0.09437571864696526
795;0.18103835879233135
796;0.11695292876959934
797;0.056954006949510964
798;0.11059811861973974
799;0.1564809281664898
800;0.05276943441264373
801;0.009014272592517325
802;0.17582314596964965
803;0.09550138304649336
804;0.1708925096697279
805;0.030619471915210084
806;0.007674574066624329
807;0.12334145602595999
808;0.0440090505826336
809;0.08003554518436201
810;0.1884973090109977
811;0.0863394460982535
812;0.11711118189055492
813;0.07450389242906266
814;0.028202121496581724
815;0.07249499963759497
816;0.03805766313734152
817;0.1383328703170363
818;0.12882435014689234
819;0.11931982114791556
820;0.0061898718293064816
821;0.07793106658712295
822;0.16924429892079532
823;0.12015732751358564
824;0.10547587289636862
825;0.17180408832912655
826;0.16082400592605225
827;0.1862826707877189
828;0.03596850876279691
829;0.18855321549836987
830;0.09057258838513936
831;0.02500816052271626
832;0.016773101107825063
833;0.036933657888580496
834;0.12985226275551076
835;0.0923632208318114
836;0.10006773669004665
837;0.023356027502677425
838;0.026690796608060775
839;0.15134196522913157
840;0.1826510564490207
841;0.04341636887434075
842;0.17778577259461364
843;0.11254220187924338
844;0.02718733651321499
845;0.09151465662839063
846;0.17829419872071944
847;0.004400007318881971
848;0.016696443007693774
849;0.014657498902429178
850;0.08201294840361656
851;0.0027964575762533307
852;0.054216224731528075
853;0.03210755776381396
854;0.13591807454908053
855;0.1155663085528558
856;0.18232781843942292
857;0.11654448565938387
858;0.14928601699270047
859;0.04793279921956328
860;0.1100440507576232
861;0.06888680493352846
862;0.17324621847643784
863;0.18530154385159855
864;0.17196635173069658
865;0.06371603103933281
866;0.07138374356144127
867;0.08539835234663135
868;0.06697033074118096
869;0.009280916347892187
870;0.10491189075196117
871;0.05463463148470993
872;0.1585469897522667
873;0.06671614484400927
874;0.08843173184346319
875;0.18433226863606145
876;0.19840451787517321
877;0.08350121002401112
878;0.1846510177447973
879;0.14373578792950664
880;0.0466126374629688
881;0.19318734584301808
882;0.0006674590232888189
883;0.1951682471198617
884;0.13728700471127264
885;0.15098552726271866
886;0.1823605025081477
887;0.06278442780754749
888;0.1610542700775202
889;0.18864508824661366
890;0.07434234729074336
891;0.07169740599913015
892;0.09880948579040333
893;0.19410901384523022
894;0.10311549134259289
895;0.08543981662143496
896;0.04555698747752621
897;0.19897035257551804
898;0.11415805539026665
899;0.07864038782259525
900;0.1253932857205724
901;0.12843570457475914
902;0.10501889848632412
903;0.1116387840622334
904;0.05399259158099923
905;0.12688649039899055
906;0.18203590913519874
907;0.05051819742647959
908;0.006119555383775777
909;0.009763424883308326
910;0.07942152222339316
911;0.032326713262514864
912;0.01739084402989797
913;0.01234924994227924
914;0.15380098434418688
915;0.09628332312016577
916;0.18851899980320164
917;0.024827449583383166
918;0.13094621398023806
919;0.12889178623487815
920;0.1335003774799742
921;0.1066873326888461
922;0.19096226323140914
923;0.05457927553495023
924;0.01723194739764742
925;0.016425099293688274
926;0.16452684053875355
927;0.10402567248132531
928;0.11466794913030494
929;0.1285350753760527
930;0.19556099488890782
931;0.1743374514340471
932;0.09003719198440002
933;0.031646495751276205
934;0.05940920919457713
935;0.053792886158190556
936;0.15354199611297684
937;0.05858285438016882
938;0.17379623979248918
939;0.009125069527766283
940;0.1402498930207269
941;0.04869783252957227
942;0.02507443330151169
943;0.19354339650244923
944;0.032949037409285474
945;0.10960214787868712
946;0.07767631194054095
947;0.18626986301954
948;0.036663343626018995
949;0.12897204662432712
950;0.057296829956723985
951;0.13172014047250424
952;0.13790772640690674
953;0.09266424872992834
954;0.06841961292885472
955;0.08130300770036512
956;0.18666857664519648
957;0.042666408259786404
958;0.05145815447941207
959;0.15692901856085317
960;0.048796190696961755
961;0.13478012317428267
962;0.1825258756036915
963;0.004206307041763635
964;0.11330131537728488
965;0.18295123250348763
966;0.19612600749496167
967;0.06083303656948567
968;0.14752218685407023
969;0.11934042850078236
970;0.05381350543943828
971;0.06135309566989142
972;0.13051751410433063
973;0.13547478840215865
974;0.1231279106446893
975;0.002306747826795652
976;0.0034631655451746513
977;0.09072179142759576
978;0.08421627186874965
979;0.1554234260728726
980;0.17063027252170815
981;0.1067013481084943
982;0.11509154941695732
983;0.014197987743361718
984;0.03309605887415188
985;0.16264869816442676
986;0.17169574681967834
987;0.12022138263759195
988;0.15882140841910602
989;0.009501926899233704
990;0.16844746542503816
991;0.007663790922426395
992;0.15221307128995984
993;0.18168026606644982
994;0.09963102451243894
995;0.09829597874336685
996;0.03969930804851343
997;0.1403444398808463
998;0.06984724158531966
999;0.043092405845136295
1000;0.19592769292101042
