1;0.08048986035477063
2;0.07592123131263857
3;0.04876519028967548
4;0.01778869261773122
5;0.09390172218647883
6;0.04630386977052762
7;0.08494609693769463
8;0.0002972152333644007
9;0.07951303639949499
10;0.037291719762875666
11;0.019606122634906388
12;0.08364398940489716
13;0.08988267782293993
14;0.06604259698258656
15;0.020821577561185037
16;0.061973669145318155
17;0.07037033660266373
18;0.025351924880202104
19;0.002806762991377665
20;0.017361014139046494
21;0.08689235648719393
22;0.06436050835001793
23;0.0375746857890063
24;0.05725115769387015
25;0.02232305730636888
26;0.0629384490648825
27;0.06320980868404004
28;0.05347248472697491
29;0.057221244124377436
30;0.096008278227606
31;0.026479142222803388
32;0.0014740331337674386
33;0.018454293516090316
34;0.008882904578894147
35;0.08353835216355056
36;0.02549031392589477
37;0.08771644618477553
38;0.008370905004726304
39;0.020028345921517
40;0.07579971795815327
41;0.04520307717695744
42;0.05494612208030558
43;0.07791363712151199
44;0.030793748752430627
45;0.03932756322917594
46;0.07169488794686706
47;0.08061298639826714
48;0.08572299588308577
49;0.04313579688991285
50;0.06183038294629914
51;0.09975630099084623
52;0.07577276999933102
53;0.009082450910454598
54;0.0655244962825339
55;0.04295822832087387
56;0.031456016369356
57;0.03512276474645767
58;0.011120195075290107
59;0.012292055327107388
60;0.04686259843378866
61;0.06370635367281867
62;0.00032272812032417835
63;0.0771663381566921
64;0.017890779308115647
65;0.09004895546053594
66;0.09495820726812836
67;0.0600263041672201
68;0.010112959185343995
69;0.04869362940475946
70;0.09686854319958768
71;0.029876130202808326
72;0.01880498837541459
73;0.012641398943172922
74;0.001230962233598776
75;0.06966264343400097
76;0.08776112772244477
77;0.015024453576141862
78;0.016384561872099714
79;0.005832993036138379
80;0.026598515341616648
81;0.017022993274602185
82;0.012310632350739481
83;0.08939684674089693
84;0.09586053325169175
85;0.05467747038928255
86;0.011516885212883144
87;0.08444536723382894
88;0.07114230465413238
89;0.00264036601516412
90;0.09404644543490062
91;0.0073028501424612265
92;0.027268205154847094
93;0.07952243354123484
94;0.09464488869618223
95;0.027376071965250506
96;0.06786784343708333
97;0.07283259273758923
98;0.02151403871275509
99;0.016692389065572223
100;0.03706006318640647
101;0.04547172605485897
102;0.07103685475309628
103;0.04626153073631909
104;0.09002646720786323
105;0.06507778503731927
106;0.09513931975003836
107;0.07380690340153193
108;0.00606286139983987
109;0.060067238532425495
110;0.06593881402672988
111;0.007303535743465095
112;0.01797450815846805
113;0.04228087866051328
114;0.08154995735441851
115;0.05989616725471561
116;0.06049941640369594
117;0.09155062414613396
118;0.009834874996325417
119;0.061947971805378824
120;0.058190414977449006
121;0.0806571994987754
122;0.06963596299394431
123;0.0776885701215826
124;0.06675601663198341
125;0.027287878948586555
126;0.06363115803515484
127;0.07463713803934321
128;0.07087731313648991
129;0.08908624144082895
130;0.01283385614886683
131;0.0876763621170015
132;0.013815693760422632
133;0.06596916906158566
134;0.09260199312338056
135;0.04638685948588577
136;0.09877817599781274
137;0.09375752147553294
138;0.036002064052816585
139;0.01643788413043894
140;0.047656038525430766
141;0.025855915727838175
142;0.07306379330535306
143;0.03932798025612656
144;0.008261930693101228
145;0.04714230466866884
146;0.05374115259093239
147;0.060334383344393595
148;0.03405975072722461
149;0.016969428649124985
150;0.03658219761818956
151;0.07987122850079914
152;0.04982874760977445
153;0.03514976153653439
154;0.07057200038317758
155;0.011218980380812383
156;0.0751393021743997
157;0.016983701618638814
158;0.0908290556043049
159;0.09301185676078366
160;0.0916993059409083
161;0.04748404115823285
162;0.06352602383246336
163;0.023460774895536253
164;0.03791189952440619
165;0.09010301370131134
166;0.035914848837506876
167;0.04777381724892404
168;0.010875468585396187
169;0.07575614415636017
170;0.05429773834468449
171;0.08888056989455728
172;0.06927287905146076
173;0.07849703797744617
174;0.06775878595109346
175;0.031261861107621185
176;0.08398963900825301
177;0.058657832157057326
178;0.010353547274093778
179;0.09108234711930516
180;0.030329204900960416
181;0.0668222334845143
182;0.012535038007722633
183;0.051495425043741216
184;0.09410190202941827
185;0.09496896528570059
186;0.00896048845518821
187;0.08939021487176
188;0.09575990360774247
189;0.012119906742196563
190;0.09193342599987624
191;0.056647624935415024
192;0.02138071668499153
193;0.025241334731537824
194;0.08420736765134396
195;0.0013283259095895562
196;0.021829868992489954
197;0.011943665814394867
198;0.003532125706412881
199;0.07886619458044686
200;0.028518192425800216
201;0.08944037192388223
202;0.09382132865687068
203;0.03510021267653566
204;0.026091180238336165
205;0.051673144757964196
206;0.05827079899891255
207;0.03260995772941633
208;0.0597398439183089
209;0.07996586608217193
210;0.014794100404912126
211;0.07675520302613259
212;0.09040060017701516
213;0.06698015845496427
214;0.07386916974790607
215;0.08185831721462575
216;0.012699089996009516
217;0.034704790345592165
218;0.06780903805499951
219;0.06123292250505368
220;0.024749243375306398
221;0.039521124914293215
222;0.03100407273719441
223;0.08577715744830137
224;0.030156790489173125
225;0.0220199846220974
226;0.0634073494343787
227;0.09884048648446803
228;0.09466978669446292
229;0.051929193261751105
230;0.04717370257202729
231;0.0437238980870257
232;0.0144086429478834
233;0.05974523608345431
234;0.0365657907242077
235;0.06525730722703059
236;0.09261284386462121
237;0.09516942183489838
238;0.00995309644615603
239;0.023820421205993182
240;0.05224195567256215
241;0.011238460534074035
242;0.026092212614843804
243;0.07195204607861976
244;0.07602901377312689
245;0.07355957240996719
246;0.09164217393060638
247;0.05412898949273068
248;0.09079044716692562
249;0.0793725919340636
250;0.05837943117159186
251;0.017880277996271367
252;0.09883195438807059
253;0.06180286133529568
254;0.028664898603003388
255;0.05486892442086738
256;6.196903818250776e-05
257;0.05241535617929969
258;0.08706554770434559
259;0.07793026326586788
260;0.08104973778251535
261;0.05240582649955316
262;0.01559426176921609
263;0.0684996911059537
264;0.016200336759632505
265;0.017282635105274304
266;0.014226537563727404
267;0.01872486730300571
268;0.04393326426503023
269;0.020916855314528304
270;0.04675216656794317
271;0.09270613795424629
272;0.01634211081016108
273;0.029492376769314987
274;0.03778734444765791
275;0.012384121011451144
276;0.023624172957404956
277;0.004650157624480922
278;0.0006382842496571728
279;0.05224919711672239
280;0.08868544263566723
281;0.05619160922394259
282;0.03635443488947731
283;0.0032867886951758354
284;0.07100819850971964
285;0.0792559395556166
286;0.0952328923510018
287;0.09374782378058526
288;0.03413504756833359
289;0.0844822487569848
290;0.08942773413369723
291;0.03174099487369549
292;0.06072315868112076
293;0.02338236969826295
294;0.05290138746218451
295;0.058322728895453285
296;0.03531099127573156
297;0.06551787015299439
298;0.06616197239971291
299;0.08510411571008869
300;0.015568576895433417
301;0.0062637376046660535
302;0.030566445896247463
303;0.01944159661456253
304;0.006447671415549206
305;0.09727215320296169
306;0.05446502462797003
307;0.022756833580408066
308;0.046416610810432746
309;0.02776005924623859
310;0.07290885903444992
311;0.04786662679265211
312;0.0005663516300112636
313;0.0418685121761046
314;0.023678963755595184
315;0.030853046870761958
316;0.040430175688467934
317;0.0624336317198042
318;0.07492350271478859
319;0.06427184034171486
320;0.06802529799470122
321;0.05836130617547505
322;0.049387006620938194
323;0.02367285828849717
324;0.04423936897403267
325;0.0020249162983823955
326;0.06409696741303521
327;0.02409979870682385
328;0.03343773061846329
329;0.03222240972682213
330;0.07660453511434784
331;0.08794981159192322
332;0.0913633737668519
333;0.08702947010131254
334;0.028466168202705578
335;0.051554191047559095
336;0.038605712946784054
337;0.01939363984449284
338;0.022477255911902496
339;0.007053043519483804
340;0.03213889482583384
341;0.014975526267102957
342;0.09776154558859626
343;0.026654309237275575
344;0.06999082909873944
345;0.05705214001932703
346;0.09557781501218483
347;0.048712080847883435
348;0.04571327512633721
349;0.04982617152908865
350;0.012853568483719713
351;0.08527847298263172
352;0.09949580167725071
353;0.010521670981690868
354;0.08237854808548165
355;0.06773992131735777
356;0.06593060485924819
357;0.09687786339824234
358;0.017962778297149318
359;0.08421603543060883
360;0.026889329235980353
361;0.086948740750172
362;0.030718220783966067
363;0.08243063104673748
364;0.05895424360136693
365;0.08411484051739421
366;0.04673628001610472
367;0.04207426317677873
368;0.04772482234118172
369;0.059308184806146615
370;0.08655417840125662
371;0.017113281013922933
372;0.0567687459804132
373;0.034996730295200916
374;0.05895800156317205
375;0.0581405984196413
376;0.038641762532668315
377;0.023998572418389888
378;0.014525830450996936
379;0.09762905251601363
380;0.07358939345221756
381;0.01412279761786265
382;0.09884483684929121
383;0.02974448808409005
384;0.07062827517482186
385;0.06804213291142179
386;0.02540334452380695
387;0.06705611025776788
388;0.09410560778244154
389;0.0810048595496804
390;0.029353177064808056
391;0.032153539708361815
392;0.01990368759864003
393;0.08235465109123632
394;0.0030455585747435343
395;0.038607845869728125
396;0.08226350600563996
397;0.04489197049091823
398;0.09763976347033579
399;0.013850786713152652
400;0.019140646557429954
401;0.06859721843453351
402;0.013493814860651277
403;0.012060882833481524
404;0.08546009566875779
405;0.014025821053597953
406;0.0018568950095613768
407;0.0036632337059137043
408;0.08691148913407226
409;0.04979143946152911
410;0.07363131485616622
411;0.06873096044606163
412;0.06847175561575518
413;0.008776867149421996
414;0.023676508697243095
415;0.07748462149697309
416;0.045686501774629795
417;0.08780761482067316
418;0.0034575729226691723
419;0.03875421299604122
420;0.09201620416433764
421;0.01781370259722034
422;0.008197001944420424
423;0.07242731076741986
424;0.0780721696567954
425;0.07346807438413241
426;0.07207615200720337
427;0.044614418884313584
428;0.03350806741910707
429;0.09754750578220933
430;0.016442722836308345
431;0.06498141079338444
432;0.07761999071966937
433;0.0004985628656207664
434;0.05262983299475757
435;0.03900543100064259
436;0.061556796206242076
437;0.08997417792389899
438;0.01042611981392675
439;0.06338036098102734
440;0.08558778370968453
441;0.06609468164082523
442;0.07347691380432947
443;0.027898757836741662
444;0.05847610415522393
445;0.044937272928226725
446;0.060662541943410066
447;0.0677740319690551
448;0.046703739145968086
449;0.019936066888057692
450;0.07352876111372032
451;0.08658081431623632
452;0.06925160410529747
453;0.0038684162630462596
454;0.0032448149590080023
455;0.0022355507063787083
456;0.02201617155338194
457;0.09827692022019413
458;0.006166453734743938
459;0.09925713428929483
460;0.012374712837661651
461;0.02989057935253241
462;0.02561379162807983
463;0.02811980574486163
464;0.05003411225484799
465;0.09064252344345383
466;0.06295354140926365
467;0.052562876158738905
468;0.0724830732678461
469;0.03196690155905907
470;0.07027711823286174
471;0.029331181394857343
472;0.035772639448435485
473;0.08388791190588923
474;0.08592327802904848
475;0.024895326237400595
476;0.09817720979714846
477;0.010725496351479869
478;0.08647153509919986
479;0.015377918821051086
480;0.08396230313956485
481;0.01093704685425172
482;0.019088606716353575
483;0.07048305922181416
484;0.022135238874658226
485;0.053285447576035795
486;0.09646169292539139
487;0.004706397253439765
488;0.021700392382772184
489;0.026972901475984336
490;0.06384202391308726
491;0.02599880198841277
492;0.06110948451139876
493;0.0525206472565511
494;0.07159991410307735
495;0.02796023541169218
496;0.012734360265139511
497;0.03459616183649056
498;0.03928581785415493
499;0.06913080601917632
500;0.029674880103616144
501;0.07185053822301801
502;0.02851635611641742
503;0.0019251437982889753
504;0.0367014980883539
505;0.05860135451654524
506;0.045291319768643125
507;0.0715457556008869
508;0.08295908247687517
509;0.06582754887176086
510;0.04731298278732237
511;0.052900286790644596
512;0.09638378662388082
513;0.09923959144818575
514;0.0856422549199954
515;0.05960074733712556
516;0.04514570812811575
517;0.02897606391557961
518;0.018444854066113316
519;0.09529864937391537
520;0.05730409763703153
521;0.007183986657897068
522;0.05201596957068553
523;0.09461705010666771
524;0.0003977741866975193
525;0.06484872963091791
526;0.05100341412294621
527;0.06687324378774688
528;0.03689868842561796
529;0.019914364653526508
530;0.030852690223045088
531;0.09739236220601233
532;0.09176265500315049
533;0.003999955210456818
534;0.04543207256864468
535;0.03368130072621857
536;0.09540888963821878
537;0.03823030640581219
538;0.04935525276000542
539;0.0756500459844737
540;0.08715786711080493
541;0.06414472261154061
542;0.05748682682522548
543;0.08570405037757702
544;0.04707196043708656
545;0.0024627839191232793
546;0.05700378048193236
547;0.07107324870655267
548;0.05877971357668015
549;0.055677882335581574
550;0.09734459343806175
551;0.02116913281502485
552;0.07507621257182302
553;0.05824610457866602
554;0.0165012075521762
555;0.05293624202027258
556;0.020136432779045633
557;0.07017673426657682
558;0.09845925950505222
559;0.020019930787330654
560;0.08753420097791781
561;0.09670155635273193
562;0.09079643077724177
563;0.07227055678903538
564;0.04415281590823983
565;0.04774633303082979
566;0.09159759903369025
567;0.0724897892018576
568;0.048837951700348464
569;0.02412419286313912
570;0.079212295742123
571;0.004164782788912924
572;0.0363231624526278
573;0.06348781758127366
574;0.02880104390709174
575;0.027607750406484267
576;0.01751507406870939
577;0.0765778873105088
578;0.0019867964233124427
579;0.014109764880186748
580;0.05029707032139853
581;0.006548051806112576
582;0.08989354627713199
583;0.03314336966852221
584;0.021812166786729148
585;0.08462164667225952
586;0.08215673272150631
587;0.07166002043221696
588;0.07684692306708624
589;0.06659876548886126
590;0.08481593432363439
591;0.041026106973273135
592;0.09900151119544714
593;0.0038928062769246208
594;0.014905395928339194
595;0.06531089944834907
596;0.009445369306040419
597;0.02191394369457951
598;0.014339705749273679
599;0.0548714539535106
600;0.03816768192541741
601;0.020689007015452034
602;0.04357854161151528
603;0.06259484758560378
604;0.010070317184142641
605;0.09292690709670892
606;0.043069027283089305
607;0.015626965963876038
608;0.09825244500013498
609;0.06855998571656921
610;0.006418454568003141
611;0.008752124112615634
612;0.0188792874245338
613;0.012867316516440375
614;0.01096807041100516
615;0.014301618351963287
616;0.06754654067812067
617;0.014130572638835838
618;0.049235196566238176
619;0.015460903357088641
620;0.046748179464310174
621;0.07158636130508504
622;0.02175422720933954
623;0.016854108738724793
624;0.02076697042536937
625;0.02995826481737314
626;0.058941663899658284
627;0.026854225413953194
628;0.015883617027104703
629;0.03847497785561115
630;0.021994216876891737
631;0.008782010972268828
632;0.06209212228972555
633;0.04410408436630492
634;0.057676872469205144
635;0.07966496117205034
636;0.021880621790684243
637;0.09365920492228558
638;0.06211987508889216
639;0.03913741324545501
640;0.055712642702257426
641;0.06876019153800582
642;0.03230772590604885
643;0.027554651067699477
644;0.018344642266088295
645;0.08047301580542902
646;0.03379983489693811
647;0.018375106378671825
648;0.004369505091544346
649;0.04886812970771424
650;0.08139951162143434
651;0.019711240688246014
652;0.07981291369484893
653;0.04025512180148706
654;0.06312547628241366
655;0.02250292113869681
656;0.03515706631814269
657;0.09420119320623643
658;0.04156252193998786
659;0.043783913992112844
660;0.04962705748112256
661;0.059573797495339344
662;0.08212907489194561
663;0.050586796397956484
664;0.08500272404701609
665;0.025700784307056856
666;0.043591836046292624
667;0.08655125484261106
668;0.09990982122654159
669;0.016370815326026623
670;0.08760554326712854
671;0.09933393280898882
672;0.0016853987605528254
673;0.09962120159950161
674;0.06372794742372699
675;0.08209069147709641
676;0.0279995132243977
677;0.012971496280190155
678;0.08755539597839412
679;0.007101061906857675
680;0.04854350487667827
681;0.04181060691557518
682;0.09490137395188908
683;0.07805640654629745
684;0.010849394703831394
685;0.09631838453451325
686;0.005703320296946335
687;0.03518754827627325
688;0.08566961277754559
689;0.08820000076920372
690;0.05484512260572653
691;0.024219540546255004
692;0.05359019740496571
693;0.026050787422061086
694;0.08026412993517652
695;0.05718172299519069
696;0.09419226704880894
697;0.07488094770067859
698;0.06469581260238771
699;0.03358291009704091
700;0.06335718421669077
701;0.08167006363237678
702;0.06645313644710184
703;0.0712518135561916
704;0.07951272269946791
705;0.058752528905170714
706;0.06844853818258144
707;0.062378882534706914
708;0.06205636551407106
709;0.017006436933495305
710;0.04930328521532104
711;0.07493177747240627
712;0.004115348892133708
713;0.07263332514488606
714;0.09370422316329591
715;0.05532176279072078
716;0.026517116155039266
717;0.03048731956900047
718;0.07294795694282286
719;0.05357909151085838
720;0.00666491316239759
721;0.007410834504440889
722;0.04904936528725704
723;0.008933987539172307
724;0.05190136992608625
725;0.03700547860901365
726;0.07544740758663773
727;0.013361868220074447
728;0.025970586812125773
729;0.05334915941251109
730;0.07654168507855899
731;0.07754760795946283
732;0.014036912795819435
733;0.06314022037477951
734;0.030801518508860294
735;0.08372569864840336
736;0.035440489144826615
737;0.08756716957191975
738;0.03331132342572968
739;0.04622503106682412
740;0.08104142060597928
741;0.06166198061149561
742;0.060333080672331875
743;0.0810610424254883
744;0.042199964539339385
745;0.0454412960350703
746;0.0028651726383816857
747;0.08509524482181796
748;0.05866228662416502
749;0.0943125582089031
750;0.05070445543749278
751;0.04394109370640566
752;0.056884285943560375
753;0.09911487141248158
754;0.087454928337318
755;0.08880443213448658
756;0.07870539554408658
757;0.04157242716809172
758;0.014891380874609329
759;0.05308469896567687
760;0.061737778518595715
761;0.08030881784880783
762;0.06723274610259782
763;0.06629266537924089
764;0.03457181282064386
765;0.05305487283809614
766;0.007262577811583782
767;0.015404899791603411
768;0.05590324245525527
769;0.015014055067230992
770;0.0466676034214423
771;0.03309986707137019
772;0.028765256398316466
773;0.04238233633612705
774;0.09387640261804404
775;0.034712748740416334
776;0.023749576777451854
777;0.09023073580153063
778;0.024286227170826236
779;0.044079281354910405
780;0.03613031413867778
781;0.09047378769701996
782;0.010024866635394137
783;0.00848937904213739
784;0.022218943897147916
785;0.017315286125840136
786;0.012979982539023882
787;0.07745789451371327
788;0.06390566221556503
789;0.056956155972060385
790;0.017130295409443688
791;0.09256261811816623
792;0.04789222785227081
793;0.06329434553892381
794;0.08994073587391656
795;0.015204410229293731
796;0.01137956527546019
797;0.09691673287087818
798;0.04663066510334434
799;0.023170300110174204
800;0.0767095152551546
801;0.06271922067149437
802;0.09287879005363771
803;0.018911001309978262
804;0.005587574087053293
805;0.026769886362349882
806;0.07302029487579363
807;0.06283808275477726
808;0.028481234618768104
809;0.09231289282575476
810;0.06165784883283787
811;0.09853129269987519
812;0.07285923775553137
813;0.0978853659590652
814;0.009531100924989778
815;0.06741588190772062
816;0.0011932435598620119
817;0.001601976223668744
818;0.08507471478875717
819;0.033295917740369996
820;0.08007241091787748
821;0.042996295747749914
822;0.04801938539311462
823;0.028237446938364497
824;0.010352996276798932
825;0.06474943407544782
826;0.026815279459014497
827;0.05947941141227414
828;0.017404616207857392
829;0.03502196796343617
830;0.011056320269389375
831;0.029312827602535254
832;0.0009207961203569704
833;0.08433658700791488
834;0.01007094373170584
835;0.07458575262031657
836;0.037698795267938304
837;0.002955288982582549
838;0.09532013949036414
839;0.044303400063318746
840;0.007017486373015514
841;0.03610575940780739
842;0.09898166975187409
843;0.07707199911725054
844;0.09864394595628605
845;0.017990830081242404
846;0.02818918063764513
847;0.027111855165314582
848;0.007203290687999031
849;0.019055519853716507
850;0.060976407897619746
851;0.058640436883341945
852;0.058271107242039634
853;0.07581857419908566
854;0.05285259224256028
855;0.06955409938570155
856;0.06216188687092709
857;0.08924708385462227
858;0.042425368303628586
859;0.09539658800675006
860;0.07678447630974143
861;0.00619557641970473
862;0.08653921084348748
863;0.06537143440048719
864;0.0337822609021745
865;0.01115323097962816
866;0.017607151275294466
867;0.038050424308357894
868;0.08692390408607863
869;0.06776609746769764
870;0.07441100810897756
871;0.028862474117837947
872;0.07828091271043211
873;0.05388538255560778
874;0.010441669673629285
875;0.0669774157320157
876;0.013336151958497688
877;0.09921660208647157
878;0.08442826283936333
879;0.02072131339722133
880;0.0659016961425909
881;0.03731775719281292
882;0.09067289587609148
883;0.05759372019292152
884;0.08065424582557391
885;0.0497917380610182
886;0.08017063195561518
887;0.041893074181807426
888;0.033255335763472706
889;0.02306788168652604
890;0.041476537273910236
891;0.011438032171888568
892;0.04321535054212303
893;0.0985564251749411
894;0.09753345532292457
895;0.016973006308010852
896;0.09816194237001276
897;0.017005259927864926
898;0.0854082877582451
899;0.08828989641980348
900;0.006568676038785359
901;0.09084878841472997
902;0.04619414893046018
903;0.06365327612226443
904;0.07170708044125447
905;0.08927400369846171
906;0.05025175503542465
907;0.05196905010512273
908;0.08372154387687934
909;0.09586142185964505
910;0.05293952614169485
911;0.015362526863305137
912;0.09868952151470384
913;0.014829621659565051
914;0.09000053884370288
915;0.035388791325178484
916;0.09927747841959546
917;0.036498907481403435
918;0.034838252146401454
919;0.006697390416251503
920;0.08440928757415027
921;0.0961274612388387
922;0.01191272162490914
923;0.08454439713793321
924;0.03233224217612276
925;0.04583045837123987
926;0.053593253039135286
927;0.010656809828876923
928;0.08528908209197525
929;0.08917682528925307
930;0.013749491171552598
931;0.08140035040367871
932;0.05955199725948279
933;0.04972876978457357
934;0.07636521581615373
935;0.044243870895590724
936;0.0002180418411227181
937;0.047767163295071614
938;0.09803376292478146
939;0.08652188414783925
940;0.05103770602414869
941;0.005055586245370969
942;0.07936317141521776
943;0.03816315244372798
944;0.0633067234903347
945;0.04917385296210483
946;0.06732069936138532
947;0.09308534798079253
948;0.042989380413023574
949;0.08560176340089491
950;0.03200492232791924
951;0.07419202172706453
952;0.05239886965105929
953;0.01959250645634865
954;0.04611737864908732
955;0.061175996303641955
956;0.04349118993383684
957;0.005379897128933642
958;0.06164841169949684
959;0.010760637381204863
960;0.026802483808137146
961;0.013764472513401682
962;0.03808217729714911
963;0.09866273676243502
964;0.07296679575295893
965;0.04666704653708115
966;0.06074434397314768
967;0.04879671625161646
968;0.01576209090640688
969;0.0033920172928391446
970;0.0701187854075631
971;0.0013409273711048166
972;0.014912633825904787
973;0.016591687254804
974;0.09536671474185308
975;0.008102749667034592
976;0.09225155781808363
977;0.00974690335933719
978;0.04591503737167152
979;0.0017643442370522844
980;0.08231894794780897
981;0.03548093966876024
982;0.02151201491641255
983;0.08979917882565955
984;0.046947617963191135
985;0.04760892235494964
986;0.050656319447067916
987;0.042303912501192135
988;0.06073005678552636
989;0.08076965067169097
990;0.052584451246962954
991;0.02114678891561951
992;0.02679824624210432
993;0.07989601413648831
994;0.0509730038405702
995;0.035378893614146416
996;0.09512321257069689
997;0.057644338358453506
998;0.0008549370608511687
999;0.05279717445827108
1000;0.0706461334188079
