1;0.003979597268744062
2;0.10873835009385008
3;0.07645776981545016
4;0.021224234140698586
5;0.14170111822470285
6;0.16455858061858974
7;0.043873448725578613
8;0.19094692266727709
9;0.15594879403327627
10;0.12472671475959363
11;0.13182425345590285
12;0.07377268864942788
13;0.06864674271314679
14;0.17898986453981283
15;0.030861268511633136
16;0.06588915565886677
17;0.038563414807310716
18;0.03746295686168251
19;0.1511044700836129
20;0.003297463873458306
21;0.050823434566784134
22;0.102282572483942
23;0.17241746661515261
24;0.1565595364548632
25;0.029562922717685704
26;0.11063337271616253
27;0.06538147973743938
28;0.18473214533782967
29;0.01569947749546006
30;0.04275275855413688
31;0.02227116976445658
32;0.12294649003460507
33;0.12365530122298479
34;0.10911489509740989
35;0.16648820998532735
36;0.09087423523791574
37;0.08594511532252663
38;0.09514469875502773
39;0.11500294947543475
40;0.02148335667808019
41;0.16975964124903384
42;0.14246257747345273
43;0.1571298653815467
44;0.17692514625069433
45;0.07157658986012556
46;0.18070405544566104
47;0.056489810982227495
48;0.1097539132770342
49;0.04066720064168843
50;0.12754702564075587
51;0.10861716199975882
52;0.051508514808021634
53;0.008223714278553396
54;0.17128575448442127
55;0.1342350719499514
56;0.13653618260191044
57;0.005347306493250526
58;0.10915305492664851
59;0.17374951800476662
60;0.007205208522506168
61;0.14374692390208152
62;0.014303898736082888
63;0.0019676737884470885
64;0.015390774153645693
65;0.008972913774305757
66;0.09014874282876553
67;0.18091441266425326
68;0.03286543756553178
69;0.06666633893095156
70;0.09922083553603103
71;0.12235411795346998
72;0.09341968659862082
73;0.10308432159506314
74;0.18127690495271143
75;0.15078740088203257
76;0.058505672687139666
77;0.09015783108729765
78;0.07255005792393132
79;0.011581290045276794
80;0.09911919823750806
81;0.09843538528259765
82;0.0013818279084713003
83;0.007727515280821673
84;0.03062921186165293
85;0.1289370124713893
86;0.09502258115821301
87;0.17984161573791602
88;0.11677789808234412
89;0.03580766837540999
90;0.06957210985606614
91;0.0762415282293945
92;0.14121314847934582
93;0.054846233876561006
94;0.0015706790540078064
95;0.16475768818431188
96;0.06674611932189288
97;0.04031588126481805
98;0.16617080472055112
99;0.07447585288017003
100;0.10334271328864755
101;0.0404647271389476
102;0.17969428991669806
103;0.09080367962972176
104;0.14433071578239798
105;0.1856031670302591
106;0.14738458368107396
107;0.04613911385840239
108;0.04909952376286304
109;0.03354493087431587
110;0.08096734993545436
111;0.1843907988758717
112;0.09512220966177193
113;0.14572441663527017
114;0.12345029680869041
115;0.14936977076337313
116;0.02523764323269704
117;0.14119209179752382
118;0.029990363339085047
119;0.0942762158022821
120;0.005815345844924158
121;0.06772187571849979
122;0.042543150797692865
123;0.0009656632751347427
124;0.19811623862148356
125;0.1632088196568556
126;0.058505614623915125
127;0.08698909835805041
128;0.024037667027040646
129;0.026187572259561566
130;0.00884824316330044
131;0.08976358354186542
132;0.12370500479962708
133;0.09020705993463014
134;0.00038283765153617204
135;0.15507010483803205
136;0.1285940997423579
137;0.09866343528683899
138;0.15343359561967052
139;0.11706489857790148
140;0.18642709784219721
141;0.07765089118843223
142;0.012966866938679168
143;0.16914922602537563
144;0.05141894547256905
145;0.04924264222728306
146;0.1528867584933859
147;0.03707192001445103
148;0.028147969976615596
149;0.07551100870948638
150;0.006429164432555968
151;0.04926686518101706
152;0.1735531858717825
153;0.19169398045469757
154;0.19990750236415916
155;0.002271438301660167
156;0.11298575959499904
157;0.06412987880953198
158;0.17539596337104116
159;0.1902547346885094
160;0.05640534494923766
161;0.04917548491277415
162;0.16435495289671864
163;0.08983247811847386
164;0.07582941351332412
165;0.02850461299564404
166;0.12684499348517492
167;0.059338932139065916
168;0.10180665777708614
169;0.08652192078975943
170;0.11484288802522509
171;0.1078135531132908
172;0.05596515979194483
173;0.13646379163035857
174;0.0893041881225551
175;0.19328453819304844
176;0.16464792404935727
177;0.10364530236815109
178;0.011573655613153645
179;0.12072926289543406
180;0.049540161120674164
181;0.13947013771788583
182;0.023931978607063798
183;0.13744799542843153
184;0.1490200561295153
185;0.07413279928449105
186;0.010628547150147716
187;0.010881555369045072
188;0.085180685091133
189;0.13490144321842393
190;0.16959703024595138
191;0.105788609517735
192;0.04121332604884725
193;0.06173122661340136
194;0.045831326186301015
195;0.17665088579580512
196;0.005793264588234082
197;0.09395770501126358
198;0.09239643683069246
199;0.017597403121569568
200;0.007894813135039813
201;0.15640026576377286
202;0.06522051031308589
203;0.17053458565814048
204;0.19009226774665325
205;0.05112126820434846
206;0.011827907511463832
207;0.17448558474021075
208;0.023482233359910287
209;0.14090707007191364
210;0.15364120238157802
211;0.09066749137436142
212;0.11008820258687531
213;0.10043493630569847
214;0.13686140713425657
215;0.035930040240803575
216;0.05012229889357567
217;0.16796890215013927
218;0.06867065673904803
219;0.07920571792985479
220;0.10033690887760767
221;0.0068289717252667526
222;0.09035389880888485
223;0.19134584700031954
224;0.009632619503266927
225;0.15344021221049145
226;0.1882805846796025
227;0.00337866377682452
228;0.17929735351305828
229;0.11879443670234241
230;0.003024477985288021
231;0.17148539365307683
232;0.1900386929259501
233;0.1974358994179082
234;0.11164309482692854
235;0.10070228354721487
236;0.09436920485528622
237;0.04845476119480594
238;0.047463853509184584
239;0.03784295807360512
240;0.07147753605171916
241;0.05758524736545456
242;0.09885716004986334
243;0.153184809081295
244;0.059497180908339
245;0.009787686519205363
246;0.12012498895606616
247;0.08530692166356875
248;0.15486141286593735
249;0.0031068505847899664
250;0.18139654633227104
251;0.09054288560171393
252;0.12563485036010788
253;0.19779810578919738
254;0.1800329973672613
255;0.19593629038317642
256;0.014535533175338667
257;0.16332793462204512
258;0.06822157216262688
259;0.07078068024105753
260;0.0019183906337788327
261;0.03814716098398033
262;0.17648101500502134
263;0.10845571179097985
264;0.04384645472334872
265;0.14104524573772628
266;0.18712470178288487
267;0.19254205155012105
268;0.0997733287724624
269;0.17337547115947846
270;0.09372285246731504
271;0.12640329233401137
272;0.10310030786677227
273;0.008187871158762272
274;0.06652381035731401
275;0.09573050774871404
276;0.0026280736871133305
277;0.14250506007986566
278;0.11397743098157725
279;0.11349798559116193
280;0.17234204577526896
281;0.0576526943207899
282;0.06965357097491456
283;0.04376566794068955
284;0.09114881596387821
285;0.052201857363829256
286;0.10955592207585203
287;0.07007977698917527
288;0.1238577848322041
289;0.16540817268590252
290;0.07348266382273556
291;0.030488294061016476
292;0.031013063514200124
293;0.15418865092876038
294;0.061700065968364776
295;0.026540598415613827
296;0.1074269619411463
297;0.18029206447549073
298;0.17206905942445824
299;0.03343041180671138
300;0.1741182855651442
301;0.025448341269282262
302;0.09710708301922222
303;0.1620338108471641
304;0.061964906054167206
305;0.18043727398577178
306;0.08151002451626699
307;0.1929530995064891
308;0.13109482281637783
309;0.17351422147338866
310;0.17530542613665012
311;0.07417863720753458
312;0.17307800143462118
313;0.06332695599773673
314;0.18425392952519423
315;0.055997947701612066
316;0.09508972674528615
317;0.0411995596374676
318;0.14528546957344923
319;0.0034220437617661138
320;0.02233374825445844
321;0.18611609950404703
322;0.134209414357225
323;0.06441433271245144
324;0.09898803011488813
325;0.10561043431163329
326;0.12838255324544048
327;0.145442467679192
328;0.10999190505040508
329;0.07233103143933638
330;0.05685375286512491
331;0.12983875145065943
332;0.016158682916691338
333;0.021391508842194387
334;0.10915533611011277
335;0.0721548156005206
336;0.01189614519234037
337;0.13373427351699618
338;0.016597671061013796
339;0.09936810107124892
340;0.06385249122917651
341;0.06072848093883148
342;0.1758420769560494
343;0.15543866511562587
344;0.10338487195318619
345;0.09187161984197562
346;0.05853632083204585
347;0.02162967602035333
348;0.08969350676474547
349;0.10474609194382432
350;0.14981350783940722
351;0.11348743233447556
352;0.18531526956127836
353;0.16824406008347986
354;0.10510736584687229
355;0.16324535911721672
356;0.10756982126663164
357;0.04139077102511424
358;0.0737146375639793
359;0.17462775203090453
360;0.10388963257781147
361;0.11993923210622942
362;0.10513788668794721
363;0.12109226127707723
364;0.1309359814257488
365;0.04432224455886742
366;0.007055351650457964
367;0.0247746136950336
368;0.001307941251071587
369;0.15345212603201971
370;0.03809852099353264
371;0.04443580739851878
372;0.1592813216530675
373;0.06412553593175689
374;0.1795004837072709
375;0.06788647366128213
376;0.15366175568579388
377;0.05456211679321108
378;0.13990108879965807
379;0.17224354769918054
380;0.0363890622915412
381;0.18172865425205276
382;0.06727445974395532
383;0.07977407843402376
384;0.04457894764823305
385;0.17594173169337887
386;0.10434968183615911
387;0.05970218004391284
388;0.07703830780808157
389;0.14976441050269715
390;0.17791221115800665
391;0.1254837642880837
392;0.18905360389388154
393;0.08132610980400448
394;0.020602705352976924
395;0.16350597570581155
396;0.08946698177138093
397;0.14853237435821634
398;0.0529894298979408
399;0.02267910891803615
400;0.08230334227338641
401;0.051571177194945465
402;0.09130488127407987
403;0.1831307174249476
404;0.056343075301909656
405;0.11425674335150604
406;0.015064921456255022
407;0.08348342548333654
408;0.0380111273999036
409;0.18744886472238442
410;0.11168887579121947
411;0.06822159824560281
412;0.17728895664639738
413;0.10217516448536026
414;0.038534121110839564
415;0.16438479084974197
416;0.1341642010964341
417;0.03824441434320394
418;0.07978659250471815
419;0.13925871423322841
420;0.10593704770022026
421;0.18342440763271084
422;0.041364435306483066
423;0.043586673802350706
424;0.04045463092726851
425;0.11760966451638849
426;0.15058331183277388
427;0.05229774586620577
428;0.09832032733756031
429;0.006378832824546455
430;0.03448883059601526
431;0.014681889115137748
432;0.1102229450807874
433;0.05379653072289617
434;0.1074211285030051
435;0.17604633953906879
436;0.04048056817853954
437;0.03224695354319931
438;0.1552812467098783
439;0.14190888920022673
440;0.05139141300801664
441;0.002894922993444649
442;0.1837068573556235
443;0.1601158043811851
444;0.013434955508798186
445;0.03713547060312068
446;0.05953338797361978
447;0.141783224243558
448;0.04370214028986237
449;0.06282673320920688
450;0.12155608412069695
451;0.1315336842692617
452;0.19026785838433735
453;0.026640047188057972
454;0.08747657395521576
455;0.010288827123923028
456;0.09543238835157529
457;0.09760201580457312
458;0.16007870695462012
459;0.09784621950376678
460;0.16436438877933723
461;0.17782979781007116
462;0.13937581001556024
463;0.11077385172867578
464;0.11956459040106777
465;0.13738260468465632
466;0.18232751454525215
467;0.12552924749224512
468;0.17905134248629184
469;0.0649798649899418
470;0.06532364959032051
471;0.13176190735232604
472;0.11558897704684377
473;0.05030879879337975
474;0.09007577000781322
475;0.1303210275823473
476;0.11898694987806312
477;0.0030215798670484295
478;0.009208556910024313
479;0.0396486668809235
480;0.043079224559856494
481;0.17802045721111734
482;0.10334816237898031
483;0.12305950319934558
484;0.1579645642821069
485;0.05159344966163535
486;0.12855285322176566
487;0.015400978037690184
488;0.16419559215718185
489;0.0571557464587968
490;0.15202839861591974
491;0.19135240963350156
492;0.12733660636814567
493;0.1303715781703447
494;0.09028789632935207
495;0.053826596784537585
496;0.07676937056274882
497;0.038688467966522214
498;0.15713416831084714
499;0.16008560039875944
500;0.08642284444526266
501;0.11215242328266627
502;0.03252474768780169
503;0.06465860109005313
504;0.01057844548391056
505;0.16866950323350843
506;0.19419525253978154
507;0.11513084298232074
508;0.08804964861840779
509;0.10475931602242683
510;0.1698705952012741
511;0.04010160332514177
512;0.035691517049037905
513;0.0654918163412594
514;0.14880741194210986
515;0.050810248496800936
516;0.04834895905740371
517;0.11499452735561033
518;0.08023687481771154
519;0.1777492814301607
520;0.08053349976148812
521;0.02321741289470727
522;0.09614601782591935
523;0.05662447844554437
524;0.1541413981275097
525;0.1935594613377115
526;0.10000154313032726
527;0.15969215773101555
528;0.17614291744667065
529;0.010261861513949633
530;0.12328813832577656
531;0.19626269287802883
532;0.050014219740686365
533;0.17363234477471093
534;0.13816249300708858
535;0.09277649215887218
536;0.1419205576416703
537;0.11006693131414569
538;0.017965723235452404
539;0.02144648190120162
540;0.16827315307529758
541;0.08124340291679844
542;0.0076210434977068255
543;0.18335759449160738
544;0.04074060710133498
545;0.09307511651828204
546;0.10086106825632038
547;0.15573468233807417
548;0.09065453297303086
549;0.03870426542070265
550;0.18524180938206927
551;0.050065180676563625
552;0.1337788156695645
553;0.00618683842458705
554;0.028371668112559402
555;0.12076597066730013
556;0.0028709445833916994
557;0.09412291494081222
558;0.06393694199977751
559;0.11564639853472654
560;0.02101677162898241
561;0.1273710357607147
562;0.031159822384503946
563;0.02375546214877369
564;0.09918285890446801
565;0.1785482311002577
566;0.17783164583249678
567;0.018280553171440728
568;0.12639250874563446
569;0.0060291001940724126
570;0.1393000757170286
571;0.16618083041460247
572;0.13428531134794833
573;0.06365414999857888
574;0.051860093944448994
575;0.1476318444126229
576;0.0407536749848779
577;0.17794030319831974
578;0.010394431950349349
579;0.14284870892860888
580;0.09126759378020222
581;0.05408764316238122
582;0.08343747468819758
583;0.15596374109789868
584;0.07257836963357929
585;0.013183128290493663
586;0.16831360658664116
587;0.045933660385359065
588;0.12265484640165197
589;0.1172096553815397
590;0.04078930577911342
591;0.028601452542199524
592;0.1723439184291645
593;0.0557010430009629
594;0.15811706892427665
595;0.04360919042089109
596;0.10408809611530201
597;0.13561057199423796
598;0.060524189955608425
599;0.16167388238733468
600;0.079164039971998
601;0.017629545243164846
602;0.15618216035813715
603;0.11314499236311909
604;0.002431777585462225
605;0.18621551221819688
606;0.06107484011034725
607;0.08510260181805065
608;0.06297576173871254
609;0.06361423994000219
610;0.09773258825465143
611;0.01274385190612437
612;0.10886852264952905
613;0.13222504101459573
614;0.1948982102394528
615;0.05562971377979087
616;0.18784031191930195
617;0.011661412089230327
618;0.12274945535243781
619;0.028756924889994595
620;0.06265637843062986
621;0.06332771439221001
622;0.0282758224520145
623;0.1378560282620309
624;0.15315725312673098
625;0.11184232205605026
626;0.09461171016815391
627;0.08386994934970288
628;0.11542081778584978
629;0.03149310188581041
630;0.04458522493155446
631;0.12888047913878806
632;0.19406396049610108
633;0.16535580488424348
634;0.06646654290149921
635;0.05411460313777794
636;0.10572323827956005
637;0.07484469178589244
638;0.15857545250783123
639;0.18745312099091563
640;0.030760903975191912
641;0.1763916770969379
642;0.02193703560398601
643;0.15585967191473085
644;0.07762409714023266
645;0.0970386333645589
646;0.12980014067162782
647;0.020623941147647696
648;0.14124562957041853
649;0.03174149478534396
650;0.05285562739148913
651;0.10910815468221413
652;0.0700879006632196
653;0.18918266357621666
654;0.15347285019809861
655;0.13620278531055083
656;0.07461668457201934
657;0.1407051807893265
658;0.11210525453063802
659;0.01393621865592245
660;0.06605567722578423
661;0.1076647202083898
662;0.09804818170041028
663;0.0635401017172142
664;0.008311517276911862
665;0.14371371709609745
666;0.17302593689711987
667;0.055742007736598875
668;0.06795279624722737
669;0.04104121491539614
670;0.18657779497268548
671;0.13768376122759812
672;0.14468174340088633
673;0.06552462354382538
674;0.06757315809332623
675;0.13825818892083794
676;0.03720697228872203
677;0.12410900655316899
678;0.18972153741768294
679;0.11016231822967058
680;0.14303155267149503
681;0.1378340163942574
682;0.1358438201791946
683;0.1324292630431253
684;0.10352372990928677
685;0.013840916559587635
686;0.1871764925959689
687;0.03719877735304453
688;0.1664025411148936
689;0.03578377863345934
690;0.13208297583099768
691;0.16611606152687222
692;0.19509225773145222
693;0.015441186182373935
694;0.14859260880257916
695;0.13136590174238827
696;0.08276889665750196
697;0.1580842429090998
698;0.1717025238384496
699;0.11743442361635824
700;0.15240446989634845
701;0.09056421508519724
702;0.044015666749200655
703;0.09320769635890157
704;0.17540203684244107
705;0.002429536085948958
706;0.048592525168316386
707;0.019633548220205733
708;0.042907768145984564
709;0.06886485680822836
710;0.01118755466429191
711;0.17602229447739348
712;0.06376785736946704
713;0.16282651509656482
714;0.07846033763698901
715;0.06471665547027712
716;0.07517185282056925
717;0.15115297697210694
718;0.01069518121795281
719;0.18285124938501374
720;0.1587083339509645
721;0.1257569109043712
722;0.05816032670604772
723;0.18377826667966937
724;0.1946525589238886
725;0.13610293777222832
726;0.053147987639502375
727;0.008326156782946527
728;0.0852185095205567
729;0.12561243790426355
730;0.04175638779146216
731;0.11988790971086064
732;0.18123637654531743
733;0.13814670276193028
734;0.18182613193071157
735;0.01003415887923087
736;0.12127434446532565
737;0.19295192050164245
738;0.041017903519372116
739;0.14143514499403684
740;0.006102458323794547
741;0.1974728194360982
742;0.11568649261980231
743;0.01510706144384042
744;0.030935726987782908
745;0.03192355122565462
746;0.17999628938800738
747;0.01892705663570773
748;0.03599899176619752
749;0.012288513284812353
750;0.03684086292439479
751;0.016504733530700522
752;0.046894060777283246
753;0.17523069456654522
754;0.09987256909588148
755;0.10564257993057669
756;0.10059636057122293
757;0.12168057313575904
758;0.11536814873122934
759;0.11027650997523403
760;0.10191198166311775
761;0.14097983666366729
762;0.15511026103022574
763;0.09504230345400605
764;0.19232900842220005
765;0.08479913032108632
766;0.01614509201556673
767;0.04067350984383649
768;0.17421449911394907
769;0.1718073917189663
770;0.1720831344407685
771;0.013663619370296077
772;0.09002839468064788
773;0.0010519463373732218
774;0.15461975946327783
775;0.14151046715285345
776;0.1995267970322545
777;0.16568117419292025
778;0.15869748404920023
779;0.04734451053252205
780;0.030597137949935172
781;0.14949451150851872
782;0.018605261514952853
783;0.06052820931863363
784;0.1430614902706539
785;0.17606586206784602
786;0.09604086887516768
787;0.1815394813983262
788;0.16336265794062524
789;0.08175606773718658
790;0.1753701755607087
791;0.14239753739948022
792;0.0893208015461424
793;0.002404963568154561
794;0.09380784409078165
795;0.11681659187692368
796;0.06014434982136239
797;0.08702591162261407
798;0.0229159380413265
799;0.1275975692200927
800;0.08902642520580589
801;0.08298977660821019
802;0.1764150277485605
803;0.16500430752405115
804;0.11757595583509006
805;0.12818349588968223
806;0.015640053697740953
807;0.14988181343352558
808;0.05338225571969786
809;0.1836296333600837
810;0.031335401024886016
811;0.1386887851130675
812;0.17058365571514872
813;0.09273715294599907
814;0.0047454358895610005
815;0.05705593310613941
816;0.08385601166943853
817;0.08019057212749366
818;0.18041921081325463
819;0.1426174919995151
820;0.05648577646909632
821;0.13700122343753837
822;0.19176769234999502
823;0.05840097179633957
824;0.15719792046571957
825;0.10719972423268549
826;0.0870959183822163
827;0.13612980871473748
828;0.10592718595076239
829;0.12960948347020007
830;0.13447650381847895
831;0.02446205878304657
832;0.19895405557785206
833;0.07653277262863767
834;0.1832930796932439
835;0.09374105868754941
836;0.02399121228557264
837;0.05961272880237987
838;0.07641909168885125
839;0.13610994929158593
840;0.0564367136920928
841;0.19231163487478625
842;0.1424859618873457
843;0.17646957333593188
844;0.057168627491127305
845;0.1560412896561795
846;0.0991449770523971
847;0.19560931547356547
848;0.07362652074385727
849;0.10653744124136205
850;0.07701492852686882
851;0.09416344140168731
852;0.17504899860652992
853;0.13256910874848368
854;0.03651818582147821
855;0.08021949599219987
856;0.17225021209740876
857;0.13068559860402185
858;0.02868463941148114
859;0.17271578219820716
860;0.08204208414743422
861;0.16348428891420022
862;0.0068687830460121505
863;0.15262328301251893
864;0.023380666795337592
865;0.15910781815248476
866;0.1427895992175395
867;0.06684916764860956
868;0.16332791532052
869;0.19336731252611514
870;0.1711054338420857
871;0.04138483609544137
872;0.06779955223203378
873;0.16353049916325535
874;0.18404599648538317
875;0.18135774475527788
876;0.1250280398221742
877;0.11055853298526226
878;0.13387714135869408
879;0.16349498668722537
880;0.15561495612860154
881;0.039704790623275525
882;0.024876474364820034
883;0.14371171148453527
884;0.049172170003838646
885;0.07769470709599327
886;0.12217567010395702
887;0.18007005012303456
888;0.18086129694746997
889;0.19310564101489422
890;0.04530414948634516
891;0.1991747268565388
892;0.011569984065565553
893;0.1418477778522463
894;0.19135084038294256
895;0.0020063180962526686
896;0.13719952424441886
897;0.046964361986929506
898;0.014976179694676996
899;0.15767081562630123
900;0.030008867538824216
901;0.03548613876057223
902;0.018741685411232424
903;0.08211416361569564
904;0.16427345613636257
905;0.18604248339520485
906;0.15616576129958665
907;0.06868974095228333
908;0.043365345003230575
909;0.0836041487023155
910;0.025778597531722805
911;0.12046973344300567
912;0.00046500130899131966
913;0.09841975385947557
914;0.1367361311897632
915;0.043170888553297385
916;0.059214274762302836
917;0.09985568247300909
918;0.04963807322056053
919;0.11001630185261627
920;0.1797491203027133
921;0.1275616368668117
922;0.11758319162869411
923;0.07806228041557897
924;0.09798895296199504
925;0.13728699818932327
926;0.028603715512598285
927;0.044827974276527675
928;0.1499048841930115
929;0.03216477026887878
930;0.0607486910426887
931;0.07102746072666555
932;0.1895026794268285
933;0.02075136951839194
934;0.15961611476924373
935;0.13670707798280587
936;0.13033497838687622
937;0.053681820624752824
938;0.10158451179213834
939;0.1191234178109589
940;0.15252210125352406
941;0.10312059025370097
942;0.06842221240472326
943;0.0643349452890748
944;0.18375823240388756
945;0.02451439293637714
946;0.09680116375942134
947;0.19765497682878264
948;0.1324434272411831
949;0.05685025106049233
950;0.1549388596751092
951;0.08400542906472186
952;0.006591959269132076
953;0.024192703077300415
954;0.01572310067822442
955;0.03838905278854461
956;0.04145042720187924
957;0.18065514207432865
958;0.06410761402658453
959;0.01509245342038117
960;0.013509451077499969
961;0.09223360082677422
962;0.18042498151083286
963;0.14017605931341573
964;0.03510171622883542
965;0.14292881653081552
966;0.105189224293173
967;0.15058840439165244
968;0.176880276972525
969;0.04042391142058435
970;0.18333319970650575
971;0.131316740942107
972;0.06969291214048028
973;0.15341672513453308
974;0.17696567133420504
975;0.12470887780475476
976;0.04595160327491794
977;0.1786951258832723
978;0.01663831072016324
979;0.12928176650512116
980;0.1413639342134164
981;0.19349041635742584
982;0.07534361412115087
983;0.12126426340319924
984;0.12276676583317181
985;0.020270076982017195
986;0.1305347265558582
987;0.049792987860865834
988;0.14222243286299482
989;0.18452887989101255
990;0.07356026929576631
991;0.11438441060895282
992;0.16579541770858827
993;0.04465371337115323
994;0.011440645154785779
995;0.15383332930723276
996;0.04286909540500721
997;0.0503294592978385
998;0.14649486960932775
999;0.06796384346540944
1000;0.13349990044005527
