1;0.13704320126993372
2;0.00784115498413336
3;0.0505851725871177
4;0.0763182955275983
5;0.15104012941564915
6;0.1360826409993479
7;0.07745155435704823
8;0.18351105684827218
9;0.15139850157219664
10;0.1413988329408252
11;0.0035862693383518665
12;0.00904074983556622
13;0.05244289486343601
14;0.15554809597699742
15;0.09715332972189208
16;0.12361290871391678
17;0.13816601315501137
18;0.06444914353514242
19;0.08783517319309464
20;0.19713740734652527
21;0.08094599169020056
22;0.18073659880059
23;0.12012627462081592
24;0.11980249739289271
25;0.00388729553876499
26;0.13760218514323566
27;0.05176902776246342
28;0.07991158372440382
29;0.12866898717469658
30;0.07975860213116262
31;0.0591262949217207
32;0.13075349512905274
33;0.09698479291875964
34;0.17006434885512625
35;0.11775137725551772
36;0.16943802184263537
37;0.17888561005121983
38;0.19112555034895573
39;0.09851169022479814
40;0.11335133726272706
41;0.1779004760879433
42;0.01838922696620009
43;0.09586969742094248
44;0.1464450795024465
45;0.16780201993340116
46;0.028686782936995073
47;0.03905467667728919
48;0.18440792942292167
49;0.18778403361783655
50;0.03306057650668082
51;0.14957860047146565
52;0.19914415991852757
53;0.17596488544313502
54;0.07664116457699709
55;0.010194161002853376
56;0.11609918314683797
57;0.007830851177140686
58;0.013784817954673435
59;0.05032663494048828
60;0.18580853053246776
61;0.01199065138755111
62;0.15793699854776067
63;0.19272795071732673
64;0.1951900504133198
65;0.12427788233309241
66;0.0365252331710463
67;0.022115338634527127
68;0.10206986354941357
69;0.16044570296588906
70;0.09662816261222905
71;0.008220225307985852
72;0.0755381039215837
73;0.19366132562843388
74;0.03698645173780118
75;0.14949139679517812
76;0.11105391674306442
77;0.17448539439989855
78;0.014387034452763216
79;0.08766925532168224
80;0.1840985515399197
81;0.14332422647066106
82;0.14162425961921027
83;0.1257272295606316
84;0.16365540575246
85;0.06875042628010655
86;0.053669155412080664
87;0.07646298756299644
88;0.16798581078928515
89;0.18670512242580395
90;0.0856348986118217
91;0.1969593449029138
92;0.0011318571911907327
93;0.003167901888532887
94;0.0033767304074899807
95;0.1738663392511642
96;0.10059379613654942
97;0.032115764341623575
98;0.11663999638843232
99;0.04606482374938066
100;0.1325988986964898
101;0.1512990089844246
102;0.16069433955060003
103;0.17429920803197807
104;0.07225491775047946
105;0.07031333391649268
106;0.10790022332696186
107;0.03375628034798561
108;0.17850739926530446
109;0.13353606838761484
110;0.03801862198039594
111;0.006882733734548197
112;0.10211977628621627
113;0.18785953505885783
114;0.10109334469526475
115;0.013360691254442926
116;0.10208495254417088
117;0.07351349850999041
118;0.10916502762954593
119;0.1262289143122159
120;0.0601376655959899
121;0.035225134733723684
122;0.12341283896293893
123;0.07851291548197997
124;0.1267170253201629
125;0.12810810921810045
126;0.02251057874653946
127;0.05537212688344487
128;0.1690428494886356
129;0.08939959925832193
130;0.09035511517054354
131;0.13119801517775156
132;0.052742898581408106
133;0.07080910325583493
134;0.025975480663481144
135;0.11177523260686857
136;0.0830474310930053
137;0.03246887048405258
138;0.008195479043197885
139;0.14483907430359674
140;0.19354293467195033
141;0.03602807526109375
142;0.10582451332651686
143;0.11770000262855103
144;0.14770582899059073
145;0.17461042319023032
146;0.16097739661968888
147;0.1871923352281005
148;0.05011020282680963
149;0.1605921256055303
150;0.07942451080732155
151;0.08152465410393023
152;0.15291994120238914
153;0.1650687163393118
154;0.08063933766366552
155;0.16669323118806095
156;0.11371994356437598
157;0.13664558827671083
158;0.06327562861997904
159;0.08019895132029978
160;0.11641792766215607
161;0.0023882725528786342
162;0.0622536340059626
163;0.18093663749018274
164;0.09494753454627142
165;0.08077899221487864
166;0.062284168567981406
167;0.14611732395984725
168;0.15394764306583475
169;0.1235046215323452
170;0.0656236663149512
171;0.04374682849173661
172;0.14839389822560475
173;0.1994793912559174
174;0.13353685076560193
175;0.10071044501403642
176;0.09458832713365509
177;0.14752937211979741
178;0.022364682073155607
179;0.19386758975769897
180;0.1048522333703857
181;0.06456266281209054
182;0.1189984732686596
183;0.18004391333011666
184;0.14602113853486465
185;0.19617248787752653
186;0.19679627546408712
187;0.11690980592193322
188;0.04236713117314792
189;0.07843770708522034
190;0.05208063203789948
191;0.13903643220599357
192;0.005119484406210528
193;0.006577861992240175
194;0.07350981956084926
195;0.034737631906589406
196;0.13258346348105693
197;0.050041085112613626
198;0.1600346144023555
199;0.048116885253729105
200;0.08339766605822319
201;0.021254339088958976
202;0.05286318502456984
203;0.13708966499391065
204;0.06571941295010442
205;0.108391539635465
206;0.013176673412942264
207;0.19667833581915858
208;0.07084436113864923
209;0.042118416071281355
210;0.18781744368458247
211;0.043724608468120235
212;0.06938855212202913
213;0.028308270151071537
214;0.12896809014304234
215;0.08827383486854382
216;0.10275091796134644
217;0.0858966623030701
218;0.1340480999741265
219;0.01138232886285262
220;0.09416364931784854
221;0.09213396751852168
222;0.04579166096155188
223;0.13713069557522214
224;0.1432029009005257
225;0.03640333325432894
226;0.17577586689552002
227;0.10819456796222862
228;0.12951224565570607
229;0.05273401085014784
230;0.11853065251599415
231;0.19197208651378772
232;0.04035736277194966
233;0.14288228905366304
234;0.18362789843704858
235;0.02311170236009108
236;0.01123632546703326
237;0.12594894412793448
238;0.07355188933254785
239;0.03310831241194117
240;0.16559547393806248
241;0.14406355059017917
242;0.07603763700461166
243;0.1056572203810569
244;0.04677119592161943
245;0.0994876452442991
246;0.12035309722138887
247;0.036209663624274184
248;0.1599399516081426
249;0.12622815047353467
250;0.1536304221973726
251;0.13921215222383107
252;0.01954415913618024
253;0.018427403909173523
254;0.19318705305398703
255;0.033328520229711465
256;0.03706252541903898
257;0.0766679678170108
258;0.1164175404784677
259;0.10635267813984416
260;0.16929890507217107
261;0.19456349281001534
262;0.1543745589386333
263;0.041569489348803806
264;0.07709086150585598
265;0.03927186225488406
266;0.058436128052228864
267;0.12246030090971227
268;0.023465671532439926
269;0.14153783700403097
270;0.10855692317853521
271;0.02386144995394668
272;0.043501619092411396
273;0.1463999837585774
274;0.1696873818180441
275;0.13663099309757773
276;0.18861094781613363
277;0.06418420350696777
278;0.05076852859257722
279;0.16843995449436544
280;0.08358956269439595
281;0.05536563792939782
282;0.10252631550711505
283;0.18534542034718965
284;0.13388086802232416
285;0.16307096523142428
286;0.1787675543735539
287;0.05153363045232611
288;0.12475859775974239
289;0.08667478934291149
290;0.07752843650898263
291;0.03685560928501941
292;0.06589779764163127
293;0.10777976585895613
294;0.16326771298615744
295;0.013553931087111427
296;0.1401482562062952
297;0.10067476252392576
298;0.1646623970129325
299;0.06858122158915265
300;0.006040375577533674
301;0.14137925243952193
302;0.0824579010638476
303;0.1706771211768825
304;0.15668046050239462
305;0.0522973988777761
306;0.16463536273454493
307;0.13792357393978075
308;0.17752033053825136
309;0.07567438872425106
310;0.03239691939250222
311;0.1209069734268151
312;0.13455202843599018
313;0.11767662444989234
314;0.018416037347921566
315;0.09653213403742233
316;0.17735728104432547
317;0.06198130908485022
318;0.17576535883578093
319;0.028051235772688643
320;0.11157227973709061
321;0.13570446449227114
322;0.16792334075522833
323;0.06999632354889766
324;0.004706397346411095
325;0.10283904010423742
326;0.03463441117901938
327;0.07956434744929611
328;0.026016707859568777
329;0.06625198960486925
330;0.08399477394821878
331;0.014334779640571949
332;0.16160745824377573
333;0.1311175922154241
334;0.016483179817172
335;0.19725172816951686
336;0.0401274557497354
337;0.11980528046787486
338;0.13980273436225896
339;0.02091083768819453
340;0.17409439089271123
341;0.16908693426490906
342;0.1972669480102428
343;0.0175141277925825
344;0.06964416212056412
345;0.09869427285390378
346;0.09856002554097298
347;0.044884846840980465
348;0.15143635765172736
349;0.06787548814252538
350;0.11997535347727017
351;0.04551097099371029
352;0.14414364753253175
353;0.16163262432671732
354;0.12904226973861013
355;0.1874432709560275
356;0.06977767180829726
357;0.04409430466321214
358;0.13919859689055467
359;0.1733434109014853
360;0.0918647907673919
361;0.030040268668236614
362;0.17303273223019697
363;0.09154390461994642
364;0.07878412791558767
365;0.17520345404299842
366;0.1892307372782633
367;0.06388717390259786
368;0.1336401584121801
369;0.055423766149963055
370;0.1658760936384197
371;0.16240745079911953
372;0.1316163047249219
373;0.10186919492569058
374;0.19888570578597495
375;0.16916022905650793
376;0.0009818849794251516
377;0.1774223811482868
378;0.09896127093704746
379;0.07729187185053712
380;0.1966383263100333
381;0.028568122492836735
382;0.1803586172492886
383;0.09501527286580319
384;0.05531890845846852
385;0.02504092758656804
386;0.19514430242982375
387;0.17747835608845886
388;0.17872719770875056
389;0.025670906258648454
390;0.1674520193931661
391;0.13642590233048862
392;0.01125350745517797
393;0.07017115896863073
394;0.1946331144495422
395;0.13809231736908503
396;0.1370622853810492
397;0.07799322549853692
398;0.11310181047619108
399;0.037316378726093016
400;0.10883576830230768
401;0.17295528289822257
402;0.06991157215538135
403;0.13413195981953438
404;0.19136345820366885
405;0.19204794156565255
406;0.139327517641274
407;0.00324300663286603
408;0.02585903250762398
409;0.16154406214573508
410;0.05415034770360654
411;0.0841170054112833
412;0.016218225502404284
413;0.16868587671465451
414;0.06018884504073621
415;0.19990091496322399
416;0.06528806789958466
417;0.12606819381161602
418;0.13209008104905648
419;0.13012547350044662
420;0.16879581994305626
421;0.12143998334230253
422;0.08220139508980069
423;0.05292541643760267
424;0.09385741625429485
425;0.08029099046725337
426;0.12374880026159901
427;0.0485934666512067
428;0.07908982690175591
429;0.10258656624038778
430;0.06562120212648614
431;0.10316538035959194
432;0.0430403711759257
433;0.03490335307040087
434;0.0898342043436875
435;0.11332624518732914
436;0.025731939131604833
437;0.002827426521382792
438;0.15968977959617353
439;0.06325567025748427
440;0.09079992660518177
441;0.023913941071241496
442;0.03583516121507833
443;0.19707115200463887
444;0.1589515631748698
445;0.1877782884752174
446;0.12917115863143205
447;0.12784945693412647
448;0.08084637405963475
449;0.022403971438812655
450;0.02071951213893777
451;0.13824973544151212
452;0.11988123849897431
453;0.14069300808978297
454;0.0977912490132114
455;0.009331029901930311
456;0.19876588789461916
457;0.16835485264389674
458;0.02695279580185872
459;0.11761155935027828
460;0.17659260346066818
461;0.15410870078958339
462;0.19111334436922578
463;0.13939889750788922
464;0.19112741994536744
465;0.046664914369166734
466;0.13385000548978485
467;0.01598595934409346
468;0.19737357271999212
469;0.05213324743170529
470;0.1641788657177108
471;0.18069716877790415
472;0.1812782050853983
473;0.10066543282123533
474;0.08778998282575534
475;0.010052756568677036
476;0.1776993613737402
477;0.05529365614977
478;0.04128636481418431
479;0.033665848932908006
480;0.054617188032239986
481;0.06047208351185303
482;0.0056371891402036585
483;0.17917194774929196
484;0.08594370042779494
485;0.0963598459685186
486;0.1753134992214436
487;0.11410797352016529
488;0.1592447840522888
489;0.10760140342716551
490;0.18303104216705224
491;0.018890015019059892
492;0.12556211810449158
493;0.022838466409317484
494;0.1398441394042666
495;0.09754125383864941
496;0.03531735294704521
497;0.17332965799650915
498;0.14552041161277965
499;0.050711540039040284
500;0.14494548140300578
501;0.03223484898981915
502;0.040015319164086606
503;0.13579873413696908
504;0.0836848735827252
505;0.010974244101367782
506;0.08738932411502234
507;0.08343199167787774
508;0.16847423279290627
509;0.17741771610187762
510;0.04234580201514398
511;0.08641238110764189
512;0.17565645852773393
513;0.0954239538753621
514;0.04757799023160896
515;0.10498621976405086
516;0.0029228159269427457
517;0.12554379024804
518;0.06700371510043457
519;0.12957187692431316
520;0.07061181040611893
521;0.03232152705973073
522;0.10526251649968502
523;0.06216873119276807
524;0.012284609499721611
525;0.05922595185621853
526;0.1277883910040028
527;0.006695860695654221
528;0.1787170429211412
529;0.0660912968172972
530;0.1427244322281376
531;0.12853415499701157
532;0.19580422850068513
533;0.11072746770144826
534;0.021212030678855645
535;0.03775796570555115
536;0.047901760349046855
537;0.19413507444260453
538;0.18028384207596854
539;0.05392101867204977
540;0.12953478187299255
541;0.14466807529511727
542;0.19216431231547826
543;0.031920521137180115
544;0.16844255901455174
545;0.09289176509511982
546;0.11716871260846351
547;0.15959752961257018
548;0.019690846258697572
549;0.013158229262302146
550;0.19986385089591524
551;0.01895462598619544
552;0.15417884468086204
553;0.08276504794814882
554;0.14977937190047927
555;0.18046782140714696
556;0.15978676790518426
557;0.03679147694169476
558;0.0983442833539556
559;0.07254264966014427
560;0.14293332885737053
561;0.1571942290869779
562;0.09155600580264885
563;0.14227431760201592
564;0.12321503498080265
565;0.0324113560339373
566;0.16776012578231858
567;0.05456015736676199
568;0.042703849451973475
569;0.19333659779520934
570;0.1144426535366401
571;0.10104396599782067
572;0.06738290342096412
573;0.02526361779883113
574;0.1837625263515753
575;0.05817692708100635
576;0.0789530195147878
577;0.0680587820118692
578;0.17944836819894333
579;0.18098829091546956
580;0.020497017913468276
581;0.11045827787703753
582;0.05757856401614132
583;0.19405020026145356
584;0.03524121718478914
585;0.013327769363518628
586;0.16904767005687343
587;0.15676697568996253
588;0.0304817342146976
589;0.04839534632634723
590;0.0009956845153352267
591;0.14561936316183757
592;0.16888463115041924
593;0.01618147839210604
594;0.184889223967229
595;0.1368601162492628
596;0.18462723606982395
597;0.13330748798103467
598;0.10232132711706539
599;0.0510985369999587
600;0.17783886648927558
601;0.17945317521223314
602;0.09374976064769242
603;0.17627760554346464
604;0.1553664615630738
605;0.058688968623528306
606;0.18266210278413808
607;0.08180673607309186
608;0.1642937399796142
609;0.08773732137796773
610;0.1547161803728856
611;0.07902343271104431
612;0.08711622769107104
613;0.14284868849207158
614;0.09788755629492873
615;0.19907230335236742
616;0.08284075984325595
617;0.11310340805827375
618;0.02915115199193883
619;0.15498840106436917
620;0.14232128124672494
621;0.05486847292343897
622;0.17771864836778473
623;0.19883595737181484
624;0.1333745026706271
625;0.09401099301672687
626;0.17072693764774896
627;0.12609389371393748
628;0.039798705920879196
629;0.18741990159347077
630;0.11183404374808124
631;0.12352083231441974
632;0.06706821335899847
633;0.07212679199788208
634;0.19402403352598283
635;0.014527804587020743
636;0.12055373271177548
637;0.11148532471116937
638;0.043070068842002665
639;0.1066201313143807
640;0.11715898588496082
641;0.1618316618432738
642;0.00017340869889030943
643;0.15557812491769354
644;0.16622400721886957
645;0.1258435856152042
646;0.031640128176258546
647;0.12683679195609524
648;0.11990972408686706
649;0.14828635339789945
650;0.11588617607303256
651;0.03918137037433849
652;0.021202968700753222
653;0.022120461168939887
654;0.15896556023966346
655;0.10089130668008131
656;0.019066890759827617
657;0.1274020151349987
658;0.0633816165824869
659;0.05727442746850984
660;0.19278436310971864
661;0.049608169003462724
662;0.007618120795248329
663;0.0803106647306615
664;0.020172685284045366
665;0.06600315638171131
666;0.1920373838521926
667;0.14566263359878673
668;0.08462922728783753
669;0.17536189757514928
670;0.16031347014012673
671;0.03380639012999869
672;0.0016101634550857115
673;0.1433084469795826
674;0.18896292068474865
675;0.09960052423193254
676;0.03037832758664203
677;0.11712505581941964
678;0.12014133528629761
679;0.16614294129125803
680;0.11314482781914832
681;0.03539868347154758
682;0.03267304147307246
683;0.06642491537286337
684;0.06287449483850853
685;0.14135940597962024
686;0.0957184839480892
687;0.13157107600549633
688;0.07294886189316423
689;0.0801280535541838
690;0.03475092926118733
691;0.19997775949889943
692;0.06435557994042125
693;0.06153200188777404
694;0.1714327046236413
695;0.1694100516243393
696;0.0007077315615023672
697;0.19662942742508402
698;0.1580263693269539
699;0.012139970026931969
700;0.15487920517380097
701;0.035274567800724514
702;0.05990687223533327
703;0.05610255532704087
704;0.1260652103777128
705;0.14839789440875503
706;0.1257623263552847
707;0.06614089440547881
708;0.10474705216032852
709;0.12536189667024805
710;0.17657180516363297
711;0.12319040322766937
712;0.17915330354445408
713;0.18663869148218037
714;0.04926666209114146
715;0.04617572925291269
716;0.009144580540102476
717;0.07295816218187685
718;0.1376500290058715
719;0.0529142797909288
720;0.07750492426033391
721;0.09655655674358386
722;0.0764204968032999
723;0.13265601739215724
724;0.17601930620664039
725;0.008016475810810775
726;0.17773922283308383
727;0.08488018707633327
728;0.10784094158052496
729;0.19729198225137676
730;0.03450001739239002
731;0.1656828784293842
732;0.07388190155613843
733;0.007714956963763453
734;0.10628675376716311
735;0.10314258524195591
736;0.1527797357018448
737;0.15122667692553693
738;0.11001243925941316
739;0.09738427364445862
740;0.11520769747426943
741;0.0290904450159176
742;0.12817550654432674
743;0.19545820211972048
744;0.16093164152462455
745;0.019129940396674774
746;0.18898781713142065
747;0.0786254750373999
748;0.19736541601077714
749;0.03731852178051414
750;0.11819409127009171
751;0.00423294004761865
752;0.038708885867772796
753;0.03550794418145899
754;0.1044671566419234
755;0.15730590503529157
756;0.1617366522561399
757;0.14405165821977828
758;0.16083746824135292
759;0.048811029767194404
760;0.08510694547923339
761;0.03931069709471396
762;0.10498370940482381
763;0.05883153176572482
764;0.11972665419945534
765;0.16933385331407413
766;0.04852733332993067
767;0.18778225182816538
768;0.051235649959876374
769;0.1067509261760742
770;0.08555491249231054
771;0.17810618918857168
772;0.18949367230561287
773;0.08748955846835382
774;0.09102017209490565
775;0.022234290941137626
776;0.031958084523573696
777;0.041083428846947156
778;0.00821006158807649
779;0.04863361581991199
780;0.0883642378474931
781;0.13318692002303467
782;0.12428996670562892
783;0.1342845622127978
784;0.10117433838037648
785;0.05977059807508489
786;0.14681470053244092
787;0.027554452620205862
788;0.15341503427223652
789;0.0759364238686438
790;0.07744880703799986
791;0.19240689855033288
792;0.06033060501383021
793;0.021223918994886338
794;0.14510445538700129
795;0.0029856870851784345
796;0.07845055071311849
797;0.09978600284498383
798;0.09312444913675416
799;0.006118422143725022
800;0.010519834571068377
801;0.15913877294952167
802;0.028768976212902354
803;0.12341637612037962
804;0.17722572123623936
805;0.10561898427956776
806;0.1812135242390975
807;0.06528917292023118
808;0.026781253555665564
809;0.06956571338815225
810;0.10688039651185917
811;0.09687570468327528
812;0.014420802257128674
813;0.12585898489651295
814;0.013109052403469091
815;0.03600808726446971
816;0.0026740316501711716
817;0.06290198832441367
818;0.09381871823257995
819;0.051092715321594366
820;0.07602728763995324
821;0.11591569361229698
822;0.17095080594661716
823;0.039604730939440884
824;0.19516553156504196
825;0.05457021144056722
826;0.07172191951584721
827;0.06459650828275754
828;0.02782883998336201
829;0.10772593607947732
830;0.10585714263985924
831;0.06570982463526287
832;0.1520412121464065
833;0.0063972819649102735
834;0.18233541790627336
835;0.022635387306309762
836;0.10958914411130123
837;0.09679752208390727
838;0.06590610442775734
839;0.14148052956677457
840;0.13571856774439692
841;0.1248583483356532
842;0.16712547471017442
843;0.12156931329550667
844;0.1420454395664201
845;0.1722445538143781
846;0.008218574962186077
847;0.15123512920586824
848;0.1704925882029527
849;0.15315954930060555
850;0.02887867653223244
851;0.13167812762142303
852;0.06152016707035118
853;0.08198142888107157
854;0.1766248516533142
855;0.06699871954770624
856;0.09488929030513658
857;0.11252825167350866
858;0.021541520174242337
859;0.14378630460893968
860;0.04295478574052103
861;0.16273827718890937
862;0.04566047211803122
863;0.0898327156264691
864;0.13399772889266912
865;0.11706042682668144
866;0.09430726022111001
867;0.030103193451751234
868;0.061904974179685414
869;0.03175075187713954
870;0.0069754810712997495
871;0.07020607176217215
872;0.11760459014816438
873;0.08680993511176881
874;0.0802774130184571
875;0.13593468612191273
876;0.04980936692109426
877;0.0035297191620413007
878;0.03178617973293185
879;0.062189251870347455
880;0.13509034107531037
881;0.17353426805684524
882;0.1690923915934525
883;0.052412949262240494
884;0.1253064043507582
885;0.012926378475123436
886;0.011406636802525917
887;0.09303427139680549
888;0.08883963303374243
889;0.09246827857435463
890;0.17588878935581329
891;0.1902549747429808
892;0.08976659935860837
893;0.14692740632603174
894;0.1389697466551209
895;0.05495977070724176
896;0.12970737042742359
897;0.10672389081799011
898;0.17921324279893136
899;0.027996081313268164
900;0.1860890369294817
901;0.022964003398194932
902;0.1833729490898337
903;0.0896484091312052
904;0.1276750509858998
905;0.1874276356254777
906;0.17455251771868477
907;0.08172651655169197
908;0.11296162430117612
909;0.07141494526014047
910;0.10855426438391268
911;0.01195608271813673
912;0.12215746296911706
913;0.18728719500588228
914;0.17320196495767315
915;0.06340917257932303
916;0.15408443266059957
917;0.01778660349361183
918;0.16208764820319546
919;0.15713045683786328
920;0.02515595046364634
921;0.1263380362119474
922;0.09949346087352431
923;0.09860428336126073
924;0.04369468865841002
925;0.11216401482344376
926;0.1606565558370543
927;0.05585538489547091
928;0.12265646944567198
929;0.18085509966450017
930;0.04010175012058077
931;0.08299031963840107
932;0.14010970762803057
933;0.08048739716482763
934;0.039573569175290674
935;0.05316914226225544
936;0.17376411048669388
937;0.117704425849241
938;0.19141675916581566
939;0.17106848044079653
940;0.12162741414459988
941;0.07599794632687938
942;0.165006366222507
943;0.07875739594183356
944;0.17795616568570627
945;0.0665941991011396
946;0.06058618144857824
947;0.01718015326000988
948;0.17883020192844787
949;0.019594288267711413
950;0.12429686720952222
951;0.030811957124593437
952;0.1338920417555493
953;0.05048258255683735
954;0.03653284013047189
955;0.036371778511171994
956;0.011678793940625855
957;0.188569166775154
958;0.13424356960923176
959;0.19040074650572994
960;0.14575139780127142
961;0.10972116432756143
962;0.08152448067698388
963;0.04337433708878329
964;0.0966950905718068
965;0.05009708858666382
966;0.1873399947927132
967;0.03999592993576722
968;0.03897270322697302
969;0.15206786442482942
970;0.03533297779672251
971;0.1325042637159611
972;0.09540149036644281
973;0.03426385158399164
974;0.12188440775299852
975;0.11230117186540843
976;0.17663138514583807
977;0.024540234568230047
978;0.1829563470484051
979;0.1151579738876925
980;0.07247104129847406
981;0.10188282597311177
982;0.1439091857039194
983;0.1457911857416633
984;0.0903749279044926
985;0.15598362575560515
986;0.19689181676918488
987;0.18938450905543824
988;0.14596047187401862
989;0.09378345491829353
990;0.17828809068840057
991;0.08650558566193406
992;0.011408844748989245
993;0.15039157699073236
994;0.08216753251716771
995;0.07970707374516393
996;0.07758903226942099
997;0.08560134764120715
998;0.08510657149087225
999;0.008958002919688957
1000;0.1850778714981043
