1;0.003864263872882179
2;0.025143793958720774
3;0.050471304945964385
4;0.03424487309277487
5;0.08274506328117368
6;0.06469102414713022
7;0.04950356662643464
8;0.0008150667866049233
9;0.06001328728582103
10;0.030296414087461577
11;0.031159503900200614
12;0.047118569693077386
13;0.07941028160262348
14;0.028470347643628748
15;0.03756696482241631
16;0.07509280127280306
17;0.03907438587424146
18;0.09751278339651674
19;0.09651370041562414
20;0.07951278550946715
21;0.0017270373186683676
22;0.013934331295723246
23;0.03900697537350936
24;0.0935228451515848
25;0.02485364533062372
26;0.053688757274001464
27;0.013167978366094424
28;0.0316238601792594
29;0.02353686623525413
30;0.020404774514569315
31;0.04381288327362953
32;0.04465458931831787
33;0.07015251427428333
34;0.01494683175930809
35;0.04867500743140201
36;0.08739819653726531
37;0.0036874037156957476
38;0.014758574024351191
39;0.08895356807868748
40;0.03942207374231067
41;0.07666512084722803
42;0.006826627768363059
43;0.06942952999946254
44;0.025559774771354484
45;0.028416888004472188
46;0.079157815137863
47;0.07405464255287658
48;0.027120893501849964
49;0.014209462907499915
50;0.06008656901605086
51;0.004583670929766326
52;0.023787932458813235
53;0.06719949461908474
54;0.09907465558211548
55;0.08857246726139828
56;0.030583419473167863
57;0.07331049234169476
58;0.09708715485811546
59;0.007298786250261868
60;0.010226233283150844
61;0.02531187035856558
62;0.07640038695761164
63;0.003838242786009394
64;0.055818532727327244
65;0.03011651617893667
66;0.04050177767765039
67;0.02706437100063073
68;0.021411218140873503
69;0.05472949018483728
70;0.049940951220605316
71;0.012407950463499752
72;0.06499824831607572
73;0.04213953486397798
74;0.08730066712954264
75;0.021646603639460305
76;0.0701983169587153
77;0.030462204737792344
78;0.09109867656747328
79;0.07134528129566935
80;0.0714176517706658
81;0.07614355112244547
82;0.002309261524400297
83;0.07332661393236463
84;0.029737613901847107
85;0.029998179171357567
86;0.025863551030814447
87;0.09548886124888661
88;0.036732652234145804
89;0.004576760940376001
90;0.0077666717438629185
91;0.054223340742974406
92;0.06834056490266574
93;0.08074775915454813
94;0.02643471286546827
95;0.044323735684838106
96;0.07952987402615155
97;0.05947811932680702
98;0.092774826635831
99;0.07101085798718602
100;0.06541721163183276
101;0.04756993894690834
102;0.08812708393344915
103;0.02270358867226585
104;0.042440895309569265
105;0.06281003787166094
106;0.09921112530079494
107;0.08979119887714294
108;0.04068810731555608
109;0.09579102560806946
110;0.020460799784039065
111;0.08346932701570148
112;0.06809535372736614
113;0.005040654227598429
114;0.02783497147135209
115;0.02472712166016844
116;0.02414522831413464
117;0.048489684836689584
118;0.04371458816347956
119;0.03210372433799027
120;0.0336333059248558
121;0.02186793300872111
122;0.070280107544667
123;0.012738893292431963
124;0.0879873526572381
125;0.01574241278092017
126;0.07208531406361014
127;0.0569357351767313
128;0.06761893412249212
129;0.06784746285112056
130;0.06177412725842968
131;0.09686418221027156
132;0.07144056374924067
133;0.04743232576901361
134;0.05015163529714023
135;0.0350803234205023
136;0.04507699214905497
137;0.09279894020580312
138;0.07220221737092607
139;0.07168281422074507
140;0.05661809192521699
141;0.042711261952882544
142;0.019448646381501657
143;0.009329027536320745
144;0.0030816688819158334
145;0.08237040464824968
146;0.03181849796722449
147;0.0019040498814241525
148;0.018004711321044076
149;0.022791465300658644
150;0.041169429587835926
151;0.02113350770748107
152;0.01240640356907018
153;0.08472238949804337
154;0.03004971700056236
155;0.0435710259293775
156;0.029647919870516605
157;0.035590082259353964
158;0.07663677840398325
159;0.08535485511974822
160;0.03508273773938771
161;0.028096264438396648
162;0.07784554964859929
163;0.09331018244452621
164;0.013022543813115928
165;0.01854655612772389
166;0.03326194398410877
167;0.061044088379404685
168;0.06514544836618628
169;0.005228559904469666
170;0.04465666931311677
171;0.025966363278373275
172;0.0371430404595531
173;0.07221485081386413
174;0.07481932470543508
175;0.04776728690071841
176;0.04899485401164912
177;0.025725319534309666
178;0.0715708129636977
179;0.07316189547977017
180;0.015593338057006623
181;0.037816570354326
182;0.01338156574266054
183;0.07031336221364304
184;0.027314778138642682
185;0.06230032558845971
186;0.010509133979321905
187;0.07272993130926336
188;0.05012254780817569
189;0.03799846840602877
190;0.021598131978846913
191;0.041692543448739565
192;0.04863521091116683
193;0.011593910863216417
194;0.016805420722600075
195;0.052932086459190855
196;0.06554826834979412
197;0.09445489542570379
198;0.008743985747078487
199;0.0857471031817511
200;0.09956432001644906
201;0.01748446811487906
202;0.05345155002916652
203;0.01585282773284431
204;0.042015662745764175
205;0.05100799854357201
206;0.006963803338908614
207;0.017764947324409697
208;0.08213785093946879
209;0.09200913720708402
210;0.09268729303259698
211;0.053699165565271524
212;0.057134323981146054
213;0.05811265247438623
214;0.0982064346569631
215;0.01990009376483061
216;0.052656468694971016
217;0.02805946221405871
218;0.01389106240632605
219;0.055119757674571584
220;0.020324914265327877
221;0.02763266608592965
222;0.09171907415330557
223;0.077883311653284
224;0.05190322959894739
225;0.09036607916987696
226;0.04909998414665582
227;0.07029222153650455
228;0.0199111634562715
229;0.029186029769275604
230;0.06238166554526201
231;0.033089630075068543
232;0.00806266787708887
233;0.06524342883812274
234;0.06317378831059604
235;0.0102136405185018
236;0.09783908725732933
237;0.07525725963554301
238;0.013092093949364959
239;0.01045662735287124
240;0.09989514267861274
241;0.052336914485609
242;0.06464794355649327
243;0.07999861404422563
244;0.09565852757580853
245;0.08717915968501057
246;0.0626984232199244
247;0.039761492632466845
248;0.09951598324889638
249;0.004411672713354786
250;0.08869918944210803
251;0.0818122057365579
252;0.027095000381758383
253;0.02942538667105468
254;0.05719837983639256
255;0.0009091829964268162
256;0.03715958016638942
257;0.07645402972560517
258;0.08217966768430594
259;0.00999430879075871
260;0.09064868621047864
261;0.002245099055359434
262;0.05755759790731573
263;0.0934242832178453
264;0.07914639092083174
265;0.07779128477939133
266;0.062389619096722415
267;0.07708448146476082
268;0.005179524741051778
269;0.019793068938203262
270;0.06501032963064955
271;0.050274993974086524
272;0.014021208745422753
273;0.08099975160726569
274;0.023792264965442525
275;0.042725047654027085
276;0.09211978012632867
277;0.09667673873020727
278;0.06979005189530996
279;0.06177516652386259
280;0.07404781588047023
281;0.06867809884381659
282;0.03603198201623272
283;0.023750855397244267
284;0.047147550721137944
285;0.02870701434157663
286;0.028503765482145806
287;0.07810331035378376
288;0.060773955267960936
289;0.009075679434869366
290;0.008061959580873612
291;0.013019253551920207
292;0.08729846125058202
293;0.09228977916562169
294;0.033890355961146215
295;0.024198082656262054
296;0.07566274736354543
297;0.05962371302407411
298;0.09522000460211621
299;0.03518766049467136
300;0.06999563941474816
301;0.005191844747110564
302;0.041092971729218844
303;0.01803339565055371
304;0.07345655218528988
305;0.011794451776599303
306;0.00028390613467970115
307;0.08949214686820317
308;0.035475950216954835
309;0.011522829002270842
310;0.06339187649048456
311;0.007639349406671537
312;0.04395163458189663
313;0.002033044150102281
314;0.08223270512495874
315;0.07934099685468309
316;0.004267566041550564
317;0.08925910509451683
318;0.04326056152131676
319;0.09205195625691391
320;0.06269687111272634
321;0.02472005391894999
322;0.06620598079388895
323;0.03961693282601252
324;0.035214892373828854
325;0.03662990739417195
326;0.09479621138342866
327;0.05907616385159969
328;0.049460646174757074
329;0.09188188822859028
330;0.06244968846085108
331;0.015857892141510656
332;0.06197584050652297
333;0.0482431163276508
334;0.04135285851341152
335;0.0789852043481056
336;0.028077382318955825
337;0.06438987566731509
338;0.03608592997593807
339;0.0049203074102707415
340;0.08908746112614914
341;0.04283987062578091
342;0.07901467103932999
343;0.08550216859560876
344;0.043462816413921
345;0.018317007543575205
346;0.040608669692245025
347;0.05289174219075643
348;0.0790006570183388
349;0.06230145571939615
350;0.0899316217144806
351;0.09782658547068862
352;0.08430823799295976
353;0.09739447110005554
354;0.05678297043317704
355;0.009002362667810715
356;0.060086609179409625
357;0.06667020705240123
358;0.015212406467317386
359;0.09126069916001721
360;0.061931790135482404
361;0.04648874744783075
362;0.056511614462351895
363;0.06320714269016048
364;0.0393018954921317
365;0.0010460546125674152
366;0.05792127677375959
367;0.050818989558259746
368;0.0313604782587367
369;0.04650679167334401
370;0.012439476644283977
371;0.08726831842503864
372;0.08325400607856653
373;0.00654270130753456
374;0.045213116750675166
375;0.041257616915757515
376;0.009078832384222768
377;0.06758479188725257
378;0.09399225711458815
379;0.035505536446465716
380;0.00341089202876671
381;0.052350938421340976
382;0.048976550098963914
383;0.0135077235311449
384;0.05754742835671994
385;0.07447732060223178
386;0.022757723548716136
387;0.06243254816674131
388;0.03418848330339325
389;0.03245538587927992
390;0.02796770723155554
391;0.020541434658124816
392;0.029608178932501797
393;0.03242375002829021
394;0.05815291219664151
395;0.0012755496207969563
396;0.032734330553652324
397;0.029524927819294767
398;0.0202983341326234
399;0.013022078122699255
400;0.0855558834235699
401;0.08867465550844555
402;0.053076270460304914
403;0.018117851664420648
404;0.09889178394410178
405;0.08030435523104419
406;0.08156471768482965
407;0.06830662934637663
408;0.07216395401484674
409;0.03892721657182646
410;0.09415775545202396
411;0.04800220911362203
412;0.06430640198802309
413;0.006818922787606263
414;0.039370887898961295
415;0.00880110399758728
416;0.029740435357148376
417;0.09746839502945928
418;0.043625028020079226
419;0.010862400253561633
420;0.015200776282703887
421;0.0003819101825943028
422;0.021889000839864572
423;0.03117044505782306
424;0.06021465237559053
425;0.09325093574942497
426;0.09588872486933413
427;0.030123665381152378
428;0.06810826604869372
429;0.0437726560192818
430;0.050057040446565004
431;0.026515937895427746
432;0.013722708810975148
433;0.011444322012275987
434;0.0494492548286823
435;0.020735041216977723
436;0.012226305206033806
437;0.041360079512750586
438;0.04589064980876639
439;0.06860903977694081
440;0.06682376001587732
441;0.08650169074979736
442;0.09848160739362684
443;0.09014785509754669
444;0.04089513063770836
445;0.014657156984615461
446;0.09979440069671613
447;0.07082366822788864
448;0.011380391923550094
449;0.014104674859818945
450;0.020643263388352918
451;0.08291612543457329
452;0.09651435577408471
453;0.09602686864552638
454;0.00039681513956706387
455;0.018293105346512406
456;0.043574310113108694
457;0.09641727478448904
458;0.06590864144395377
459;0.05473153169125781
460;0.017046462583914436
461;0.020589691630963927
462;0.003826648219040041
463;0.06481985958399886
464;0.005229972269381756
465;0.0924299423526044
466;0.08301730091786604
467;0.011059532545552565
468;0.05798174025146627
469;0.03339480840176025
470;0.0067248140413857516
471;0.032010120761236216
472;0.047504456014208475
473;0.09844690825686622
474;0.00917622381636618
475;0.09812529034638237
476;0.08827819464067063
477;0.019958778369562558
478;0.005000787639754512
479;0.016311656717508005
480;0.09927868629007135
481;0.0017397786706720654
482;0.06988347982830936
483;0.04712017292839828
484;0.05367313001428414
485;0.0029815692115494953
486;0.0018661237247145192
487;0.03827827940425682
488;0.03650887996235289
489;0.0386175403650056
490;0.05123610698165452
491;0.07011504814601204
492;0.020606166994457078
493;0.024000351746674475
494;0.012689430194809725
495;0.016847144591203622
496;0.003117771247573853
497;0.02599402389829434
498;0.06444607479546435
499;0.0075552331034330344
500;0.03909698587093802
501;0.08126009445683809
502;0.07235733700033303
503;0.026518690087361255
504;0.030014809248140872
505;0.004559978696218559
506;0.08633321772011121
507;0.02400170399229612
508;0.05467105156489306
509;0.016504052990263696
510;0.07576059127542513
511;0.047293700552639296
512;0.07398064090345981
513;0.06534700878246195
514;0.02780692317862954
515;0.06395844930975145
516;0.03316687397079796
517;0.024703706282031692
518;0.0017854502018925134
519;0.03568420916368829
520;0.06354373226814307
521;0.09270816470060045
522;0.046709799038666545
523;0.07374139533942319
524;0.09245429068392715
525;0.009866439060875433
526;0.022455413854851305
527;0.07377845440400671
528;0.08156711424287642
529;0.009900528176094804
530;0.016632856122739192
531;0.0918275052605125
532;0.03252047179396324
533;0.04687970487329876
534;0.021192407296010254
535;0.01621024754239252
536;0.011161234246841668
537;0.08846804664932251
538;0.09270060844246754
539;0.0846058431493565
540;0.049155862075440517
541;0.08287162383664928
542;0.0015723510973584265
543;0.08555227138647797
544;0.09494498901714443
545;0.038989902426506906
546;0.004557565168660782
547;0.0884958604182397
548;0.08210111855719215
549;0.020581003917772803
550;0.011701727419005782
551;0.04901555937448833
552;0.039877147404005955
553;0.004265442215073578
554;0.0028626405197101027
555;0.08453186569370946
556;0.00835932992896773
557;0.08173844483486002
558;0.0784113845825849
559;0.041593409644233886
560;0.08370961376317411
561;0.07474653352190255
562;0.08028687626761381
563;0.029046463482177678
564;0.03214037239704367
565;0.0145672757239936
566;0.05344604686852872
567;0.04753069250444584
568;0.02388321269590528
569;0.05127659620288373
570;0.06015225685948601
571;0.07858700430711303
572;0.06591917754207685
573;0.02284219462938989
574;0.025126199091822156
575;0.04844764505633591
576;0.004674612821337676
577;0.04365553901127805
578;0.01455183626536477
579;0.05075136718700651
580;0.09025372243174187
581;0.07821029607042192
582;0.07553656182851365
583;0.016092097092386272
584;0.03290727015207945
585;0.03890567271602931
586;0.021976402349727822
587;0.08688938406131977
588;0.07041936762810068
589;0.07003941768787995
590;0.08843588456964649
591;0.00860777994671248
592;0.002786701084902299
593;0.050075158300325696
594;0.01253130916833114
595;0.09849697872946755
596;0.06033342974163386
597;0.037447504703901645
598;0.037457225316190244
599;0.045257793183498964
600;0.015228413073688541
601;0.08247691271369889
602;0.007607895466064796
603;0.032225010002039554
604;0.0706719912842365
605;0.0721209111828585
606;0.01805780860222932
607;0.06679201461256427
608;0.021097665348804442
609;0.0214778128167757
610;0.053993305552827824
611;0.031560810811515516
612;0.09806339353462074
613;0.09446648040560848
614;0.08833734871879395
615;0.00036189656874897614
616;0.06481121660559538
617;0.023129516454331513
618;0.09176549278272429
619;0.08881045436093463
620;0.0756237432812099
621;0.010023883792965694
622;0.029142169258640972
623;0.09381963938507608
624;0.040896568593858644
625;0.04942722646053277
626;0.06908752453969728
627;0.0699635818219709
628;0.04286813489434171
629;0.09313272320428428
630;0.02967455228830648
631;0.019518357283969202
632;0.02879817649889245
633;0.06693993545019668
634;0.0484625425238746
635;0.00023998095577387746
636;0.018910371832777186
637;0.04881291120516749
638;0.062152472244269966
639;0.09657893357763232
640;0.009184090002207336
641;0.04978022456084146
642;0.020114872705755706
643;0.05185030554652884
644;0.061388526265331846
645;0.04639452848185745
646;0.05336579473822696
647;0.054647602541478914
648;0.05053922341983639
649;0.02217732211542235
650;0.09989785118584295
651;0.03757804027089349
652;0.019525702625273245
653;0.03770116927152556
654;0.045934320273040986
655;0.057214161478762016
656;0.08063648331850166
657;0.0662160135772636
658;0.0620794616252957
659;0.06029720754619264
660;0.06365543764585843
661;0.0656176515576399
662;0.09695114904012181
663;0.08523749801235855
664;0.040686612997919716
665;0.06812506234641467
666;0.005846395658719517
667;0.017179613702829413
668;0.03336417496407986
669;0.08685506307957716
670;0.07487686385521185
671;0.09863142202134512
672;0.019076896608808392
673;0.016109842806713626
674;0.003086682589756562
675;0.0774560915307499
676;0.05433496105453015
677;0.07834682167329175
678;0.015417374292008358
679;0.030819389074828632
680;0.0311023701604231
681;0.03254517321192775
682;0.03504113570703811
683;0.025474122953569503
684;0.04174978903991727
685;0.05566224505970833
686;0.04143970921032737
687;0.030537575129988448
688;0.09894989297676111
689;0.08331022387994103
690;0.06206083841319015
691;0.09895697713276567
692;0.09999811392963909
693;0.08595411425270916
694;0.06118529501225616
695;0.08811373258517305
696;0.08475123212168909
697;0.060648749957366216
698;0.015333760934800012
699;0.09826391175072005
700;0.04485735374173597
701;0.007777731756185991
702;0.05509772026174953
703;0.0960954699352071
704;0.04618256687416148
705;0.026358548719031785
706;0.015402325336457447
707;0.05672214868527048
708;0.08711797872236571
709;0.04838460336189663
710;0.03607902981380592
711;0.02795497427937728
712;0.030600427808805942
713;0.06910273717981334
714;0.09371502470344488
715;0.09831305965940906
716;0.08043766030280275
717;0.06382196251408566
718;0.08001420010769127
719;0.08795834939575062
720;0.06919687356579497
721;0.022893263027233213
722;0.08054261594244466
723;0.050586359125715755
724;0.018983320693992858
725;0.06805621020341086
726;0.03418874176215847
727;0.05934943628401909
728;0.06154721865692723
729;0.027331832386181365
730;0.02964239150181034
731;0.05587331515152471
732;0.06408032186324827
733;0.0479906415995206
734;0.04705825532215722
735;0.054057819959377966
736;0.008542315827943214
737;0.07266809746845947
738;0.00629596846974847
739;0.02661656423358574
740;0.015623791681506773
741;0.02423847429988395
742;0.09362568733309869
743;0.08190377008941173
744;0.04206521763020457
745;0.02797885404369507
746;0.01603048774201361
747;0.060113948845684974
748;0.03260107793458884
749;0.0309011353278303
750;0.08177294954878744
751;0.029882524503764742
752;0.01674267978320333
753;0.09542176827247523
754;0.03613424899053678
755;0.0980198849404108
756;0.09258390546360828
757;0.03455445723128301
758;0.052887813203161216
759;0.03773109679525837
760;0.07362726272241248
761;0.04805355939128449
762;0.05048664465024564
763;0.060251659518749334
764;0.09586207923931866
765;0.010110170344709646
766;0.08504623784541047
767;0.01610065003338288
768;0.01274616621663447
769;0.054236171449482146
770;0.06596852133059079
771;0.02805779962380857
772;0.043756507121375625
773;0.05772861630966274
774;0.016812291991616667
775;0.0820049006086745
776;0.08176216781815515
777;0.013191629284192586
778;0.09351541774540646
779;0.06545640387655603
780;0.014333970190295997
781;0.005245119548694422
782;0.0077636415268453555
783;0.051422567794706046
784;0.008696609301721048
785;0.05950700121255334
786;0.02078827164189433
787;0.008032989744850028
788;0.04573124953648211
789;0.059970319299804835
790;0.05486444776794089
791;0.07392778752163466
792;0.0975361481377877
793;0.06689681315830937
794;0.08439803647175692
795;0.06856561332073104
796;0.012723893628741113
797;0.0927942260848391
798;0.030706475998049865
799;0.08330968716550087
800;0.08089979057752933
801;0.038007423933391384
802;0.03863475112049333
803;0.038621932045054624
804;0.09611205732920326
805;0.03462868823202777
806;0.02562822751917672
807;0.05574061868388883
808;0.0009023347950468553
809;0.07999898031212291
810;0.01852269878836711
811;0.06454609572917329
812;0.03389894584354388
813;0.06176439823653215
814;0.0560057855620137
815;0.08817812332011553
816;1.1010751662055008e-05
817;0.04516120171228896
818;0.02914668265169983
819;0.06793332222944991
820;0.00910301586570077
821;0.07684131913179765
822;0.07491752087687185
823;0.029409679152715796
824;0.03541518130885002
825;0.026496461884967994
826;0.07294237987337786
827;0.012059470831010388
828;0.05079000224136332
829;0.08604804906956326
830;0.07530179389237439
831;0.0096440401670014
832;0.06349319669716248
833;0.02873025704176615
834;0.031647076672858335
835;0.04380263184379444
836;0.07689284042530828
837;0.026259007693360148
838;0.03507128225591507
839;0.013022800784174938
840;0.06893891098217345
841;0.002186245393615072
842;0.02372510284962941
843;0.016864842418379444
844;0.03552274339193612
845;0.006407593241729537
846;0.0008249031703386756
847;0.0220892802450294
848;0.0031723663261251423
849;0.04529499101316458
850;0.09874617693357314
851;0.01691183418682469
852;0.0890584393383597
853;0.04145793489370073
854;0.02223904251533835
855;0.03232755825359085
856;0.010002086285799862
857;0.007709403938853643
858;0.0012470196382640354
859;0.09186999744765491
860;0.08322582324141961
861;0.08210958636830935
862;0.05464563866442748
863;0.03506853834653927
864;0.08210300216794211
865;0.0033828456583669623
866;0.06331985416659024
867;0.020785924312149373
868;0.034630994931103234
869;0.08385892816131335
870;0.058740355896157316
871;0.0726405034306719
872;0.033749900454612514
873;0.009866826994272437
874;0.09307077003323629
875;0.08248800739065165
876;0.09958357013955439
877;0.05933531364973045
878;0.008283395156911377
879;0.049240370960268946
880;0.08656592961137168
881;0.047968419565813596
882;0.09957038988639096
883;0.05083849591547143
884;0.011971960380842273
885;0.04839667612383364
886;0.03149183338737273
887;0.04733284983841836
888;0.06564010478317506
889;0.03169622042131646
890;0.020069265440356567
891;0.08225336474366893
892;0.0842854189824007
893;0.023976133679819413
894;0.036468210140751016
895;0.04914474199020753
896;0.00040567997826829183
897;0.07277873255658696
898;0.001022573942494609
899;0.04492618851000932
900;0.05533415954940957
901;0.050086407586382865
902;0.047243667153228835
903;0.029066685044920815
904;0.08472816679148416
905;0.07189275395540157
906;0.0952333722249874
907;0.09102932781089168
908;0.04243364740480692
909;0.07948444575606034
910;0.0036290778928652623
911;0.039578377845224604
912;0.024594888958657836
913;0.029537411379646328
914;0.06766806289746738
915;0.009874496366794862
916;0.09195434238368348
917;0.03162199168306377
918;0.016473146135624405
919;0.05448539067417113
920;0.08129464544183368
921;0.0962492316507968
922;0.0830322292883401
923;0.03876301385290683
924;0.05041908257810013
925;0.011296516533732105
926;0.09314938651118208
927;0.04459221690182563
928;0.06609521373956423
929;0.0634263852428789
930;0.010374677867535065
931;0.018167684704642972
932;0.02186235642451072
933;0.0005659559508747525
934;0.04027312488320679
935;0.048434862406580986
936;0.0035538393093832114
937;0.009940517348283518
938;0.0058631327133382045
939;0.0729931438880803
940;0.07925698728386717
941;0.07588509999121855
942;0.011846310463199462
943;0.07494528094982436
944;0.08535608859572463
945;0.04912805517483339
946;0.07571926312182542
947;0.0011901292107014518
948;0.07758794461038358
949;0.09416784244246057
950;0.07215617251340227
951;0.04978414281995877
952;0.015211544696884849
953;0.03613038283587471
954;0.04627260626835527
955;0.08783841833031444
956;0.05448438188240519
957;0.01840739237296557
958;0.07364579751524945
959;0.04216346246407833
960;0.09831257546140026
961;0.0451867027604967
962;0.09103872912917305
963;0.009942054022362812
964;0.09473668515350345
965;0.048788644701571564
966;0.08317756323241693
967;0.04145450513073073
968;0.0784990235032539
969;0.030607882356093765
970;0.07628425744574686
971;0.0067248606259959764
972;0.07308647840088321
973;0.01299058928589606
974;0.016434621476431332
975;0.0085264229931877
976;0.032760689128722036
977;0.0475269648360014
978;0.03852610970898718
979;0.019546865686194372
980;0.05058462458945234
981;0.03470703587082028
982;0.04631167108013865
983;0.05876956258744967
984;0.04388806320788601
985;0.007829153493717766
986;0.09720156290794042
987;0.06802786019397739
988;0.01267258851006925
989;0.037634361616399485
990;0.07400886403923881
991;0.021997462193179496
992;0.038048002527562345
993;0.024897412840026945
994;0.054565506648952336
995;0.03940446211691996
996;0.011650445575750913
997;0.08710568280973408
998;0.09720410913036087
999;0.03140661947061583
1000;0.07316188434809111
