1;0.10492797950719575
2;0.04216019410720254
3;0.05497630416302049
4;0.14806878439926727
5;0.11671191412032422
6;0.04103622992088594
7;0.022475762633824982
8;0.18230393477600382
9;0.06282352700581971
10;0.11959913342835855
11;0.0933943220737781
12;0.1105863024929549
13;0.023020040576947554
14;0.005216315190852728
15;0.07038286731727235
16;0.017483393393824653
17;0.15237841140473973
18;0.19672359100647624
19;0.03935809545745335
20;0.06901519255501587
21;0.02729867166105402
22;0.02923073447326139
23;0.038469481475193024
24;0.04477389261701834
25;0.18155670745238914
26;0.12138752258426999
27;0.003250354953676049
28;0.008930075531106653
29;0.0432927448485549
30;0.05232861591203297
31;0.08580724100997571
32;0.10631151625248834
33;0.06402024811071731
34;0.035568724563298786
35;0.13833397469861805
36;0.01644521658854019
37;0.02481864812100523
38;0.0809684531498468
39;0.11613693458599886
40;0.015613280538475173
41;0.04403694372589038
42;0.19060703019682348
43;0.14228705795931537
44;0.13106877797513108
45;0.15342763786995683
46;0.08885768710735642
47;0.15699877623606906
48;0.04204145559149593
49;0.0662464394556708
50;0.09676146219592048
51;0.18111403932830272
52;0.15073437532622472
53;0.004680619931277952
54;0.05663432012454348
55;0.08240502654733095
56;0.07034367633125653
57;0.16740114028824843
58;0.13622942661135506
59;0.0010188941253421514
60;0.09877953945084453
61;0.04041479958751355
62;0.015304260862030229
63;0.16227498422629438
64;0.19923847629386984
65;0.1866363270992889
66;0.14659529817135705
67;0.15631404620545927
68;0.03948932229697491
69;0.18695480549720478
70;0.0145949341384932
71;0.056092719123457035
72;0.1648202414738112
73;0.1271548748313665
74;0.0674928851170102
75;0.020590513408608093
76;0.1473320109968784
77;0.12090142203470185
78;0.07525742260741448
79;0.040953436982887316
80;0.12099517619404157
81;0.12324973597476759
82;0.09162190603396846
83;0.1642059818723445
84;0.10326554761255635
85;0.03361724351808293
86;0.01041520599786352
87;0.0941525036749137
88;0.195110180796623
89;0.18205850306267568
90;0.13683783104898561
91;0.06130790736283818
92;0.07938713631207833
93;0.019039625500790393
94;0.18028908132933352
95;0.028661230693467644
96;0.10451884138949381
97;0.004781094938035225
98;0.13702944916682144
99;0.11037692090403295
100;0.08417260943037436
101;0.009946243560027601
102;0.07222750912522398
103;0.02406143662175384
104;0.04782346032712335
105;0.1694280059427167
106;0.15605383322259744
107;0.03649329462047129
108;0.028303339640869375
109;0.08976521931563886
110;0.09733849644768347
111;0.0007898513070335955
112;0.1508253096013694
113;0.14822446115588658
114;0.1469433604210126
115;0.18109068297565448
116;0.07959549834662367
117;0.006398133074809032
118;0.15499466264337652
119;0.066543321892603
120;0.1686527131708891
121;0.027608930848154325
122;0.014214389583833344
123;0.06511084131122949
124;0.09123714208057448
125;0.16955506759194783
126;0.065773570543935
127;0.06934623909594827
128;0.0024624153048916856
129;0.16411741165737803
130;0.16321137195653468
131;0.10317536098267083
132;0.06010029577006524
133;0.10802108333276271
134;0.19640208971716805
135;0.15029494015914413
136;0.04854800446345853
137;0.08463420194336835
138;0.09052857416153884
139;0.023097814338476286
140;0.15738731279072934
141;0.15069921137075992
142;0.026746656553817007
143;0.07770897710868337
144;0.08456925940464331
145;0.13523193137749182
146;0.05623020076290428
147;0.16827507177593898
148;0.16284048238329304
149;0.026421154257171866
150;0.021924818542804772
151;0.15355183039982065
152;0.073967348538353
153;0.054318809390820615
154;0.0680412455819752
155;0.1147112421845627
156;0.1670725049073789
157;0.17977961900616307
158;0.0902275817520104
159;0.05001209676632393
160;0.196202190830014
161;0.199886613650168
162;0.027910758867550945
163;0.06838884038394961
164;0.0413619222663342
165;0.18375427067768624
166;0.0942325167991564
167;0.08596199131345073
168;0.1981874452759358
169;0.09975145848775942
170;0.19212474912797184
171;0.0127689843195276
172;0.011027413324915858
173;0.11492997708409869
174;0.046381737604543276
175;0.0614280389551892
176;0.10862587768909696
177;0.07526697779696026
178;0.05138912306941699
179;0.043968583331488835
180;0.11944094852682718
181;0.06283873443339685
182;0.07365066891400998
183;0.1890386196182225
184;0.02625095363899992
185;0.15864383648471217
186;0.13328779553532888
187;0.13518602788781395
188;0.047949619091115926
189;0.16508233477343684
190;0.07705637666855987
191;0.1566278650833282
192;0.06736156944300815
193;0.19986379483013486
194;0.03298120886312381
195;0.02133420343963768
196;0.09043466674183834
197;0.10792386047268143
198;0.13441141365952097
199;0.1919277584119704
200;0.06565915660852564
201;0.13176199401975017
202;0.17753900170713277
203;0.15004952569305965
204;0.19302516103907624
205;0.015261026536440327
206;0.07690639038030743
207;0.008395874944075832
208;0.08040905254037033
209;0.15697554617552578
210;0.12877655385241712
211;0.16138394918984555
212;0.0896754631370518
213;0.14497493298291106
214;0.11714452731314173
215;0.15366352423691276
216;0.16877833665754885
217;0.16787304401188102
218;0.11297516482054007
219;0.02186595427146929
220;0.05918308579110343
221;0.029071899316974584
222;0.1291846724514415
223;0.10709525411025961
224;0.1714877698405795
225;0.17245689072559456
226;0.02309888998769809
227;0.19891133379857873
228;0.008792614730216131
229;0.19103540438868324
230;0.009426109805563488
231;0.027828926818700042
232;0.11050744297821241
233;0.13837216586141596
234;0.19132269929253137
235;0.14944924131101803
236;0.19223235320266452
237;0.06680624300955944
238;0.01835179664150577
239;0.03616169630891315
240;0.055917335577905236
241;0.08054109417595263
242;0.11734723871476203
243;0.16386627991622943
244;0.1245733014690027
245;0.09823214268975511
246;0.179284572657468
247;0.060821919899121696
248;0.15713829183546618
249;0.1771502070466635
250;0.11845025255457593
251;0.07841733214756026
252;0.10457563521100365
253;0.1613661817601103
254;0.1959292693198933
255;0.04775342067912334
256;0.18485281613627227
257;0.06963918191194911
258;0.02162772117591465
259;0.06969929587288674
260;0.1910689805976772
261;0.15877864133550199
262;0.14253526766292424
263;0.07158643181433755
264;0.18652955212347475
265;0.15128850821122178
266;0.18061226811185363
267;0.19146437957618226
268;0.129473738227272
269;0.07246046539205164
270;0.19393769181512333
271;0.13470811134629185
272;0.16066232609016678
273;0.19040317096414605
274;0.047329482324066446
275;0.0019884120431713282
276;0.01801125100948573
277;0.01701841447368695
278;0.13564151720686132
279;0.054257367626888
280;0.1867013664932508
281;0.08733078908991915
282;0.08576373169406822
283;0.14052098578984357
284;0.06677714491989953
285;0.10896702847120235
286;0.16437237761810222
287;0.07336251232553866
288;0.1724594306503684
289;0.10913178867849788
290;0.17128965547071426
291;0.12217264418389205
292;0.028097750943271715
293;0.008355612043945682
294;0.03641052872116144
295;0.10726245368115349
296;0.09072269109427089
297;0.14581622450779627
298;0.026130003752463195
299;0.10541137847261282
300;0.1782656174991789
301;0.10437442899062588
302;0.17583828963243556
303;0.16845978554417007
304;0.17136534472669407
305;0.080525772575502
306;0.19773821543566858
307;0.09063524289194998
308;0.03623192897439622
309;0.19202732917994642
310;0.07086571742851518
311;0.1338490589413621
312;0.16885691720518103
313;0.1708155525739289
314;0.002399733222795253
315;0.15256935309219927
316;0.08434416528062438
317;0.14317905815670925
318;0.1650553829297498
319;0.16871694011715366
320;0.11676118096139912
321;0.17092933083168327
322;0.032618960512030615
323;0.11951190562378729
324;0.1853876552171999
325;0.0378827358273804
326;0.05282449144310615
327;0.16349889755676272
328;0.13578929666656273
329;0.1537267775957534
330;0.15946272490032679
331;0.09899697756174142
332;0.09671962309995868
333;0.05270382125320092
334;0.021573121141668053
335;0.14250438301160112
336;0.12476693513322867
337;0.12823636915763076
338;0.06435768759554476
339;0.007301219564776607
340;0.044777854785065956
341;0.06574800481682233
342;0.1780328548787359
343;0.041974520701036314
344;0.05845016973679873
345;0.150303753610097
346;0.10864215959296596
347;0.06679478937993687
348;0.08447727823802598
349;0.09838306651567837
350;0.11820327879348456
351;0.07792144716662718
352;0.011555365160430032
353;0.17300486762099218
354;0.1148439958061272
355;0.19780024791205283
356;0.046429852618920235
357;0.06071303100349963
358;0.1339863265861226
359;0.19517536659833515
360;0.1691761796902844
361;0.168624273787532
362;0.19209664546764482
363;0.015870275889616915
364;0.15708700721539293
365;0.15508299923303082
366;0.014637686187426625
367;0.024463556873810677
368;0.1634154939180201
369;0.13033291169269645
370;0.1043074770945119
371;0.11634802301988512
372;0.06839944939726599
373;0.13217097562887445
374;0.010966168379396058
375;0.04722146878483431
376;0.17331890747723308
377;0.07911174060593812
378;0.10579713451517592
379;0.1571863300617191
380;0.10436810558307197
381;0.08933364360676284
382;0.19012815615256629
383;0.025404653039644343
384;0.17339688880735699
385;0.19378951594589838
386;0.18568514371567074
387;0.15414695887654156
388;0.015258309106642632
389;0.08906691912343832
390;0.12504435059242047
391;0.13757203962248368
392;0.0656014349561036
393;0.11020673244803025
394;0.1052146619474555
395;0.06613150310682024
396;0.16869287664833812
397;0.1809348726196367
398;0.13921676484082252
399;0.08729463348435157
400;0.012849510180806512
401;0.1711523583279122
402;0.10059418854312499
403;0.17931260573579658
404;0.05165111472016104
405;0.02665407139850473
406;0.13177843730415395
407;0.07939247215657096
408;0.13378072809179486
409;0.1664687201297954
410;0.11593601592362426
411;0.1368182875616556
412;0.03465300500501356
413;0.17303518328720324
414;0.1454639840652053
415;0.03276554133812211
416;0.034719943247965436
417;0.061006242491213274
418;0.060359675312991315
419;0.044718566806370964
420;0.031227878720020797
421;0.04754749209610587
422;0.07772980091022907
423;0.10203662123719813
424;0.17696606034784185
425;0.05989074152559007
426;0.18162176880532324
427;0.01529874666454887
428;0.07575592739983071
429;0.10675906244562523
430;0.07174809446862258
431;0.034016083550381195
432;0.03057153643406634
433;0.01585058972818776
434;0.011629637549032568
435;0.06512676939047256
436;0.004053481863133235
437;0.009650427038362653
438;0.025500849910148473
439;0.0762194116402257
440;0.03066164337102202
441;0.10665572749980619
442;0.012351090876104864
443;0.06156673816749854
444;0.1351737093466692
445;0.03859762984372431
446;0.07025857886751892
447;0.008103818040916621
448;0.028722371899751156
449;0.14704441512260033
450;0.07181304070563373
451;0.1831490382615595
452;0.08878871271813216
453;0.05936953325137942
454;0.1414387806655473
455;0.1461362355062223
456;0.010829736694882587
457;0.013640674396816266
458;0.03120916622690686
459;0.06765756411565718
460;0.06035996037334732
461;0.04923392168546779
462;0.015964526723945837
463;0.10344586250673049
464;0.008713433306659813
465;0.01524043363673715
466;0.17595962089143863
467;0.08915690692538525
468;0.019308818074454462
469;0.07707523201834242
470;0.055070697630624776
471;0.09532252350596951
472;0.14915657154604317
473;0.03555602575965296
474;0.09611222443179578
475;0.11064824655451151
476;0.1342071169612241
477;0.10993810484141078
478;0.08291457512223621
479;0.18634392664708913
480;0.14866742078379025
481;0.09320000898035581
482;0.08472756177603574
483;0.0053155047977616835
484;0.18002930104749978
485;0.1409155945018479
486;0.08127743214528033
487;0.03990678344715817
488;0.023692056476975476
489;0.18527378490763002
490;0.06024288260247401
491;0.08425285060753321
492;0.0662057594218781
493;0.18914718719346113
494;0.07895490779963524
495;0.18350034844208285
496;0.06132845503324964
497;0.16233804120191397
498;0.15481344178719839
499;0.04439022546852167
500;0.08381284493595045
501;0.16524033799284085
502;0.1599812636964277
503;0.1861140135845672
504;0.06540668090958071
505;0.12638671243248986
506;0.01470179787886401
507;0.008102229533731542
508;0.002112910366706422
509;0.03621461480920636
510;0.10462963962145017
511;0.08475513293801525
512;0.1652621950710205
513;0.09757678204396913
514;0.18570769828159045
515;0.11911722134097767
516;0.02225699582045797
517;0.17050113708610012
518;0.17983802869421112
519;0.019560362595836822
520;0.12899503824458045
521;0.07182753043433077
522;0.14838122721452604
523;0.06239628885403188
524;0.0651550193084599
525;0.1593081637275162
526;0.11666865177160841
527;0.16648241493074425
528;0.1277255850564429
529;0.005960331250245288
530;0.10384357771428399
531;0.15780662107881077
532;0.0905426500338694
533;0.14193054666629218
534;0.15304277870879346
535;0.028239797439282555
536;0.12706963697190574
537;0.17318702701056066
538;0.06167351435310691
539;0.1264218350149152
540;0.02727319335277221
541;0.09825103491040904
542;0.04828448506652519
543;0.14956122884156467
544;0.19971661225619425
545;0.029039941267640024
546;0.12268012880920412
547;0.008402980385863358
548;0.1402140176693419
549;0.12700711760172387
550;0.19201205183729955
551;0.045205338837263256
552;0.034355242874771166
553;0.17824083307493663
554;0.016379343958976823
555;0.07439974499861549
556;0.17357122262136446
557;0.01444274229495206
558;0.15008102234623522
559;0.05249622900440383
560;0.14485962759029394
561;0.17666283489451418
562;0.0025588344524531074
563;0.14611724321202224
564;0.1367045493782114
565;0.0860262676431761
566;0.1392019185838777
567;0.0715231834866815
568;0.022632901438578126
569;0.16680923017807062
570;0.1356520415910537
571;0.010841514408953668
572;0.021106119613432697
573;0.15312988909871872
574;0.07827565303541129
575;0.011181274525099828
576;0.11685815629656984
577;0.18593544726053401
578;0.16993423218227832
579;0.16387275088068065
580;0.12680637818226273
581;0.00904102622871108
582;0.02153209236199274
583;0.02045788279187919
584;0.05124244992935705
585;0.19701547629658134
586;0.1796506922898734
587;0.1821338460620877
588;0.18045974750204635
589;0.05676206834822526
590;0.19395812514053953
591;0.15326698667674263
592;0.14265064559648924
593;0.1483209000621593
594;0.022616068448652563
595;0.1972359905066059
596;0.04356841712128445
597;0.1281456544444655
598;0.014736598269187452
599;0.06901999656304102
600;0.0524304509792044
601;0.08291614657898838
602;0.13761732742105168
603;0.1990342078032169
604;0.06591412823874088
605;0.13219000530899735
606;0.11523349781484259
607;0.08260019406529069
608;0.1642853669594265
609;0.1195670655042565
610;0.16809214052645138
611;0.13250180280186838
612;0.03127612909444057
613;0.15771002663745204
614;0.18794357842584028
615;0.1647396979647422
616;0.09100825040358002
617;0.09510886726577683
618;0.03529404842914052
619;0.07222959613882599
620;0.17925686571655064
621;0.11179032392741087
622;0.018372479929825183
623;0.15284510480006092
624;0.1578508948133569
625;0.07943869174873969
626;0.16583088057520995
627;0.07747758943772239
628;0.13433275370891692
629;0.19445956424417374
630;0.18030254385112005
631;0.08908010080189029
632;0.19168851530354966
633;0.13548103389031627
634;0.015562772507388179
635;0.15672205700899
636;0.023834455542455668
637;0.04842462743280147
638;0.1793468124139057
639;0.19771978533286483
640;0.06922926217989314
641;0.17276143318251863
642;0.18303861070928254
643;0.0269628274336305
644;0.14399250319238133
645;0.09569089754159932
646;0.17005993676458522
647;0.1589525814007
648;0.14599698067568342
649;0.0829500913175839
650;0.03745026482151408
651;0.18405909696078612
652;0.0976307000181746
653;0.00797554470234072
654;0.017317543529663037
655;0.051126027182959694
656;0.12433783163741792
657;0.18016205339551608
658;0.08260395266907539
659;0.15786863936373363
660;0.059839907658312354
661;0.18317880179186297
662;0.19437907073071906
663;0.029543802177430956
664;0.09955007049654073
665;0.029848648050066796
666;0.030533514752221436
667;0.17776769402496997
668;0.191167181407037
669;0.1493985632542944
670;0.12158390613838106
671;0.14497567115218485
672;0.13008716845219354
673;0.12668696705468016
674;0.16975568967224636
675;0.17755404911220224
676;0.011771399574238828
677;0.0019312900799748568
678;0.03179315591933083
679;0.051304647510208023
680;0.021281986468424965
681;0.18766023696216816
682;0.18577304861322452
683;0.07889682802146639
684;0.16003307523501314
685;0.03565364319406068
686;0.09069524979857475
687;0.1523618135885253
688;0.014381684104490013
689;0.03815309305810502
690;0.19046863501913036
691;0.06377488526965296
692;0.19560559560445845
693;0.04845227429281887
694;0.15172119476839807
695;0.17797211163734034
696;0.024556858573787445
697;0.1511700304690349
698;0.060940587572619026
699;0.06322383829989764
700;0.015892141602987266
701;0.031615663607029276
702;0.11972061286102496
703;0.05067879994061142
704;0.03227671531487291
705;0.1354148249418274
706;0.00996500924114514
707;0.18990420435285976
708;0.18922156442402438
709;0.01869777648383211
710;0.18012879184641353
711;0.028557190408860178
712;0.02532774523704273
713;0.1582764378693352
714;0.06500236469768149
715;0.11016063420381086
716;0.1425587016424544
717;0.16650192578472195
718;0.14344246937977193
719;0.037744725705894336
720;0.01782767593951935
721;0.07396934595546982
722;0.1992552526337904
723;0.10079749961570564
724;0.10455668066092208
725;0.03192773542257548
726;0.09499983656701767
727;0.11171648700422146
728;0.012603915986072224
729;0.019273104810114974
730;0.026222105854699175
731;0.0655377373668223
732;0.018214654641489636
733;0.1608084869981134
734;0.19477833847033366
735;0.01617436570772963
736;0.15764995578206759
737;0.07006212355489282
738;0.020161340326996038
739;0.009670448258043952
740;0.05675080483388535
741;0.0622572084476625
742;0.03208627041130512
743;0.050034083720467006
744;0.06831778375048843
745;0.1933416376784577
746;0.1864686063231209
747;0.04586736725473328
748;0.15118542071407182
749;0.02364370781649232
750;0.10147767061531132
751;0.08317578900167158
752;0.07160724952861362
753;0.004949984220273884
754;0.02345188170117516
755;0.10958703945392761
756;0.09104716493531158
757;0.19139845443921202
758;0.08648779378333891
759;0.154776544969126
760;0.08676538697164829
761;0.07927377092159008
762;0.05439587666339499
763;0.005862340196698757
764;0.1921849882002294
765;0.15665130739624916
766;0.10149996000111963
767;0.0024384392598574504
768;0.12689129550140005
769;0.1637392622179013
770;0.00010546481101576522
771;0.01627959696043919
772;0.06078539245153463
773;0.14465204304458357
774;0.02879214152925327
775;0.14097422608943133
776;0.1664824268320263
777;0.07920385755320553
778;0.19577756635078003
779;0.08521362794767924
780;0.12481830622642372
781;0.14667484064397743
782;0.0095571069347151
783;0.03394183083941602
784;0.1532570152399063
785;0.1949142143712945
786;0.06814608950125303
787;0.17329808220849585
788;0.1326638797142977
789;0.11373922993231733
790;0.1310577037889363
791;0.017381911215086587
792;0.02515253214122919
793;0.1951400239027978
794;0.03777283041206177
795;0.1738277770263367
796;0.08657342482867461
797;0.025593133652813106
798;0.009908048554619176
799;0.15841940685894013
800;0.09206535762072275
801;0.08440797763731958
802;0.11969429289878515
803;0.005727330793028274
804;0.04064517520987257
805;0.03915515139483248
806;0.028783087414323363
807;0.13314676195809713
808;0.1634274024798885
809;0.13505474693303757
810;0.06847465985609995
811;0.1593630142693582
812;0.11155556036369846
813;0.0966610936117845
814;0.19522137282411184
815;0.10743875769025522
816;0.11378323450503287
817;0.006084658909998275
818;0.19647819364029398
819;0.11526870400484242
820;0.16280308003160407
821;0.00044151067133459956
822;0.12606710132827828
823;0.055862253257091
824;0.0781982772206053
825;0.044301133059509556
826;0.09479337084642725
827;0.021478176282966624
828;0.1743636040893652
829;0.1688828628379458
830;0.16851812426849966
831;0.110817168672312
832;0.07246043676799079
833;0.1491771201345937
834;0.04832992377335064
835;0.00038698337692557596
836;0.18278097738571086
837;0.022257804644433634
838;0.09043146986155944
839;0.11295904290434827
840;0.03772709345169918
841;0.16697350575548156
842;0.16020332345872954
843;0.05268861737521102
844;0.07128915509250454
845;0.055202886965227904
846;0.09781519022682442
847;0.12299464017584627
848;0.08047918023152384
849;0.045214339474361154
850;0.1820794425825591
851;0.008427362888443857
852;0.13931972188141228
853;0.12079884185447004
854;0.1277313569281761
855;0.03491383097190564
856;0.04065052747779568
857;0.009797909033734365
858;0.1183136273897145
859;0.160210526837531
860;0.17616802172220647
861;0.05903743650441389
862;0.049066338941183396
863;0.19216397859990542
864;0.08102711258500828
865;0.005064781686463649
866;0.1683719875323557
867;0.19170908115928653
868;0.12854541112429552
869;0.08116235761307906
870;0.05021647145817083
871;0.046041184787446926
872;0.0029931211487688627
873;0.056847157570867515
874;0.16285675543948197
875;0.058706341362776304
876;0.04146127804542221
877;0.02126992283685114
878;0.1404969194555752
879;0.06402437160730767
880;0.021568169100178915
881;0.18899156159308783
882;0.14838290745837865
883;0.1306803380907937
884;0.0905878064901561
885;0.16315838400117616
886;0.18641424453250527
887;0.12641744070107927
888;0.1574966450932135
889;0.007215328272608401
890;0.13771311811439443
891;0.02371190003225625
892;0.07230057836623704
893;0.123196179209563
894;0.14882873014607506
895;0.09642919919681886
896;0.1747433025077346
897;0.08861322971865587
898;0.16226832452983644
899;0.054327307752758625
900;0.07391447722111957
901;0.1718713680473383
902;0.01111756817272116
903;0.11192903407218072
904;0.08729299450540383
905;0.19098241909897806
906;0.07661785235968632
907;0.017505242036635792
908;0.1273265594527416
909;0.007258078209799824
910;0.01914109751718305
911;0.09212867388125762
912;0.10775928073556314
913;0.12964371630532764
914;0.18907500046440961
915;0.19312514707168987
916;0.17463084980622226
917;0.10390102003096886
918;0.1482347437709515
919;0.12641161559009276
920;0.10586317759651694
921;0.04501627048853962
922;0.19272308261528626
923;0.11282415058465217
924;0.17851002681202988
925;0.031532200324500215
926;0.1680044031577027
927;0.024516853534350957
928;0.08362645569768863
929;0.022368116215038692
930;0.12274651470946195
931;0.10678195155818376
932;0.13341905958188668
933;0.18399494421322826
934;0.1225318380604779
935;0.10697887647522993
936;0.19810935528256868
937;0.042660298984678026
938;0.05778180983464201
939;0.1401013499146046
940;0.19914668845322703
941;0.1606615208612403
942;0.06079053557270234
943;0.16269420680957036
944;0.04165419130029307
945;0.12738976865317925
946;0.10998655740987372
947;0.12265051959231349
948;0.07677084996770943
949;0.08083229667049048
950;0.12646821233911296
951;0.0986871338614359
952;0.02972442893698637
953;0.12361531441520666
954;0.029346266550212375
955;0.028508273901111148
956;0.11452924881021008
957;0.09078978959182955
958;0.15399612337021593
959;0.1540993742012706
960;0.13595495412244382
961;0.05304336521552231
962;0.08702336215316936
963;0.13751089055696705
964;0.09806109801258134
965;0.004022462060663013
966;0.15609868949577682
967;0.12916415043617435
968;0.06623935314235445
969;0.021657424075650567
970;0.15089738447267798
971;0.1367769411481507
972;0.13030467632449114
973;0.1850765310553406
974;0.08281513490067574
975;0.1306792084780291
976;0.19273579229158125
977;0.05403460060449377
978;0.18604927643130728
979;0.141336640174038
980;0.018236145410914627
981;0.15392572704183605
982;0.18463412091774256
983;0.15906481839860623
984;0.19768021369179217
985;0.1354910581231842
986;0.18167557193615394
987;0.08720880574055406
988;0.1997358168112517
989;0.07900594231169447
990;0.11128100350281739
991;0.17480573929272125
992;0.14261638770234386
993;0.16180127673304068
994;0.18042770569046468
995;0.004996040811039171
996;0.15051698505513933
997;0.14057152448374763
998;0.06012889753963016
999;0.18575600978938148
1000;0.12648271512271356
