1;0.06930515729457157
2;0.0872712407045482
3;0.1388502267755797
4;0.062073964609550704
5;0.020946661312283024
6;0.160546554546036
7;0.08152084339037742
8;0.08698600881499029
9;0.1924798103381133
10;0.02386273112344808
11;0.10307356921810795
12;0.17123014350649005
13;0.028990470667889602
14;0.051124633375196266
15;0.0013803172792245634
16;0.07966305630316549
17;0.07740064095646458
18;0.1613077001953654
19;0.12277123616377766
20;0.19109893192141963
21;0.1270223332405003
22;0.034020987519572214
23;0.10797003885336538
24;0.13988972404909136
25;0.0681214624563227
26;0.02253589130846654
27;0.017185166180997368
28;0.024320260825684992
29;0.056681921589461795
30;0.1942560833388809
31;0.14464799268563067
32;0.16587920502976314
33;0.012358880228107761
34;0.016258259887054007
35;0.18129499217997785
36;0.09173530839318278
37;0.048765614951771834
38;0.012122591292645257
39;0.08770493646300706
40;0.13696172771249157
41;0.1960994193831741
42;0.030112332420401233
43;0.19569722565952533
44;0.1219388491947464
45;0.1517428722918579
46;0.10238300372556515
47;0.1351590957322564
48;0.08960604562076357
49;0.1354003299132829
50;0.049380550617250246
51;0.06853170382964373
52;0.0632190398852399
53;0.0589270344065389
54;0.031110152765846635
55;0.17852638980874122
56;0.16442148902300638
57;0.1713694194615283
58;0.12248061936606656
59;0.1957392768529861
60;0.0753886795449811
61;0.07372816426014943
62;0.08566880482757998
63;0.04023157511885318
64;0.06849091287663556
65;0.10028167750713574
66;0.10029549075032243
67;0.0834474522160523
68;0.0872454816299668
69;0.00411656358024628
70;0.1617864616518723
71;0.17631740245629854
72;0.09484066206735614
73;0.17732725957178552
74;0.08932919058668494
75;0.0033594955757601853
76;0.05876810932169163
77;0.1388602566408774
78;0.08098539550085666
79;0.06458906859496642
80;0.08924412964852793
81;0.13129744070948032
82;0.1638849872166184
83;0.17376864872134942
84;0.08581744358108825
85;0.09085482974842099
86;0.18032064193486386
87;0.09500183535759153
88;0.07705922754781361
89;0.12549325971081657
90;0.08486511143557679
91;0.012436162079323099
92;0.033939209484567946
93;0.041285289316581646
94;0.124254338537656
95;0.0055680022487934805
96;0.09669548004117218
97;0.08272290343868743
98;0.004386718546527102
99;0.13714647157552368
100;0.08874559439853069
101;0.18331809093931203
102;0.08530592056697106
103;0.02870918503453357
104;0.11057371752470967
105;0.08224648194829397
106;0.07414072951303219
107;0.12944626113636526
108;0.021271553837848223
109;0.14184280542675823
110;0.13168687465161993
111;0.18579348006667198
112;0.06112343890499688
113;0.18135673384352036
114;0.032361263340588045
115;0.10988072626135009
116;0.10764799856620888
117;0.16466421230135186
118;0.009017685143646648
119;0.17575952977731255
120;0.03870148111409384
121;0.1699163533229978
122;0.1603531562672353
123;0.13389701452963965
124;0.19506327708892007
125;0.010541104190444696
126;0.1952555088079479
127;0.1881730730141627
128;0.19757106522821885
129;0.05881579634428016
130;0.08452212877357013
131;0.13928371211815735
132;0.13211817347525798
133;0.1032875830372664
134;0.0725353213057052
135;0.09807199709675851
136;0.12298519440746997
137;0.09890020213341862
138;0.10680244198510061
139;0.14685064836990164
140;0.12322398481978439
141;0.10630186691832588
142;0.00905605073673088
143;0.0723064160063681
144;0.13381266301641648
145;0.1796132396250189
146;0.02492277186947396
147;0.027588681016673867
148;0.06162858347043825
149;0.10422740178588658
150;0.011016625974184957
151;0.005915727445425456
152;0.18515196230931996
153;0.08266386836024248
154;0.007114828685188224
155;0.0302649685633537
156;0.01657486066698821
157;0.16743438070024097
158;0.17360933150683788
159;0.1891513538852989
160;0.12611214367193382
161;0.14530661071302564
162;0.19838525154334036
163;0.017832826441849938
164;0.13466548285310367
165;0.08157289220598798
166;0.041959442090159255
167;0.08299271416105786
168;0.1480109611178163
169;0.022833292675827635
170;0.08898160602569505
171;0.162777126010394
172;0.1753426305139184
173;0.17070963603650224
174;0.191157929696983
175;0.09414918539786393
176;0.07205516987988261
177;0.08671994481780908
178;0.09590609342785811
179;0.024943980051697446
180;0.10117457053761908
181;0.1410288372276448
182;0.05194093641561333
183;0.06020150756048031
184;0.12593558438455907
185;0.05960239578479683
186;0.10958871625606176
187;0.1201377482837116
188;0.008059025748185377
189;0.09836052083392821
190;0.07552185633032955
191;0.19065142559545434
192;0.10378916334929662
193;0.09059523714634465
194;0.16959789556009597
195;0.09490926176681802
196;0.18803380261917188
197;0.11785966555323218
198;0.0661301148161229
199;0.19284491048484637
200;0.0373844479120941
201;0.040425943031096014
202;5.243370776599754e-05
203;0.06541382230539206
204;0.029791595525945926
205;0.06565545694453012
206;0.1817939299869058
207;0.15558957331378137
208;0.1673648240922996
209;0.08080947055461035
210;0.19775167593277865
211;0.14994372064153436
212;0.04837395948178927
213;0.06185407244537953
214;0.1996264873338558
215;0.10153080148475542
216;0.011481827438321313
217;0.022071203675712317
218;0.13548574088271834
219;0.18742777445092984
220;0.05521398859577267
221;0.12307208475485576
222;0.13543939388598678
223;0.15139352982598753
224;0.12504039571366238
225;0.14049722738746365
226;0.02639030377935885
227;0.08532909265366209
228;0.13695977055742062
229;0.002386864323621141
230;0.19028115373949503
231;0.04288948890257356
232;0.17836180112652622
233;0.13471693530396786
234;0.022340329408829265
235;0.06774713304340481
236;0.11142378538431497
237;0.13966590127899772
238;0.010129724103027683
239;0.0443575869330612
240;0.06523016976291998
241;0.1487288153001103
242;0.14472377829189356
243;0.18873836917374998
244;0.13900367707298297
245;0.023787252571046927
246;0.05087445298212106
247;0.00668489403847119
248;0.16388839419471268
249;0.04749502760420237
250;0.010318932426330842
251;0.19364612192152228
252;0.08366870919603175
253;0.15968801214196737
254;0.12796610031172656
255;0.035134184707860915
256;0.11747640445793349
257;0.10000688162655542
258;0.13993554473498845
259;0.033501154010855405
260;0.1457109589674242
261;0.13222792194695068
262;0.13567343264267154
263;0.12334942833875893
264;0.17322131362534943
265;0.16326515700074082
266;0.041127474613977234
267;0.18528586781313
268;0.130434073584454
269;0.16117614033989702
270;0.057407912578990895
271;0.06435211035564473
272;0.15516041986825235
273;0.023748355894293915
274;0.04649481437576195
275;0.040649169759592346
276;0.15889193599176032
277;0.05602657246165202
278;0.03970540411127835
279;0.012494922701679312
280;0.17180875705842746
281;0.003874905706553822
282;0.16594626576009844
283;0.1624718717960406
284;0.14826357276301155
285;0.1564732726989875
286;0.12621877178486776
287;0.15925581085368526
288;0.08070674221337087
289;0.10564400545940317
290;0.03489201181042121
291;0.05116872682094353
292;0.07222289622895087
293;0.026956304025138735
294;0.10038058517440254
295;0.06441322585924913
296;0.12984161689275686
297;0.11878369886288626
298;0.04895956995893061
299;0.00528754608446318
300;0.07117206261662626
301;0.0689877123980868
302;0.11575385622607495
303;0.11889030019186708
304;0.07776056453023061
305;0.1640478853046122
306;0.1122528267187368
307;0.10013696993770692
308;0.10598528511416923
309;0.19055349136909117
310;0.10911418504462936
311;0.18901137830205375
312;0.10693865869691704
313;0.17182698708291116
314;0.06418174122308044
315;0.032554004144498674
316;0.18759570434198367
317;0.022705551531955526
318;0.07276834025365551
319;0.10725933663104158
320;0.0118371708619609
321;0.1285604926212466
322;0.06260675056840426
323;0.13772092050431603
324;0.11291991785192608
325;0.13099739609410804
326;0.053863808997988996
327;0.020983217080227035
328;0.053301389763664345
329;0.04611076265208336
330;0.05895513044389771
331;0.042954385868282485
332;0.1446054147777794
333;0.11193522584354101
334;0.09836172027738127
335;0.025141313584947422
336;0.04027259998647142
337;0.08666477105509184
338;0.10335477411078867
339;0.004832614470117114
340;0.06331673012464896
341;0.15974353422778495
342;0.12078177491533988
343;0.12102157918383781
344;0.05689971218683905
345;0.16867527540287708
346;0.016698223201675643
347;0.017774384998945902
348;0.09790728298833017
349;0.049301676503159045
350;0.02319623903544046
351;0.08320921368028927
352;0.03605413703327181
353;0.05646442627140065
354;0.15572733368776004
355;0.1741853028513548
356;0.02261991963822072
357;0.06942813235966559
358;0.13072086929259352
359;0.16118985353268514
360;0.1250781782925479
361;0.06826585853864715
362;0.10940890953093073
363;0.023073944263980684
364;0.161711678533042
365;0.17695456853778455
366;0.07248075520966034
367;0.1797139886252546
368;0.07310788340323292
369;0.1865241901639947
370;0.024044158450675625
371;0.04594379387577503
372;0.1253188681063814
373;0.01657381724767566
374;0.06995558794070811
375;0.1288045089925934
376;0.02005614818321786
377;0.18972616067922082
378;0.17375487771084297
379;0.020519992243230447
380;0.12283880079026621
381;0.030308530088742194
382;0.05479901876313569
383;0.039405557301409114
384;0.04063748680237636
385;0.036588474474639955
386;0.0152212182411831
387;0.0710124626447669
388;0.007152487255303952
389;0.13009726629986668
390;0.020219703014780533
391;0.017840415025794833
392;0.10206035540755264
393;0.15479226531690082
394;0.1812847128399309
395;0.11728987498835447
396;0.12053557655016203
397;0.18822616931705324
398;0.07206937599235815
399;0.12316255944599737
400;0.11665453177451145
401;0.19166041536853476
402;0.10750800304011728
403;0.1888445722098446
404;0.17850709611854967
405;0.18742279705849768
406;0.09945219773789511
407;0.03623522126019394
408;0.03560498846871598
409;0.19251642744810926
410;0.17788196124222141
411;0.004027996559347491
412;0.13410673908407064
413;0.1476539949582755
414;0.1553444626489663
415;0.0153430359914555
416;0.19820619198013367
417;0.01483172762387952
418;0.0015496668699024108
419;0.021389605629079458
420;0.18134758307301493
421;0.1948035420534202
422;0.06662862368422665
423;0.06167940192169113
424;0.13521824178349157
425;0.1484639916407279
426;0.1520932490881352
427;0.17154464027492117
428;0.08382418032660133
429;0.022160689927837908
430;0.026207772170548416
431;0.1436250987506131
432;0.12004944849924624
433;0.18676879119214754
434;0.13640406999462384
435;0.1417330098184632
436;0.10573465446562602
437;0.018692691552282394
438;0.10238001433440143
439;0.05284743976082467
440;0.1778494124276331
441;0.1646248879259552
442;0.07830003447265244
443;0.18338877028891332
444;0.09198234601349847
445;0.16205087126614726
446;0.17664569984660297
447;0.029862202430445572
448;0.1103938711540221
449;0.03318060975338926
450;0.14713892353140823
451;0.0835922337300795
452;0.18508795194591326
453;0.16298475411906505
454;0.06946686072968976
455;0.18204559832116596
456;0.13549353364672218
457;0.18426710803799606
458;0.034764630094139395
459;0.15777581443108424
460;0.1810861131771055
461;0.0024930087876259503
462;0.18962853140790287
463;0.15578439105848096
464;0.09302881932237364
465;0.1853260671383112
466;0.12523730533917068
467;0.182711783888628
468;0.1180925291162258
469;0.16617506732001394
470;0.1903066505421947
471;0.03710853989282046
472;0.17500043954359856
473;0.13667486471862852
474;0.10217611582361044
475;0.13475250863540836
476;0.04428220028118619
477;0.14369792262821032
478;0.041457139054350604
479;0.027100993065059822
480;0.13399842443378726
481;0.19937027073844152
482;0.09734181287242266
483;0.17165082452737032
484;0.11381129324365871
485;0.032448848834635724
486;0.1469335131756758
487;0.14102949336032694
488;0.06537730140815093
489;0.11206042857680568
490;0.0376392294497234
491;0.1404129747015825
492;0.007327408404953695
493;0.07983828305924984
494;0.035599153933972595
495;0.07510645393710885
496;0.12849487951115907
497;0.03755194439049436
498;0.18006185353708815
499;0.015542332062937715
500;0.14379718921853768
501;0.07678230634880541
502;0.06010327609287028
503;0.08196635792083024
504;0.06030722972854455
505;0.014421554890253763
506;0.13106269755992395
507;0.1818708668131617
508;0.15220992759238272
509;0.10372198496169312
510;0.09397066079412764
511;0.03182927749501596
512;0.1418742220258738
513;0.1845454706564875
514;0.0040790446947254425
515;0.18714884434251144
516;0.1318630747743087
517;0.1860370429723834
518;0.1416501453975734
519;0.048862828376202976
520;0.027809625580003706
521;0.15083366219614333
522;0.032894151383546476
523;0.17407847748229288
524;0.03694964088734265
525;0.08963113160519037
526;0.027202458215529135
527;0.031229669665783444
528;0.08819355835277919
529;0.15355164515694536
530;0.12592727095308803
531;0.159836409163144
532;0.0018361259781941365
533;0.1511185711638895
534;0.07499840932514293
535;0.07009710235959803
536;0.1574904097917714
537;0.08440308045144435
538;0.08395333445323364
539;0.08532185763360314
540;0.13458272607287322
541;0.1825292440633555
542;0.16779476888064943
543;0.11935381160209545
544;0.013040799036775685
545;0.11258445681917853
546;0.1909573223904492
547;0.04995057756229673
548;0.07817831044517783
549;0.10883009582536839
550;0.18906398841708488
551;0.06838321681680293
552;0.06456364503800383
553;0.02764047541510957
554;0.006750989295692756
555;0.03506915806554683
556;0.021633012086627337
557;0.08506916897775806
558;0.19063418952216166
559;0.049997360455538264
560;0.13789248085596703
561;0.045803354568307066
562;0.14935366075523798
563;0.03911277959441872
564;0.07087590864828175
565;0.005071172171450345
566;0.15325026028780744
567;0.1325323424099307
568;0.08312311300880702
569;0.07896327052506696
570;0.0640651032515633
571;0.07440784580479898
572;0.13193490220003107
573;0.10072188528737594
574;0.1053513851533317
575;0.1746360496666367
576;0.19685514460725173
577;0.16806970472877433
578;0.15708615219328662
579;0.1988342426221993
580;0.055811203660764024
581;0.058818194498098934
582;0.1704163725160339
583;0.18261579706334433
584;0.025066808074756808
585;0.001452010934507797
586;0.06686456278495338
587;0.16511023247295753
588;0.16274061066969317
589;0.07880636196198282
590;0.112922706908754
591;0.15910704221353453
592;0.06608553274711426
593;0.11447216063143079
594;0.017822323137772014
595;0.19179731668312755
596;0.03391944283840449
597;0.1924027704639376
598;0.07247876508774738
599;0.07896941974733165
600;0.19698840348830604
601;0.0910514071651229
602;0.03426424352985398
603;0.08275828659263076
604;0.18694881476380734
605;0.17490194790163582
606;0.1516426765205693
607;0.0480529653888189
608;0.11275881531227382
609;0.18509321735982145
610;0.03782907592175751
611;0.15545269330111713
612;0.0675056842563635
613;0.06614138676121908
614;0.13011737630280557
615;0.0009176589931259249
616;0.04342016113809739
617;0.07927101694879574
618;0.03611646443165826
619;0.0876051780092765
620;0.1563279714332894
621;0.03948549368116812
622;0.1334354671476544
623;0.11968196103840936
624;0.05266855825125841
625;0.0177571310169063
626;0.15749177507152498
627;0.16027004842403583
628;0.1266134881104804
629;0.15453802976583003
630;0.009750678207826203
631;0.13948313460979228
632;0.12677326431623787
633;0.04795981488869419
634;0.12978416440102705
635;0.12864186951286385
636;0.14100111356045136
637;0.044954104363652325
638;0.16799791483038393
639;0.013799442148638132
640;0.1491391706973242
641;0.09197837208207021
642;0.010445370981307645
643;0.19433666687219567
644;0.018014916928277638
645;0.1563265086308312
646;0.16844319995387572
647;0.128487836285831
648;0.16439807064185266
649;0.13288438651974632
650;0.14540709402510715
651;0.19468082742313975
652;0.14341237318763597
653;0.1405268976623875
654;0.025479144574060465
655;0.004170300808212723
656;0.09357216894290457
657;0.17619267086553042
658;0.1798192195611727
659;0.19412229749499318
660;0.1990633873516757
661;0.1849494603597981
662;0.01193541684891817
663;0.08573739216367043
664;0.09323449596071297
665;0.024266924062419815
666;0.14160069693020613
667;0.02669878344794543
668;0.17896439751623572
669;0.03627512602986434
670;0.014135137137677934
671;0.08632206147258614
672;0.14907437303021656
673;0.05414043882448425
674;0.1461069764302642
675;0.12860546054867822
676;0.07381170861856545
677;0.17101650972943247
678;0.10696413184761032
679;0.13331663922681591
680;0.08438777345411919
681;0.07248350170895759
682;0.15644317636374527
683;0.18160718148481425
684;0.07807569213269012
685;0.15595374824330865
686;0.06853287546958135
687;0.12352686387605077
688;0.1504809568763824
689;0.11822772795411247
690;0.10733240030504619
691;0.10137529499015824
692;0.0963658848234539
693;0.06810048638344966
694;0.10645780785402761
695;0.03744253448935888
696;0.12245417011354616
697;0.18407023455347266
698;0.05846505667328048
699;0.018997360160391198
700;0.015012396338662626
701;0.12295321478555928
702;0.017970896667633473
703;0.09656469654426854
704;0.03300913393778306
705;0.052295280995237836
706;0.026714596337887753
707;0.0780597646331494
708;0.17324501484701418
709;0.0275337089134476
710;0.06655568288692602
711;0.16803624609736445
712;0.04793139940648712
713;0.05820974795715117
714;0.0041089923428856865
715;0.13632886817675446
716;0.11903657837659959
717;0.09152718896230938
718;0.11898842377027813
719;0.10827174315764865
720;0.033740565238792944
721;0.12311437996245589
722;0.04542061653266674
723;0.16381432241880914
724;0.14497323956744387
725;0.0967560946075829
726;0.19188551327032632
727;0.08555666650801602
728;0.06006454021976862
729;0.18701337601150356
730;0.15234643448639043
731;0.09072490701746633
732;0.015257818467096174
733;0.10378055022889872
734;0.12079322012778332
735;0.15613815553814775
736;0.07101318801720889
737;0.10616980656044098
738;0.016619774419273935
739;0.17220339745902957
740;0.17659927620772287
741;0.16599235385936206
742;0.0782428807327713
743;0.17765748704049425
744;0.1964160048580157
745;0.19056412766911218
746;0.06817491536344902
747;0.16251618192716055
748;0.12625944034263503
749;0.04691169784583085
750;0.18084303824760106
751;0.05187134853041264
752;0.05476113312900506
753;0.1660302517763737
754;0.18039076227818457
755;0.07074748798860042
756;0.06010963670410015
757;0.0484992109569657
758;0.08003560785223843
759;0.01333789725358019
760;0.0015251538184454017
761;0.19181009030671903
762;0.16181659844016244
763;0.09441846778632722
764;0.08605510748942334
765;0.07519769516602322
766;0.14441279652680322
767;0.09163232010920763
768;0.00014620450930311613
769;0.004887908396975349
770;0.040245440392303405
771;0.11937943674796803
772;0.010586714116024278
773;0.07892527316085847
774;0.12547899998661025
775;0.17553457118130406
776;0.01621660423180209
777;0.12018939479857871
778;0.1431524786490227
779;0.02856330890631178
780;0.1390637375970761
781;0.026356207010257607
782;0.15518119316335788
783;0.18363753374231268
784;0.19687284608061212
785;0.030038497534009667
786;0.02380335951130688
787;0.03623250091401744
788;0.05560058480561512
789;0.19578012155364496
790;0.05659615996741146
791;0.09951958003833294
792;0.12672065251902878
793;0.051262384965515745
794;0.006374103178201396
795;0.02359170666514243
796;0.008030453018469918
797;0.13666765046447843
798;0.04561105169248789
799;0.14130000399233808
800;0.0800764290915095
801;0.02271824547165413
802;0.02139723579956894
803;0.12531231060537917
804;0.10419103807522474
805;0.09842148441397183
806;0.09325139600620601
807;0.05837037058724029
808;0.12043330952401593
809;0.14786301055639017
810;0.16199538016347081
811;0.017181402326662078
812;0.08877923825470893
813;0.02263681450123114
814;0.0058802664302673785
815;0.19116184025684055
816;0.12158032623594334
817;0.019130994151597983
818;0.18949841814645793
819;0.053714752905241504
820;0.0514856361612202
821;0.1597061322500667
822;0.05678352685244095
823;0.1832751628907054
824;0.08536107033118556
825;0.1988721556420676
826;0.06144814907586678
827;0.1565021948793656
828;0.18977942789708993
829;0.045157594964729354
830;0.049151766181311896
831;0.18655620502690032
832;0.15387843019200176
833;0.09400906066413972
834;0.06399949567764898
835;0.187163081925036
836;0.07860076336839061
837;0.15262176929735027
838;0.021417071640941112
839;0.18698267705676308
840;0.17332173546636004
841;0.12712398705799796
842;0.16325474632324016
843;0.1884648556130615
844;0.06354328515057775
845;0.19253744572421017
846;0.08427079825493788
847;0.13941883411341513
848;0.1907048432673465
849;0.149868321864405
850;0.008729535044335336
851;0.11806326906012432
852;0.009890602482893552
853;0.014241086553162497
854;0.13860108074520708
855;0.10995588797419426
856;0.13214278563527568
857;0.04987036178592546
858;0.019588882200120894
859;0.022558390530100184
860;0.1297041614468972
861;0.19837260510261331
862;0.1321344337946167
863;0.13083651542558075
864;0.1832927857358786
865;0.003597960330537298
866;0.0608647683150096
867;0.09704948562768843
868;0.024331127995786718
869;0.08708528128073692
870;0.1299561901945529
871;0.1938183445567804
872;0.03973663553562608
873;0.05862046409956354
874;0.16321569143392334
875;0.11030072673128
876;0.10404955102715702
877;0.15053975107732873
878;0.10299521731444683
879;0.07831749265406113
880;0.19524312097424662
881;0.09506863821374585
882;0.009359609163513817
883;0.02645112334321591
884;0.08094835241840695
885;0.08989578157200745
886;0.1424841668235452
887;0.030934134413988602
888;0.19035418803386697
889;0.14654993508305703
890;0.010190339010514493
891;0.044504989414146094
892;0.11393491283672647
893;0.12564676490831034
894;0.17649962905725392
895;0.09923782461291986
896;0.03479022656222091
897;0.15247487420372544
898;0.17635523878974646
899;0.100596233802621
900;0.13919057642771113
901;0.12776784322646156
902;0.12405971659272763
903;0.05769462090173971
904;0.16039307970182962
905;0.07211737210621934
906;0.012595911610776934
907;0.017195804370856948
908;0.16078052603119353
909;0.042334408066002686
910;0.0294228924151694
911;0.0034809481460293945
912;0.014321986691287304
913;0.15208180854719824
914;0.1349540255686274
915;0.00024806713905065617
916;0.18648178000855323
917;0.1888331604803445
918;0.015080776142241792
919;0.05240791599655264
920;0.05228703037141942
921;0.037491496818288055
922;0.005856669098844525
923;0.004527606138558404
924;0.1400459820450973
925;0.13783916815506855
926;0.15430328622262734
927;0.011895750611852086
928;0.009998768404202663
929;0.0015125630175054638
930;0.09291878660321498
931;0.10309024332861727
932;0.18299292643944898
933;0.09513760934748772
934;0.07143032171313572
935;0.0002813285479741135
936;0.17712032666218835
937;0.1759727848570036
938;0.08869548802248389
939;0.1020218380738399
940;0.031238949769222858
941;0.07592329346999004
942;0.024440711720704722
943;0.184330194981256
944;0.1167698434921633
945;0.06201669685025127
946;0.1866330952520232
947;0.15022993361154513
948;0.10280861227578356
949;0.1199471135660744
950;0.16516361377811192
951;0.05558098332616495
952;0.10213278274966325
953;0.03509589516677987
954;0.08949701947886424
955;0.011718643035891253
956;0.07770324184653604
957;0.14580305723530707
958;0.168960947737411
959;0.12593370395626932
960;0.12667638166299222
961;0.09084457873107202
962;0.1286940505078947
963;0.029459056196856338
964;0.16857169352188603
965;0.09930602883159388
966;0.11725252258712551
967;0.10206356175678095
968;0.1399067761223215
969;0.15907967050643318
970;0.1570877241576387
971;0.1288195197737327
972;0.09375889388627984
973;0.045772366199460394
974;0.16095641769957755
975;0.0326685163258194
976;0.19001278709444508
977;0.15684305622240483
978;0.03466405314260714
979;0.11288486776479086
980;0.1992923699772521
981;0.12761917345448057
982;0.19502968887197217
983;0.13138391857850806
984;0.18745459645926787
985;0.1299556857374067
986;0.04207277159119658
987;0.10737263594042681
988;0.003371366562438394
989;0.017052915415397264
990;0.09354391550624214
991;0.18953341236334548
992;0.10908274728713203
993;0.16179659125407653
994;0.16812983754040725
995;0.11782403716923487
996;0.16856280486680364
997;0.08385970582635448
998;0.12855034304652854
999;0.16724738752799076
1000;0.167857721027725
