1;0.01205818889626913
2;0.0648857143824678
3;0.014339681117051573
4;0.05493760381152374
5;0.03956119436291736
6;0.04278633362566973
7;0.07986927430836394
8;0.0938173489024142
9;0.05107238940731737
10;0.08768679102766053
11;0.03854655512397803
12;0.014508273880379475
13;0.05137127660675511
14;0.06593935878316391
15;0.08181358460453186
16;0.06311913178296663
17;0.08274246682005817
18;0.07207283221711928
19;0.09710527678778584
20;0.06572819652103566
21;0.009450343114805582
22;0.09376734143305146
23;0.0030916925959752154
24;0.06820320101339657
25;0.042081098090252116
26;0.06934085870151453
27;0.017996053653324275
28;0.07844728166869538
29;0.016814644305714246
30;0.05243142939409637
31;0.09853691880707767
32;0.018693091959874165
33;0.03369878687430058
34;0.09054581425425196
35;0.0796887328652705
36;0.09495209247141546
37;0.07581225177889446
38;0.07975486349308819
39;0.03831101627309014
40;0.02598178430887619
41;0.04364471423364835
42;0.04481203375737123
43;0.01491006744427339
44;0.08971657012917295
45;0.03579151373876416
46;0.05696406295962306
47;0.04171837786750592
48;0.00021890947687975838
49;0.09165965500372619
50;0.028897973180591965
51;0.026457051404385847
52;0.05647860266403303
53;0.042761322570139794
54;0.09162974276684605
55;0.0034165626826719087
56;0.023605953339393693
57;0.06508188862933555
58;0.09629249211499029
59;0.08499420435772838
60;0.008177853230013422
61;0.04761279087361586
62;0.04755613730524512
63;0.09126186063605107
64;0.03581933163864324
65;0.034802734084094976
66;0.08408023475672574
67;0.00045435430717948315
68;0.04297759413245566
69;0.02297130217028716
70;0.023101243809143402
71;0.08324317897195793
72;0.06448350362826438
73;0.09105956353161858
74;0.008653263940005406
75;0.039987402306912834
76;0.0014164773019434641
77;0.09892286109898688
78;0.0921569281812944
79;0.057741469388523314
80;0.009986276608411483
81;0.01722254252556048
82;0.07384983255525675
83;0.02166272125130735
84;0.0003786772755518975
85;0.0021329016327069185
86;0.02649642089511354
87;0.04886712131041792
88;0.056156332654057096
89;0.04490448860544902
90;0.09842675941767054
91;0.08089837828146204
92;0.015902131939760256
93;0.003996978674038499
94;0.01034672008015678
95;0.023290636150204425
96;0.011424573638270952
97;0.08704616654652254
98;0.04645169339920683
99;0.012197450448253478
100;0.013192168682774275
101;0.07954392032267915
102;0.06828318021409495
103;0.09588585931608404
104;0.09840542388341394
105;0.07714555770593318
106;0.0583845168232265
107;0.04809177969487637
108;0.08599339857234248
109;0.015564921374059704
110;0.04141083215334575
111;0.09799065169789667
112;0.051577924298829715
113;0.009591797224452293
114;0.02781802106930359
115;0.03512423932741872
116;0.0841360810792211
117;0.048759187211227455
118;0.018801282614070092
119;0.07324313765975325
120;0.04853877275401715
121;0.0012712466444850024
122;0.0993780104609921
123;0.0972776504308836
124;0.013008522543529234
125;0.04577093291910272
126;0.027148170370369065
127;0.09652991163498649
128;0.08010236279650297
129;0.05819708917310573
130;0.04791511194744866
131;0.06412396372888601
132;0.08406253879319696
133;0.0329393809453626
134;0.048954150655584165
135;0.08720730035461403
136;0.07975547433420782
137;0.057165142788800284
138;0.058618417250439994
139;0.09349996455098247
140;0.09171181930143922
141;0.048390014275667685
142;0.04041181999956183
143;0.04199983831548774
144;0.017587292628990916
145;0.0036988707965938897
146;0.045728716928778085
147;0.03505829155153788
148;0.050089573049456895
149;0.012965984417368993
150;0.0028188629706337623
151;0.07888005868880282
152;0.08871735018915022
153;0.051943751184575504
154;0.07710189280315906
155;0.02487204345758286
156;0.0682350944436902
157;0.05374402844705526
158;0.0500667988903668
159;0.09825319200729886
160;0.08632810462011938
161;0.02154020219645758
162;0.07851337960384946
163;0.01886435634007161
164;0.07025339067089133
165;0.06975308074239038
166;0.00866704681217616
167;0.036056017621277296
168;0.008373516642105616
169;0.05166429600808542
170;0.084406635245761
171;0.06923641347125686
172;0.004234486179057739
173;0.05881784943605189
174;0.018929533389488495
175;0.098239692877028
176;0.07261368923061869
177;0.09111796328295872
178;0.010117698266878129
179;0.04335911164789585
180;0.06482959389369501
181;0.0055810582704930115
182;0.03158676619832686
183;0.0015465016393944155
184;0.008943195087260282
185;0.07409936556727054
186;0.011289194218198262
187;0.0407742919215372
188;0.006483690028213241
189;0.031191905986662872
190;0.08189145941643418
191;0.09017792528901174
192;0.05551501121638305
193;0.09937448331413612
194;0.0626408807940852
195;0.0017207376721902535
196;0.07366407868171031
197;0.023930017895668333
198;0.09936522866993819
199;0.061218519243966235
200;0.09282078619446638
201;0.04895527550808945
202;0.07664269036973084
203;0.0369624074370042
204;0.0895885372099971
205;0.06543698428958332
206;0.061010699625099224
207;0.08111409729447962
208;0.014805119263886925
209;0.07634733841058722
210;0.05059431988593658
211;0.0610238476511476
212;0.05942655535013124
213;0.052460837980689956
214;0.06842579807606193
215;0.0027545202149283354
216;0.018145319521564864
217;0.05171429649945737
218;0.05280994142940666
219;0.06714281486763599
220;0.01623889505908076
221;0.0651378893139568
222;0.010815307376920902
223;0.06453111422180922
224;0.043911115746952625
225;0.09272848488459852
226;0.04741505409065336
227;0.03186530600790029
228;0.09295037984749793
229;0.06811866815702429
230;0.016312728268267174
231;0.03369671443400744
232;0.07781953086438449
233;0.07340395925904299
234;0.09491654219975232
235;0.036477042551273445
236;0.09343874938054098
237;0.004824378344653213
238;0.03199517063356853
239;0.0052548547501603095
240;0.0919532960736775
241;0.004224716462615396
242;0.08529882810097966
243;0.05212579558417188
244;0.027017298645710786
245;0.007050795557057333
246;0.07538164094670935
247;0.07006861622873581
248;0.04962576678540044
249;0.009127565874918253
250;0.09150320162531453
251;0.06977643400806312
252;0.03150141260923944
253;0.04834047979378331
254;0.036437150169473166
255;0.04959159216103046
256;0.0739726137291714
257;0.04741777768965921
258;0.03046334483782467
259;0.05297482109863593
260;0.0675510216668073
261;0.09635415201563971
262;0.00339237817415049
263;0.0934559223649518
264;0.03385119712717285
265;0.058167724045313875
266;0.019564328470233174
267;0.08873487344881356
268;0.0045103040978864755
269;0.02525013983343473
270;0.04905734532794997
271;0.058749428709901866
272;0.05916776241132415
273;0.08218631275832221
274;0.0954211350280127
275;0.006125263139429571
276;0.041832075626270705
277;0.0558705470625016
278;0.01255273917883486
279;0.01424840541546143
280;0.05886455779745456
281;0.03653452205337498
282;0.028114872105339896
283;0.09650227176620862
284;0.06546350872125806
285;0.010999897047487439
286;0.08528439102542978
287;0.0074451518480709526
288;0.03645607972693806
289;0.021386822562718667
290;0.019792891536350467
291;0.05928304168552202
292;0.0638584836403827
293;0.04897508750814812
294;0.0043744893708584035
295;0.08073576833558452
296;0.014073978272192434
297;0.028776880401546356
298;0.07455517667804705
299;0.0516008210094781
300;0.01769141352939525
301;0.08053129331200787
302;0.07194916284497929
303;0.09843838241518206
304;0.09708834435034144
305;0.03099437631232097
306;0.0032013953543583054
307;0.09082076635163157
308;0.0009109290679983562
309;0.008606339902427863
310;0.004376277850113764
311;0.02127989367261253
312;0.05854416795469543
313;0.05245358380643067
314;0.08313248709658577
315;0.011019989835109368
316;0.08637123454767424
317;0.020454702223545153
318;0.0426262584392228
319;0.019542437445881123
320;0.044737534681053896
321;0.027561321368769542
322;0.011247323767942775
323;0.0022534480232486278
324;0.02132132685184304
325;0.06171160360070088
326;0.06352185880607189
327;0.02702891861350487
328;0.020536949966595244
329;0.011100923901342475
330;0.07393642596170803
331;0.09883806391260236
332;0.056068838060012643
333;0.010098327404664166
334;0.023591888882208003
335;0.07893421634287938
336;0.09954360663221948
337;0.07249025603090951
338;0.016830364265525335
339;0.08740364911567376
340;0.02787780522851632
341;0.07209877776936938
342;0.007880497300891487
343;0.09352371203183671
344;0.039398931171722495
345;0.09698167029131827
346;0.0541915144738622
347;0.08364245833509004
348;0.08692792213799919
349;0.048355645228739697
350;0.05063380071203252
351;0.08697248379544324
352;0.038967949080263437
353;0.03718851484055652
354;0.023465053210162658
355;0.049984523946017684
356;0.07812602364924397
357;0.04043330606224711
358;0.01785849264624968
359;0.017770333383843408
360;0.06667887705704177
361;0.03299331194225126
362;0.03973116602864316
363;0.0992256819403196
364;0.02063111760736197
365;0.047868554026050975
366;0.021794218965352875
367;0.005055389685113954
368;0.0035023376106471994
369;0.03461418514411587
370;0.0853945020078656
371;0.00977163377029272
372;0.03279746157679373
373;0.04757906663528821
374;0.051847509473537036
375;0.02908326933991966
376;0.027320385837254713
377;0.06906376744891161
378;0.07375227608149582
379;0.08179720777601936
380;0.01746756864683593
381;0.03546982132297213
382;0.03486069644519592
383;0.08679257444755945
384;0.0853628014984548
385;0.03490348145828783
386;0.021639799460605236
387;0.039740549721267615
388;0.09631759063830819
389;0.09249014212276754
390;0.08658216390759071
391;0.0824174299614063
392;0.06032335931479828
393;0.06273502587088967
394;0.06635347027417025
395;0.03454301016721569
396;0.03911073381080689
397;0.029418115501996335
398;0.08116219713715124
399;0.024582704977916828
400;0.08137577490028423
401;0.09705966804095544
402;0.032785266217934685
403;0.05505783222054213
404;0.0414927786754751
405;0.060298893372631626
406;0.01012870326931773
407;0.005506658781591367
408;0.03212804261877892
409;0.039226471727585754
410;0.004814816182678228
411;0.04214186079821445
412;0.02398615050504296
413;0.04114173446695838
414;0.040020109248236985
415;0.08823859918754723
416;0.0460745256680546
417;0.045180500347054
418;0.09123944737884253
419;0.09919921514520104
420;0.06724479079908328
421;0.08254595697296385
422;0.010094677105502338
423;0.09916430832753373
424;0.07340392941579314
425;0.05262480046392423
426;0.05813341587138321
427;0.0660152308595197
428;0.09063588304019159
429;0.08829614576183262
430;0.018455157114169663
431;0.06471370931932635
432;0.042786560954546
433;0.08909911802058926
434;0.050484332505665364
435;0.09382226673942734
436;0.08997153546322768
437;0.0443206214129073
438;0.040592660732620627
439;0.0806108542023687
440;0.0891413948695968
441;0.07257834239272536
442;0.034595082354112676
443;0.07075372944386324
444;0.0580466147969007
445;0.03272178508679959
446;0.04513137472853083
447;0.008005329180800602
448;0.053931657908694974
449;0.05993536695294313
450;0.01685638037772821
451;0.03439735600992534
452;0.06592592890351678
453;0.09879696984001721
454;0.04354083545486612
455;0.025235584436337378
456;0.042810600604310536
457;0.06987908980188301
458;0.05943777386329977
459;0.05904006935714841
460;0.09449204706039888
461;0.07562282577381607
462;0.057540724316625075
463;0.006201406451941638
464;0.03709572822823159
465;0.0464427754636932
466;0.06938858164755282
467;0.04117373951814307
468;0.07728795333727845
469;0.08954724070576654
470;0.03581695779703562
471;0.07435398532721667
472;0.09242310733450244
473;0.005316819258522821
474;0.07717017531699304
475;0.04870500243754477
476;0.025293415060554016
477;0.03360048052910799
478;0.025678690090490675
479;0.08735838117846069
480;0.006551363442261493
481;0.02052199640573328
482;0.03439831324432965
483;0.04061710813828452
484;0.06721983742806456
485;0.08675678370657353
486;0.007913419057431382
487;0.04493167036514905
488;0.059864427448203986
489;0.09922397442465929
490;0.028033027635004582
491;0.06087000635343907
492;0.07728313397897167
493;0.09815939433903625
494;0.04006678399826157
495;0.05909920900073612
496;0.011619714159726636
497;0.08497387706631862
498;0.07046139524132823
499;0.0602969809531314
500;0.059841167447424105
501;0.013789076442004201
502;0.0012310975064442232
503;0.06313707912593852
504;0.03417157210676859
505;0.09973770899875933
506;0.032251617593258564
507;0.028699369497590967
508;0.060366300722203003
509;0.004520425805793027
510;0.008824913560996317
511;0.02766432399797594
512;0.03463167463800885
513;0.022998050551030748
514;0.03508975037489933
515;0.08875795777192977
516;0.08318366575814194
517;0.059846470843056804
518;0.06767554527481245
519;0.003043982476904539
520;0.08284593779199095
521;0.02800736109344522
522;0.06844653921869259
523;0.09235901697326102
524;0.0491682554116105
525;0.08298192333688136
526;0.09852785029320138
527;0.02767756783141976
528;0.029333613920648673
529;0.038959082963371194
530;0.0776100257042519
531;0.0874860927767198
532;0.09042121292310448
533;0.05931914035375999
534;0.08945088100165022
535;0.0397504756958771
536;0.08356693164123204
537;0.054345809116012424
538;0.06499494832933375
539;0.016272560840940954
540;0.034647670016338186
541;0.09617652811474345
542;0.060978883787016464
543;0.08061478991892615
544;0.08742644721162379
545;0.00501523933328808
546;0.0702649394313054
547;0.08655390208950842
548;0.0712463408708122
549;0.025195955941541417
550;0.08095449072984154
551;0.03859817946822697
552;0.04029904884741832
553;0.0002406572656112882
554;0.04249317510474744
555;0.07871712053157054
556;0.0886841914505139
557;0.013653012195579862
558;0.03430238281292941
559;0.023966061705226662
560;0.08700505622275928
561;0.04143556829269664
562;0.08731136828133478
563;0.0018085156110112745
564;0.008530099400120538
565;0.012403447886394026
566;0.03858192478177386
567;0.006781581285682326
568;0.03795600331552911
569;0.0871267125335552
570;0.01767188199848382
571;0.053266031744358816
572;0.08884870270616896
573;0.05119043805765375
574;0.018351627388795255
575;0.06120036265932578
576;0.05800436826691702
577;0.023067693290286698
578;0.05795828136039417
579;0.030302521268913685
580;0.06548424104686844
581;0.011420277306738946
582;0.032241401879217334
583;0.02095490513146634
584;0.055597206228127374
585;0.09101378254229976
586;0.07574760489035269
587;0.007875539092005612
588;0.05626260401570108
589;0.005120128892734533
590;0.05665156573492633
591;0.04683579566201238
592;0.003612426119381784
593;0.08118837090262757
594;0.07604090601573477
595;0.07768743260286487
596;0.06900528118380578
597;0.09626398954539167
598;0.010823794809940036
599;0.004425354714681351
600;0.028684019961034802
601;0.08283251769218272
602;0.0621896930906409
603;0.09209802490210223
604;0.02066295963293592
605;0.08384066858389727
606;0.019200268217028395
607;0.001455987506201939
608;0.0671356027147844
609;0.002552055877367243
610;0.07658303988096123
611;0.06991424205761117
612;0.055891510118836675
613;0.06980718131165112
614;0.052244036132379795
615;0.019052906322788055
616;0.0553756569628181
617;0.01616643627547677
618;0.08875437057517674
619;0.006914492435406184
620;0.007288010501393683
621;0.08950853612493777
622;0.025294366406303705
623;0.03637921594973464
624;0.05561982212651406
625;0.08278021149404335
626;0.07095993122898286
627;0.07418947978560395
628;0.05096013821164297
629;0.054116623591402215
630;0.044650689957023086
631;0.01516895808792439
632;0.04842180672569362
633;0.043746920365338005
634;0.03411596273454844
635;0.06839234331136378
636;0.08239473373558932
637;0.0032954141981053064
638;0.0299894232790929
639;0.08862652185193629
640;0.09546908270859218
641;0.08733457886335606
642;0.05953711191257997
643;0.012796966057995586
644;0.0462600471200657
645;0.012672613939782584
646;0.03771532979524313
647;0.07751119541176374
648;0.0004993328153479082
649;0.011329611447019572
650;0.0944800005958691
651;0.031718111217107124
652;0.038108781526416204
653;0.09577951751142906
654;0.046381137186131016
655;0.006998310251524031
656;0.028316582730853815
657;0.03939982667511443
658;0.0603972815173269
659;0.06982966236687825
660;0.09332908121744525
661;0.0728568683375475
662;0.018361039343195763
663;0.03048598121241275
664;0.07863828183133828
665;0.026357012213088574
666;0.02477890460810024
667;0.05029688084563603
668;0.029361757482397055
669;0.008220020804799067
670;0.03171650558199721
671;0.05483655068398318
672;0.09402035150703272
673;0.03675673121284075
674;0.001447274751124006
675;0.0026438968395839815
676;0.0342298283779512
677;0.08271644022473534
678;0.08270310918834178
679;0.04921506156112713
680;0.04193381576261317
681;0.05687678746328456
682;0.014625930982487979
683;0.07676270073818114
684;0.021519831618527153
685;0.06599799341239358
686;0.04249131305008411
687;0.052314264491574114
688;0.05327365694363165
689;0.07439844760589542
690;0.025435738082488113
691;0.004207946236526506
692;0.010501426129646642
693;0.08721262040036461
694;0.07126833377040673
695;0.0866055911219028
696;0.07046030862218447
697;0.030905723454759407
698;0.06113660641736773
699;0.08729853850874358
700;0.03717522503060138
701;0.003667752128059032
702;0.060804710109643695
703;0.09595505660670525
704;0.05703036447040835
705;0.06357983204392612
706;0.04683069018907542
707;0.09503165062124713
708;0.051389381715140514
709;0.06612780191545002
710;0.09974219372512633
711;0.09207581968992067
712;0.029361193570134936
713;0.0054227175243291015
714;0.033894854569411395
715;0.025404422124726145
716;0.02098624835265739
717;0.00579493321842326
718;0.03753566439826093
719;0.039335838554154894
720;0.07103314762351091
721;0.08666145352394519
722;0.09232390888233873
723;0.006156469184762048
724;0.09613437419205952
725;0.0717733041394282
726;0.031115565158232786
727;0.030871607775728584
728;0.049551198420987846
729;0.028443416263084543
730;0.017646001285037804
731;0.08546217093138583
732;0.03757676826315474
733;0.06575247213075888
734;0.005472444922179432
735;0.06965856050337162
736;0.0703230871785303
737;0.0405080683352737
738;0.09398217065113791
739;0.014885620594058836
740;0.09799056064187445
741;0.08462670740199785
742;0.02105476647443443
743;0.07460812559732047
744;0.03981897398957904
745;0.02131919511895618
746;0.01866845004986306
747;0.09130009758238516
748;0.08124164242567036
749;0.06186327388878519
750;0.003061912157831959
751;0.09217435389127072
752;0.00699004483247232
753;0.09506201994834325
754;0.08857682918108309
755;0.08867562067477593
756;0.06527645191977302
757;0.0817633319780326
758;0.028155282066519197
759;0.04427219842439806
760;0.09438301348926255
761;0.062215963727797356
762;0.07649521822035657
763;0.08787375381216112
764;0.010479390029286585
765;0.03391785781042133
766;0.04682833914570407
767;0.061476600066906785
768;0.0864788049087773
769;0.03580551199353854
770;0.01825100629358997
771;0.06714653074018294
772;0.0336254403212663
773;0.04984320852135559
774;0.062291756312476944
775;0.09985919643911456
776;0.01896914932229431
777;0.05492594230225938
778;0.024863260201405137
779;0.04971367499299517
780;0.013800541203405537
781;0.04355529021958289
782;0.06718339452723075
783;0.011665449388682969
784;0.06544631649211542
785;0.04801228762276005
786;0.05687051584350991
787;0.0789748269850676
788;0.01773638401538803
789;0.0540607161757977
790;0.06403792851910066
791;0.04370491466302592
792;0.049860041500517906
793;0.0016267970386897091
794;0.026473328956054278
795;0.06525136344319148
796;0.0012600102022256477
797;0.02818383084561469
798;0.03782018553113188
799;0.03771909238568667
800;0.0218547893308339
801;0.07484465073337858
802;0.016015011682190782
803;0.05807960727175635
804;0.07358930107393194
805;0.06728855200027105
806;0.00534846066621989
807;0.032396301069305154
808;0.028676326154072673
809;0.03607239601682726
810;0.03463249137915123
811;0.01915403703333304
812;0.03642554343495126
813;0.066432493492529
814;0.010419270687393057
815;0.0023940387336568673
816;0.07669971068340432
817;0.07897854800530442
818;0.03657111516915693
819;0.052959924582181045
820;0.06172708843269036
821;0.032845930945911275
822;0.08035955557460596
823;0.09433033077051566
824;0.053429523577561006
825;0.004295756097617876
826;0.0680632915173293
827;0.013188501922547348
828;0.0749250921649498
829;0.055613118876100424
830;0.033524506871156004
831;0.07843036893341873
832;0.029881085123479235
833;0.06299359863702278
834;0.008133029540799575
835;0.011746196994117986
836;0.023511483172004435
837;0.07557912570873321
838;0.08378515892500207
839;0.028475986766493044
840;0.02532602465385696
841;0.04648082168837006
842;0.00632535072075755
843;0.04856575176428184
844;0.05855371683652047
845;0.009835131911110628
846;0.029080784270084006
847;0.06415218665948696
848;0.09244911028016575
849;0.027907304027030157
850;0.0570122653241162
851;0.028601978606837244
852;0.041029552120832195
853;0.020942775885551403
854;0.006325351785461986
855;0.020995226196687866
856;0.0405294510231278
857;0.052908099626492025
858;0.013947390568189
859;0.0033819715843963374
860;0.08637497727868215
861;0.020307489641544954
862;0.08495977737290838
863;0.02993950516080094
864;0.021041247927337293
865;0.06846385372546127
866;0.07002565993243848
867;0.0862194606742977
868;0.020073122771973574
869;0.09986413707132495
870;0.027866418222510604
871;0.03973813899942022
872;0.08270615505842321
873;0.05978135453044922
874;0.029891510789174503
875;0.030741968954361532
876;0.012511667663346404
877;0.031158093395464617
878;0.060392990929761095
879;0.01802292134643905
880;0.03730054959561672
881;0.010163629264195829
882;0.07951689644059137
883;0.009588345224473271
884;0.010830903617476318
885;0.08537786026474964
886;0.06947404569530376
887;0.0389570995019983
888;0.09355519497427862
889;0.0875687981120571
890;0.016831665538578
891;0.07840806960767577
892;0.07301496273701272
893;0.0069539471439516555
894;0.0724542073211631
895;0.04647691745114271
896;0.012008220502849054
897;0.07972354283443235
898;0.06928404290702858
899;0.0009950610486008094
900;0.011856455376256082
901;0.07434492062637177
902;0.07756612756374244
903;0.08651038825355178
904;0.07740721244773786
905;0.05332763077471047
906;0.07486888894053598
907;0.017586782679602907
908;0.09510101147299153
909;0.07340217336760611
910;0.03598444098460132
911;0.06045148394509025
912;0.06641750359869454
913;0.034792764015974656
914;0.04522510558589862
915;0.05181270958053888
916;0.06503733428872342
917;0.08585212501684353
918;0.06268574130287856
919;0.043819057839033004
920;0.09681838964033086
921;0.030851904227136087
922;0.09792904946267982
923;0.031127867081020735
924;0.04803378996858742
925;0.08942693690307799
926;0.027137660252232167
927;0.019386477973821804
928;0.09018038708676364
929;0.09534789262531757
930;0.06030392461687289
931;0.018982235922130476
932;0.062037523128750195
933;0.015199628293634871
934;0.02433196751198126
935;0.09787850765453641
936;0.06345236997049332
937;0.06170721372154875
938;0.0832600950094619
939;0.009425558802848334
940;0.0009908310825809564
941;0.03915354682454969
942;0.07886046630222251
943;0.09710225181163402
944;0.02754090234360368
945;0.017503881931364176
946;0.0499157204242047
947;0.02631896004128541
948;0.02516108278118602
949;0.023195568254969625
950;0.08449125125973737
951;0.0030020947269170373
952;0.03086541124221607
953;0.021058349046538784
954;0.01034996295426065
955;0.031199300711333734
956;0.04339967388249412
957;0.014326313187956852
958;0.024671734461980045
959;0.03326022932848254
960;0.09689727075272425
961;0.0035137185067586453
962;0.002144962408850304
963;0.02521472584245198
964;0.04640600661460025
965;0.06866965758921201
966;0.0301628673729107
967;0.09397712882237881
968;0.08549041930477524
969;0.009138268861912147
970;0.0486193813568269
971;0.06658320557769128
972;0.06781623258168448
973;0.06335675965143683
974;0.022454896621520917
975;0.043040003435079834
976;0.009101099962781333
977;0.06722336823839141
978;0.05189096964917211
979;0.09415734960663502
980;0.09514094641155015
981;0.027976901313796976
982;0.08270228104549268
983;0.0196473441342908
984;0.04341547499611721
985;0.020533003745451896
986;0.0813670389222404
987;0.005060587231404234
988;0.09551094331065767
989;0.00019876240036066363
990;0.08198186388133266
991;0.03292246501884088
992;0.09388537938813526
993;0.06441586769748667
994;0.028926131966785718
995;0.06588955636863218
996;0.04172725065728188
997;0.020668436730336193
998;0.021177334700811512
999;0.01557487023816483
1000;0.04331910514543476
