1;0.057377919933423886
2;0.07732484360266442
3;0.05758674183550333
4;0.09697727706820096
5;0.07871090951518982
6;0.05054681360780358
7;0.09188382673227179
8;0.057335983379350086
9;0.04687410760403771
10;0.09987421567972103
11;0.06673710522840672
12;0.03040201169202277
13;0.012203008900912206
14;0.06479136722792954
15;0.07488299993249356
16;0.07703908108873007
17;0.08662329874893072
18;0.06046507439958753
19;0.08471834012155853
20;0.013347196707857245
21;0.05199851948424439
22;0.049469563717054854
23;0.0684923741415626
24;0.036647277586091744
25;0.05544060993053044
26;0.057285165439670396
27;0.062162153292065106
28;0.06447775450471653
29;0.013815922263313064
30;0.049369738156254464
31;0.027241320803469384
32;0.0935092339140001
33;0.028744491229239666
34;0.053518956780161255
35;0.006580621252441255
36;0.0214336236937294
37;0.035695625997019066
38;0.045734386290291834
39;0.09678967109194206
40;0.07448521502204018
41;0.09118725165246312
42;0.07758482913745773
43;0.08843873906569102
44;0.03131372297340492
45;0.07930588846853173
46;0.06478565874206789
47;0.07406348311258333
48;0.06134810424738159
49;0.07692028554518442
50;0.09586485768115187
51;0.05946917965255653
52;0.03340458712037349
53;0.07669637791025469
54;0.09936131027389565
55;0.03835330769226697
56;0.04517984353038418
57;0.008348441048549704
58;0.08941258539313779
59;0.026525626575559937
60;0.03373059768596225
61;0.057273227839436704
62;0.0677716813979344
63;0.044177579418562145
64;0.09069629205485684
65;0.06311217256302137
66;0.004198973010830143
67;0.037652288688191926
68;0.09533751221983279
69;0.07154011900154726
70;0.07852406307674525
71;0.07309954006908706
72;0.08642447828781777
73;0.086819135325421
74;0.05116754385841658
75;0.09471050735322516
76;0.04025664243212304
77;0.04886153913225586
78;0.03417932246632699
79;0.021189390737930615
80;0.008397389680027635
81;0.0016792575929472143
82;0.07198549335334159
83;0.09999891212763802
84;7.00843020832398e-05
85;0.007391381371180162
86;0.06087430600144311
87;0.005037782951527692
88;0.009255405924607852
89;0.003455330158235093
90;0.08508549611567455
91;0.015159949276594344
92;0.07473598259562152
93;0.08543178326900963
94;0.08469758705071896
95;0.07042573907578886
96;0.06445106305104588
97;0.03323970081613649
98;0.05163054868725978
99;0.09681274232419623
100;0.03839583179075806
101;0.03638884492028499
102;0.005426697626663058
103;0.04525490725057686
104;0.07949325737728535
105;0.08509423517164537
106;0.0018440466048268433
107;0.028072450316643308
108;0.08653564956855031
109;0.07806704839691649
110;0.07417747253394158
111;0.0501979716957952
112;0.05075409792266747
113;0.003692722403132609
114;0.004674921300749368
115;0.08920805363766898
116;0.0013592569116866904
117;0.09758020378491414
118;0.0853942540897687
119;0.049031958900333045
120;0.07662853291752315
121;0.03171388658931484
122;0.04961575800376966
123;0.09237807780902385
124;0.00920686665400582
125;0.026988393050044412
126;0.023776585552798914
127;0.06513712238100036
128;0.007468207381657255
129;0.05031231879129712
130;0.06014025123271728
131;0.08177216796177117
132;0.08630404795780111
133;0.06832724350236628
134;0.03857299484110367
135;0.00025404717473404004
136;0.004497454978673077
137;0.021428699354576242
138;0.011232667439943878
139;0.06259836763019665
140;0.06871253704355541
141;0.0634195949674669
142;0.046439884025124334
143;0.0458842566376254
144;0.010543542026817343
145;0.006231545240912573
146;0.038095315435256696
147;0.09040381173032334
148;0.09466377367215865
149;0.006501247211934658
150;0.013440820762119244
151;0.05219345207297776
152;0.05941009399414691
153;0.06988254493240972
154;0.02468626557573135
155;0.09164945558166243
156;0.02492804689094229
157;0.04107328656970426
158;0.00699420027487403
159;0.06405769597277661
160;0.05463187834321775
161;0.06550984759005739
162;0.08534379259565594
163;0.06194764172277664
164;0.024640369960043085
165;0.012849383337098008
166;0.003288799722048985
167;0.07930479986794049
168;0.09194401280975578
169;0.027166185450743563
170;0.0935839571490903
171;0.004944794507906559
172;0.08422208503274779
173;0.06653740977725575
174;0.09001413802947528
175;0.005420712580352849
176;0.004277215090373621
177;0.0001843300152425953
178;0.018788407727772783
179;0.032519700849738785
180;0.06886577804636752
181;0.07967907725228929
182;0.06213571912791502
183;0.01431019251542396
184;0.09745699017924475
185;0.09555690106825956
186;0.013770758226606972
187;0.08394830706252569
188;0.004078725707746755
189;0.07622674953773056
190;0.035376707729083544
191;0.05706636212423313
192;0.06957596944920662
193;0.009535116401076939
194;0.01768947054690123
195;0.07859854762776117
196;0.05193362143708742
197;0.0026960310951734236
198;0.0693688681200361
199;0.023913044485991297
200;0.05364730315569036
201;0.06668473423898175
202;0.01610312684023112
203;0.03859617168247409
204;0.0010375385119169357
205;0.08679214958972413
206;0.09676184223863181
207;0.019724147993557786
208;0.051018098386868604
209;0.08249384162639578
210;0.09023684625864481
211;0.09721373698123276
212;0.05204068519066162
213;0.08967730395317225
214;0.03408040839939427
215;0.030878470004904637
216;0.0952395652513055
217;0.032442528910951965
218;0.0035053846019188263
219;0.0048408938998008915
220;0.01632616087043387
221;0.054030855507665454
222;0.0356579997113835
223;0.029066861668022016
224;0.09883401954700594
225;0.009633281615713175
226;0.04681849766733909
227;0.034935830584550444
228;0.07269889136981367
229;0.0824285471499477
230;0.07548996165826616
231;0.07199979787317583
232;0.006871858864938219
233;0.0762593471639426
234;0.03725942593894185
235;0.09233874441651635
236;0.009043222152930953
237;0.022480117429911895
238;0.010108786916076074
239;0.0927872225029175
240;0.05977599222423198
241;0.0033193963361975334
242;0.09909269025471218
243;0.006736162989624317
244;0.01970923215169941
245;0.0076577649541389355
246;0.04372135918538708
247;0.058120586547830325
248;0.0009224870555584186
249;0.07890502082115863
250;0.08159907398269084
251;0.0622951736742161
252;0.044278414465699
253;0.007884300372800346
254;0.04583737990069228
255;0.06485060028787427
256;0.05355644999969096
257;0.04496850916000192
258;0.018282904513694388
259;0.05167546565548536
260;0.059901071931067966
261;0.017818812658149365
262;0.01197680570012043
263;0.045401880682455965
264;0.07122522773198482
265;0.022656738954371036
266;0.050971243911643906
267;0.04654585302217662
268;0.04174063307647535
269;0.08749556714171584
270;0.07457183765340418
271;0.007025641025079366
272;0.09853903912267253
273;0.07051864846741887
274;0.0989643648626497
275;0.021386729889951953
276;0.04816507524235636
277;0.06885754297200926
278;0.0671814410758496
279;0.005567204920808222
280;0.07865037978275272
281;0.014434769671227789
282;0.09020155522590872
283;0.01668927716113825
284;0.053900878105425945
285;0.016403472717832046
286;0.03690335829320357
287;0.033240618807346335
288;0.08482078030980411
289;0.05615877872361198
290;0.02685428513202789
291;0.05170349179950499
292;0.0828683718435116
293;0.07063179731472853
294;0.07852342750236059
295;0.026926727218722447
296;0.015086424180255908
297;0.0008230134454364047
298;0.007725187977668746
299;0.032355632937168845
300;0.045791708174642634
301;0.006826111729229801
302;0.07753785271390518
303;0.012579526042032186
304;0.026827803024064324
305;0.0040391149938790675
306;0.08671756667758518
307;0.005842566443564201
308;0.023761485676187657
309;0.0038904208943080667
310;0.02177452181341999
311;0.01833529053688514
312;0.05915618036764694
313;0.09954282707120896
314;0.016968014184870452
315;0.08363585384536548
316;0.053595470538279066
317;0.06293701452747302
318;0.03389750861079379
319;0.023544941485062032
320;0.04023440334110841
321;0.09178036046282113
322;0.07833595494339202
323;0.011655587846010763
324;0.08650136476614205
325;0.03416715145004181
326;0.044103212981416874
327;0.024264710671391677
328;0.07271852192789272
329;0.004044688619160353
330;0.038601094504096656
331;0.08867908828040014
332;0.015091190372826703
333;0.07899124808043662
334;0.009228288740062185
335;0.07342611765503579
336;0.0644408223273094
337;0.013695744192253945
338;0.024479019978211537
339;0.05112414939872766
340;0.04457910936894499
341;0.04081093076343535
342;0.010453565667545095
343;0.03284904556814675
344;0.01139075876925102
345;0.05552591719867345
346;0.045201003523098485
347;0.05672851034936434
348;0.01841593559849485
349;0.04352326596657855
350;0.026597972680644368
351;0.07044101645048655
352;0.02544234195802625
353;0.09642647312009119
354;0.024047714253252573
355;0.03807764716669224
356;0.0028076937545455263
357;0.04321292176340032
358;0.014270419775025479
359;0.06251748280134582
360;0.0047619159352997875
361;0.06144042381861098
362;0.026788443955533838
363;0.02491716807715897
364;0.0391866955413612
365;0.0242555238610503
366;0.06632307930588227
367;0.04587895379970877
368;0.035845736900340784
369;0.007785357569948171
370;0.0055651426513457225
371;0.018537214810647875
372;0.08844274912785495
373;0.019172317702864972
374;0.04585047805284101
375;0.0616599370076597
376;0.05137812634943319
377;0.04386280966057402
378;0.04852293149444671
379;0.05376867279469454
380;0.008301926154554207
381;0.049030618206091864
382;0.010563569400503348
383;0.021291936315471906
384;0.02070077175568971
385;0.08504154620928349
386;0.0023726063368569974
387;0.024570605011617053
388;0.00930442624392054
389;0.08661449965384453
390;0.008092859452777912
391;0.05420567395866521
392;0.013183749155592462
393;0.088575475193952
394;0.030786571487764813
395;0.04934595378022566
396;0.054465927079418344
397;0.03300271371310528
398;0.0653846285590005
399;0.09059901739379785
400;0.01479146659741365
401;0.005706054553565221
402;0.006389718798349453
403;0.06438495405484869
404;0.08434202193057967
405;0.09161272447629847
406;0.08605658753425664
407;0.0988330599454793
408;0.05675844687068604
409;0.027597247330631194
410;0.011050546213660074
411;0.018141488681201048
412;0.07112994129617312
413;0.02609881866413476
414;0.04826840514288225
415;0.06306166736019342
416;0.076668230457824
417;0.05859765527121305
418;0.038488244407514666
419;0.015509899360341629
420;0.04624773048897418
421;0.014690192924894097
422;0.09459511791008379
423;0.08062598629603807
424;0.05215232748843123
425;0.09531129209474246
426;0.08162935829106906
427;0.07846904219512872
428;0.0033335158449877334
429;0.01981014882606528
430;0.04149796012503966
431;0.0775984853594638
432;0.049414577551554054
433;0.022899480305241606
434;0.05139066349459812
435;0.05221804523584396
436;0.01894000121287033
437;0.01035600274570544
438;0.048434452853849536
439;0.06578950444170638
440;0.06510968607578486
441;0.054389440543380733
442;0.009031936828048082
443;0.07147469030904664
444;0.0006259306412155996
445;0.08872311105481749
446;0.035253099113882524
447;0.04416950524257756
448;0.0013623946246476004
449;0.08651987547693743
450;0.03194727440556893
451;0.040968179181202394
452;0.026217893250841586
453;0.028438906326026803
454;0.07444119246226673
455;0.0894996904675741
456;0.08759552135686706
457;0.07857049161315938
458;0.060259412225473166
459;0.0050471652793378065
460;0.08767974814934547
461;0.062019154826693845
462;0.09300240572777319
463;0.05171308452512729
464;0.06109972883625995
465;0.05483806040307915
466;0.028524109454836178
467;0.01943013525201305
468;0.09461232568173411
469;0.043346333780594486
470;0.01800227170130787
471;0.03692060961237278
472;0.0592797182994828
473;0.08577694257713427
474;0.02034097809025113
475;0.018998452689260814
476;0.037873707521735425
477;0.03272777924858351
478;0.05073311611881764
479;0.05204937734948976
480;0.09577539953676358
481;0.015295532737334184
482;0.04273263202383948
483;0.08275523919430902
484;0.013533773499905123
485;0.07822809126883583
486;0.08575534941543159
487;0.02157934756790263
488;0.05391280516800401
489;0.02743446182613768
490;0.037968464275797635
491;0.00620193234246067
492;0.09226101456738442
493;0.011948789837544316
494;0.01730004410627253
495;0.04867175526984662
496;0.06753201829332305
497;0.0792576490005478
498;0.030183385192819292
499;0.055195345476098515
500;0.05151364553427887
501;0.07529820939253588
502;0.026052027071923202
503;0.06130965078450651
504;0.048828732094999695
505;0.01313066800471472
506;0.07305481204637236
507;0.07843589185752257
508;0.07615565645053607
509;0.0634219058169847
510;0.09155239888882001
511;0.08120477394902605
512;0.07103588122126685
513;0.02852871556773211
514;0.025153623872894437
515;0.07353000539104339
516;0.0023265736176213527
517;0.05747385572454289
518;0.03093249038210677
519;0.005671008045673909
520;0.0669090986681575
521;0.06651339030264014
522;0.010303255856863548
523;0.06228549825836756
524;0.002820486195344618
525;0.01088558152738588
526;0.03190683392154499
527;0.09767150300753402
528;0.061559885024774524
529;0.08359378222087915
530;0.04816296081638848
531;0.07830985674963896
532;0.03724645231731144
533;0.0973091194169784
534;0.04379597915467646
535;0.06759069051541182
536;0.05896714731825772
537;0.045532304062086776
538;0.06938608792056883
539;0.03509961482543822
540;0.026016935749897566
541;0.047212412382220126
542;0.07448490231643622
543;0.003089954137680484
544;0.07953289824443172
545;0.047525670650292465
546;0.026562511445405158
547;0.02119364788215349
548;0.07371475299060763
549;0.05363951835863302
550;0.030716745845447747
551;0.06994075138384097
552;0.0761473405519324
553;0.059830656501725234
554;0.03036054234534097
555;0.05769540012007164
556;0.047944883335202707
557;0.0013904082072016433
558;0.007534714809879273
559;0.007941088327032752
560;0.09172452350412641
561;0.06369593718854656
562;0.09823001893864303
563;0.06934464965280143
564;0.03897563946121832
565;0.006673197002491471
566;0.09637452823951004
567;0.006721870993828705
568;0.06248983760804488
569;0.09358118569441633
570;0.0928274491649577
571;0.022014685023929795
572;0.07013649766792118
573;0.011326393629791731
574;0.024082403288881594
575;0.06662851248114071
576;0.04552703937016207
577;0.014258384226226085
578;0.002694959247490936
579;0.005823469879467558
580;0.09484821971762751
581;0.0495698505465397
582;0.04931961443850657
583;0.06478478329748237
584;4.299332185876415e-05
585;0.07315362346607616
586;0.08784393471066748
587;0.027942336698127714
588;0.0006656076675626843
589;0.022107100947704385
590;0.05764482540284747
591;0.06172156475372984
592;0.013194662119844713
593;0.0923143412571855
594;0.07804772519029368
595;0.09414311855260427
596;0.033823490831078475
597;0.03137046709164535
598;0.08343781885531062
599;0.023095599144939274
600;0.021684571795820173
601;0.09860333954578918
602;0.016056264125165975
603;0.07264823434291268
604;0.028331458478533113
605;0.06989737270458961
606;0.07999074971327823
607;0.030970840011396064
608;0.015119709317854913
609;0.06081501287856979
610;0.08032849771652605
611;0.09305053027407892
612;0.09416623996945245
613;0.09401741410638857
614;0.08786274277328245
615;0.008987858798482717
616;0.09518729077444588
617;0.09602730088655385
618;0.037017792722677134
619;0.05717139636276225
620;0.0567603368894803
621;0.0021471293519088274
622;0.0838776617930107
623;0.07003080734177586
624;0.011637482499607
625;0.021451162603909214
626;0.013930909992410445
627;0.02760344179626886
628;0.016293245680125634
629;0.014940356496462904
630;0.09828626967464707
631;0.056454859969238415
632;0.020413787238119152
633;0.02996951406705315
634;0.09144563170050654
635;0.011457227816106164
636;0.01829709105947094
637;0.053316284078770905
638;0.014048298582504726
639;0.07547785570547752
640;0.06274139883577616
641;0.029962449925179768
642;0.08458102924930332
643;0.08550961809992529
644;0.07184976167827618
645;0.008920123799861136
646;0.04744459265920277
647;0.051044473610599696
648;0.06637842336632337
649;0.021387311643734943
650;0.059107044761965544
651;0.062456579786044845
652;0.07830159472803398
653;0.0157193105409568
654;0.09772394525106005
655;0.07804345779193739
656;0.030150877875891158
657;0.025357549792469694
658;0.08621195119100789
659;0.06876422276963397
660;0.04624745064901942
661;0.012126275259422293
662;0.034722341008885514
663;0.030117304935759218
664;0.09164431592871078
665;0.09364524330226591
666;0.08125965496217835
667;0.031613237723598524
668;0.049997234181768706
669;0.04705367480475873
670;0.09286671809834422
671;0.08353540431210023
672;0.0003020605070887306
673;0.05824159499205174
674;0.017743098376092625
675;0.018186313140678634
676;0.05423395676270152
677;0.014734253687963229
678;0.04065469689213528
679;0.03775359925389478
680;0.01696500102322909
681;0.023488078524887837
682;0.08411896843131997
683;0.09707245313054635
684;0.08250064171871051
685;0.06657743918967958
686;0.03350066681957572
687;0.07190661244565602
688;0.07220617359079785
689;0.0039861361842283725
690;0.01337074825401572
691;0.05472615577275545
692;0.05349898600977074
693;0.03435934342978778
694;0.039796884143689606
695;0.02387710181108023
696;0.0643186797266546
697;0.0281570136680264
698;0.06325172826034672
699;0.08536796307352615
700;0.01298190171452751
701;0.031911520883959314
702;0.06878216759233102
703;0.012594960522736143
704;0.0907516075992626
705;0.0017479565160247624
706;0.029766432041227753
707;0.012185389056333751
708;0.0070835301404890035
709;0.018086548741167174
710;0.0944642107841789
711;0.0675249196357807
712;0.08167770957036131
713;0.009275000318983696
714;0.03302252654023363
715;0.007242741339809034
716;0.06607350515838464
717;0.02757803307629695
718;0.013007579663196834
719;0.07472002173293148
720;0.03213079762674386
721;0.09976357920911978
722;0.08162266030445009
723;0.033813436630933114
724;0.017884088069693115
725;0.09166997910750241
726;0.014422422130891477
727;0.042826417287080566
728;0.05635829342162403
729;0.05755036704607125
730;0.08484042997761176
731;0.07364662433561196
732;0.07649002069238801
733;0.07274671211936332
734;0.0695611157935519
735;0.08206958145137627
736;0.030728205428335254
737;0.019827417789195168
738;0.018007134846681382
739;0.05367047213804663
740;0.053506750960368166
741;0.0511253003105569
742;0.058250395898674895
743;0.05164644089888224
744;0.004385749310681209
745;0.02444600381519344
746;0.0992012716170429
747;0.015966842142045478
748;0.09796938432832498
749;0.07932690681676757
750;0.018235038205338706
751;0.07363713752999963
752;0.04474656313715476
753;0.06418171798230309
754;0.019466920514981313
755;0.021602802103455634
756;0.026161196993233205
757;0.016727611245732733
758;0.03833521275270172
759;0.07770992360087493
760;0.05936490811859513
761;0.05882470969421753
762;0.02623522378318778
763;0.04601036454852573
764;0.09409675732979106
765;0.08777563457801636
766;0.02644127006644578
767;0.04297682699530753
768;0.05850660252074058
769;0.027640177667230995
770;0.07649526243044089
771;0.05110251645982017
772;0.027716106591320157
773;0.03735613540564956
774;0.09779422780411076
775;0.004343030163958761
776;0.07823395672436466
777;0.06033012183883493
778;0.05252613297613931
779;9.074676322360365e-05
780;0.07821913745328973
781;0.08815585244712579
782;0.022536558487975002
783;0.06033703755697683
784;0.011432041148221973
785;0.04465007573178689
786;0.02452665049684103
787;0.08586324481171814
788;0.0960906519862813
789;0.08674482346000412
790;0.029858431566857014
791;0.024285172985391724
792;0.0550385183847949
793;0.04434997454932824
794;0.0834406261570899
795;0.010299711494720011
796;0.05022124945947905
797;0.09193467765927767
798;0.04590480665103587
799;0.03970032177315477
800;0.09114077655344364
801;0.05822303121335474
802;0.07289341926535285
803;0.03759564516452218
804;0.057445428200362775
805;0.09734001364355527
806;0.048381733536787125
807;0.024324592233708798
808;0.08535031389414778
809;0.04804522054205677
810;0.013315516410843144
811;0.0660253471025163
812;0.0825592410924827
813;0.012746937691526362
814;0.049888377773517116
815;0.04172815790076117
816;0.05723164715765805
817;0.06520190939565773
818;0.01931366225930389
819;0.08006851426059858
820;0.08125436098395085
821;0.012407059007650312
822;0.030080012635205378
823;0.06148252431949867
824;0.040641921026614396
825;0.09750562471070379
826;0.08648455918135867
827;0.08765595288810708
828;0.007837469250312678
829;0.010699170288349281
830;0.07688936784912562
831;0.01433694526126913
832;0.0923334859771093
833;0.09601951996178805
834;0.053349842024305955
835;0.06941556552997982
836;0.02245276831336699
837;0.09603221219311608
838;0.0036588514607806657
839;0.05989421571418262
840;0.09455477563836359
841;0.026779567919314698
842;0.007394628131736015
843;0.07717913814914085
844;0.02949588083997652
845;0.03758510254857981
846;0.014689986241751463
847;0.07591681660298716
848;0.0824548263738961
849;0.015489578642541102
850;0.036894513957778374
851;0.003316580462801899
852;0.0517694042131308
853;0.0387752561415223
854;0.006538064691206613
855;0.06374273957861051
856;0.05761516828190299
857;0.09711482372398522
858;0.07320534354694185
859;0.08286170612289713
860;0.03935038879119295
861;0.05683657026592042
862;0.019380299405753934
863;0.007522708069575313
864;0.051663625258237256
865;0.04567629155778516
866;0.0642945954038283
867;0.08572785387301118
868;0.0646041396096924
869;0.029571010519630382
870;0.009677129194752455
871;0.06519563592018633
872;0.07407889407926636
873;0.053752951994584186
874;0.02302482392334553
875;0.04396891025281022
876;0.07599009596640617
877;0.08775955339562197
878;0.09798869951647687
879;0.03011417475035947
880;0.021869983007785466
881;0.06250182832292693
882;0.0766247780130916
883;0.06822354193758232
884;0.08086629818928032
885;0.0022203562053278894
886;0.01635911106691561
887;0.005053700273490325
888;0.0011777284275816926
889;0.05759375056465713
890;0.09636803967875125
891;0.09737755028517751
892;0.002212759493297445
893;0.01273948098290878
894;0.09043192487230628
895;0.09746852261857641
896;0.03237238882585698
897;0.0011650687026146468
898;0.06023678500533263
899;0.09113442112610266
900;0.034907248788074434
901;0.03592547939228979
902;0.054662427301440754
903;0.04084844827491785
904;0.04280818528723606
905;0.015742002281164926
906;0.005773117796296479
907;0.014433990002299425
908;0.04130842192421339
909;0.05242401694484922
910;0.08171707250560756
911;0.06531759838177731
912;0.03140040466437005
913;0.06589741559486906
914;0.07780452720182023
915;0.07933374732519483
916;0.09884856767627924
917;0.049816830567370685
918;0.0815943348421025
919;0.04228925016538376
920;0.017147025219452893
921;0.00699103984014573
922;0.07108015956084118
923;0.08212352648524006
924;0.00467007115212269
925;0.021110938828017067
926;0.04144594356128718
927;0.0006693883899002274
928;0.03753182352019085
929;0.014977482041859681
930;0.06637686555835265
931;0.09308223853693454
932;0.053762070696355406
933;0.05954333671598372
934;0.03987084190516717
935;0.01886048297065701
936;0.07199792421461268
937;0.09048739118869753
938;0.01874757278109863
939;0.05328563341496306
940;0.0421793828294465
941;0.07489477965413598
942;0.03633509350435821
943;0.013039499755315966
944;0.01039695811226431
945;0.04726481459666474
946;0.04264835530094599
947;0.025793579408565318
948;0.012328432518759992
949;0.010229669896291106
950;0.00465304462469488
951;0.03282612403784024
952;0.07286217619523304
953;0.03158918539595142
954;0.017223093703500805
955;0.07885841671608829
956;0.07674650234759407
957;0.027070000957083264
958;0.04359797429658424
959;0.008714189657252546
960;0.09757941126894124
961;0.08544369000876363
962;0.05198919616478481
963;0.028415070023803102
964;0.05347072044240125
965;0.0009869531828277545
966;0.02054324574676654
967;0.06408486615173226
968;0.057336403708079145
969;0.08823713244288876
970;0.0869289070210782
971;0.04500947317544825
972;0.0312242679532294
973;0.018548096772307177
974;0.08134871794667951
975;0.06754653452970787
976;0.0801887153961187
977;0.03598350178205162
978;0.0058010255433951115
979;0.08804357109756022
980;0.06517218176578769
981;0.07982770392780325
982;0.0668490736963042
983;0.06847884191159044
984;0.08031547890035878
985;0.03770007088293729
986;0.06730665449213284
987;0.040355772789521654
988;0.04950328969352143
989;0.04447406223702403
990;0.06541273684936162
991;0.06914470962783764
992;0.09195424371272137
993;0.035848020067141294
994;0.09377024112694543
995;0.06782273117434923
996;0.04641451656670035
997;0.0811440748252033
998;0.08624386476654708
999;0.06878459481870391
1000;0.07702351240426333
