1;0.029978297570926016
2;0.005046663123537066
3;0.004135438977281814
4;0.05354121054726771
5;0.01798574206952739
6;0.013132117229758468
7;0.09741986175498239
8;0.07067034361518325
9;0.03678369043994319
10;0.028034962839099432
11;0.04532401541719255
12;0.08775478425726496
13;0.02840337043115625
14;0.0786981721922818
15;0.07735539109385953
16;0.050650142962043565
17;0.03892610972237355
18;0.09409305707219735
19;0.058684552324179864
20;0.07053376269326093
21;0.01985022261208599
22;0.07009828468634825
23;0.01012594006821317
24;0.0827865208042216
25;0.051205238096242646
26;0.09258644703221237
27;0.0690556241315361
28;0.07945310506987185
29;0.05375420952063388
30;0.030005065958380307
31;0.011005526243493258
32;0.04852673831282405
33;0.08703585593445869
34;0.06848509505045043
35;0.011054313103147917
36;0.08684441623555411
37;0.04713280930415993
38;0.015470907641208509
39;0.0662425358798045
40;0.07550067456277253
41;0.08613005082316548
42;0.018948038722743834
43;0.024519753580936155
44;0.06319133344063298
45;0.08374905603261179
46;0.027106264332624242
47;0.023743012811085817
48;0.06997811452038732
49;0.08731252552373255
50;0.020164509572179714
51;0.057551682774066096
52;0.02521966626182598
53;0.060532913494657725
54;0.05467418964236808
55;0.04558239114173342
56;0.02596522105823751
57;0.020282809307448513
58;0.015661899961555915
59;0.09539976735708253
60;0.012947607738821566
61;0.07882932550926217
62;0.02006820488111364
63;0.018487473291885614
64;0.03208895614381392
65;0.0433083040306141
66;0.06706401400873584
67;0.07327905072239614
68;0.07120962901910974
69;0.0901047012661597
70;0.04446447077588481
71;0.08003476055551399
72;0.05095787539963037
73;0.03956039274888351
74;0.034105436820774285
75;0.09198289817196151
76;0.09735268727427072
77;0.022366586441802408
78;0.07181371842969982
79;0.01572239779163911
80;0.06983065289664465
81;0.004896926402050162
82;0.010251230601461415
83;0.04357742603148356
84;0.021168088054631162
85;0.01578725561364799
86;0.09901819982329303
87;0.038240892122837
88;0.0810299800780394
89;0.03776360067658905
90;0.07033448830130272
91;0.09843800556302444
92;0.05513383611969583
93;0.07001498213212069
94;0.035635200662072646
95;0.02799109626696559
96;0.0983759850863513
97;0.01637730512967478
98;0.03552076166779249
99;0.07471790203047889
100;0.01723801441189419
101;0.06481316929826512
102;0.03627489753984751
103;0.08100183399759518
104;0.009946932886058135
105;0.025934127518587993
106;0.08952655792867975
107;0.09072179037454445
108;0.0718900476056784
109;0.025363006213658612
110;0.06686632467746269
111;0.010472837181005569
112;0.020497225767664152
113;0.08962425108366666
114;0.009696054110947695
115;0.04345820651542601
116;0.06615085163625377
117;0.08646368752519956
118;0.09557484819223022
119;0.06782708409175349
120;0.09233501028592725
121;0.029795632825535923
122;0.04802217990069725
123;0.019030508554202765
124;0.0030588488499575517
125;0.05818508425346395
126;0.025707816993595613
127;0.09638157459404482
128;0.06660964662169724
129;0.047399397338018436
130;0.0838525230694532
131;0.017762411044380557
132;0.05885943186722573
133;0.09771675274713193
134;0.034189048314544106
135;0.08945450606443155
136;0.02158405050491401
137;0.09489580526410932
138;0.06170639395114962
139;0.07341953237550379
140;0.07593326823324648
141;0.08808984204268751
142;0.021020058262821818
143;0.04322322689176671
144;0.05124387768278641
145;0.017088636781965507
146;0.014122337932339458
147;0.015866739882782976
148;0.05069208502668152
149;0.08798565234203651
150;0.02534946112431459
151;0.07836995567951088
152;0.031699902371989386
153;0.03881845055167043
154;0.03968957411647426
155;0.02421793015502809
156;0.07837295489184226
157;0.006537697132471665
158;0.08842264077462794
159;0.06399722508353815
160;0.09919777612951376
161;0.023102471638092138
162;0.03400374819143064
163;0.003139876388366658
164;0.07514409824104351
165;0.09306801883988229
166;0.017167662249098183
167;0.058014820261281456
168;0.053597624031283646
169;0.00408899827809387
170;0.023055743531342356
171;0.03060871397823699
172;0.019531097911392473
173;0.06439635616301022
174;0.001874735126826066
175;0.09242450090144722
176;0.017147451755182674
177;0.031057520802283592
178;0.01324395566446417
179;0.010618601186140553
180;0.013567062787167107
181;0.01971354726372451
182;0.07800626457161154
183;0.005064289782274989
184;0.04634178464876335
185;0.04962712871587144
186;0.06313410730980343
187;0.062040552656167425
188;0.07273044967139473
189;0.055296056462557225
190;0.06991086007602926
191;0.06890327691375558
192;0.05589320005422554
193;0.08379465490219028
194;0.08648445753116624
195;0.0035691375891351964
196;0.08800508286296173
197;0.08716791907109146
198;0.0009448475108586708
199;0.015409102812543941
200;0.0329088103287962
201;0.09229242878165023
202;0.016119907253466615
203;0.06433203741354819
204;0.011209295409279141
205;0.09182760765825099
206;0.07338982585821693
207;0.04491175706303266
208;0.047086125259285405
209;0.043117466314571966
210;0.04551059085723563
211;0.037035698704562095
212;0.05990897368441114
213;0.09054794033383165
214;0.03394185738962215
215;0.050958637594673985
216;0.07399165109472126
217;0.030531267543078423
218;0.015933685503302597
219;0.03952405750628435
220;0.01986721707757715
221;0.04472461433502957
222;0.08509003484232752
223;0.03813172482336894
224;0.024219877444494567
225;0.06132168874646098
226;0.06404955817317139
227;0.06283642670335514
228;0.005098190373893075
229;0.032123385548777965
230;0.010161250177663473
231;0.03520081841128544
232;0.025557922941415567
233;0.06839236752286194
234;0.09080043529945381
235;0.05113895787592148
236;0.034779302254421156
237;0.0884650126150682
238;0.004506760511225472
239;0.009148575065117159
240;0.09828295927148362
241;0.0249606060032461
242;0.08988901368713426
243;0.04297378420968134
244;0.09548451913339345
245;0.04120030939309091
246;0.04310484708901922
247;0.06151622868239185
248;0.08057283934886914
249;0.08082206758267668
250;0.031116974908655937
251;0.06860516225467171
252;0.011154953441832371
253;0.07665464779246804
254;0.06856170854215009
255;0.07252064670410302
256;0.05244195651737557
257;0.021867962910576324
258;0.02400516225904714
259;0.050086282619048475
260;0.0020856951022591107
261;0.03557516963376766
262;0.05676033739025507
263;0.019117598606523425
264;0.049852434701164884
265;0.0001725237961385462
266;0.08646505811727101
267;0.00805256383285432
268;0.059949003147633406
269;0.03921392956743517
270;0.060049430097370717
271;0.04544575319775315
272;0.0012605202381464232
273;0.05281116574821093
274;0.0957867809344497
275;0.027603263835291658
276;0.022820879361320046
277;0.0021601325515065773
278;0.07531396098637916
279;0.04111120521358263
280;0.0626148884577582
281;0.03659403597216119
282;0.0015869469541006322
283;0.04763081098571817
284;0.07727553990345769
285;0.0985954746529425
286;0.03675223976607448
287;0.06460174180453564
288;0.0003977258927953864
289;0.061210992732151887
290;0.05865218308611514
291;0.0784673701134633
292;0.08620111250229365
293;0.04115230732273284
294;0.09022771147725762
295;0.08438428686709876
296;0.054450338878257225
297;0.0067184491027552536
298;0.007289145800688246
299;0.0061996264870211705
300;0.03553787538897051
301;0.08597701385790774
302;0.018100128232417245
303;0.01074110553292722
304;0.043663160804097795
305;0.03599382313987211
306;0.0003508878278597361
307;0.06496295153475375
308;0.07068446018206358
309;0.05296949191797615
310;0.05742596381430958
311;0.0784434599660912
312;0.029325693409624876
313;0.06280446092622134
314;0.09656651689817154
315;0.040089271714078514
316;0.014088404226440887
317;0.051135713530259634
318;0.027473882464990242
319;0.05263973482433344
320;0.012180834849221667
321;0.009243125727341595
322;0.04541627501135214
323;0.0195602297026974
324;0.08948733231505093
325;0.046328106458884334
326;0.06518377629771142
327;0.058488730086779156
328;0.09880288348005699
329;0.06506470430434651
330;0.09229358321963883
331;0.052716056576786435
332;0.0787641923266488
333;0.01192834673735197
334;0.050230098672154694
335;0.05322207009514395
336;0.002213869012818137
337;0.036552377757520065
338;0.07644983319573499
339;0.03809625113982373
340;0.06735569813098288
341;0.0411547418349135
342;0.09193970868489496
343;0.08077406281862808
344;0.039946636011348985
345;0.054288105000036224
346;0.010012692084173526
347;0.05827744200033472
348;0.06137034522782142
349;0.04398344177856515
350;0.04881277387253753
351;0.020545566212651203
352;0.07978465752793418
353;0.09499556671560357
354;0.031688276552301775
355;0.046687413728399844
356;0.039355387739181506
357;0.03133760659979017
358;0.09111098322509542
359;0.0989371861399598
360;0.09482685798823341
361;0.09666401419513909
362;0.0767507268297456
363;0.09990396961495218
364;0.04912278170633201
365;0.012409882746439794
366;0.027546000834407048
367;0.008681639606589976
368;0.06572282051893566
369;0.011233217449336075
370;0.07672758237447375
371;0.09485978145952084
372;0.07448906373724007
373;0.06003862884069962
374;0.01059553368654922
375;0.08441931908971509
376;0.07284446122495873
377;0.0033835345492081448
378;0.01605460929554564
379;0.07858784096005504
380;0.05879744900154585
381;0.026662608232550712
382;0.04799329800237744
383;0.035642418753363596
384;0.09306650849494076
385;0.06829058543034018
386;0.07701430255154862
387;0.018769342938420742
388;0.06161464870081104
389;0.026400145136694298
390;0.08740248208802877
391;0.0790496826412363
392;0.022075351869810023
393;0.053070579533040334
394;0.08585784633557497
395;0.045096870805645096
396;0.09004143518447007
397;0.015948251370878186
398;0.0351190257487939
399;0.04287436655025093
400;0.08606527457812808
401;0.009121312361338452
402;0.06828046755789098
403;0.033764111505247656
404;0.004949094999504133
405;0.03953925845212295
406;0.07777730871920052
407;0.07646177401961826
408;0.01818188982978134
409;0.017080358859631852
410;0.06803050623277088
411;0.01223566923676135
412;0.065790444540731
413;0.06291071939838942
414;0.020792745520655898
415;0.06370334542889877
416;0.03359493230200004
417;0.045001286606673255
418;0.07333748055029148
419;0.00830340323227512
420;0.01864015291966078
421;0.015365258769062773
422;0.004032438249663606
423;0.004503523762913997
424;0.09463615847684968
425;0.02962692793027353
426;0.0767793036647971
427;0.026856985986196725
428;0.09598793361150666
429;0.07330646664216471
430;0.023732148829692257
431;0.01947874334388483
432;0.09762650128532792
433;0.0016447073492817045
434;0.06330042430417906
435;0.02204929693137252
436;0.07137001910778171
437;0.05380002572618408
438;0.047600705653082914
439;0.07359915397650751
440;0.05446327658841424
441;0.08695531229918868
442;0.002569521306836975
443;0.013337577777212874
444;0.06634289233435287
445;0.09513846681730526
446;0.0693640452657504
447;0.050450287965621836
448;0.0800071717007314
449;0.012582410495366415
450;0.037398425306256776
451;0.030804330992656215
452;0.05432984807028967
453;0.07774491285027019
454;0.036504402023295024
455;0.012458172285198334
456;0.09569100496312363
457;0.05946958494320173
458;0.06766423891276771
459;0.04410573661760038
460;0.09831293658511725
461;0.0297987644876074
462;0.017303347069065955
463;0.0798727682501888
464;0.09975518722166164
465;0.04548267853895232
466;0.045193637911478894
467;0.049338682815556416
468;0.029188424881567667
469;0.07104129677973979
470;0.039245930980598955
471;0.08633839315034142
472;0.08875062471353376
473;0.005465656608571268
474;0.03273809067957302
475;0.0509047421186905
476;0.04085763540631348
477;0.09072772766920484
478;0.017233023834872685
479;0.07823504475799148
480;0.03544365968337505
481;0.0010852696459839662
482;0.0032730101358018904
483;0.030713736206715216
484;0.057466519655881745
485;0.04225002169660968
486;0.09601359510182696
487;0.016692728517130006
488;0.02801256756236935
489;0.03000127276375325
490;0.06219325693300194
491;0.0824111837383455
492;0.03350027109326267
493;0.043666998867566656
494;0.07087724118654691
495;0.038216688190738715
496;0.09777253942452409
497;0.05511778831886943
498;0.003664896363848469
499;0.029666676667848682
500;0.008384574677953683
501;0.023116571341410586
502;0.05570627259036183
503;0.015465583456868926
504;0.036799569378653606
505;0.08289784192156896
506;0.021439127089016942
507;0.08934524573721063
508;0.07736403474708436
509;0.08754986168213115
510;0.05544661329965936
511;0.05346440369003938
512;0.06163137075001092
513;0.02867123202749963
514;0.051944009795457394
515;0.06080069824138872
516;0.02972857298327093
517;0.08817001025279916
518;0.09006414840594223
519;0.0016200551461358792
520;0.022549100420226443
521;0.025596991104715774
522;0.09507239632737459
523;0.0742560677748637
524;0.0012774127425330573
525;0.06976651866223008
526;0.015772273454625906
527;0.06901029549874399
528;0.030930569418495615
529;0.031133648088300648
530;0.03806997035860076
531;0.07441480899597026
532;0.07367773968255106
533;0.08896581683676874
534;0.0002454600453412614
535;0.0481938672734059
536;0.060879346847796535
537;0.029475756026156444
538;0.04976730270713173
539;0.01826405332623029
540;0.03908417213478624
541;0.033860597108721094
542;0.0747932435064829
543;0.09503233528413667
544;5.5293207898821084e-05
545;0.060289890438999974
546;0.09709024484244236
547;0.08861795083020252
548;0.08119702046435788
549;0.025335726365303235
550;0.01657493016330115
551;0.023067192045207352
552;0.07505340564615112
553;0.08241262116142525
554;0.03961627583501895
555;0.04776502770569235
556;0.013861316695378302
557;0.07966464318115896
558;0.08504755492722076
559;0.06991198778496625
560;0.013160812041149272
561;0.06360520275217754
562;0.015337834470383171
563;0.0008955036499551872
564;0.02027884191189735
565;0.056534145330727564
566;0.05333797213585069
567;0.020431419510476223
568;0.0899339188731919
569;0.09209561322982228
570;0.03955735297416701
571;0.06429928093309906
572;0.0617507225970967
573;0.05263421091749004
574;0.04222138449619838
575;0.09668881346610977
576;0.057314996649039766
577;0.06841067140914357
578;0.005388717005375243
579;0.05975616859265566
580;0.03638665694240628
581;0.01797891150748736
582;0.06939483819419744
583;0.06404269560109847
584;0.028945795869908156
585;0.06993218358188799
586;0.007908373142109093
587;0.09126554342849297
588;0.004962522272902659
589;0.05933393465657073
590;0.04916414110059878
591;0.012156447261771964
592;0.08362679058636009
593;0.04866001061489642
594;0.026052137116270524
595;0.08743447905893624
596;0.06868678984137154
597;0.05690100697433889
598;0.049509888281082874
599;0.03788772385723484
600;0.05741096227929681
601;0.03618952796028565
602;0.09832881347021667
603;0.05515324815489573
604;0.07681045767887695
605;0.07515513246313776
606;0.08812398356179413
607;0.07122652053212263
608;0.0326005974366152
609;0.014413884045257876
610;0.010820931250123357
611;0.025176378241213916
612;0.05516451467783933
613;0.04586731405807958
614;0.02940427484682172
615;0.010703628298342628
616;0.020472694284901463
617;0.021415631318549656
618;0.06555914579527741
619;0.08609801479911962
620;0.015325642136666852
621;0.04889733637522125
622;0.0957667885220778
623;0.03580478526136845
624;0.019253386538940723
625;0.0709837865916774
626;0.09264498195364629
627;0.08558818767721882
628;0.04251505646514895
629;0.05773660228340003
630;0.007454541078259047
631;0.08650807990180193
632;0.020977536265812224
633;0.015219458847351942
634;0.03495779808136986
635;0.0569441267375094
636;0.03652157018663917
637;0.06497096323542077
638;0.053399378804103996
639;0.010890743820390259
640;0.021171768408613123
641;0.05695563535644348
642;0.08421972649586107
643;0.047950083237048746
644;0.07662222638432921
645;0.05755692619200238
646;0.050937420389575785
647;0.01845503952828842
648;0.017737028715327795
649;0.04941622844150654
650;0.0062696799035204314
651;0.03105266577676931
652;0.07196637238917279
653;0.057972098795616045
654;0.00564658640748078
655;0.037005623724550865
656;0.08673980848603009
657;0.07540958301687985
658;0.06542136180408574
659;0.04079284441467022
660;0.019506078140427263
661;0.060940735259530913
662;0.037365075612477074
663;0.001837375848274414
664;0.09478445190223864
665;0.010521166773385349
666;0.05325046521621784
667;0.0051635193742461845
668;0.0039964267735353885
669;0.07778061481143389
670;0.0576553774673651
671;0.05372671672420048
672;0.0758529125358311
673;0.03219615628364957
674;0.05990261554525683
675;0.08733359595346885
676;0.027628994250131513
677;0.05078560717078265
678;0.04997303241750879
679;0.02780512445342728
680;0.0600151402921342
681;0.015561088016233028
682;0.08916460685004063
683;0.09045338642435966
684;0.0723610613463887
685;0.044655048005787415
686;0.01562505090708516
687;0.05291435587767799
688;0.026038515540750165
689;0.03761121968086889
690;0.004007050859327044
691;0.03471721167786449
692;0.07437317569259781
693;0.06848592771453435
694;0.07781492774849297
695;0.0921717876231734
696;0.06384253661771493
697;0.07024096290523624
698;0.0663430418969803
699;0.041197962294192064
700;0.04713971111699851
701;0.014682041036987293
702;0.016337950694185154
703;0.087358952776435
704;0.0341097965355746
705;0.05806535454144869
706;0.06520214943301623
707;0.0106649878965973
708;0.0726227105739101
709;0.09120853042589241
710;0.03060441970600607
711;0.05731077529111403
712;0.01111189442707884
713;0.05125347409439256
714;0.08240750104565744
715;0.04677617062684419
716;0.015382674393302976
717;0.02700499350400524
718;0.0888663874585327
719;0.08300396719049125
720;0.0870073556695715
721;0.029255692858653683
722;0.06101126277404237
723;0.07183216519165979
724;0.0052348300369032714
725;0.021472237304043407
726;0.02774062941758452
727;0.019803248301747168
728;0.0740387500048755
729;0.05193891090955685
730;0.016403988531637114
731;0.00750174198721334
732;0.0801854006071324
733;0.0984410863607699
734;0.0019294649541915288
735;0.0576069511261635
736;0.063904161887667
737;0.08420332357240767
738;0.09908528427562385
739;0.059995708169718366
740;0.0036213480582325767
741;0.07285148705343727
742;0.08099953399411512
743;0.049658988870668
744;0.009733584981878853
745;0.09565677295977776
746;0.057513334515877326
747;0.00520051154315071
748;0.010181345526236063
749;0.058616338777638055
750;0.09407121075080734
751;0.01903784796751047
752;0.03999089665212983
753;0.021378925713082943
754;0.04583829310068998
755;0.0847268529467446
756;0.08727713223424435
757;0.014918902289563309
758;0.035539867677976004
759;0.004940513228790611
760;0.062323100666841796
761;0.06849071752727487
762;0.0020603403513127618
763;0.010920564827215807
764;0.0363949259933531
765;0.07739433076345169
766;0.01796670461717149
767;0.008612679974590776
768;0.01463049098062983
769;0.0966774368764373
770;0.07276218920695549
771;0.013150954195520915
772;0.04685210827366746
773;0.04680209882806624
774;0.03667284493933287
775;0.0017662624904060675
776;0.016341786880117115
777;0.07204789917692345
778;0.08776615454656345
779;0.07672382483229032
780;0.046434260073315116
781;0.03574376075231872
782;0.01786234234462273
783;0.03843336772631402
784;0.0203462659891143
785;0.08931616352759131
786;0.02781028977035902
787;0.059397882974641464
788;0.08761607150020943
789;0.05876468673943448
790;0.06698860112643289
791;0.08030913434579422
792;0.037682938347018226
793;0.06496110675514423
794;0.010482935939791604
795;0.06261161013233822
796;0.087909550227583
797;0.060038393804603955
798;0.048467038477344994
799;0.024367115276308082
800;0.013955816375319886
801;0.010958581223520149
802;0.025507494296284385
803;0.03054370679428773
804;0.0621933201923408
805;0.057855420990096655
806;0.06731701979768027
807;0.07875384816868361
808;0.04386074030211415
809;0.0725203993572277
810;0.0041212005586900744
811;0.00916293020810941
812;0.04265604855948035
813;0.05158250722477697
814;0.020819715973807176
815;0.07191858475296901
816;0.060336561109516275
817;0.05350503796690344
818;0.09951159545312681
819;0.029281329947155134
820;0.046257840286675816
821;0.04074638814434139
822;0.09341273204570032
823;0.09477622045555051
824;0.07605985466758752
825;0.0005154093435302487
826;0.009297932301781931
827;0.07070174838729253
828;0.029863600704800677
829;0.015626630469732773
830;0.09884145097897339
831;0.0011053170725305317
832;0.018031365621244667
833;0.057101567628851324
834;0.023251511094480273
835;0.02001045507856938
836;0.06232449744099305
837;0.08450724816860904
838;0.08097528492907355
839;0.09367603818986676
840;0.0402976929828067
841;0.016883082730139165
842;0.03415133553218629
843;0.020143785664084403
844;0.021780520850253005
845;0.08415699765678704
846;0.008154779479868857
847;0.058031903130152676
848;0.048154018146734895
849;0.03383045648418518
850;0.09000765656314016
851;0.010965636287782266
852;0.03412176841738405
853;0.04161970221892252
854;0.07168579688930259
855;0.052801813871975356
856;0.01547294064691588
857;0.023819375833367063
858;0.08834784447990751
859;0.03930619579570516
860;0.06170845668255495
861;0.04974252988130672
862;0.033511659444783425
863;0.06719641928359867
864;0.027265824489940072
865;0.03840683547155417
866;0.09438624243503262
867;0.08766126334384133
868;0.09617574146304081
869;0.041693268055382676
870;0.020602544713758743
871;0.0928664890877452
872;0.05306456464063408
873;0.007673033345894043
874;0.04462417335400627
875;0.07984875918388046
876;0.035861414022800096
877;0.062026890020686225
878;0.07175806471608283
879;0.05536600566115111
880;0.03359360456038205
881;0.05086808471006349
882;0.004041170805374661
883;0.004991928067710283
884;0.06490176533357403
885;0.0790273641855111
886;0.09024834316810405
887;0.05736947063928777
888;0.02732465182378707
889;0.09776245112140629
890;0.07412306548121898
891;0.038289402942452436
892;0.0637399282634801
893;0.09993327266638721
894;0.02924835931136338
895;0.06324229209450027
896;0.0031275005513326515
897;0.026433223548839146
898;0.06017893968174114
899;0.03437907672981995
900;0.0009848564770109092
901;0.09720455339524506
902;0.01647244738918202
903;0.021538874784155962
904;0.004530292300449901
905;0.043069234095031134
906;0.03930300102379487
907;0.05958031977268631
908;0.09262330011941577
909;0.006560783197783327
910;0.018222292201570824
911;0.07382312978584592
912;0.029789585675877972
913;0.023098155446918046
914;0.017305849311086998
915;0.016190334404965003
916;0.0960788631005679
917;0.01239543235584264
918;0.016456318663649716
919;0.04834655870864382
920;0.02516789887060371
921;0.09692884701290472
922;0.06733370004924917
923;0.021954268636938314
924;0.059116324319510416
925;0.046614778946502046
926;0.06791933266452599
927;0.0942899199329121
928;0.009729342752811045
929;0.04405220573040263
930;0.044159509117097706
931;0.07027725039411611
932;0.07705861201853295
933;0.011471150626166583
934;0.05805113789895246
935;0.07345602328845152
936;0.042502210450849266
937;0.0672961351015153
938;0.09541664636552472
939;0.08392796478207978
940;0.08851034034218945
941;0.03452588633900967
942;0.02615294715004759
943;0.010625492260794844
944;0.0036102986636079694
945;0.006365720135223474
946;0.01450264607537778
947;0.07542672337072093
948;0.07131200078611306
949;0.09175829411231834
950;0.027994325217009175
951;0.07934309469101647
952;0.07750321080177597
953;0.02838013272369514
954;0.06622935369038874
955;0.08639441386176551
956;0.031030002780000177
957;0.09360054809453008
958;0.06473045606571214
959;0.03727726413328131
960;0.06719769494359694
961;0.07177290442518579
962;0.018483848719985197
963;0.09024486850902512
964;0.0006154107440069945
965;0.008956991732775988
966;0.01014050534997959
967;0.0689665078631065
968;0.07358130899824622
969;0.06224461591686864
970;0.051397037349103225
971;0.019670476758965674
972;0.0730189599857313
973;2.3240494708698378e-05
974;0.01962098999833647
975;0.007977829734149344
976;0.06899109162885085
977;0.09437297777773662
978;0.0756925277138423
979;0.06729148271489102
980;0.0013437381783403925
981;0.09115774299603319
982;0.07042357255961018
983;0.0790474823016816
984;0.02785333015581423
985;0.0897983837359543
986;0.02515606830916908
987;0.06096430960749092
988;0.07957759360628569
989;0.05486315625432567
990;0.07458517744115645
991;0.049216554156552954
992;0.06595395774905381
993;0.03552432605169864
994;0.08876118994881665
995;0.029183105084765883
996;0.07814205177610822
997;0.07722590332419844
998;0.0036069849931404385
999;0.04231025266313884
1000;0.07988518986866797
