1;0.05188642864242204
2;0.09926559645020752
3;0.19603893372794579
4;0.1921750831467433
5;0.028532111420530828
6;0.14927030764227373
7;0.02751914198904142
8;0.0034762556856183127
9;0.16574205230122496
10;0.051707472405784397
11;0.15269074201431823
12;0.11436709739832832
13;0.17347012993515662
14;0.1660635540898383
15;0.09948620529952786
16;0.07062941756996795
17;0.08683907710597277
18;0.1460836308230282
19;0.08067892284801373
20;0.19319956227270105
21;0.06318382283005734
22;0.03925175662683283
23;0.0802702363856269
24;0.11812413273669758
25;0.17772679393260604
26;0.10186354784759524
27;0.017487187716481455
28;0.021780828753695382
29;0.1772875763359137
30;0.02284300854898802
31;0.12717348405134338
32;0.040410198164046875
33;0.04778449914538099
34;0.0873948890340624
35;0.08066303391969734
36;0.0781873936579771
37;0.16212360610134624
38;0.02340678717628655
39;0.04714367277829734
40;0.09447751109668834
41;0.1858457014390288
42;0.16927593299263377
43;0.015479185576945942
44;0.07189006060891288
45;0.15542205298784081
46;0.15768830024217081
47;0.09007796242583524
48;0.05200433377056939
49;0.184254934720744
50;0.07406045517141283
51;0.18774379450484407
52;0.06734453363619577
53;0.14115489525885622
54;0.024478957843518147
55;0.10179826248400636
56;0.17998094468921066
57;0.14768873244356803
58;0.015619594328114396
59;0.1026939202624708
60;0.05189333848298061
61;0.0695061806999894
62;0.18600651795382672
63;0.09884048561715669
64;0.1892627397167552
65;0.036269371924907604
66;0.1111374575869219
67;0.06235859964878581
68;0.08648425469681853
69;0.14746141502224883
70;0.188776795628044
71;0.03742650619251873
72;0.1467885480944172
73;0.19249304817636284
74;0.0453487215311375
75;0.18088658471301933
76;0.1848108866631604
77;0.0692273649997627
78;0.14947543823393059
79;0.006843716130861499
80;0.1163959458546946
81;0.19450937195330437
82;0.03616037667378531
83;0.16179081329164213
84;0.048016792913121845
85;0.06755777726789539
86;0.16261837481921254
87;0.11391427958277148
88;0.17380950987880878
89;0.0028737173884441306
90;0.13430950918063136
91;0.06134044803143493
92;0.18459084666479042
93;0.1546093201526243
94;0.10769097407052573
95;0.018548369576352176
96;0.05591869599657604
97;0.06053588100513492
98;0.10179686159281849
99;0.07399099884472926
100;0.04408677578363671
101;0.0979123282488079
102;0.15488624060998638
103;0.1258318248053273
104;0.06076393117587236
105;0.048629858780064074
106;0.18797183595537614
107;0.06484028470931978
108;0.10550333323363018
109;0.17321899114172387
110;0.04280246361403919
111;0.018175719831441107
112;0.13305561978421462
113;0.0703671850178528
114;0.022230880894070104
115;0.13327282485384115
116;0.17010140923549502
117;0.12049110196489039
118;0.1418624477016741
119;0.12331520439906683
120;0.0056017089558048965
121;0.15140081675658057
122;0.1336475034864282
123;0.058426558024074926
124;0.036285373774244505
125;0.16257595711165623
126;0.034650072174223334
127;0.02386819480699891
128;0.15901374644389266
129;0.13168815221399563
130;0.17188604811737765
131;0.01121585868121431
132;0.13122985893534864
133;0.1658895646684511
134;0.1557165589689101
135;0.17653911728308064
136;0.09972837113930753
137;0.05186123007071615
138;0.16383953957885278
139;0.0958197539678474
140;0.16916945114721668
141;0.06707537269622288
142;0.06770874683787702
143;0.011776564443729943
144;0.16761421340981078
145;0.06848821333349271
146;0.06283433129494946
147;0.1311794520040159
148;0.12736942755755876
149;0.08129254441689614
150;0.0775701397944695
151;0.1819977306800633
152;0.008313541322081596
153;0.1998152570536901
154;0.06413251408176206
155;0.08974809292432617
156;0.03330392053494553
157;0.034119807807822665
158;0.0014902827361202187
159;0.19697036764742504
160;0.18507991951181546
161;0.037282536233982255
162;0.06710895712624103
163;0.07729859244737439
164;0.07296044411492633
165;0.1518101722629118
166;0.05776392392757521
167;0.19289212957884888
168;0.1008098358800774
169;0.1959096933415443
170;0.03857850986400455
171;0.09822402861073115
172;0.04940501406176077
173;0.061223685241203675
174;0.010577669085072473
175;0.020276706375938505
176;0.04062252766585626
177;0.021601284047600245
178;0.09322959977628822
179;0.19463346738354614
180;0.18023187542782207
181;0.07267149595978557
182;0.09857288759332111
183;0.13535292497287085
184;0.17248487795610534
185;0.09568440142730877
186;0.06672419066434675
187;0.04453546324986477
188;0.10134358037375642
189;0.13614749470125556
190;0.09146791318628869
191;0.09492241485714376
192;0.19378865331116601
193;0.07107604593441548
194;0.16340731485947513
195;0.10134005685418422
196;0.15842667582274877
197;0.1899631883187275
198;0.08010774443677343
199;0.1570278376671571
200;0.07379021461114921
201;0.025857073574983947
202;0.052514036278920574
203;0.13243071383860605
204;0.009273784950613151
205;0.1965253759811645
206;0.1024126717124374
207;0.05466726141758867
208;0.04693691661592603
209;0.009084045073350344
210;0.09028629304498446
211;0.11172161480996655
212;0.06414639910026708
213;0.022636411258928124
214;0.1622986197569511
215;0.09620536244411274
216;0.15870545034717173
217;0.14930191859332148
218;0.11598786419366552
219;0.11656088520542772
220;0.00799304557579672
221;0.0009077387125260517
222;0.19777118585027734
223;0.19573800157766763
224;0.19731327371893392
225;0.10055743024670064
226;0.015522899818101467
227;0.06684954333195141
228;0.14990546257598503
229;0.1851655369886079
230;0.028417450531194977
231;0.07249159570843237
232;0.05828588725949133
233;0.15532281328066241
234;0.047142112170145634
235;0.0667025004962312
236;0.009568391379725939
237;0.19684850296157808
238;0.0365910741953408
239;0.17060221112682306
240;0.07130843812047064
241;0.09954268621509249
242;0.05013442921628722
243;0.02869257022897849
244;0.0050237913615432065
245;0.16036807324538427
246;0.18638206700934218
247;0.09980263356102806
248;0.02242470541094992
249;0.08046419788251219
250;0.04989411321021464
251;0.04027574120848765
252;0.19717533453692743
253;0.09446094290930201
254;0.05390807649644507
255;0.028161740991465158
256;0.014439657951077068
257;0.029186298300496707
258;0.09487982125256667
259;0.15417678385577427
260;0.07578031782206728
261;0.013304827618345994
262;0.1144018624561391
263;0.038506109226390174
264;0.08193074854974468
265;0.1499817730126544
266;0.06557750935615513
267;0.09550841455626335
268;0.01500538104394269
269;0.1480219493173031
270;0.09281896995855339
271;0.015076583150258106
272;0.1222411871774874
273;0.009886397839982287
274;0.011410615538120596
275;0.09668497654927506
276;0.14281093018445845
277;0.018206021786748374
278;0.08951803510368646
279;0.12653862349764466
280;0.003442365331749775
281;0.03498604811187298
282;0.14301191139422845
283;0.13831377599883032
284;0.1446016846612775
285;0.07857022291571068
286;0.08317985580908349
287;0.01375273877391663
288;0.16656663018683823
289;0.02978891513379982
290;0.09803980919983896
291;0.01218986920418057
292;0.12898250341602766
293;0.1800968540410538
294;0.1358673961845742
295;0.03536529836567357
296;0.1243728570974974
297;0.19821186056202475
298;0.0607330505045679
299;0.16940558798621091
300;0.06120248729949618
301;0.04723991024838079
302;0.07259413070588386
303;0.13646002406718258
304;0.0013968228902462077
305;0.053510728178874235
306;0.17378489056563196
307;0.14178823366510487
308;0.12324241650817598
309;0.041925211961563895
310;0.044208585078456736
311;0.10944004901744615
312;0.018446765832513545
313;0.14594335750379636
314;0.05299550309547072
315;0.046688849676151084
316;0.07318864186174677
317;0.1433299316279973
318;0.10851217513288876
319;0.00018887276913115425
320;0.11821908322689574
321;0.13830854583536556
322;0.15230019672851028
323;0.00480009942976476
324;0.07320098646899896
325;0.05211980052331205
326;0.14517836165176187
327;0.18537824911739398
328;0.019515950355959967
329;0.12683940238522368
330;0.18866548292050103
331;0.0474343184176415
332;0.004887552618286418
333;0.0075443621532598655
334;0.07642793587410501
335;0.022782666124031615
336;0.0029504976465531962
337;0.08463973558979346
338;0.02429990423162012
339;0.12128208863780332
340;0.010786038769625717
341;0.04863106928371552
342;0.10988341473285759
343;0.17184519988387903
344;0.1197963791130055
345;0.12726447734752816
346;0.16297409130002583
347;0.10214255633003373
348;0.08753420194461135
349;0.017399324219570644
350;0.10367031443396864
351;0.14198327307080513
352;0.17530385080783228
353;0.033368526555173396
354;0.001057859433880659
355;0.12368883152533879
356;0.06721627450298846
357;0.13866858526216305
358;0.05723194791333857
359;0.12119583154789078
360;0.03493703825235737
361;0.17617100882160172
362;0.01194623113286577
363;0.02921130075597709
364;0.16051701097487947
365;0.01926944657918668
366;0.10948780697294425
367;0.15463415097311597
368;0.0052580830470807085
369;0.1047474472930927
370;0.09370689369921587
371;0.14885798829265795
372;0.07175038946352601
373;0.10520157349861269
374;0.15978924300874991
375;0.04274585403826883
376;0.14471658299235116
377;0.11454160318105211
378;0.18518015413763958
379;0.018373960234948618
380;0.17951853213727154
381;0.10636686026206475
382;0.08594836218788948
383;0.19766233174761327
384;0.10564948040877198
385;0.10403041473423502
386;0.06457605360668442
387;0.15301588191719137
388;0.06533232891098509
389;0.015276384880374017
390;0.0764259672687354
391;0.0800180166416848
392;0.02444947886893565
393;0.15386115606641373
394;0.013344726501071748
395;0.10816218771864515
396;0.005609464200685244
397;0.16098992703935422
398;0.013900047790261239
399;0.06371726059910919
400;0.01580433866878257
401;0.1106743108849039
402;0.09841143936764876
403;0.13555836801115947
404;0.13742739562473139
405;0.02800117610078086
406;0.11365513027630259
407;0.06995117265676438
408;0.0008588573841161074
409;0.18481790465813253
410;0.036463290587564944
411;0.12834459012885624
412;0.12938710537896211
413;0.10933230600193222
414;0.137646692606378
415;0.10094146985173036
416;0.06560745946978859
417;0.07569177449120167
418;0.09407561542799364
419;0.16822279489587266
420;0.0440891062735908
421;0.16477484922833666
422;0.10999957881952072
423;0.05377960488186795
424;0.005366796292196097
425;0.047217810560070794
426;0.18960569319124404
427;0.19887625606465884
428;0.06441074412640475
429;0.01588504922470815
430;0.015486262078874114
431;0.09123927595766233
432;0.09260609249913283
433;0.026329226342808234
434;0.0665064640777102
435;0.07008684040862778
436;0.06272431919036892
437;0.09835581464278782
438;0.017818029001345926
439;0.0740108394044978
440;0.043322485821399394
441;0.19894080836751293
442;0.1286161504849211
443;0.042644005887221906
444;0.006814199982517821
445;0.06206706836201581
446;0.04672363053182676
447;0.10102723914521972
448;0.11881288431220996
449;0.18015731370425192
450;0.17670125180220797
451;0.09459413383021748
452;0.16197878289424972
453;0.05063793632186389
454;0.06552617088471235
455;0.07505658544806866
456;0.18642393977438618
457;0.10627787510531095
458;0.027746848442100736
459;0.09197087408685467
460;0.06253482890454268
461;0.1612454930289059
462;0.1188630427784543
463;0.17561406032365287
464;0.1498191496067458
465;0.17644176057484912
466;0.10375635709722149
467;0.06445750170670013
468;0.02674562361809392
469;0.0522414942861095
470;0.061201969101923416
471;0.1590864349258217
472;0.12006411774834554
473;0.03036426302862587
474;0.06478623470196168
475;0.021265238307922974
476;0.08542890839552625
477;0.01941101686147111
478;0.158543657102153
479;0.0667103568529267
480;0.17884765490310683
481;0.03598054366855159
482;0.023055638704048188
483;0.07789644554670334
484;0.11720312245325903
485;0.08443411615655459
486;0.041709189626680354
487;0.17447026630520265
488;0.17045321488415915
489;0.03561720958716184
490;0.08352889398198977
491;0.08887721979164748
492;0.14028579879966543
493;0.15222929250543268
494;0.1570162921713797
495;0.149304004933627
496;0.1740105338435233
497;0.007479952292675441
498;0.0858727028559022
499;0.19155832124249206
500;0.04459415173661312
501;0.17166969268794818
502;0.014673915857643284
503;0.05594767269188135
504;0.14542630481602045
505;0.03244234997292672
506;0.16535713639306343
507;0.1832777515561189
508;0.1547492326183434
509;0.14717405386971802
510;0.19241607510586978
511;0.0766683498473667
512;0.05757642322058894
513;0.12312566102487035
514;0.18258841831723222
515;0.05342271745649488
516;0.0007595212196051193
517;0.010443027982864473
518;0.1410763626670452
519;0.1381558835873102
520;0.12909132902814413
521;0.05394919960600358
522;0.020050683924723825
523;0.13420433433146892
524;0.09075886271324002
525;0.07370082561925646
526;0.05085663535778047
527;0.16261557075328376
528;0.11334287648761994
529;0.0020415251326103114
530;0.05963661402287826
531;0.06086673207063649
532;0.023821712158320896
533;0.1719142856090502
534;0.08962030054809866
535;0.12297405226361846
536;0.15826561217873195
537;0.044907742879524065
538;0.06352484162886055
539;0.04795073978913307
540;0.19168842291406815
541;0.04237235567417073
542;0.17234136841338907
543;0.14215062976909118
544;0.09123647950556267
545;0.08362604194072952
546;0.009575433846428227
547;0.012926751755457544
548;0.0845034127864655
549;0.156319457774195
550;0.147390595587611
551;0.16072814828994697
552;0.016095989286603163
553;0.06483510919112688
554;0.04540532110716305
555;0.046900968692597106
556;0.19191976618992432
557;0.10739746477114168
558;0.18594462637053588
559;0.13191770472324663
560;0.046112874018660224
561;0.06191218003045773
562;0.01919959320990028
563;0.01965203399714546
564;0.18611979750621177
565;0.07230768366808969
566;0.1803774215926878
567;0.10785391563675417
568;0.054746712897148525
569;0.07452443808839125
570;0.04899791281247637
571;0.03422284228867576
572;0.009615193676526058
573;0.057698964158262395
574;0.18305583810051335
575;0.14707228253121132
576;0.04787369223245033
577;0.0009773700996982715
578;0.059934131846040864
579;0.17741246392057153
580;0.05667108735666193
581;0.04515705565423465
582;0.09877200867065833
583;0.018459138871322823
584;0.04037274262275919
585;0.04420005703391028
586;0.07221399930864945
587;0.10943144922598036
588;0.18492663642678392
589;0.10296632269447908
590;0.03813190729120253
591;0.04124440969619303
592;0.19393944734672244
593;0.15661694096750722
594;0.10675214684819508
595;0.10198055310215048
596;0.05431788513596408
597;0.06922475289188446
598;0.1886513138646201
599;0.06626687503819961
600;0.1959769936186337
601;0.0974277961702194
602;0.14774678797508561
603;0.1637358413206043
604;0.18405801568289057
605;0.17677937520871764
606;0.14358323788529984
607;0.055870932300215295
608;0.09555511196317959
609;0.006575147262203585
610;0.157714140420709
611;0.11857188244999156
612;0.07420019840373063
613;0.048109280775436906
614;0.011670050460422599
615;0.13703112376665535
616;0.06559773301205411
617;0.11699759708348392
618;0.1181028706410598
619;0.11154946021899846
620;0.15888988794837636
621;0.05723952041705203
622;0.021893660097498626
623;0.024833824611525748
624;0.18407957737574243
625;0.04185813177498017
626;0.14777036216975192
627;0.018491086699892946
628;0.11534826727984325
629;0.15823974051838496
630;0.0979343610369899
631;0.054357279524542904
632;0.16049426121531338
633;0.16009429088893695
634;0.0471715895862809
635;0.09565206427716977
636;0.027557229797338434
637;0.07309458584191744
638;0.02385705373264382
639;0.017042565857781456
640;0.1873056574729018
641;0.057093304942502116
642;0.08761088072217911
643;0.0174124596806146
644;0.028058352077570105
645;0.05237270196690385
646;0.1494890329206312
647;0.13233420192820844
648;0.0050643393555597
649;0.1794588249859126
650;0.10733307852501005
651;0.08409742106504275
652;0.0025929250472478405
653;0.16896733264656025
654;0.08153976360557727
655;0.1491761951849513
656;0.09075539993000158
657;0.09310903093507186
658;0.1234619653118339
659;0.12396094369385864
660;0.1608470514581175
661;0.06377390322790753
662;0.19184645644474602
663;0.1395088165290148
664;0.03327335847972548
665;0.0592441123746023
666;0.14006420521574853
667;0.007927855104589598
668;0.012419574846649817
669;0.051997407693446254
670;0.037463328868712134
671;0.18599535496225011
672;0.11754735979515396
673;0.09506521227461595
674;0.13994431910745467
675;0.1288414472531504
676;0.11772402683708555
677;0.1623784661670854
678;0.14290083746557675
679;0.021008659209577996
680;0.19487629113073562
681;0.059604050987431934
682;0.05989355527703713
683;0.08956303923682277
684;0.09542156902321475
685;0.19178245016943257
686;0.18376585840030646
687;0.14306315534238742
688;0.16642569871362534
689;0.07210089325463769
690;0.0295408346273238
691;0.04559575024540244
692;0.01903616731821365
693;0.044157724964565985
694;0.09863533863079457
695;0.017109570804661866
696;0.07478228889774328
697;0.01886379473805322
698;0.19402318930782692
699;0.19920194253718482
700;0.08025908796149331
701;0.15243625485119458
702;0.12222186247807365
703;0.16376970813167369
704;0.026125882576081463
705;0.16361565506502884
706;0.09420097503882818
707;0.148352931864261
708;0.17683476754796754
709;0.07595136735852988
710;0.17413144996499688
711;0.0978419869618754
712;0.04033638555529522
713;0.004193748348097804
714;0.023202117716472626
715;0.000722695430971343
716;0.05766633669522268
717;0.011727131679734094
718;0.013597072372029962
719;0.11786885541102426
720;0.010486940848721772
721;0.1546271616492315
722;0.1383062462298321
723;0.086526313254896
724;0.11058884337206272
725;0.18685189210197156
726;0.11933505722356175
727;0.09950728426499456
728;0.16172989187982506
729;0.1326546227691394
730;0.1711256011630422
731;0.04371696757463035
732;0.14424472294938837
733;0.12997979359724074
734;0.08133599996579353
735;0.026663099912425037
736;0.19856420573002173
737;0.0639083431734423
738;0.08605818364156093
739;0.19519253849343046
740;0.1703780968280443
741;0.03824306925600021
742;0.04336067022894226
743;0.06895772705304433
744;0.062183879949006274
745;0.08658496210348794
746;0.05026334323137092
747;0.08859014425808028
748;0.07418101878668015
749;0.09869522734841668
750;0.15783412674419217
751;0.19016663135157033
752;0.05485283120352549
753;0.17364957913006648
754;0.1747955804198478
755;0.05413391437698565
756;0.06086765148221525
757;0.057780984672606506
758;0.17657085536946915
759;0.1309333523278972
760;0.08963705654330359
761;0.006453431961117384
762;0.1310615328001625
763;0.19270832932634996
764;0.12233571204215239
765;0.1065362135797813
766;0.05990714319079023
767;0.040614912211380944
768;0.0178361945391859
769;0.04228822804649546
770;0.09249493383199413
771;0.09012452009437394
772;0.010049978664295378
773;0.07679651956159216
774;0.058224819111943195
775;0.11775656133344624
776;0.17442185658495896
777;0.045149947418126814
778;0.08438257234649976
779;0.06537481325825263
780;0.08530623510275986
781;0.07512250070438245
782;0.11139267016656784
783;0.07143132224788687
784;0.12099653059141291
785;0.14789382465962606
786;0.19641674799128483
787;0.10555203160065235
788;0.10287659983534272
789;0.14862201515007387
790;0.17292568216554594
791;0.18494861947438868
792;0.12018296403217593
793;0.17346304552958342
794;0.19976829656211947
795;0.05365650494171046
796;0.17781347607079978
797;0.10681554750791376
798;0.05581959531152536
799;0.1290439503680906
800;0.048030962481335315
801;0.09423402512280686
802;0.009080534969756715
803;0.014171940882510059
804;0.1760072512372008
805;0.12565634808344808
806;0.06318587769476983
807;0.12307501218120065
808;0.05362745651683479
809;0.003789851013979173
810;0.15766531787503707
811;0.0698068343356957
812;0.08805499340871235
813;0.12832402539449939
814;0.14331176970846898
815;0.004867126255539889
816;0.037837823055180825
817;0.012372104586149346
818;0.06982408598568327
819;0.0577039320152917
820;0.08197196641847547
821;0.026508556093197955
822;0.10540562808238291
823;0.060903957550863176
824;0.09189367540266298
825;0.14304319072928282
826;0.13298951298791684
827;0.19125860895949437
828;0.08429919139055864
829;0.02816066145289955
830;0.08713172021194611
831;0.1914630895912726
832;0.12953167408386282
833;0.19668276993179176
834;0.05962494104473107
835;0.002790612534906556
836;0.12731982116145077
837;0.023824032266887007
838;0.16987012848095878
839;0.03638402756110106
840;0.00464627481229305
841;0.03355070528446891
842;0.11205260966473703
843;0.03715168957539932
844;0.06942579572178756
845;0.13644892789366478
846;0.016904352666395717
847;0.113387177585234
848;0.17684991078391654
849;0.1378893984601299
850;0.03246402382565701
851;0.05484731503595502
852;0.08881256361893504
853;0.14299023741650913
854;0.062283209894064134
855;0.057700071831664285
856;0.07405265632675069
857;0.03876595314792657
858;0.07759491891954456
859;0.06376162680152957
860;0.16641824007523914
861;0.15670423782889473
862;0.18922369170533535
863;0.04931158667363336
864;0.0862822764421247
865;0.15495160393354435
866;0.14889016551438428
867;0.17180275515016644
868;0.19299611244149728
869;0.1439621164299346
870;0.15358666473877236
871;0.06302919917291752
872;0.1402226557998551
873;0.036243400365108494
874;0.18472203791431094
875;0.14783784131614922
876;0.16427580999186694
877;0.14322973544696105
878;0.13280703103141744
879;0.08825640696804925
880;0.05411443056962615
881;0.1201203101662922
882;0.07420077644885728
883;0.0466835024668733
884;0.17155278935617305
885;0.1445697686287497
886;0.1978179385466324
887;0.15235911152530823
888;0.04296782007127675
889;0.06785683739911035
890;0.07175933886519888
891;0.18118213149948328
892;0.14672170936695353
893;0.08121709360565661
894;0.12622570804150973
895;0.019043774141250913
896;0.02826812056211239
897;0.19928385194661438
898;0.010172251408336198
899;0.08780905103480603
900;0.07060646954366459
901;0.19866225950552407
902;0.04690370778287459
903;0.04358217057272647
904;0.1843808245265399
905;0.13701594874695994
906;0.05528852714737285
907;0.1874087294725326
908;0.03116277039392297
909;0.18407309390157137
910;0.10829287984867714
911;0.08867056032542031
912;0.05808930278616109
913;0.03400567085599591
914;0.12423475503336223
915;0.182542256320762
916;0.05199675290965231
917;0.13167816127199988
918;0.12740509322225452
919;0.16631540873644346
920;0.004735080357184729
921;0.10705946570482859
922;0.0009233721759454028
923;0.1970252694665782
924;0.01565921689309151
925;0.026965687496880178
926;0.14446241334628293
927;0.040313607113030316
928;0.1224754816581693
929;0.12332630425242166
930;0.03275068920798179
931;0.1514520600476369
932;0.1743633268043285
933;0.06806127182176927
934;0.14681857715645205
935;0.15900421824390112
936;0.19183476841170974
937;0.04505433826867167
938;0.11296362718313675
939;0.17591402699616035
940;0.09869593292342392
941;0.17477015378329996
942;0.163592671804751
943;0.1390117986349737
944;0.06622333576855902
945;0.17738032163494266
946;0.177511519907681
947;0.1466987196997855
948;0.09833368659587867
949;0.04775852472787865
950;0.1864150983466132
951;0.04353033147027055
952;0.166832191291537
953;0.1719986505977216
954;0.14378275448795438
955;0.04322320785538243
956;0.010671056610827456
957;0.03609994683864624
958;0.009797298031109337
959;0.0741409891811071
960;0.13727174834735004
961;0.048140326934280345
962;0.0904343195603383
963;0.17258558550963557
964;0.07012171947741773
965;0.08733799036240725
966;0.030006645292687262
967;0.06299172831581756
968;0.01004172248730728
969;0.15682766497440903
970;0.11695929537034074
971;0.07188320450559434
972;0.013594742518786895
973;0.06774198991779357
974;0.07043812903186074
975;0.16522809569069116
976;0.17191574107027574
977;0.08951526231344993
978;0.039490459972409075
979;0.08519493756876478
980;0.060130908330170235
981;0.031900291414696746
982;0.173721806022781
983;0.16280034914655808
984;0.07957011571732489
985;0.0314031508994401
986;0.1796135472879169
987;0.16431330578426218
988;0.04681371386963278
989;0.010535083036758965
990;0.056913461141849746
991;0.0007823973516532857
992;0.14182724040040845
993;0.029498208584115226
994;0.11652340818652106
995;0.0493188717425862
996;0.07001221873243
997;0.02533809324614189
998;0.07138637326049424
999;0.17238890571884014
1000;0.15632145485414722
