1;0.07620346217266993
2;0.024046847185774656
3;0.17185799742628705
4;0.12476787987222249
5;0.16036506582051496
6;0.11965241508414724
7;0.09731593133384644
8;0.02772094260568303
9;0.15993314430820882
10;0.011379608809803932
11;0.05228116504393474
12;0.19998490010483205
13;0.014956540857198754
14;0.16733865292170771
15;0.08061541676724387
16;0.1016366442627234
17;0.11044069181991595
18;0.11874723747712022
19;0.020541316111965014
20;0.1458446455795991
21;0.09815515239124926
22;0.042093758231361904
23;0.15340267662803792
24;0.12399895249267544
25;0.06968660797654176
26;0.02407496306348611
27;0.09758852251013349
28;0.044848497990522845
29;0.12432769216028366
30;0.11278070923409217
31;0.18270774683068547
32;0.044394701791722495
33;0.1887382909727938
34;0.03494840848364
35;0.13217205468556933
36;0.18473038711190376
37;0.04638794960861639
38;0.09485515813965346
39;0.01522779524185245
40;0.0774805519469817
41;0.0700953854467911
42;0.057701875467772216
43;0.10943987789580661
44;0.11069237963981614
45;0.012109030147236655
46;0.19442051617619774
47;0.12923975932660767
48;0.1512717368941096
49;0.018812728136454716
50;0.12427029537997608
51;0.16810583308511423
52;0.007903268899510164
53;0.1414685981940381
54;0.12670836284653206
55;0.11511097929762755
56;0.0082545189098989
57;0.059731521038462465
58;0.1786563758715538
59;0.14006015112128242
60;0.16686637597400486
61;0.1784380117111395
62;0.1979527716499898
63;0.19213364449304313
64;0.059339746097748704
65;0.1772314934912812
66;0.022947678283834084
67;0.045613857238573564
68;0.10317481844621859
69;0.18650013150226932
70;0.02833030791298019
71;0.18239841121780428
72;0.11409479873334064
73;0.0812799466793462
74;0.03922429092998554
75;0.11034254183200742
76;0.07051425205672583
77;0.16598103370557526
78;0.1564716920615034
79;0.04440224874294692
80;0.012928477554585704
81;0.08469954392835877
82;0.026916170626809066
83;0.11487459944604515
84;0.051327952969109886
85;0.1635371421311835
86;0.164487773036896
87;0.1311023962010158
88;0.005486135975444984
89;0.0714820135657515
90;0.1633748941760333
91;0.10579895780370503
92;0.026129879645236855
93;0.195536541727583
94;0.1471941448426754
95;0.13395427636973686
96;0.15607189738206606
97;0.005505063678994504
98;0.016907123071722218
99;0.15209789087952827
100;0.12129503910310302
101;0.13709935577869325
102;0.13875465934437997
103;0.007095613437874149
104;0.10025909655806467
105;0.13126087412356063
106;0.18444733871896868
107;0.024047481533102235
108;0.15945591898463907
109;0.16608868374629338
110;0.10636096953231376
111;0.1362382134310468
112;0.12462897671677416
113;0.044919758121423306
114;0.19856412987435346
115;0.14698349078304382
116;0.03994290814488444
117;0.04364233730260092
118;0.10044628411986217
119;0.0036335407579021206
120;0.19540863420740243
121;0.016051581184928356
122;0.1292127878996545
123;0.1848219113153906
124;0.07213158955690728
125;0.057621365688881855
126;0.11491477250535331
127;0.11965464223560858
128;0.16012430596639893
129;0.09121762145725294
130;0.14751521465598977
131;0.017466293044126658
132;0.1973938585704941
133;0.16027905230488057
134;0.052778762241514565
135;0.14902502380948188
136;0.13118960637507338
137;0.12368604601707917
138;0.05157754264219712
139;0.04472992944284964
140;0.07752977685610668
141;0.05710375853817376
142;0.14125389025636384
143;0.08569903846588896
144;0.06059798323774262
145;0.01782192489029859
146;0.16193612605375826
147;0.032000754345957394
148;0.04050373637053897
149;0.0587386943919495
150;0.13295726072376507
151;0.17211765730404857
152;0.15148771684992307
153;0.10361394801916837
154;0.1396216310042869
155;0.15066630117914317
156;0.17853995222777264
157;0.02174394384727847
158;0.16239953198062185
159;0.17708017899020234
160;0.12129154332952792
161;0.13681432069142346
162;0.10735662495596493
163;0.07061508781052757
164;0.12516448359929125
165;0.06323622474107618
166;0.1975151572489746
167;0.025511651655276735
168;0.1054117476695637
169;0.16270934161608833
170;0.14506342458486238
171;0.054700368894731205
172;0.15378442369093
173;0.13688437793270278
174;0.08386542512260152
175;0.1833352807059914
176;0.01708309301872075
177;0.07368001676898557
178;0.18293139405473868
179;0.1237635385091776
180;0.10638791673903623
181;0.07167881422526737
182;0.12339421606189063
183;0.19872389609912328
184;0.029129029331346847
185;0.044111781630706615
186;0.10012595283326647
187;0.18730218258436396
188;0.07161827321630754
189;0.011134657230970358
190;0.11705700166969979
191;0.1800029481175746
192;0.04942144461885121
193;0.042933170021727945
194;0.1475178858861804
195;0.1434024584474
196;0.1276150946877263
197;0.19107032122748618
198;0.19627701304649695
199;0.028265564941700985
200;0.1575980987751648
201;0.02485089026990608
202;0.1806214468846072
203;0.060226890612791184
204;0.02843938805456561
205;0.030470559473734206
206;0.10968567803926028
207;0.10891135736644514
208;0.005926168462197734
209;0.18776499109878375
210;0.15253612344164016
211;0.01989748263545379
212;0.1659024621709256
213;0.021755479465795636
214;0.005637521507154486
215;0.11647804412693448
216;0.19991648975417206
217;0.07275084141791432
218;0.10808146175765446
219;0.12399713507867077
220;0.09602809833331881
221;0.19164888000752722
222;0.1992752433923682
223;0.006999647886025429
224;0.12869155533472834
225;0.1900206128310175
226;0.049953245177302735
227;0.03938583572270296
228;0.11688902941274537
229;0.10136910546678801
230;0.049584461730912605
231;0.06036814980470362
232;0.094519083279065
233;0.13825238891515076
234;0.01583323157312069
235;0.1444142313083948
236;0.08434457228255327
237;0.02600164737452586
238;0.14848245035516905
239;0.05866021998284794
240;0.04847003770849141
241;0.06483249411538645
242;0.17298157134268533
243;0.14050407627923878
244;0.13439576206814
245;0.18456668059911385
246;0.12005718029873141
247;0.03107022650086493
248;0.04406324879450101
249;0.1763057423112322
250;0.025553166945269414
251;0.19413385239987474
252;0.09674892786584124
253;0.11726503626366219
254;0.024837938199510457
255;0.15549165609664958
256;0.1461751367691558
257;0.10381298176790694
258;0.11085051097452213
259;0.08782489746354441
260;0.022980853752952824
261;0.042106679422783636
262;0.15833672688286898
263;0.050980015411619256
264;0.043972612275508
265;0.07678998810474752
266;0.09557336729299873
267;0.021790326902596704
268;0.13559168454919024
269;0.008695467658329648
270;0.1858852208167327
271;0.007323951560538578
272;0.19341102601877974
273;0.1347269953524368
274;0.19597011622868962
275;0.04364405184920304
276;0.022384664702014348
277;0.1887540590706189
278;0.19319429074420322
279;0.12153616355495073
280;0.06077296906819592
281;0.1610802875188982
282;0.07110994815691032
283;0.18254004380691433
284;0.01642374865570331
285;0.06231033623924059
286;0.07302744732976303
287;0.035319105112730266
288;0.05641739781416939
289;0.08060707893179542
290;0.04427890632376794
291;0.1969156160107549
292;0.1126084633912538
293;0.08423050645333635
294;0.19102538624292303
295;0.16591156101730498
296;0.06602613917248278
297;0.13696615185613795
298;0.08498340821330973
299;0.1410183771005781
300;0.07823736339714038
301;0.16792672554979848
302;0.15314958209847052
303;0.05920376340078866
304;0.16955809662602034
305;0.1869987377329443
306;0.18870579700747758
307;0.19696770633151467
308;0.0016453827653824416
309;0.11734242572965299
310;0.04609795795526517
311;0.06997837696469578
312;0.07301439012857598
313;0.19900213906342765
314;0.11461206467750987
315;0.05949375844633092
316;0.19897951344487985
317;0.08454201057968312
318;0.05559290700807667
319;0.1916573376148262
320;0.18927047057899948
321;0.06653536636841013
322;0.09124418092087382
323;0.18001992134521755
324;0.11426415907530701
325;0.05656247108058321
326;0.19789815319483664
327;0.06735739748526066
328;0.14525768723703053
329;0.055192155198741655
330;0.05631507896863999
331;0.00294478805948768
332;0.14866953798245308
333;0.014062924329905302
334;0.1524945372168296
335;0.08268470923511002
336;0.07153335698531263
337;0.0690499471185041
338;0.03143331739138977
339;0.11118601792885736
340;0.046656945454683976
341;0.1645719560744672
342;0.01045492961553407
343;0.08735337024051773
344;0.07666399991217172
345;0.13149622164298128
346;0.1856536852623588
347;0.049831822477485216
348;0.030129481625653876
349;0.13192706974811141
350;0.12366567469373016
351;0.15626944119279265
352;0.19623326272212896
353;0.14438665686039986
354;0.09538821486573064
355;0.17101185401778374
356;0.11466296256652078
357;0.05538802648600567
358;0.036653929993306654
359;0.008620696379731242
360;0.18413730812436171
361;0.10103025942568927
362;0.13951647757022162
363;0.1824512217204608
364;0.19198213163553277
365;0.08743466570728693
366;0.017159435145856407
367;0.15695945804233727
368;0.10884594562719903
369;0.13709848786542544
370;0.04946241320007094
371;0.06973021412762406
372;0.18714513321433282
373;0.08538375327776959
374;0.017497996392581185
375;0.027335763584913367
376;0.09739807183238638
377;0.03063100867775086
378;0.06737842302999748
379;0.14614842512270587
380;0.173182698878488
381;0.06436205977203158
382;0.07421131538112151
383;0.11859642108104665
384;0.05504606711910601
385;0.10238872246981466
386;0.19842377209834428
387;0.0906740584650019
388;0.03905275254663892
389;0.12178089214759408
390;0.0188784940495929
391;0.07533424417389081
392;0.044798365453776336
393;0.06718879752665456
394;0.031717808684230485
395;0.09533479045492298
396;0.0655616186870224
397;0.04460819923217492
398;0.1613279116015193
399;0.10655571617960627
400;0.1356159802252623
401;0.08344220706073815
402;0.11877736903990282
403;0.099875607485706
404;0.06044044356627498
405;0.11977501245326297
406;0.017422478157348098
407;0.11894653844570213
408;0.0028616759111277147
409;0.17333962314917276
410;0.09450012639868054
411;0.029845683914757684
412;0.0863119289312494
413;0.1780671556011284
414;0.1495163862009172
415;0.188619144539837
416;0.1729700586700331
417;0.11657386055415977
418;0.10285803045028877
419;0.004196677336871235
420;0.06506072163322159
421;0.1816687211579423
422;0.10958768148694609
423;0.1858441809871686
424;0.12759408395868457
425;0.023097695716530843
426;0.01437213542161675
427;0.15794031663087138
428;0.14947576023246142
429;0.12689062490781133
430;0.048222487667357844
431;0.01376446695631568
432;0.05971982561727303
433;0.03603151848152913
434;0.1998233483700159
435;0.11842841787114809
436;0.06254122216682108
437;0.16933916972971466
438;0.17705763616578285
439;0.0862992779400897
440;0.10723538849690417
441;0.13389269536949625
442;0.12703746988032757
443;0.007947384218859477
444;0.10195531081996928
445;0.037881469232186785
446;0.13512098041175488
447;0.05010787878433414
448;0.09965012800511275
449;0.1948939469640467
450;0.1305483962311913
451;0.13689628542713145
452;0.1027571927853708
453;0.026652214281001996
454;0.055524125600678924
455;0.062279150121837136
456;0.1487325926191216
457;0.08463142185226727
458;0.12379406937557236
459;0.06389774960467774
460;0.01027688907091373
461;0.06079861358152652
462;0.10849095913531387
463;0.10958537556024317
464;0.1002163923168294
465;0.14213405046763514
466;0.06789205072840986
467;0.0968057666919908
468;0.007211118735193112
469;0.1502474887839706
470;0.007738469338113396
471;0.08855645053726546
472;0.09048657915785274
473;0.16601970114225906
474;0.16565421487454957
475;0.1066433737989354
476;0.15905396935384641
477;0.1695710067935988
478;0.14404003994904116
479;0.021826002233979593
480;0.19173972256715227
481;0.023222443909856706
482;0.19087468013007616
483;0.02769961925799811
484;0.11761082123460323
485;0.08194066966488152
486;0.1434154005059587
487;0.16747076061645916
488;0.017186564873919143
489;0.14257159644377512
490;0.03337362718039525
491;0.12670028101953532
492;0.18169731411548853
493;0.1365192292766489
494;0.19691868875180793
495;0.0011488006078626879
496;0.11085618983809507
497;0.11256983044060134
498;0.16173842392200036
499;0.05971208562692152
500;0.15616536399240477
501;0.003316483851028784
502;0.18045784031464193
503;0.18237601312801333
504;0.06951305848437168
505;0.17807527808915635
506;0.06705960262135982
507;0.1353188777602835
508;0.09426898061780889
509;0.11247354467538094
510;0.082265718434356
511;0.18873964743233496
512;0.027161382364858967
513;0.017825796380484094
514;0.148840469249486
515;0.13767111319527756
516;0.19173641217448076
517;0.13102305057813762
518;0.055613441792320355
519;0.08952630473411526
520;0.05282527660932517
521;0.07244159408586358
522;0.17535224512145262
523;0.04304528151334062
524;0.08990904809161063
525;0.004851689264840742
526;0.17936280799989388
527;0.15019336562083208
528;0.06279234095806503
529;0.13043826541243597
530;0.09460643411420329
531;0.19752233764369376
532;0.1435471983749037
533;0.07738627974243689
534;0.19548471446644933
535;0.193854210120735
536;0.04318457367595885
537;0.14501645281017447
538;0.10537114433653215
539;0.08657838885661027
540;0.187545107758084
541;0.19143785781187658
542;0.11657343886086523
543;0.015997568548642583
544;0.013388352008564386
545;0.10170980437091909
546;0.08666137733074336
547;0.06315219097283002
548;0.14827279350955833
549;0.045316995196543246
550;0.1895817823183381
551;0.13396452727855201
552;0.09427256444798991
553;0.051932861536545506
554;0.17012590554944007
555;0.15638604161214983
556;0.19408574673163057
557;0.03472655996157403
558;0.015987865628871157
559;0.15188828713965571
560;0.07713271166084666
561;0.07223985360364031
562;0.08092204771306688
563;0.1725108860916551
564;0.17649628598794434
565;0.07909633579633749
566;0.1352211698538993
567;0.12496826184995112
568;0.09198310327943456
569;0.05336885371890714
570;0.07589055401299194
571;0.0848140910747989
572;0.11217003573018908
573;0.1304029668865264
574;0.17536795332568123
575;0.10222784676033903
576;0.14239780699843374
577;0.1367485638636663
578;0.1261601869335463
579;0.12817446967915427
580;0.1623182172038654
581;0.003000095775018963
582;0.1792351648714085
583;0.023405869290975923
584;0.07638296482374936
585;0.1846335851031659
586;0.005569510134309819
587;0.052372461586383826
588;0.06676565233643579
589;0.17071007189963872
590;0.018713710966660035
591;0.1228632120351127
592;0.15753664683198337
593;0.07628983921693125
594;0.15185653236767563
595;0.1706679007143299
596;0.12498376849929421
597;0.19706395601098906
598;0.07056001248370518
599;0.09349730879989837
600;0.10847225381463693
601;0.18395266065559834
602;0.07224381576612096
603;0.09656787664104832
604;0.1885316434479597
605;0.014630499963248368
606;0.08358653942850276
607;0.10801642266006224
608;0.071094773755612
609;0.14933608140078422
610;0.06992615182748108
611;0.14907218555376686
612;0.16642541537494204
613;0.08380828318593614
614;0.16918608807718583
615;0.01681036555135187
616;0.05949112873947602
617;0.12530029962692965
618;0.06910213798128254
619;0.13672101177072674
620;0.01281564527586383
621;0.06529935599352203
622;0.014554451580429917
623;0.12397837632334163
624;0.10949039626713522
625;0.07379825439900815
626;0.1841124192719974
627;0.06254414966592692
628;0.15968602662545844
629;0.10795698126996117
630;0.07260704841128396
631;0.08062259961038709
632;0.187653614540118
633;0.026667401218853606
634;0.04653047296697404
635;0.0870541016332562
636;0.1049210580402205
637;0.0012777740129954918
638;0.1112928109955319
639;0.0809925840460854
640;0.06855688721513913
641;0.1549454185853344
642;0.0801853219029838
643;0.042993666338836015
644;0.130322176784821
645;0.004943727366826356
646;0.18596996182097447
647;0.13611700335835927
648;0.015425039069860924
649;0.09688863029951314
650;0.11998010788696328
651;0.17021483637055146
652;0.1541271454762535
653;0.11709941886546782
654;0.16557544214507636
655;0.08911682095668878
656;0.13545879054168666
657;0.10626178962655285
658;0.05273618797526558
659;0.19293534665716333
660;0.13768980599847178
661;0.1273888775733006
662;0.07454851700121527
663;0.015318828167380083
664;0.005051511516219032
665;0.05022563439550205
666;0.003439625248616185
667;0.09514060914185381
668;0.0007710710101254348
669;0.17911844113041478
670;0.03180682012849632
671;0.10557878640345278
672;0.19854424090517597
673;0.1728343501698976
674;0.18131293047449137
675;0.19414857511403005
676;0.17307233349952428
677;0.08690198891710742
678;0.11167457148546467
679;0.025041793765678055
680;0.1384673671651415
681;0.19134546654908632
682;0.022568641923005475
683;0.04777734487915624
684;0.06815852385689432
685;0.0560468850606533
686;0.15016602138712376
687;0.045530001328331786
688;0.01774572469523086
689;0.09568455168144713
690;0.13803282408389422
691;0.14469899032932482
692;0.157150180842425
693;0.15572798990834077
694;0.13959089108285522
695;0.1499969014638239
696;0.14201576177763875
697;0.10875023026380011
698;0.1580261713228618
699;0.12895912252274025
700;0.11565757461184378
701;0.05662114102669407
702;0.17519627316431846
703;0.191701770616039
704;0.05964201984203202
705;0.18023346609752097
706;0.012031207079084139
707;0.1243073939621441
708;0.11332954335266454
709;0.14776920779033795
710;0.0012953948202799827
711;0.12138549569063223
712;0.1995549427088856
713;0.02536425416653636
714;0.1515376719568393
715;0.08090782757336622
716;0.18287527740359422
717;0.19186591943242592
718;0.07043077241965201
719;0.13337681085410447
720;0.06968019627445443
721;0.09785606787236062
722;0.03643307594451455
723;0.15841337231508826
724;0.17552568014607503
725;0.1137847667246348
726;0.019923379412922704
727;0.16583990627766815
728;0.025101721104813103
729;0.10400698816712789
730;0.0892598021071851
731;0.18367621357240518
732;0.015455413984979316
733;0.02544025782375512
734;0.09923110947000252
735;0.06076541029616778
736;0.11257195798004059
737;0.03688678428262961
738;0.08948513495679687
739;0.025832161794897203
740;0.19950002903899514
741;0.1030793682838773
742;0.09204343486753402
743;0.03815437268887692
744;0.18186215020542176
745;0.06872064547136424
746;0.08133354569356284
747;0.0413772591509618
748;0.13443464007288816
749;0.11804565451589544
750;0.09788841391595474
751;0.07130082282080795
752;0.10030729359595936
753;0.004199237739299955
754;0.09678618424376309
755;0.07135199290453112
756;0.18843485802206045
757;0.03365332893817621
758;0.16039416751261618
759;0.07206415731551521
760;0.16281971415108132
761;0.14201150747307065
762;0.12608329237470664
763;0.07934816490741581
764;0.14403251972457398
765;0.10744052088493022
766;0.0689924638302953
767;0.1955016144864009
768;0.0622726905230731
769;0.05103589369294377
770;0.030690250457642065
771;0.042453296247423646
772;0.03362849858244506
773;0.022331693765490004
774;0.1432555406540756
775;0.12760398523231828
776;0.04454862784585006
777;0.05890521460207339
778;0.08609315613879616
779;0.17744638641464883
780;0.14374963357561663
781;0.03206774432064843
782;0.04735052264729925
783;0.0382396662541401
784;0.03579001625092631
785;0.16658151684054115
786;0.19744371569772431
787;0.045992853560674285
788;0.01941910529877382
789;0.1310763878020217
790;0.10791679465713305
791;0.12468368575180076
792;0.12850514391956447
793;0.03945068337521776
794;0.03720520459635908
795;0.01212551297959763
796;0.017249292886892677
797;0.02878604469667967
798;0.01679751483577927
799;0.1674866843143329
800;0.12008360078018179
801;0.07479884605338998
802;0.15055440331616957
803;0.003459456784767423
804;0.09563450173186644
805;0.1655190003426402
806;0.14102490053269445
807;0.10128079214806206
808;0.0828083752009473
809;0.11968766669592484
810;0.04121070332403365
811;0.12176715597510102
812;0.15490357455191017
813;0.15208251955889726
814;0.10674008142103149
815;0.12885653808405226
816;0.17825963036785442
817;0.04301740373703991
818;0.09510115500415905
819;0.009726098284367192
820;0.1420744012292707
821;0.026936974374793324
822;0.16020275228775796
823;0.15160676110877203
824;0.030509351550890764
825;0.09313603740374987
826;0.01329176195114219
827;0.1937269918489922
828;0.11056644946103747
829;0.06350772511686674
830;0.0916239167019414
831;0.09592846614042612
832;0.0502309888329801
833;0.025920840204647445
834;0.09876840873815168
835;0.05810904189208069
836;0.02770729800892724
837;0.15360753771329175
838;0.011057128734327116
839;0.1320355495486907
840;0.056387074955047356
841;0.006040535078335641
842;0.02420793039760514
843;0.08772906527994051
844;0.029576606167677946
845;0.16964470166212
846;0.0066473381299318795
847;0.03422625226735907
848;0.011484447055331493
849;0.0937014911054303
850;0.04058814599020053
851;0.06307970893423234
852;0.050994967254778256
853;0.1308724725767176
854;0.0626289219891093
855;0.12251168939468578
856;0.1786475805121318
857;0.17751643183648988
858;0.001004104213258339
859;0.049197276797775524
860;0.12791042958280138
861;0.11280695635362979
862;0.02367878592069188
863;0.03795869938878585
864;0.15450315760245675
865;0.018077708795287428
866;0.15269186261414003
867;0.09845159215089959
868;0.1417341184863638
869;0.06672795381416319
870;0.19485340933112047
871;0.1544648243561031
872;0.04389981520156361
873;0.07479642474735464
874;0.010285390621548186
875;0.1335911402476374
876;0.021890011629058948
877;0.09950349531415625
878;0.18086340937218376
879;0.1999331682041643
880;0.17273147694251723
881;0.1626207079683094
882;0.01949921138365649
883;0.18863588780358898
884;0.026701383862931194
885;0.15728185436207548
886;0.0423597425064362
887;0.1471474124474237
888;0.0705483668409178
889;0.08580883221318202
890;0.037592212885309784
891;0.0840566855930935
892;0.18080464431961862
893;0.14130558327576376
894;0.052299775206036264
895;0.016031143905523938
896;0.05774441803814521
897;0.04315782097386403
898;0.10723990703975697
899;0.15135714321081545
900;0.1702389367452019
901;0.1177723109978448
902;0.11366564285596872
903;0.03065703558776598
904;0.006505448971155726
905;0.17978906148184712
906;0.1093962664388834
907;0.007665993319287901
908;0.03661055281725039
909;0.09534512331735286
910;0.11594476919336615
911;0.13213108195089035
912;0.05383586299678003
913;0.09528911556174519
914;0.1504940621564034
915;0.11365642067629432
916;0.017956894724923678
917;0.023548869215751903
918;0.12796134498610054
919;0.09533768793257161
920;0.04490610099516856
921;0.0345812071816479
922;0.0158041151101475
923;0.08643780927261487
924;0.11271928921406318
925;0.18881931608679736
926;0.033121680924146
927;0.16723330768605627
928;0.05135468308075675
929;0.11353415686066555
930;0.16579685706040684
931;0.11593502013900292
932;0.18983103230465975
933;0.15052205753319992
934;0.040085670167110156
935;0.11621246383243367
936;0.19508092410253183
937;0.08966877759124002
938;0.06553347700850058
939;0.016938543981112743
940;0.179333054300299
941;0.09302388151386792
942;0.03479144239983887
943;0.16134877861676813
944;0.10017715422180351
945;0.16496464514205458
946;0.18857278367521546
947;0.04450179056315043
948;0.02413099315656895
949;0.18442868310153104
950;0.13332400499110483
951;0.05811275791154174
952;0.08316811933225786
953;0.19779757901303707
954;0.08066546159866819
955;0.09226393228155308
956;0.013613779042766528
957;0.049008842949433286
958;0.011471384547493814
959;0.09281209932521708
960;0.03645429348839
961;0.06219824384676407
962;0.056372242028844034
963;0.08858890046291368
964;0.06846992108809578
965;0.19298829789372882
966;0.11818764511682776
967;0.0917809734192316
968;0.021435668178780332
969;0.17241904642108774
970;0.037005066409389234
971;0.049566051169156404
972;0.028341083077431994
973;0.04487411643363155
974;0.18655610565176048
975;0.05054204687805075
976;0.05014644401919133
977;0.11010772568450491
978;0.12801961835699635
979;0.021867005680894194
980;0.10461460616716951
981;0.06475916866470215
982;0.09869372145722043
983;0.15528115795547137
984;0.016708044161434323
985;0.13773231002986575
986;0.09563448721449133
987;0.15448362551738798
988;0.14195214433584522
989;0.022415647976629205
990;0.18488523459823633
991;0.161124370700005
992;0.09422199559260087
993;0.1333724490067308
994;0.17892900607318588
995;0.16195086825095018
996;0.015432292762004196
997;0.09706383094023029
998;0.1936881766669143
999;0.0614919748224557
1000;0.07889222965345873
