1;0.16715862168728376
2;0.0928197060656661
3;0.15431488662807427
4;0.06270719603124204
5;0.06830465131879893
6;0.16138936272241716
7;0.19583264294927055
8;0.09083668292591199
9;0.16661153866483736
10;0.013709757223103192
11;0.17945809640991484
12;0.049714310062187676
13;0.15458655298404325
14;0.17395483063604092
15;0.14431794592028066
16;0.012896352415239676
17;0.006769649454288618
18;0.08285799816205686
19;0.11832104764698193
20;0.19514569718736513
21;0.13402285821162385
22;0.016123376622459353
23;0.17490740048164735
24;0.1891997173868883
25;0.05485154077496335
26;0.06970057995310566
27;0.17858581488489572
28;0.1393499779192084
29;0.08256577994068917
30;0.016781295358240533
31;0.01178561074571103
32;0.15294410330514968
33;0.1653050996878749
34;0.19716696939482725
35;0.19708304712422695
36;0.034381990469979744
37;0.1127454930731384
38;0.05252637514550445
39;0.017539038851044266
40;0.04796553058910143
41;0.1951366557009996
42;0.11007272832402289
43;0.1317210285530645
44;0.17091657019640166
45;0.07801591335153267
46;0.1058639678770373
47;0.17347584175832498
48;0.03771824246620159
49;0.05227107974161365
50;0.17482967918713851
51;0.12046258285079921
52;0.17593416265404369
53;0.12806121364821907
54;0.1451507805485692
55;0.027051218422920423
56;0.07513296162195159
57;0.07701775241935585
58;0.030276125152678836
59;0.08149027062029075
60;0.05137367660246031
61;0.09960383792579752
62;0.03315979555123192
63;0.09378203689371356
64;0.0570992668741855
65;0.07903817746675845
66;0.07042777082113834
67;0.0009091468894687039
68;0.16275495004443363
69;0.1614852831716985
70;0.03600416450699937
71;0.16344514107691627
72;0.15619439312438477
73;0.0016890333196123875
74;0.055561405352584185
75;0.1936538857131524
76;0.12995456360292532
77;0.09446558923129461
78;0.1511418341300016
79;0.11300998313265216
80;0.11056444504519117
81;0.19091938158544552
82;0.11060458518008637
83;0.09450142911055588
84;0.0035720664395468174
85;0.021014161100376086
86;0.13562572390278185
87;0.08418972729805614
88;0.10991364579040874
89;0.10884768961860902
90;0.04737596541132843
91;0.07929197349451089
92;0.05021134856853365
93;0.1629885427828961
94;0.05709837585052822
95;0.12701562816777487
96;0.10429547838057006
97;0.1046427033503818
98;0.058462348609837435
99;0.10900304957286744
100;0.170459705210851
101;0.12171428483360516
102;0.14306288715095636
103;0.16847127473158297
104;0.02127145344566335
105;0.004957275751217627
106;0.13414983671062183
107;0.117714954685215
108;0.09211834118998743
109;0.11705913918217202
110;0.1386447929078471
111;0.14210524093985608
112;0.03846337533501032
113;0.1281712975986319
114;0.07372037268303895
115;0.06905470278883374
116;0.13952116551329638
117;0.06926734157435925
118;0.1611454172735244
119;0.106931897413535
120;0.1575329180653237
121;0.1393607674542504
122;0.1821326365786494
123;0.08022678021075114
124;0.07763486578979789
125;0.15129594756404197
126;0.01750342033669301
127;0.18839350162101187
128;0.050471078886894866
129;0.12616310886581872
130;0.1892952886327598
131;0.1210624796608558
132;0.16171116648281336
133;0.025529136965522725
134;0.16723749146134936
135;0.0001457798831185242
136;0.053727275144346165
137;0.01994467477997839
138;0.1300377640550103
139;0.04422869903256324
140;0.05169290528263504
141;0.1315645312056531
142;0.013499135613116775
143;0.03931693204215179
144;0.024056939968047388
145;0.04245726638689032
146;0.04747291016102673
147;0.038558731225562574
148;0.007913333330145478
149;0.04314199316898644
150;0.1628284634409387
151;0.027319475061293952
152;0.09067439891358893
153;0.1599797079157541
154;0.18046748167801663
155;0.15079541813468522
156;0.0758138053439021
157;0.17132759045132703
158;0.05622267477802126
159;0.12315729348493405
160;0.13349896286136126
161;0.08350048302094977
162;0.002857101869386192
163;0.19554989421715058
164;0.1815278973948803
165;0.005153432416051595
166;0.1710859795629083
167;0.15292530841562904
168;0.1229559971268761
169;0.12283657377205877
170;0.08522909288458402
171;0.02591579715292667
172;0.11264829287608558
173;0.046106840434505594
174;0.07488773885252223
175;0.1473019044895322
176;0.11251771723660019
177;0.11004440543308057
178;0.05240759846651122
179;0.07472323544434682
180;0.06214158322833832
181;0.15288000767718657
182;0.1745011799972496
183;0.1821891727347245
184;0.09098008846258654
185;0.13621413364735102
186;0.056864130895133515
187;0.12530134680400581
188;0.0913440118220412
189;0.19813371493177917
190;0.0718341832626325
191;0.1871923460413499
192;0.058280657620434356
193;0.05274314013703416
194;0.04682903219843309
195;0.14943881369443673
196;0.171604245204598
197;0.17447541267194228
198;0.028945826819959032
199;0.1854933905890943
200;0.18594746320479527
201;0.12508202503982005
202;0.13022935857941167
203;0.10335307723780206
204;0.13084437449117184
205;0.09632059053556064
206;0.030847292595091336
207;0.1624548859183323
208;0.1976097579657662
209;0.18773643618904157
210;0.11320217542163052
211;0.06911295581909582
212;0.15755358239174957
213;0.07150839167036138
214;0.12585164363131604
215;0.013635757561997931
216;0.19976073042845893
217;0.19099943049416246
218;0.03861913244951492
219;0.0030052626764233595
220;0.12959931359429308
221;0.07625223476941208
222;0.1788879631569489
223;0.03862518197150473
224;0.013153094613848193
225;0.014089483470636344
226;0.16116730765894238
227;0.16881515191657268
228;0.16477794067261198
229;0.13932821610927743
230;0.06431240497655198
231;0.0866055579289003
232;0.08761789749736465
233;0.18531998962008467
234;0.15781553988894506
235;0.15927866883127537
236;0.011439509164682083
237;0.18831196161888708
238;0.03529141504357374
239;0.14256270297903795
240;0.12810074807730423
241;0.187982328029152
242;0.16463682022315757
243;0.049777752654027486
244;0.08394389242945895
245;0.16970134602852088
246;0.15998343303786947
247;0.19057379751144124
248;0.10420032436431109
249;0.013235235567694837
250;0.05544554079144211
251;0.03389594784982149
252;0.18853757770164115
253;0.18034731465139775
254;0.16020137781734287
255;0.161861557232029
256;0.009617901643876436
257;0.06642084984285068
258;0.07489876768056052
259;0.10153568498437787
260;0.14815193156797105
261;0.0519547823728477
262;0.15721465295551762
263;0.1583618658749073
264;0.1526956811234166
265;0.08743601709554255
266;0.19744517406296988
267;0.01586349634061124
268;0.03368529148327402
269;0.07434318478966895
270;0.08994219562687672
271;0.12901641430102645
272;0.09381073338570484
273;0.15161089390895943
274;0.13834207028723428
275;0.1939583399637709
276;0.10358407862311741
277;0.19224859357185026
278;0.12169696493960491
279;0.1455543244087368
280;0.1500780012822045
281;0.04012070693873959
282;0.007945249522226906
283;0.06304039992469981
284;0.05111687419735758
285;0.12283004646575083
286;0.1132998038189085
287;0.12304640850592159
288;0.0729427410320231
289;0.16923581950631372
290;0.031614195535321125
291;0.01054879725275828
292;0.05748366653213526
293;0.12541267336617098
294;0.10033552862317126
295;0.1292288735401762
296;0.1399477743058891
297;0.0900349563733536
298;0.11492438236768816
299;0.11575507323545609
300;0.18520727493408412
301;0.18283863844614975
302;0.18640127620538982
303;0.06648354444036146
304;0.15029207078056706
305;0.12026974842654492
306;0.1346158743409131
307;0.023938174816559157
308;0.025369822682367517
309;0.04243881908497189
310;0.17971245480358747
311;0.16208680709100334
312;0.09394783450754701
313;0.19121740322800335
314;0.03723976299382625
315;0.010336261845614848
316;0.16746020530712655
317;0.1549843410391149
318;0.0022966491062710983
319;0.0058449267052616445
320;0.06701787613967079
321;0.03122413887684652
322;0.05032671644567963
323;0.07161361315064844
324;0.10818672860489803
325;0.040313858534896975
326;0.003107327855471609
327;0.021656818361410004
328;0.08733206626608314
329;0.17063174498325767
330;0.07827764660791373
331;0.1722107235106788
332;0.05262062360901246
333;0.11607114374544705
334;0.061737007453625536
335;0.008203551459986058
336;0.14970186747582856
337;0.1823815742904047
338;0.0951377152384934
339;0.1454204369412034
340;0.09008569476835367
341;0.05399650612930967
342;0.11186666340626526
343;0.13889475825985906
344;0.014501599945756772
345;0.04948798197719506
346;0.13267881769297712
347;0.071155174273502
348;0.12602652076020798
349;0.062394741452822956
350;0.02376650839160819
351;0.035320150612522715
352;0.06910516489152467
353;0.046483266156167914
354;0.09389237453684059
355;0.1655891596637108
356;0.1300933764078007
357;0.1395513276799266
358;0.1727470341778473
359;0.038164027091377076
360;0.1623471981078256
361;0.08246399791223402
362;0.15394981398417207
363;0.012160608270828988
364;0.19544926117759637
365;0.11540930159574146
366;0.051258924602416815
367;0.18952380748268494
368;0.0007179119391392819
369;0.008679062436431862
370;0.1169054181755877
371;0.03531165254325541
372;0.02676292236340505
373;0.06671631213451211
374;0.0440511361466851
375;0.034206165014263434
376;0.07311385646900832
377;0.08900448024571478
378;0.08139402774672494
379;0.07290587435745977
380;0.09570121951393805
381;0.10490788610949156
382;0.1157467551839056
383;0.12417291991508253
384;0.053538892977228074
385;0.11466885995881371
386;0.056784842246166006
387;0.10270702307529145
388;0.018824415718607202
389;0.1633218303603865
390;0.10136758723736974
391;0.14618371938451133
392;0.12155106021267224
393;0.07293359505262963
394;0.08374830390516708
395;0.13703281380878804
396;0.0395175878801493
397;0.05756937775591724
398;0.08139339768094048
399;0.09169945619982676
400;0.011018961409032801
401;0.11461519647564962
402;0.14558699813693113
403;0.17050989690374874
404;0.054670102998736675
405;0.07784737334070067
406;0.1395875817714929
407;0.16429022017583433
408;0.07503648737666165
409;0.010802023652714255
410;0.08869037432822796
411;0.04246874322681136
412;0.11381657390818456
413;0.048967940041158876
414;0.03313396703102409
415;0.017559805785116688
416;0.09976244141055313
417;0.05500559950796369
418;0.07476961541943282
419;0.17180327126289027
420;0.035925711239784365
421;0.14958581417321104
422;0.003835334137556057
423;0.10460284727807086
424;0.05626755012829088
425;0.142011567365162
426;0.07876878519025748
427;0.10812597206936259
428;0.11695924528265436
429;0.08550560026929883
430;0.12845996477063396
431;0.05740676914055181
432;0.04851999459115824
433;0.09552341952334831
434;0.08137638506856038
435;0.13125366240629888
436;0.16395493476269937
437;0.13114273352593234
438;0.07523294376284673
439;0.06948162527453915
440;0.08038864210063719
441;0.00820193741500097
442;0.06106344880814352
443;0.0951363040890604
444;0.01709237873719589
445;0.15760012677809931
446;0.16029610724867296
447;0.03721784667043298
448;0.038668663416557794
449;0.08110485546466704
450;0.09814347604857117
451;0.013426218727598993
452;0.0959032497310292
453;0.15050613032248147
454;0.16063077539046236
455;0.10597557541925023
456;0.06922833792039192
457;0.021132009234987505
458;0.10370689030654257
459;0.1428397928719362
460;0.12886586224138072
461;0.011391513545600463
462;0.12753036158232564
463;0.1726753168552047
464;0.04095608044972863
465;0.04580934824699956
466;0.1652150075664204
467;0.13924542356938116
468;0.16366625133779067
469;0.11424477498193371
470;0.11581514702994278
471;0.1446054812032395
472;0.08564306031953275
473;0.04223198112284441
474;0.1915214554401028
475;0.1107692083639543
476;0.14860386713132182
477;0.14622531683558965
478;0.18575791686919194
479;0.005627152909069433
480;0.007198953566810707
481;0.17368491460489255
482;0.1528342142668644
483;0.141923745530682
484;0.1531162683344107
485;0.05211128996155452
486;0.1367439360404733
487;0.11707098755027229
488;0.046876224913943276
489;0.15391618275575109
490;0.008270020985756132
491;0.17538298028299745
492;0.19935515366489928
493;0.08936843492696776
494;0.19344028686365422
495;0.18819680536806568
496;0.1938213734360118
497;0.0927294732588129
498;0.19196905822546054
499;0.0752122880768251
500;0.18754241740023878
501;0.1892000905657397
502;0.0934858648510339
503;0.153533794244119
504;0.12608343665380486
505;0.00686701262042968
506;0.1736614024834936
507;0.14319925406635836
508;0.06444207752901072
509;0.13817909943358003
510;0.026244336034996207
511;0.18867161170286342
512;0.03668225379900843
513;0.05685207792564835
514;0.17477307500883457
515;0.14311970098302151
516;0.04205638267711867
517;0.16996383561044753
518;0.030885764754216005
519;0.016270070344231315
520;0.18985479344579767
521;0.0703356465543447
522;0.026021200866514785
523;0.011726840689007157
524;0.11273003406820539
525;0.17339677684337107
526;0.07134203479841153
527;0.15725697979125877
528;0.1268528415633116
529;0.0577804729605804
530;0.13646629054819293
531;0.18104118374384742
532;0.011967082182715028
533;0.02424193754500066
534;0.14376360164264212
535;0.09290724447312877
536;0.03616582265570727
537;0.15205415651556878
538;0.11435847069390964
539;0.10867391501638585
540;0.12910287059641098
541;0.1680409414167513
542;0.17715838257121477
543;0.03817884391123305
544;0.06369178818043013
545;0.10503114013882275
546;0.17886203208501528
547;0.07876961497092072
548;0.07902179970613304
549;0.033657434261575685
550;0.007082939868022265
551;0.034130568787166075
552;0.1885490596194476
553;0.18882284955665052
554;0.08791672504840553
555;0.05480807047736485
556;0.040573035495171134
557;0.13677796643654483
558;0.0053722026269040326
559;0.044700819663680204
560;0.11107629936106687
561;0.04942586827030951
562;0.0041391570413927825
563;0.19505915121759168
564;0.07792540317128338
565;0.059056480028379314
566;0.1854722029913711
567;0.020263931873316078
568;0.007340664824984345
569;0.02379230492366744
570;0.17130622541894885
571;0.12389014774289836
572;0.09570683481880171
573;0.16378939764890302
574;0.1776992888080751
575;0.18930255597890044
576;0.1320796967800321
577;0.07283988260885699
578;0.0652787184808028
579;0.10323460192407617
580;0.01983259244588951
581;0.017997412530894152
582;0.08437101870318847
583;0.18707685189709267
584;0.14496450592234605
585;0.14632249908929656
586;0.027212141307643357
587;0.13490524967738798
588;0.11732727636027762
589;0.1873253258604077
590;0.061179828919448
591;0.09875372147040501
592;0.04933787231526246
593;0.12403125841610554
594;0.06653911403571973
595;0.009848854512562523
596;0.03384866135173097
597;0.11270213016973857
598;0.12366482943676727
599;0.059345325023764155
600;0.10282280396124849
601;0.16996186793562854
602;0.05451495340334749
603;0.11142211183927729
604;0.18810909878153764
605;0.06760717776775126
606;0.07981808174287788
607;0.08762764339013347
608;0.1596022428088575
609;0.06533029526508638
610;0.06707160775297574
611;0.17103923394671294
612;0.025756282945650067
613;0.1987281816988668
614;0.036064010317713224
615;0.036856815455223124
616;0.18317358041766219
617;0.16721363267645867
618;0.14838900265760377
619;0.1957083333997124
620;0.14972664250529263
621;0.18428860230525146
622;0.1554137348156815
623;0.18860410202402011
624;0.14958301928580894
625;0.05421212244579261
626;0.17754847960748954
627;0.15865144476800844
628;0.08104752184755433
629;0.03288380230561563
630;0.008874603957401361
631;0.1861220716505826
632;0.019314765971217975
633;0.02854762577101493
634;0.12997644757240664
635;0.06224438617072861
636;0.12136252632053209
637;0.1824754191311031
638;0.01920512129005667
639;0.015822321852161682
640;0.06917039874661783
641;0.17427704157577695
642;0.10959575727304596
643;0.12526939630699252
644;0.00038100209475673276
645;0.1571974772726339
646;0.002889653656438651
647;0.026431398235357163
648;0.16477047193736552
649;0.16122358333493672
650;0.04323230889147905
651;0.14239006792959594
652;0.05552123397332376
653;0.020723166263121075
654;0.1626626591914134
655;0.06213508558472258
656;0.04064912186544885
657;0.05859623308361326
658;0.14155341023843918
659;0.0456338786868955
660;0.12101713697709904
661;0.19550900983335823
662;0.009024991134933824
663;0.19774791300377934
664;0.03880827751689231
665;0.13030509256896458
666;0.040464558614844104
667;0.14918607946935666
668;0.1881688748367233
669;0.07022091112289373
670;0.09806029642490416
671;0.055734817163447525
672;0.06400985808668327
673;0.025051523870187567
674;0.023645377413062985
675;0.12427007888509477
676;0.18415944608240764
677;0.059671682185258895
678;0.1570670721018434
679;0.03877235192176287
680;0.06018182293808303
681;0.07445734918915814
682;0.18712069649091706
683;0.1368709014051169
684;0.16583904928225568
685;0.10652474668759107
686;0.19530019558784917
687;0.13516182432144327
688;0.013547885538577154
689;0.13351448726559856
690;0.050388717856014335
691;0.13463708005763494
692;0.0685143449180905
693;0.1428849564220478
694;0.06147426441980833
695;0.10338316509534103
696;0.024620135538914956
697;0.1515518800335674
698;0.046709666684677666
699;0.08881959653112892
700;0.09296749369786153
701;0.14043528436999783
702;0.18025667386521146
703;0.06290314201126124
704;0.034462737511354515
705;0.017569713325098203
706;0.07330833783096809
707;0.05169066030306113
708;0.10059556460805624
709;0.14883755649467195
710;0.10048452940282245
711;0.14923952514086153
712;0.15145941328927512
713;0.07920418212611405
714;0.00420148399160778
715;0.09137182548156708
716;0.11959035958763038
717;0.19409324517160345
718;0.13106804248124862
719;0.15524220145089548
720;0.17719440630396652
721;0.19003185482245044
722;0.14831885593766755
723;0.15395257253436834
724;0.19658413164643815
725;0.19616650536253424
726;0.0989791853120168
727;0.11289197485957708
728;0.17815640661121304
729;0.02143305506051736
730;0.06909241716594752
731;0.12308687787911265
732;0.11735991291719294
733;0.09497125596076246
734;0.0330334541414661
735;0.18298553606796253
736;0.08698879559315538
737;0.05142532332137504
738;0.07162828553080584
739;0.10017690705537707
740;0.12236724407438955
741;0.08937034304314842
742;0.006543756702875126
743;0.021786004860545563
744;0.12451028791796076
745;0.013462561798630302
746;0.034546782689596545
747;0.17110834022134336
748;0.0931194419718086
749;0.19063164185215553
750;0.07764236220716081
751;0.003253206821557009
752;0.1931631991521806
753;0.14531450265149778
754;0.024417674333526974
755;0.1495271705349918
756;0.07151350158479342
757;0.0530776636185574
758;0.14942461369300167
759;0.12380191117621156
760;0.19639113162589694
761;0.06780985909928815
762;0.17102926684345476
763;0.059965309840227965
764;0.15763422828013082
765;0.07204290012804924
766;0.08805682043804702
767;0.15661169544117695
768;0.08720175893303289
769;0.18422762698830908
770;0.15847462600939877
771;0.042192153914785126
772;0.18925975194990535
773;0.040871562328756106
774;0.05529922607737741
775;0.10961883420812363
776;0.12343192295212907
777;0.0285706065626705
778;0.07327368902623062
779;0.06282766340429113
780;0.14204891521350183
781;0.12087225552039427
782;0.010890432523134576
783;0.06383073583467401
784;0.07907437906711451
785;0.16645102185176752
786;0.11450430466172207
787;0.12777146843972645
788;0.09138459710974807
789;0.0006019883751100963
790;0.141582646350456
791;0.06298012192006242
792;0.11053490505507646
793;0.048294349524450955
794;0.17187874125385735
795;0.17713221802195217
796;0.09769916800038443
797;0.07711708101002608
798;0.1111341783929567
799;0.19166985677788206
800;2.652091115082911e-05
801;0.06607305769118364
802;0.10617885062934625
803;0.05084747308861637
804;0.08472596730688885
805;0.17146855746628645
806;0.059308432700513516
807;0.05778948257289216
808;0.07751159886710997
809;0.08407494484205798
810;0.19364677130919086
811;0.11513936158517524
812;0.163700625436909
813;0.015035964508853495
814;0.01969059462548377
815;0.12265585855212678
816;0.15233880569314362
817;0.026195118885027305
818;0.028320407608461308
819;0.0764282625200111
820;0.09951290057810364
821;0.09600267913142016
822;0.09972782651715613
823;0.13768766521138073
824;0.09465708752438945
825;0.09035791356019457
826;0.016622556719485895
827;0.026294296572925147
828;0.11141927900098621
829;0.07606949775311385
830;0.08008866323272068
831;0.14284734580152333
832;0.09623877772750328
833;0.0922050629517016
834;0.05829524631448535
835;0.011544055291582513
836;0.19621958646563223
837;0.03887335622468309
838;0.1139370007220518
839;0.18269056098862696
840;0.08814396303523436
841;0.04714825696256611
842;0.19189417692934463
843;0.15811327373702788
844;0.010676376955799061
845;0.018529951168479043
846;0.08011686485150422
847;0.030719838765725527
848;0.16334798639792417
849;0.15187427802360431
850;0.16140308740454765
851;0.1267916480946496
852;0.06744207319195786
853;0.15258471216791214
854;0.18902771598487836
855;0.10670514197285852
856;0.19828037150568995
857;0.06379969714116585
858;0.12193272024327269
859;0.16633437500901382
860;0.1311088771084431
861;0.1047217538421126
862;0.0546221018839697
863;0.15624467464768896
864;0.033908727072420944
865;0.005604544137069523
866;0.08081333463846446
867;0.08622801109360512
868;0.05768683279326821
869;0.06875741661063497
870;0.19948815372764897
871;0.18370190704142703
872;0.17332251473760418
873;0.12181878141784062
874;0.19143278305011224
875;0.016664107297180597
876;0.09574241479075474
877;0.16934691324881535
878;0.18718524768177258
879;0.16471677158220566
880;0.0442465850508736
881;0.09097698001178434
882;0.04475161832158878
883;0.031559744156743966
884;0.09835193798114394
885;0.06499747984828023
886;0.165214182645535
887;0.0068461424809894925
888;0.04270255417074238
889;0.07106516151000475
890;0.039110564706410104
891;0.06392993735134456
892;0.18097436619755933
893;0.09797483347755997
894;0.18222997206958186
895;0.037535804574222814
896;0.13980230719993278
897;0.19978920018008353
898;0.05167616693563191
899;0.18494540399433335
900;0.09190117573999682
901;0.1572313648745598
902;0.19273377501397515
903;0.17766540758391425
904;0.07373000202884886
905;0.12890309675758393
906;0.034433430377558215
907;0.10016683258178319
908;0.08886603117254646
909;0.16333584002386745
910;0.16650901394315004
911;0.19930954836408085
912;0.1438044011557659
913;0.011631233549590081
914;0.038171589007039854
915;0.09572326911159766
916;0.16253673172369443
917;0.05262606370304843
918;0.11697321195760493
919;0.1935874192328061
920;0.08925200300489267
921;0.018780961966136746
922;0.18825360811594463
923;0.17805742534095215
924;0.11351154064450145
925;0.0218678606410629
926;0.11221563885006941
927;0.06343122232553025
928;0.19471783967137765
929;0.1781584145178952
930;0.02656973948297612
931;0.14504781318924198
932;0.1686877070818824
933;0.1064746551908252
934;0.07541134893751432
935;0.025852802072643156
936;0.01682702685520452
937;0.18810877024980605
938;0.021822684476896725
939;0.0518532139054384
940;0.19231200979181526
941;0.0133225730760979
942;0.1292680873439203
943;0.0065006964904848145
944;0.1360392323682986
945;0.04291078541542468
946;0.06936549069652696
947;0.1535344631535299
948;0.029798897420173033
949;0.007208092970118019
950;0.1630898890413887
951;0.15236369838259228
952;0.001879279372394671
953;0.1702164725747559
954;0.014881186881727482
955;0.02079323093758654
956;0.05723721339151209
957;0.1487051569290223
958;0.020352746302079464
959;0.0034205030767322066
960;0.06501862877900881
961;0.024200614071733642
962;0.1575408514506387
963;0.13633453468561424
964;0.18006521105128448
965;0.17358356117853832
966;0.03089855148733416
967;0.11396384830632839
968;0.09717368271991972
969;0.12079368811526224
970;0.16568345393461634
971;0.04097723197560224
972;0.013669862532570588
973;0.00013730085448111496
974;0.02470429211250056
975;0.0514500378427381
976;0.10112639066621093
977;0.1981629431053351
978;0.18929589845045025
979;0.0067326749079520635
980;0.16752667894032028
981;0.14246825426507526
982;0.16208189693591396
983;0.0020161485082606846
984;0.175110564235457
985;0.04621062085423094
986;0.1748559455711771
987;0.023016942649859984
988;0.16389171033708777
989;0.1845900527556697
990;0.12514120339049103
991;0.0059112212085706385
992;0.08494849207556009
993;0.1910671557829029
994;0.09921957751631388
995;0.0015232367620411137
996;0.13285101449072864
997;0.18933522096350489
998;0.08579096128218344
999;0.02057335593873888
1000;0.014397988752000402
