1;0.12275225820763905
2;0.027221990252197095
3;0.019196912903362298
4;0.10118622331944216
5;0.14788030867386492
6;0.14182334580192207
7;0.13053578264699697
8;0.18016014300006988
9;0.07470543574925946
10;0.009048800336636242
11;0.04833662399465717
12;0.09908961826773599
13;0.06902636413586409
14;0.19240571914518326
15;0.129999411264201
16;0.17663809932226604
17;0.12635380580016678
18;0.05942865714767647
19;0.08102324731940656
20;0.0755581520078757
21;0.10894148039073002
22;0.187706816482656
23;0.08301979081075367
24;0.08661142209233563
25;0.16645026552004766
26;0.17016368298769266
27;0.0190785148913166
28;0.19717183697080068
29;0.154275473642229
30;0.06727396971801768
31;0.1346648037698058
32;0.0358702396845396
33;0.13991967344100673
34;0.12889920375356853
35;0.06968600527817174
36;0.06467985593085834
37;0.13909156893837243
38;0.11484105802223639
39;0.14974785560115456
40;0.14401069498610763
41;0.060779603962986144
42;0.0336120213421115
43;0.1100733475173662
44;0.12907926877525303
45;0.09690592915158305
46;0.018217248860636782
47;0.19287934228518255
48;0.046645794809730634
49;0.08730654035270907
50;0.19803610832619067
51;0.07415984184216531
52;0.16753412343696983
53;0.15171115899961174
54;0.06894747344840205
55;0.08007619975308984
56;0.0905896823807732
57;0.03505965756769996
58;0.07057885514045266
59;0.0018438073374558385
60;0.03933907881228027
61;0.05103875945393291
62;0.10401791958418816
63;0.16175992314065613
64;0.0557607649948148
65;0.07983195697021393
66;0.11882186741364816
67;0.17306358548484557
68;0.057184487195948354
69;0.014716129291828707
70;0.19656659692422182
71;0.06044530841698084
72;0.006361744589514773
73;0.11484538732203578
74;0.17600228948750096
75;0.16980395893086098
76;0.08342729365313917
77;0.11498503221450587
78;0.13654088936440864
79;0.04530649013466168
80;0.09590568337812247
81;0.19016461563616463
82;0.01912535601515071
83;0.010813271842322659
84;0.14797558715515846
85;0.036947404558596464
86;0.16477227689621055
87;0.15905990145506083
88;0.017280411511629023
89;0.03562580304459073
90;0.03875900878107728
91;0.09095173094216949
92;0.048518189084408574
93;0.15968089451726544
94;0.13803998575699417
95;0.016594610452278415
96;0.12374473449276979
97;0.18039233891285844
98;0.1446439844139605
99;0.15268069417115737
100;0.08857456960584008
101;0.018246128148295182
102;0.10096793144625918
103;0.011534991331582157
104;0.1352953175824293
105;0.04053655390018718
106;0.06290455626922212
107;0.03593942018493632
108;0.19805929897233246
109;0.046304143834682114
110;0.07129102982433526
111;0.094954520264592
112;0.15861418957003315
113;0.050684391700961486
114;0.05911245004438657
115;0.05019546622913771
116;0.11850655273964128
117;0.015343645901451809
118;0.05559078372142756
119;0.09332313581776529
120;0.06222545011035241
121;0.17197225077256026
122;0.04309490073386595
123;0.19313457892524064
124;0.132844315943836
125;0.03585288732434846
126;0.10032574442607514
127;0.17887499719543326
128;0.1341749280514519
129;0.14510246195963586
130;0.1792928746727765
131;0.1323791225311427
132;0.08689365728807288
133;0.18733639169523164
134;0.08652223719315229
135;0.03257924883950358
136;0.019915076118785603
137;0.10587578383037986
138;0.12431926452614944
139;0.1843905414874323
140;0.014321164789773012
141;0.11691495949173288
142;0.14152162373840713
143;0.002094756505810058
144;0.1688342690484425
145;0.12508719240384011
146;0.13951158205048547
147;0.07307459689487798
148;0.19425649228215458
149;0.16234870931678086
150;0.07533092517618765
151;0.16440553199838095
152;0.14715346082862638
153;0.016519536673811452
154;0.15160279820412934
155;0.19133730258491433
156;0.07120280615443797
157;0.0871800835382019
158;0.19968971275842398
159;0.06584044156178451
160;0.008321985405789168
161;0.039237754795340245
162;0.049946976843836935
163;0.12468872736971943
164;0.14932441907897598
165;0.1041846751713988
166;0.1963516618315321
167;0.14634247160799704
168;0.02577159125845734
169;0.08385779259528697
170;0.07442767591280512
171;0.11409682744887893
172;0.021881858946106038
173;0.014922196213453077
174;0.17552144493718294
175;0.012264015827538822
176;0.10861768917842125
177;0.020746901341012383
178;0.12050171431309108
179;0.012071358224036356
180;0.05127825611749437
181;0.0977456744364263
182;0.09577958253373586
183;0.15657792976053173
184;0.06616723868148373
185;0.049732393437271497
186;0.1323983615543811
187;0.04566775936446346
188;0.0946192957093136
189;0.1784057239097322
190;0.001861824739083451
191;0.15855728703750774
192;0.11438524304862628
193;0.1658635456831726
194;0.19847456081280757
195;0.18046754711619423
196;0.16970979585449958
197;0.17169377190431737
198;0.05750456950342922
199;0.03476586838450548
200;0.008349207317500907
201;0.034970923112306276
202;0.060316834866168303
203;0.1441873049948283
204;0.1896047747225449
205;0.006059688838416988
206;0.14664876584392805
207;0.07482784755220413
208;0.10375280012244766
209;0.026979583941561393
210;0.14869195586454004
211;0.0608518080136101
212;0.10403649564499116
213;0.17713748828884535
214;0.0726998899355149
215;0.18907332558815038
216;0.1405168441825886
217;0.08731026699146989
218;0.19778648956007028
219;0.12481462506359263
220;0.1666145415329475
221;0.09203419872137082
222;0.026368884435737774
223;0.07003710955949392
224;0.07394455251327559
225;0.1220392768026941
226;0.141467775896042
227;0.08123522638211385
228;0.17524605314809627
229;0.17693354259463598
230;0.17786177642405337
231;0.008384652496868261
232;0.14547537716155365
233;0.05343672624816718
234;0.02278206949184849
235;0.02221405429841912
236;0.15980538732230445
237;0.007556541672331308
238;0.05034166196701269
239;0.11779756966417199
240;0.07906462317382201
241;0.1572972342768548
242;0.052627183110566404
243;0.1719308277977624
244;0.12182829878491111
245;0.09197091069079673
246;0.044530659227262674
247;0.05858501026957235
248;0.08156747203204573
249;0.032794654409064705
250;0.04597707740856356
251;0.02684262935487225
252;0.014996474813312122
253;0.018413441598340442
254;0.08910397012372706
255;0.13677121235846879
256;0.1609011816188618
257;0.11104173549492519
258;0.011639751933729216
259;0.06961294199843875
260;0.059841504926875615
261;0.11499351790200266
262;0.09069885295805502
263;0.019347769552809903
264;0.026528091902452224
265;0.1729880703286396
266;0.014607726979518731
267;0.017245503844385546
268;0.10125727842392991
269;0.16298576912254692
270;0.007944492090832455
271;0.10386277216311011
272;0.025034895051663276
273;0.10226266169026657
274;0.18852929027730114
275;0.00023139246064132204
276;0.014097566770009218
277;0.16263846989214958
278;0.14458807878905078
279;0.14545864009989545
280;0.18481173636576273
281;0.11529582176204299
282;0.08729819422750007
283;0.14749879871791016
284;0.08723826081074676
285;0.1985589263554372
286;0.1137876623268606
287;0.12252107749289143
288;0.08523518017267098
289;0.0828196065654783
290;0.049096017121254804
291;0.12498142673088038
292;0.03610287905494978
293;0.09561412174617326
294;0.15402455087649053
295;0.1696116638683465
296;0.03344413962645922
297;0.04955988906508429
298;0.022698134591183774
299;0.1816686410666529
300;0.10376665689484672
301;0.19617822854231642
302;0.09976347012650187
303;0.1502808386247781
304;0.1317732736546121
305;0.10318477922151995
306;0.0659414298569901
307;0.09577047547899649
308;0.047961093805881275
309;0.1381801759920481
310;0.07234280301167416
311;0.008409158630136871
312;0.12438823856176562
313;0.16844144367930614
314;0.19262265523998284
315;0.11850470373598272
316;0.10439191661219077
317;0.024231882512425897
318;0.04097910693834592
319;0.1246913400518729
320;0.13652205925689617
321;0.13665467995715916
322;0.16147376170815314
323;0.15827321166465586
324;0.09300261503037982
325;0.0019767670406152017
326;0.005891521945460787
327;0.1913093837831801
328;0.18172138921793024
329;0.1429528770210099
330;0.11405904999367722
331;0.02491932987374006
332;0.14930793115699809
333;0.19206818042621338
334;0.05809874158912836
335;0.10728129006652853
336;0.014046386992465099
337;0.08448683863124594
338;0.17839509441588888
339;0.03705009584809842
340;0.11543540355235582
341;0.05011944412871397
342;0.18440425173923025
343;0.14612058152855675
344;0.17830818148834615
345;0.16183572893810552
346;0.12750639035062125
347;0.02739007633980133
348;0.05336509895840145
349;0.19595761294236533
350;0.008829623352852712
351;0.003250598474612776
352;0.12004944714586661
353;0.16027170516190878
354;0.0037571025162027373
355;0.03625768197417645
356;0.11562322177596474
357;0.11381023031731119
358;0.11679972769301535
359;0.19182918551392963
360;0.03318169637369217
361;0.042853071761566476
362;0.18603445646931674
363;0.025149740852441083
364;0.1720620413851875
365;0.14601648218760507
366;0.020113861357239495
367;0.003798690526040427
368;0.012704631714743743
369;0.16222212336697361
370;0.11586990024972076
371;0.11859084816985595
372;0.1309289721115809
373;0.1343790336020057
374;0.0897247498825513
375;0.18347291060674698
376;0.16964643104207233
377;0.03394232980439114
378;0.10839326710293005
379;0.19047799591589268
380;0.08382540404192976
381;0.1735393645479727
382;0.007736182561562211
383;0.0800247031696576
384;0.0701750789341578
385;0.08856911378048754
386;0.02207464294378976
387;0.11305464161944381
388;0.14083315021342988
389;0.005658710160142389
390;0.1475558540519211
391;8.568292562372015e-06
392;0.16284819648977922
393;0.034294992608462714
394;0.11256210452122128
395;0.17712047404812642
396;0.1832593221668799
397;0.080249876201636
398;0.1624169505293325
399;0.15573841514842707
400;0.17942416023002095
401;0.1171010920238344
402;0.0895843503731672
403;0.04645707435767313
404;0.16852763629466117
405;0.19711952574888883
406;0.08567842624402891
407;0.12993029501803371
408;0.1643878525193405
409;0.020510264186790875
410;0.03777141104964857
411;0.07130852813950635
412;0.10790333513959836
413;0.1863482632423335
414;0.1136432466238764
415;0.05598765681176068
416;0.1506461597900004
417;0.02813428727022782
418;0.016533753955790622
419;0.046305074971950466
420;0.16771085550794693
421;0.13235679373383238
422;0.15406239592079057
423;0.1296823318580015
424;0.11252223895475025
425;0.16562108577547724
426;0.10914288199603064
427;0.16897139364257088
428;0.04183059390601092
429;0.03472503557644226
430;0.029868972702026153
431;0.17995152518899746
432;0.12324342473643453
433;0.054750347604601624
434;0.02513617150233174
435;0.16382915451505078
436;0.15154178991350825
437;0.1419171028340586
438;0.14627763990606452
439;0.10775674550583642
440;0.12277970418574032
441;0.03486184003560324
442;0.18823557027088264
443;0.03390039617809313
444;0.05793334710816296
445;0.11200447444601032
446;0.05051153748319664
447;0.12798628618407823
448;0.12117382819080809
449;0.05117555377084518
450;0.19005096631799756
451;0.06798133598460945
452;0.13267746571039465
453;0.12422007776860299
454;0.10504932752633374
455;0.09510728467259921
456;0.17640912331109396
457;0.139145604693658
458;0.17130403728033328
459;0.11403522979185282
460;0.09241301886621128
461;0.18760414269881293
462;0.18518827639729296
463;0.08328666428622825
464;0.12470997679279848
465;0.16598719373743076
466;0.18846921004042116
467;0.11570114015073785
468;0.00775650400184158
469;0.13243205423241897
470;0.06586847360025294
471;0.02884480797614475
472;0.09565032613860054
473;0.06251468707516598
474;0.0007748173801849223
475;0.05907442167574202
476;0.09044580477460458
477;0.1357827238684551
478;0.029133432478068346
479;0.17872692128485268
480;0.15316368914031872
481;0.0034657534758440137
482;0.17900580525279577
483;0.03853317218461583
484;0.12684909828472
485;0.03824463605890343
486;0.04825930951930557
487;0.08071097797703151
488;0.11416386276535594
489;0.13027198989074476
490;0.1586750151307961
491;0.1941211315928645
492;0.10579959361263323
493;0.09526594737428212
494;0.03835550225044462
495;0.11333548462895693
496;0.09026524743329273
497;0.12367331908620825
498;0.047328341905112814
499;0.016907919181372667
500;0.15184231005462434
501;0.16708530697523122
502;0.19965022508509878
503;0.002763472273445533
504;0.06650120311124448
505;0.12096498016131499
506;0.049089931052236496
507;0.1146575976876282
508;0.017329366722582586
509;0.10013060480348701
510;0.05114692545860149
511;0.19613414820751346
512;0.12374453246909052
513;0.0038606934812944528
514;0.08109580563796881
515;0.18476770973153794
516;0.07677910303694227
517;0.03887747793043599
518;0.10750193689044917
519;0.17520548602965524
520;0.1158043796539548
521;0.07290729087241676
522;0.08377228293789413
523;0.08927068320398578
524;0.04617872997189507
525;0.19935588241907354
526;0.04637953086063196
527;0.17148416201413097
528;0.10705301083276696
529;0.09455722009112831
530;0.14227228301694406
531;0.1991162490138699
532;0.17614574442330816
533;0.1285845340605904
534;0.18620813629321958
535;0.11529407764829665
536;0.034657463086226324
537;0.07878261054899488
538;0.07987471829907045
539;0.16292867980511208
540;0.02416074047791521
541;0.00912499651804588
542;0.012690899778107112
543;0.16928533303788001
544;0.03122978854645584
545;0.04214435757988866
546;0.01047099382151604
547;0.116864383788423
548;0.15261787511409833
549;0.16875558866321988
550;0.17277196459671768
551;0.11309044187818283
552;0.00536388383079156
553;0.05235317225310796
554;0.05127490074279306
555;0.003990934009567737
556;0.13310021593445112
557;0.1644952731641673
558;0.013306903843336548
559;0.11844473824523463
560;0.0009358324002735508
561;0.00583875320033227
562;0.16146660573589977
563;0.07546373337205076
564;0.12306005695604108
565;0.03738648205849047
566;0.09743371817518774
567;0.1607738822278089
568;0.010678127843906005
569;0.01422209311323308
570;0.1724959811283173
571;0.11451667748552617
572;0.1827382353703145
573;0.01647451444642174
574;0.08392334411212268
575;0.18553027973760927
576;0.09434209414479917
577;0.14665834929795182
578;0.1289870174848582
579;0.07177332799686878
580;0.08901806352095831
581;0.17268104030815676
582;0.11112950981477832
583;0.11945267878677224
584;0.12186392029866631
585;0.06779735810913601
586;0.05845704447963043
587;0.07894994647636418
588;0.12111155494573214
589;0.07166498222585997
590;0.08743009838712655
591;0.007386223995384578
592;0.17049809191116277
593;0.15044771461724618
594;0.17682922031539977
595;0.08051677247969365
596;0.014265070311096917
597;0.17365133231258384
598;0.16168726932827285
599;0.19569554130420552
600;0.15406180722135532
601;0.138155985334115
602;0.15145677281237546
603;0.12983998579557618
604;0.10755177823121494
605;0.17011023302561726
606;0.10504043145531393
607;0.15497608851496125
608;0.014142369582389569
609;0.09812124957868074
610;0.10269162556967447
611;0.1802003339934542
612;0.013510439380789486
613;0.1589648721069073
614;0.07812914862966874
615;0.08236217078868949
616;0.11386667825743145
617;0.1227192297858152
618;0.07375304445314483
619;0.04249677547830924
620;0.10952142608189548
621;0.08333170295189359
622;0.09534256692317121
623;0.15643609845487946
624;0.18604330912684833
625;0.04062634789268125
626;0.06243050113973721
627;0.17999579926909726
628;0.19314189927843847
629;0.022759450790415015
630;0.007148505854454612
631;0.158450691640737
632;0.1790137813257184
633;0.08372508344083929
634;0.008497151102376255
635;0.06943669661242742
636;0.12326665638023884
637;0.16170093390050688
638;0.08445815309269744
639;0.08794741336584413
640;0.09063427938384012
641;0.1418867802999679
642;0.010776358832799593
643;0.03850154288926504
644;0.03504407140665968
645;0.02385089339614395
646;0.10608482575699546
647;0.1934337314483175
648;0.15969994516538502
649;0.1919569197799358
650;0.11954161083942501
651;0.05722796084737802
652;0.05123789824395908
653;0.026864227639410987
654;0.00836753179381231
655;0.126164540252562
656;0.10717313478162849
657;0.08079009671847409
658;0.12597173831346822
659;0.04555530169183819
660;0.19298939967077236
661;0.018198483185582728
662;0.15082864804547813
663;0.11769557416231635
664;0.19812675214012807
665;0.1992262852654818
666;0.09109168468634764
667;0.15848425695447946
668;0.008799281903245327
669;0.0737636852367622
670;0.1968481924791375
671;0.1973567275836759
672;0.06240737485796504
673;0.04013374564350854
674;0.1545493141629134
675;0.1959910528617348
676;0.0886735483450515
677;0.06545461244288789
678;0.02249027213294017
679;0.04331782552437709
680;0.04047658969241868
681;0.10181538910776461
682;0.0016618624507533264
683;0.05804643285721953
684;0.18022812984602127
685;0.1810449631610625
686;0.07690933849987128
687;0.17707358629563918
688;0.1678655245841884
689;0.11201812026236396
690;0.07913911996318368
691;0.18765776929113664
692;0.15251839875968087
693;0.08367861314311892
694;0.1666672993667678
695;0.09417661825504171
696;0.12421949681295237
697;0.04981861249700803
698;0.10267219835088515
699;0.14517748765685387
700;0.09604517341153106
701;0.04527693386758567
702;0.19414665089988437
703;0.1003707807697357
704;0.016646499863699638
705;0.09043757917748399
706;0.0454614446063087
707;0.02041971857055467
708;0.10612622983506675
709;0.08347934270934206
710;0.162757360457002
711;0.023958827949936756
712;0.0236851900365618
713;0.17715542123226416
714;0.006228997341171794
715;0.14127873116975806
716;0.15677954088966398
717;0.18389229740998836
718;0.18143656216569296
719;0.1429781035368963
720;0.06647374342888916
721;0.04467902811270999
722;0.05957231350465442
723;0.09321675607665253
724;0.15242507868204738
725;0.1530362595287298
726;0.140086792720003
727;0.1376266482091486
728;0.07127436731636826
729;0.045234371123551956
730;0.016991391172944105
731;0.16237854944964708
732;0.18382532881226038
733;0.14232582307532193
734;0.18233555232764836
735;0.13747525863946108
736;0.05403735362742741
737;0.06986962304509946
738;0.1586310357127675
739;0.13886670815570779
740;0.13215419823505792
741;0.1103148388299605
742;0.19763015507664966
743;0.06869171138470427
744;0.1945939717668864
745;0.17720000061802432
746;0.0833356756101406
747;0.053337650205728386
748;0.17645084721001664
749;0.07000197019870691
750;0.10921549284264431
751;0.10310020611430806
752;0.08861189800476539
753;0.06020356540201566
754;0.007754447892075068
755;0.16447202252341558
756;0.1984937382263233
757;0.130190181620788
758;0.01916422107207687
759;0.004292987329093045
760;0.15937887656895766
761;0.03008261698394972
762;0.07551851100527873
763;0.10324890073966933
764;0.0674724031569777
765;0.18406327311803805
766;0.15033843937599312
767;0.03281863685120652
768;0.15878791735052097
769;0.025628177084331183
770;0.12473673403753499
771;0.12397903485487899
772;0.016198994576150483
773;0.14820811162199965
774;0.14981033486738937
775;0.02650872542465448
776;0.022297591600978328
777;0.12377306874098762
778;0.07431652565979056
779;0.01804278460751525
780;0.08083278731919746
781;0.15361167267310136
782;0.03291324498482227
783;0.10750627976036098
784;0.1032028481327939
785;0.13302435904735274
786;0.1350721750550849
787;0.18051297869571972
788;0.14971876405899157
789;0.1435021790674606
790;0.12332070834438953
791;0.14742089913319778
792;0.13940448499870622
793;0.1806646731402729
794;0.07014770859622228
795;0.13788898430307692
796;0.19535838228234176
797;0.15480433472931343
798;0.10832028479677241
799;0.18184437171373355
800;0.16403938144085464
801;0.14756443978451372
802;0.07067438596132102
803;0.013280359245558771
804;0.1188761115037143
805;0.030704111731557338
806;0.11487274323452448
807;0.06443193822244113
808;0.002841117689413775
809;0.13487461432745804
810;0.024313911218096187
811;0.11327936667579748
812;0.10725346845869128
813;0.15354039862836924
814;0.18407261073167558
815;0.06018767527608648
816;0.15363621647867431
817;0.029493132965638248
818;0.10637832691479648
819;0.06941843784674322
820;0.005752326950910192
821;0.062056209970840076
822;0.13254264565958182
823;0.002931282230015797
824;0.12173011468286975
825;0.06437437196053682
826;0.07266370418825417
827;0.06930297081091762
828;0.048149575706152616
829;0.0744692448378709
830;0.1899348139886103
831;0.15688244395926837
832;0.1486374641494505
833;0.11361537976236534
834;0.16255999839689128
835;0.015690219845971964
836;0.1780232935006533
837;0.13227276279208236
838;0.09767712421913102
839;0.13295599420681187
840;0.023562835271600815
841;0.08712381636668323
842;0.04060328823703692
843;0.03817406175555807
844;0.07249066660033224
845;0.1211890124764329
846;0.1346332273223353
847;0.07967101871673828
848;0.06966176738551853
849;0.18838615683795357
850;0.07404423740181802
851;0.010890079246349639
852;0.11163231308175754
853;0.14096501635888967
854;0.051896401617082644
855;0.05587641530493135
856;0.02120451780261976
857;0.09030961035965641
858;0.18920366292764404
859;0.06582661451545675
860;0.08758093467103543
861;0.08300925110415286
862;0.09363071408038322
863;0.18977013156819117
864;0.0849145286313977
865;0.036978346490848836
866;0.0011299176759087092
867;0.0657254022893397
868;0.17514393929101546
869;0.10660240635537338
870;0.04841071797565786
871;0.10911504470713165
872;0.17378948125632707
873;0.1219989279315156
874;0.026285091675579866
875;0.01558787430731552
876;0.19544256886306688
877;0.0164069695161879
878;0.016062602856672447
879;0.006951841153040351
880;0.0459597355387055
881;0.16980948478842525
882;0.13145510851818845
883;0.09698306440490433
884;0.0981113216067582
885;0.10453614349644309
886;0.07788294477564708
887;0.08554706517991682
888;0.002084130908931159
889;0.10214967817174331
890;0.012460607940993351
891;0.10073103244222881
892;0.13222944949471832
893;0.04904545075559055
894;0.18040383142393954
895;0.035527092432588385
896;0.04342776835731024
897;0.09709952785813077
898;0.1683751558254758
899;0.17161059911222343
900;0.17121505299830866
901;0.16760977745090794
902;0.0022079595718539793
903;0.15883314583600544
904;0.19967285174564198
905;0.09240991039345209
906;0.03857785413881052
907;0.17006282741865994
908;0.01799556874196604
909;0.037103121141239995
910;0.15125023356783537
911;0.062455430951765895
912;0.011192966309870501
913;0.0036514421455430494
914;0.13860638384792867
915;0.11790591070613131
916;0.03059173394690966
917;0.042592474446043305
918;0.17239144663668038
919;0.13657935374124136
920;0.11481338560989343
921;0.18682757929733873
922;0.06458698636121629
923;0.06611048830722684
924;0.11790577552967468
925;0.03507623518152887
926;0.13037972338703352
927;0.05851902832058853
928;0.0594707996388258
929;0.10067763453469017
930;0.018916651181117895
931;0.009420983309068643
932;0.050089009938922895
933;0.008575629408007912
934;0.08944803273110141
935;0.16874634946500638
936;0.09976042922223041
937;0.02619280719105732
938;0.10636150135685306
939;0.009232724475129085
940;0.10383177092787887
941;0.08078472549967647
942;0.06337634793358629
943;0.10609715411416996
944;0.1662439264807961
945;0.04191276948776255
946;0.12176717311247663
947;0.09448335428932873
948;0.19949082922704864
949;0.019170601410295807
950;0.02726238046327183
951;0.0019013306636002315
952;0.10496234157054343
953;0.1408661769461813
954;0.03338652352020071
955;0.1712083826154499
956;0.06750118980013285
957;0.09243655298571574
958;0.1001297512215605
959;0.026038055264262283
960;0.16570891824837264
961;0.16663847242593688
962;0.061537818268739324
963;0.01576621076922353
964;0.058211976094321966
965;0.09346585365260074
966;0.05878010265161424
967;0.19507938601594477
968;0.016836151662331877
969;0.13422209281222902
970;0.10656079663920233
971;0.08925949829219032
972;0.0065951921819456865
973;0.06549954665755797
974;0.06554707689326554
975;0.02426515077355187
976;0.029428267687640952
977;0.06569147798007038
978;0.0038349306578621123
979;0.08599651298237812
980;0.055066119070926046
981;0.04052601226994404
982;0.02445118124474286
983;0.04818399957800299
984;0.05722752445033781
985;0.11942288879355234
986;0.07059845460108023
987;0.18480245449628424
988;0.0594787867324883
989;0.1320806150909706
990;0.011409092568880431
991;0.18093173936520413
992;0.07894300843608602
993;0.01912613613580827
994;0.13817078060098592
995;0.0019325401208208914
996;0.04916025898547869
997;0.11089897995862215
998;0.07741700161379261
999;0.040195169745542006
1000;0.09495068737589052
