1;0.1862772185034055
2;0.029644912779838186
3;0.15626800120451179
4;0.08766998519375789
5;0.0817998001854735
6;0.11659915066329225
7;0.02664817210081092
8;0.04849666481133839
9;0.17003905045013035
10;0.18168172033959076
11;0.008277468475672834
12;0.12589197265962374
13;0.17307787931467483
14;0.1017392574672914
15;0.12982332776244568
16;0.023892294799950323
17;0.05188058076108437
18;0.009168616072714575
19;0.06412935207598539
20;0.1215693851216823
21;0.16819616878561194
22;0.08000401124653485
23;0.026088269648618212
24;0.1074087433091444
25;0.05775649264364018
26;0.1097690814469694
27;0.0314491637212883
28;0.08644879068302874
29;0.04551037927926056
30;0.11812676787177663
31;0.1144694437731749
32;0.12730467654797242
33;0.18071444233324868
34;0.15055398317556656
35;0.007537798440473887
36;0.18454309242752287
37;0.1876815953591221
38;0.10068411941397314
39;0.07438274886155183
40;0.08582972883560583
41;0.025156251449484926
42;0.029711181442108648
43;0.15118495255608488
44;0.1898966078096865
45;0.09611362097599414
46;0.1408652386823356
47;0.018083284545691216
48;0.013318804656544581
49;0.07204686910581846
50;0.12003440203005103
51;0.14771391506874879
52;0.010980714821128258
53;0.020267026417879898
54;0.09727225295278791
55;0.03282778144623544
56;0.1082222343473373
57;0.004847866466892992
58;0.04932603860882987
59;0.14907587905586858
60;0.012934146967225413
61;0.1344283461050406
62;0.15970806651264333
63;0.031211041793888162
64;0.017084393103642005
65;0.13973185750376102
66;0.015130299542810578
67;0.06089807400598386
68;0.13132072139000048
69;0.13948273100501982
70;0.07080622350715075
71;0.08288731933693994
72;0.1595009298147041
73;0.14856422164250585
74;0.07545176013925142
75;0.05719286281513001
76;0.05963065382358073
77;0.027056753030695394
78;0.15477886881018077
79;0.02457428086905289
80;0.16624202886736153
81;0.11042072233905094
82;0.03541876593255094
83;0.1518152063126591
84;0.015354262965767319
85;0.06557720120860848
86;0.0813783798957837
87;0.10507741231727846
88;0.012731765872743007
89;0.17840382148560183
90;0.14127403710486047
91;0.16203223078383278
92;0.000949545238332905
93;0.037270249983860464
94;0.0684150017445131
95;0.12458015225679873
96;0.1202895776889358
97;0.1886758678572787
98;0.09721993118416337
99;0.054331453840113245
100;0.18866251221798858
101;0.10649023908427285
102;0.09056857198376107
103;0.028871148037902295
104;0.10065991339338017
105;0.07995382734167017
106;0.10957625024286188
107;0.16497451126697937
108;0.024699122893812597
109;0.19362998870931175
110;0.050495666595926594
111;0.15516772856108238
112;0.10071519509179803
113;0.026585625083466936
114;0.11218756617621238
115;0.011926710499453042
116;0.13863597811442532
117;0.17778588825798775
118;0.19589926294293325
119;0.11673708387363771
120;0.1455433685979037
121;0.15647131057503672
122;0.12279894202340702
123;0.1700434971262994
124;0.13075435830359897
125;0.18291400317832532
126;0.10033270051511001
127;0.12755433846959569
128;0.1527110531293404
129;0.1219238963307384
130;0.005986491233897162
131;0.03587484711725804
132;0.12235172279506784
133;0.10636171104188191
134;0.13212733562441875
135;0.03510173786927404
136;0.10637812447651417
137;0.15684490088137643
138;0.07977906220179534
139;0.16138786773592728
140;0.0225273922245153
141;0.040275338869760716
142;0.016151818765908234
143;0.004825171233561876
144;0.05541543397054103
145;0.1269862434819566
146;0.1853896438021381
147;0.02630476158259365
148;0.17824860849853505
149;0.18193710836380483
150;0.1714683499733351
151;0.05392331692193895
152;0.10904579273072029
153;0.0736264876483276
154;0.09663698851008225
155;0.043297106138324874
156;0.13389338213591825
157;0.1126356620119674
158;0.08995760147670909
159;0.006265382660105479
160;0.13034372597979219
161;0.13899317227854663
162;0.08054613276287466
163;0.07307111194674205
164;0.06703786849641251
165;0.006322752013514577
166;0.014917027899470359
167;0.194298710448408
168;0.09878699733703339
169;0.1236861988948393
170;0.15517999485006922
171;0.18404962420846852
172;0.08138996682770692
173;0.05608833801509838
174;0.015603229785976414
175;0.1929264680573841
176;0.11140597164920718
177;0.18163076521632346
178;0.13901169433388247
179;0.1421718634672835
180;0.03240521818593332
181;0.054208853455088996
182;0.04926459773575514
183;0.16155322279397724
184;0.1715325041108883
185;0.10759010957361125
186;0.1751786957551528
187;0.058409075246591335
188;0.10616564316162734
189;0.05158538786153824
190;0.1082083437303809
191;0.0862274084553162
192;0.11264648592310754
193;0.02895858739254429
194;0.19735986845154638
195;0.0502211833456117
196;0.11201534544317866
197;0.12616512864580526
198;0.12029605445575389
199;0.18712448986782595
200;0.049809166202141625
201;0.05926753244667873
202;0.1260059677585703
203;0.13836014077043685
204;0.04495638648995331
205;0.18136942189108501
206;0.12349968631650528
207;0.057000788602154365
208;0.055274457455139925
209;0.028339299414177344
210;0.0672332239787764
211;0.07591040808053928
212;0.18845188069441796
213;0.08300164585373018
214;0.04676142279030702
215;0.14723677137782307
216;0.14611208985228905
217;0.06051142299571351
218;0.16579835395940334
219;0.04699511061005295
220;0.1860203228204178
221;0.15542525470445423
222;0.15639460617405118
223;0.016189623806693556
224;0.0672652147585779
225;0.01202508108588425
226;0.18475667532763296
227;0.0979059159157175
228;0.06085778083653897
229;0.08100502629404159
230;0.01182488246810638
231;0.17968083107368302
232;0.08997292299801402
233;0.06817950262059536
234;0.053740792077567594
235;0.012032158307657116
236;0.11524806846005112
237;0.015304638053294406
238;0.13469764120156144
239;0.17134183380203152
240;0.08631867665550604
241;0.10249813089357983
242;0.08368813412896109
243;0.07716890242182449
244;0.007546552006262953
245;0.04817596285243247
246;0.03177548630707907
247;0.09896123908238652
248;0.18045335126580528
249;0.12354723703982598
250;0.03873618374676749
251;0.12359841367827869
252;0.16056956601463576
253;0.197236564634476
254;0.1670342098338956
255;0.13235546815532084
256;0.002942831272272262
257;0.17073374949644105
258;0.018023419447446076
259;0.0351148128534682
260;0.13604828719794762
261;0.11561404576967112
262;0.015183374923120496
263;0.11693774185140421
264;0.025929027576475375
265;0.12088862836372345
266;0.08435784274404304
267;0.07919409259824009
268;0.10316351016719427
269;0.14471693487701684
270;0.12562404428539994
271;0.10685442625582915
272;0.19854210462124045
273;0.18657463734489055
274;0.09613181424041134
275;0.17824423255334879
276;0.14273038220669226
277;0.08387136806390527
278;0.0014562452789903758
279;0.050500269568302274
280;0.18579408408956036
281;0.19158408211640587
282;0.06595578098952844
283;0.07482232868100172
284;0.06343396492171711
285;0.11146738854057764
286;0.015674295064581092
287;0.12362527157343801
288;0.17888606966677867
289;0.046460458405832045
290;0.013208877596341284
291;0.13819674438811896
292;0.12092941438200636
293;0.19698601920675063
294;0.19374848608040623
295;0.14818412331480887
296;0.1350116617561152
297;0.009924060950222559
298;0.08748689694269784
299;0.02474108864398128
300;0.08435165889797776
301;0.09627942192583627
302;0.15835831579981863
303;0.19646895050106672
304;0.03380837604388589
305;0.07893033476376084
306;0.048209508552311015
307;0.1787521350901887
308;0.005799137556599488
309;0.19880048187708463
310;0.046652216674482674
311;0.08152886369456332
312;0.05268014022539509
313;0.09025825655854583
314;0.15499409886774063
315;0.12966476640813288
316;0.08618429509006209
317;0.17290231236686354
318;0.1333654355474436
319;0.015127423836196696
320;0.0101572898504243
321;0.003251747469964217
322;0.13781098376159676
323;0.15943594714078743
324;0.11426878385734476
325;0.1432890733670628
326;0.10590173157072127
327;0.06868260488333496
328;0.15594567467077086
329;0.05866002314281982
330;0.12129840131113237
331;0.09064494405455403
332;0.027791199657730206
333;0.09261351350745198
334;0.10083779527824839
335;0.1417900277586679
336;0.16508611387010694
337;0.10270197285267119
338;0.06345209781330734
339;0.13295207421130156
340;0.04913700991092085
341;0.12035523882880572
342;0.06553884745885284
343;0.15085553550433559
344;0.08532472409190424
345;0.008793945536967508
346;0.1895241397621746
347;0.14474140190943785
348;0.07239483272715393
349;0.02057182717088526
350;0.17308886735020745
351;0.19917215112927605
352;0.10738160847298
353;0.06187424853481876
354;0.05209759745600369
355;0.13202574875600845
356;0.11013917796781687
357;0.08399377496170851
358;0.12429063213420244
359;0.14688143178288707
360;0.08991417184530877
361;0.09752878161846734
362;0.034263863532435136
363;0.12613628157489534
364;0.01834601292533944
365;0.07028469570151545
366;0.18305743340985653
367;0.027359929325491163
368;0.026001336491073612
369;0.08533237526829998
370;0.09185923004160151
371;0.16962807042661704
372;0.11376692775965316
373;0.09522655746923317
374;0.03473718152015957
375;0.15037919833666966
376;0.007978417855957431
377;0.061388834268926676
378;0.03582504368353461
379;0.11745069262465593
380;0.046601535577203236
381;0.19547539722096652
382;0.12793682243003476
383;0.10750983174595577
384;0.19860562295972517
385;0.05807036349082082
386;0.0006953451636680708
387;0.028789690914722922
388;0.11974468506439605
389;0.013146382745017494
390;0.14235889120725573
391;0.11506132391301985
392;0.007691050258409882
393;0.13656196233057238
394;0.05014770048821904
395;0.09062818816859902
396;0.061327529125951144
397;0.02169494698315544
398;0.1013202209714334
399;0.04191503067824225
400;0.034408040892591175
401;0.14261485721294623
402;0.06559842843370922
403;0.10394852964426758
404;0.1025734833451921
405;0.12583608485259654
406;0.06962382473459708
407;0.194646561623468
408;0.04615827641434076
409;0.08266872056586914
410;0.14549341466488808
411;0.15213304566455388
412;0.11197095564729104
413;0.04527441984404801
414;0.18019431111769754
415;0.1110925490558093
416;0.011567326492093511
417;0.051620833118819556
418;0.1288130731661805
419;0.041528077455349366
420;0.05539081639772852
421;0.07251178166538623
422;0.14953634480375308
423;0.10691325004852462
424;0.18656656618332457
425;0.0748397155619168
426;0.17860018283500972
427;0.15515166916376763
428;0.1758654169301426
429;0.13553793532206762
430;0.02751101992175338
431;0.1987688655104397
432;0.19271346524409283
433;0.18706569141808804
434;0.10861572356726211
435;0.15475670310067213
436;0.05455305483777191
437;0.06838141915523492
438;0.13794128365950506
439;0.07964262325350493
440;0.027049055278217573
441;0.15063779857908383
442;0.016829680732522247
443;0.0070100941143128375
444;0.10535645053711687
445;0.16340707106891914
446;0.10948631761845416
447;0.04999723759977335
448;0.1955135906729759
449;0.1102170769741681
450;0.16679882083186304
451;0.1891013638514688
452;0.07180163749912494
453;0.00756927993913974
454;0.1338515099589131
455;0.000787434203942361
456;0.07058872601071213
457;0.06717076633707193
458;0.07413304447809828
459;0.08614736429147202
460;0.033840673820653346
461;0.07260874553306383
462;0.005298138177426615
463;0.1282615642931932
464;0.13016321744019882
465;0.0005659387656840265
466;0.16155165197120083
467;0.16951049008529218
468;0.09921838446143885
469;0.17522801807467875
470;0.012726402507536205
471;0.15605936629454845
472;0.1896360936166876
473;0.16247307169481823
474;0.032415834781731066
475;0.0679799934834101
476;0.1550239043830181
477;0.14296755662911495
478;0.018953971351572285
479;0.05422310763112908
480;0.1352651878121259
481;0.03272518994598015
482;0.190928715278272
483;0.004010635634613013
484;0.1058212105731057
485;0.11899329159125922
486;0.06673333312614785
487;0.11626600456631615
488;0.1330264246271339
489;0.10244870121834981
490;0.01840547889803721
491;0.06684693276609688
492;0.12255989050425176
493;0.12926785924491963
494;0.04370489946418532
495;0.19969204501144186
496;0.13876504180019703
497;0.018564072247152976
498;0.16763191709324374
499;0.1830649461672639
500;0.10144116327191868
501;0.01412110692118278
502;0.07782111980180995
503;0.023361112240829908
504;0.119038360317687
505;0.04018052994573416
506;0.15026498657083265
507;0.011612153550763706
508;0.09902576709485417
509;0.1574572908033471
510;0.12524200304252062
511;0.017119199957578445
512;0.04173746902524216
513;0.0737733769674389
514;0.09937130472151844
515;0.08953789629816436
516;0.11339859296952293
517;0.14254926775092966
518;0.0931903592913183
519;0.13881323298263407
520;0.006672618553958465
521;0.0926745631439274
522;0.041557044031835
523;0.07629444700571529
524;0.07538590816175028
525;0.09918909708203077
526;0.10909455593402897
527;0.10105682290370216
528;0.12147950226213672
529;0.03388287893367694
530;0.19156936278564834
531;0.18569099656005883
532;0.06346030406347727
533;0.19789519905548159
534;0.05291881294398307
535;0.16643728412235248
536;0.004312524727306455
537;0.08935261670111526
538;0.013343708361238861
539;0.07451125898751569
540;0.08081647417424119
541;0.016526254777661564
542;0.0060891712658697195
543;0.0030762757141402867
544;0.11528239268737345
545;0.010202528933250977
546;0.01966964844147261
547;0.043622078912771235
548;0.013637517150737112
549;0.05938665117193429
550;0.08556798203764507
551;0.058227205516576744
552;0.17079361859143904
553;0.023436644448851386
554;0.1492195782709665
555;0.017063896870898553
556;0.11265986044351656
557;0.1848481476361992
558;0.01764127823542916
559;0.13876932185379565
560;0.13335818572948002
561;0.08377055341967801
562;0.0728137765461749
563;0.039612226419832974
564;0.06132055455948609
565;0.0068573425824989265
566;0.08768258083046232
567;0.15342631131294884
568;0.0874533926374807
569;0.12458194078981498
570;0.07526806656560021
571;0.1336303928032275
572;0.1471747251083033
573;0.14474637283690114
574;0.08342258911049641
575;0.1893119144590827
576;0.1452385690380812
577;0.15067982663309018
578;0.04905717015586866
579;0.18406719688498321
580;0.1169551534118515
581;0.17021869646548893
582;0.13644529298918495
583;0.14644942335784047
584;0.16342575336220114
585;0.1169752268950465
586;0.18178485902502534
587;0.13476757758420496
588;0.14664389160391664
589;0.1991883341670154
590;0.1252055387676594
591;0.022025380218845283
592;0.17552331428057988
593;0.004689191034155594
594;0.1824224144083788
595;0.17567570434359073
596;0.013436157289708506
597;0.01152311561721835
598;0.061613255701891224
599;0.1076205114311219
600;0.016242177034732186
601;0.16181656236594275
602;0.03742316260977432
603;0.17388919846248274
604;0.051608467441925626
605;0.008789677336389069
606;0.19707546249325897
607;0.0338793780735507
608;0.0013502261572823305
609;0.16474662758121744
610;0.10711009771507936
611;0.06642204453106307
612;0.11236960373510854
613;0.08465661014080753
614;0.01569037554287476
615;0.08153812726680987
616;0.1737772112233753
617;0.1393008143887152
618;0.17937191704488598
619;0.16548303604585
620;0.15220720226633633
621;0.024491583789589134
622;0.05085880881278557
623;0.10629547974569298
624;0.10670440824569388
625;0.04928417459562476
626;0.14016261043727787
627;0.031502306583367945
628;0.18147619924578637
629;0.1693380100652201
630;0.13904376794591705
631;0.0692520010028088
632;0.0676547737982947
633;0.1470059615270905
634;0.17403718337336982
635;0.13216044714569095
636;0.05995294849801325
637;0.03378765309411374
638;0.07757709336479168
639;0.11391426197567461
640;0.07933732030985818
641;0.15866267309173288
642;0.056102172784103545
643;0.10774660461945429
644;0.11927195014162158
645;0.1389595214662519
646;0.04284364500150631
647;0.09941109320075654
648;0.05040605546666646
649;0.04875151258203545
650;0.02063440492522637
651;0.009545887596645897
652;0.0668024821889204
653;0.025732946080455555
654;0.09354611621870337
655;0.1742073863956338
656;0.1071471609273492
657;0.09534037483930807
658;0.1725013158700589
659;0.0649939862358233
660;0.00932441486534008
661;0.15773684548846897
662;0.06705988613485757
663;0.08337406317906933
664;0.01736422994438749
665;0.1306853631117368
666;0.016590215589741986
667;0.1389069868532095
668;0.10839179816279898
669;0.13045618545904175
670;0.15541168255435922
671;0.10213997157928781
672;0.0034229098406795668
673;0.10086073008768617
674;0.1192408494846634
675;0.09205262609629127
676;0.024299625579761265
677;0.13499982350202996
678;0.13477374882782497
679;0.1839959759181271
680;0.09065748951707407
681;0.023262978802291424
682;0.0022165573765364544
683;0.07745168606631495
684;0.1489776444340095
685;0.16791996760015004
686;0.09840723495719961
687;0.10965285697299931
688;0.12355909598920994
689;0.10767975659263887
690;0.19102527039430126
691;0.1523494744582835
692;0.02322092135754339
693;0.154755008936768
694;0.07307108272287093
695;0.1490947139103754
696;0.19398818782896862
697;0.1966150040375839
698;0.13454966645203723
699;0.08125134509974752
700;0.09396038495020426
701;0.04559375081329212
702;0.006691225686039082
703;0.1008000205663505
704;0.13016937647557922
705;0.06949271205599805
706;0.1388023976806832
707;0.1767170663654858
708;0.03905784805126342
709;0.04562051134622341
710;0.031059630204624347
711;0.0058269975434554816
712;0.11159971390836187
713;0.042548520156195084
714;0.033803172917018266
715;0.03342940163233523
716;0.15477786761529388
717;0.1848569784383795
718;0.13177961894924833
719;0.08311179776983116
720;0.17542470436128493
721;0.049279476079935505
722;0.18118595529121023
723;0.17438488818608805
724;0.024902008654074104
725;0.10828955143506819
726;0.030626702400566686
727;0.10553887471464132
728;0.14238973623515894
729;0.1604665002780904
730;0.19543825624011799
731;0.1020712670669165
732;0.008933712021785235
733;0.07792563736228762
734;0.08871706050987789
735;0.10783834485183484
736;0.14644676619108757
737;0.039789684517944825
738;0.08887893177408675
739;0.07818326123852459
740;0.09784606406406982
741;0.1739696249287332
742;0.15912239747468737
743;0.19750781398531306
744;0.13633933393367942
745;0.13472608905858519
746;0.03021408350590147
747;0.08691048868714209
748;0.18179895181746775
749;0.16277727980774487
750;0.18033388985933868
751;0.08314424583222
752;0.01758577601346847
753;0.05476257246968459
754;0.14478857301275005
755;0.07174083654965317
756;0.11089395578614565
757;0.07706084352171028
758;0.19950776575777687
759;0.053490558918611014
760;0.15125161805770698
761;0.11840147846033432
762;0.12570962844275824
763;0.00828512891887676
764;0.14743946708569403
765;0.11529743494649698
766;0.16634275213190822
767;0.12565976653665448
768;0.1610438160450878
769;0.02869362857892459
770;0.02486781465768542
771;0.00438959570544375
772;0.15607793992574046
773;0.000473017347030158
774;0.07918833008421929
775;0.16522370892124105
776;0.12889127436934034
777;0.16801698809766102
778;0.03423719621952348
779;0.04710654838037736
780;0.1722644726185998
781;0.02758233718212102
782;0.010088889030671157
783;0.09868949551367522
784;0.1974711381956552
785;0.10372885968737976
786;0.09385348671792271
787;0.026412978872077764
788;0.11797148326058625
789;0.14870831795633255
790;0.12408053444795192
791;0.09078898113318484
792;0.09526082689265417
793;0.17210147662607808
794;0.15564922627646152
795;0.13672169622697394
796;0.026796448805873885
797;0.0539710915364992
798;0.10363555222500186
799;0.046029480630483115
800;0.13698372358231892
801;0.19617790210366912
802;0.10127426529672211
803;0.05322449726687704
804;0.19018723706457782
805;0.06562822392802894
806;0.07097853632736184
807;0.025444359090605717
808;0.12169302287972575
809;0.048721717807377087
810;0.04751488844330374
811;0.19242815786834486
812;0.06136954546177873
813;0.07879734799987033
814;0.1785546773481695
815;0.05511165792639079
816;0.023439667524292565
817;0.01385043987808412
818;0.17098199649419066
819;0.006332535772904446
820;0.1920557414655718
821;0.048671636769682516
822;0.0006850162934297189
823;0.07009764788018229
824;0.1602285964322548
825;0.16025919136954944
826;0.01591799792636517
827;0.020747262712664007
828;0.059940816170536926
829;0.003966131936231343
830;0.10043216442805572
831;0.009356157409118993
832;0.1351395053353802
833;0.17739440389353447
834;0.07868375771968528
835;0.11419262316062258
836;0.17634304277899462
837;0.15330877065325985
838;0.05724640803415182
839;0.018532230065570542
840;0.04966053020918426
841;0.07508117546075475
842;0.012124608939142668
843;0.05492995033013597
844;0.19996235581354946
845;0.05655134703233873
846;0.009307422948147126
847;0.180908547051541
848;0.05394728509076603
849;0.18822190643072736
850;0.16545726365635968
851;0.13840562429347358
852;0.1961416624252269
853;0.006703160217216508
854;0.07672357337499697
855;0.051513354702706286
856;0.15948081596937444
857;0.12987026714219152
858;0.010547096999426353
859;0.11923881954759025
860;0.10602843364909365
861;0.18910484423344834
862;0.04185159129422176
863;0.17441777773828115
864;0.18394853000918562
865;0.14907196982902557
866;0.07055581320846431
867;0.13858516871310422
868;0.018524131789993726
869;0.032955334758206355
870;0.1370669658270482
871;0.01040062784052951
872;0.033718319455183686
873;0.07607586317864368
874;0.19251283502897149
875;0.10530141296417068
876;0.02865290727076837
877;0.1472113692660421
878;0.19551324169969522
879;0.03232349425693559
880;0.0019087454681793626
881;0.19798025728494834
882;0.14658973758289343
883;0.11952728022769886
884;0.027590752642504702
885;0.10331849481917424
886;0.04552376686119215
887;0.1794978122755706
888;0.16287625021125826
889;0.16701212685151018
890;0.13836058908100668
891;0.11833266426504388
892;0.15338604196560904
893;0.0825808870893292
894;0.122133688989045
895;0.17131516044519787
896;0.14410415562953058
897;0.12583025688699193
898;0.04267965845686586
899;0.017639669057497833
900;0.010138837459825046
901;0.16403228000135936
902;0.14426884372795953
903;0.07841573114832948
904;0.17628628053064874
905;0.028014413124362814
906;0.014055983619635205
907;0.18718346542867997
908;0.09476059658992886
909;0.0007393072538752987
910;0.10109634727292352
911;0.17298643462209395
912;0.023295399238347336
913;0.18571085811118251
914;0.014997064607437927
915;0.12161587395265105
916;0.012596866168818166
917;0.008903124178827482
918;0.16743809474107796
919;0.15526006771013767
920;0.07957230831026366
921;0.14394068836385662
922;0.1447770210894722
923;0.1615855771668783
924;0.136866610156513
925;0.19154370690972844
926;0.14897913803647617
927;0.01427379002778797
928;0.14516339152047794
929;0.14244504993300108
930;0.0930354699910017
931;0.17900060588575503
932;0.09130322236133462
933;0.014340569427204075
934;0.09976967379016738
935;0.17917136700123357
936;0.14859590404269626
937;0.0934852830302327
938;0.054729740158393936
939;0.0959157017539591
940;0.15318176911633574
941;0.15568462800169192
942;0.09805926781343009
943;0.14882966222423466
944;0.04252916668618803
945;0.09242175006950155
946;0.006770133446142102
947;0.0089360412115288
948;0.05456545226661638
949;0.18355009402091196
950;0.07881445973408761
951;0.08434357810561628
952;0.13142544676435916
953;0.061754213063732966
954;0.1090412059374894
955;0.1201566870880138
956;0.12379780609519256
957;0.12278937038904231
958;0.11976865058037418
959;0.11737761586672811
960;0.17733167831746688
961;0.03287773581572482
962;0.14803032106473626
963;0.025676298573319614
964;0.08946614455429869
965;0.012505137310874548
966;0.037335284076999174
967;0.02713465155845196
968;0.13814764457557416
969;0.023212540836766517
970;0.1802017177759744
971;0.016650628230998412
972;0.09980182488900975
973;0.1933771171007547
974;0.131578162711987
975;0.008589061023891342
976;0.006297480945209211
977;0.12538560908969715
978;0.1647568254227817
979;0.07262215905941803
980;0.03150254104411881
981;0.18456782352938653
982;0.14454878720651324
983;0.01714109802074657
984;0.15505894176168397
985;0.09475324959789984
986;0.005086883234650408
987;0.05961276585377187
988;0.14318160655507967
989;0.11162194201911622
990;0.07517042840318995
991;0.0192576680055115
992;0.04199597132594129
993;0.1526060176896712
994;0.12278756492042918
995;0.17472721126286306
996;0.10149413398670114
997;0.1309125288966956
998;0.15812546468867936
999;0.18326418306731493
1000;0.07592957222769686
