1;0.04848390051395162
2;0.03096587208840176
3;0.1662631620494372
4;0.019632711779870027
5;0.1668260591837826
6;0.03565766099676435
7;0.16573745379498936
8;0.07659311694448445
9;0.05531353874099383
10;0.019790074224792176
11;0.12694295519211454
12;0.13380329915546416
13;0.1373772017455073
14;0.07859099738916893
15;0.12601882633961445
16;0.17947200493645601
17;0.14907539958596433
18;0.16364490407508006
19;0.14656775231504002
20;0.07202242025536498
21;0.07759149616988703
22;0.00422824772965269
23;0.06816974542088176
24;0.06978780223386803
25;0.03991881940553781
26;0.13368927705633463
27;0.18872718386116877
28;0.03499563551447973
29;0.1205112574016223
30;0.11948020039139871
31;0.08746627966041819
32;0.02062227697470922
33;0.1603105787223426
34;0.04949179365761387
35;0.0957032947500238
36;0.18827630363676107
37;0.15275609456706918
38;0.014465527959304558
39;0.13388062921551103
40;0.017130702199147474
41;0.004391470448304191
42;0.19691790684142968
43;0.05339191950514599
44;0.01189688353898668
45;0.18616325175113776
46;0.16297426979426197
47;0.09731403162085339
48;0.0642944583964156
49;0.19091612919120055
50;0.11576431485404577
51;0.11739982050229845
52;0.15795167209436412
53;0.16037320523060805
54;0.03813307314131771
55;0.12624925012774332
56;0.016789249245909833
57;0.016680337688074177
58;0.0728301491982342
59;0.10539508562258658
60;0.14071200717076487
61;0.16963390598763284
62;0.005790662619525877
63;0.11720881823037244
64;0.14011362848926895
65;0.09955399569335731
66;0.12201727582742539
67;0.08907265007857881
68;0.03412765789218288
69;0.19467399445609837
70;0.06801763922571723
71;0.0972813960660382
72;0.010782007803472805
73;0.002629270075310286
74;0.05153199072622199
75;0.040820301073722434
76;0.1251966919274017
77;0.034046901282686885
78;0.10263600418701413
79;0.08007423310237836
80;0.049853038299052126
81;0.16534168941438881
82;0.1475528578207048
83;0.12289946249226198
84;0.1514541819562658
85;0.05933825856062718
86;0.006881343210489055
87;0.19881586055052128
88;0.05414356239670642
89;0.1451985780328367
90;0.1500130125275732
91;0.03442866552718562
92;0.0007289460147582361
93;0.05524104427808807
94;0.023001042530758988
95;0.1373202980190947
96;0.13142414748711242
97;0.08086294006013228
98;0.18075765954517933
99;0.09303044965927652
100;0.035637384797781425
101;0.06893966720610452
102;0.04248088294516124
103;0.04618288980526031
104;0.06655629757237091
105;0.19556079191581488
106;0.0017734171639681275
107;0.18274942895318413
108;0.0014370844016895258
109;0.018185498481853423
110;0.09482895431148884
111;0.032400656618882785
112;0.17021035231506046
113;0.0840630195446801
114;0.00188421214948018
115;0.12921445379378363
116;0.025305215051477738
117;0.00253828584879352
118;0.08885305521346423
119;0.056651006595171444
120;0.18384810046824906
121;0.15056099540222292
122;0.06984410711952974
123;0.0488181973144082
124;0.12504402409550927
125;0.06280685359739502
126;0.14627708063711561
127;0.17731265567030144
128;0.08434596247036351
129;0.008204697136103568
130;0.13897211034909726
131;0.12533172364834627
132;0.12282992310831714
133;0.09133675598286153
134;0.16709296763533593
135;0.11246829350670094
136;0.17473196732395874
137;0.04090634831458682
138;0.05667979809479504
139;0.11392970400757066
140;0.08183705271792613
141;0.17721847509568237
142;0.03591591402385726
143;0.08913579097076292
144;0.05123443477976053
145;0.10001997214543634
146;0.006286670817616491
147;0.06189161419281937
148;0.1850170711225691
149;0.08006244374767726
150;0.011012249056770474
151;0.06605114215295452
152;0.07870763391306722
153;0.13218052991550452
154;0.1373952672283468
155;0.06341136270783398
156;0.180021926231665
157;0.14746154853569357
158;0.08345819490477913
159;0.045686391897417945
160;0.19545772327537736
161;0.0822389664106657
162;0.026292049756345005
163;0.10000463362987566
164;0.10825918351863638
165;0.1864827342626746
166;0.0881829665645568
167;0.10117709120448277
168;0.10422000305458788
169;0.0626870161564538
170;0.12730802747365447
171;0.1947026274646428
172;0.12809581223321326
173;0.12837854500473286
174;0.09273771867920194
175;0.03330888857655454
176;0.03260365192222061
177;0.09251199522588911
178;0.06620677942082952
179;0.0456282479961117
180;0.11010622522099545
181;0.0682299451728771
182;0.11469584125998962
183;0.09320824027599897
184;0.06081653051530376
185;0.04310317759265785
186;0.1585940825929501
187;0.032484596824421556
188;0.13744485189882935
189;0.0181629285392946
190;0.07091671896557443
191;0.025761706907603845
192;0.09414663990368266
193;0.12910121495200574
194;0.11290748606613842
195;0.033438605397187085
196;0.09718363480540296
197;0.1571920964628962
198;0.17105571850720708
199;0.19513499051427977
200;0.14967879496928732
201;0.12664304108063562
202;0.1949668972055847
203;0.17825769422240545
204;0.14228813433793996
205;0.05615610169937855
206;0.17921635715605388
207;0.15095954241957774
208;0.12158824269534046
209;0.13029619853196103
210;0.058410017560722775
211;0.14942386819861436
212;0.19007778433733424
213;0.1968002808238954
214;0.19038778384414776
215;0.05069433127691077
216;0.11309002694269815
217;0.18611191133320043
218;0.14251043851983386
219;0.017863535094359718
220;0.195316913001521
221;0.13731543624222253
222;0.16786734832759936
223;0.19201868884109624
224;0.08595626470451667
225;0.0962234433014062
226;0.04093485118769405
227;0.13006788012289558
228;0.08088389758408956
229;0.02036552069471871
230;0.09147291535530751
231;0.07235462899818966
232;0.1453316792098905
233;0.008658641097629705
234;0.17876896139041243
235;0.047863333733649996
236;0.02312239069308
237;0.10544809248157527
238;0.14677249523848232
239;0.1638281094559674
240;0.18777731607169665
241;0.16964916995649112
242;0.030080709624503356
243;0.11730761053834489
244;0.1286915100315166
245;0.10904745053156349
246;0.14770344791975673
247;0.04343354003516012
248;0.16323348277727245
249;0.024466657574398032
250;0.043015482785329344
251;0.0431409436081069
252;0.048985153680877
253;0.04693831736643091
254;0.11890726256096758
255;0.0166158513468035
256;0.1747819122417824
257;0.030406157833808647
258;0.16636611990119907
259;0.163100336208578
260;0.17109331797698601
261;0.005042197345956812
262;0.03443419380279016
263;0.1765877668923805
264;0.12018245573334574
265;0.13661796248843616
266;0.1539161561835157
267;0.11318152301856786
268;0.08255373629257734
269;0.024539779399264952
270;0.0032529326652555924
271;0.031196736155519458
272;0.13054004898485727
273;0.12206257822507907
274;0.12811939615034712
275;0.1333294187070683
276;0.0424021058204829
277;0.10736565475297
278;0.04334167930387627
279;0.0589004240239897
280;0.06747035819127552
281;0.07923695507578082
282;1.5960944108850407e-05
283;0.07183736809016754
284;0.019589706974085266
285;0.054747487088221636
286;0.19669542140751073
287;0.14991450614412571
288;0.14862485410265308
289;0.16186330820046824
290;0.014635684493473945
291;0.0429876380655817
292;0.07136957107995234
293;0.02285691304817763
294;0.14527516454952152
295;0.17827252749877126
296;0.18806563482828056
297;0.16250923718960514
298;0.13670069018768158
299;0.0736357072167552
300;0.05436392031271722
301;0.11010752714263579
302;0.14616101236908818
303;0.06840453472989579
304;0.18374907456514686
305;0.11081986147799786
306;0.18839685704037937
307;0.13489524327489613
308;0.10476897905458844
309;0.10631829864908438
310;0.13090444067251347
311;0.1701683331232104
312;0.06723882084607345
313;0.04547880108680378
314;0.02816746656813625
315;0.10053230238293323
316;0.1926675545608257
317;0.14249108662573104
318;0.15416305844893044
319;0.0461072393547652
320;0.1767957224525571
321;0.1585044474667007
322;0.019922449698880042
323;0.01962830592943343
324;0.11125711499226748
325;0.16684016961290637
326;0.19226906339982208
327;0.017616629376572046
328;0.037811177849867296
329;0.11604725184777809
330;0.14116228031397773
331;0.05040045829137532
332;0.07595987554975413
333;0.022342024956122742
334;0.08165529122106703
335;0.13661274911229523
336;0.15285260920368843
337;0.13361903084430912
338;0.13740393030027584
339;0.1751173774487954
340;0.054657521752325015
341;0.14626964714452428
342;0.004502027806143638
343;0.1258605804589545
344;0.03920629898129971
345;0.01457439471351938
346;0.027168860142054087
347;0.11127834396730912
348;0.04639414728797378
349;0.06870993943729374
350;0.04871605442441467
351;0.19132909778786933
352;0.13415940072514976
353;0.13675684714591582
354;0.08606803534133584
355;0.16846760671229666
356;0.1325660258431211
357;0.12245042477804931
358;0.1473205043557051
359;0.14513666097524489
360;0.10496871006205666
361;0.06589357767770632
362;0.027461303638363122
363;0.0017861267504197587
364;0.07973469282376076
365;0.007581496479151029
366;0.07370896215970997
367;0.1484111113877632
368;0.10872562497995614
369;0.14950495479673012
370;0.1414454091945989
371;0.10218708263355869
372;0.06365263481709404
373;0.16371296583275777
374;0.04166424812417427
375;0.15634950628634897
376;0.027804680073740862
377;0.1772327052566749
378;0.06529463644835236
379;0.042592874897469594
380;0.10462790102715017
381;0.18962595073682767
382;0.09990695612520831
383;0.040545440519325654
384;0.08069233602296029
385;0.13800564488095532
386;0.044326151721847756
387;0.08360865484672922
388;0.10350670724066686
389;0.15295514558187526
390;0.09865266442002052
391;0.09484390045499508
392;0.04517408087437594
393;0.1469183833355639
394;0.12357018674053562
395;0.1327986073037705
396;0.16686680218925243
397;0.015539866755475208
398;0.015283753971070025
399;0.06526459021849398
400;0.00695349433590129
401;0.045422068925158036
402;0.03775292299944007
403;0.09322390057926533
404;0.04496316525214466
405;0.188516327179063
406;0.10519712364313678
407;0.18786900460326206
408;0.09928979989822151
409;0.12869831736766638
410;0.19208158825260524
411;0.04828118527053629
412;0.011308934995602971
413;0.17260616816862706
414;0.01951089642466282
415;0.012774464601219206
416;0.11779642916388555
417;0.1418430950969682
418;0.1595442233534073
419;0.12084506434430353
420;0.06987401200720947
421;0.15429445762049387
422;0.03516095020874881
423;0.11007147318209279
424;0.1717431794783054
425;0.08092956195537403
426;0.052024509418185906
427;0.02621381313491147
428;0.15498795368338708
429;0.049213879345115036
430;0.12260423737516815
431;0.07890696237778905
432;0.1368700961964345
433;0.10248075296289634
434;0.08377541769318692
435;0.01289498951124264
436;0.16469455628485513
437;0.09445684051121242
438;0.1791650131904485
439;0.12269413051425311
440;0.1602519821383407
441;0.11577262231661173
442;0.1566147164381433
443;0.05091103375108981
444;0.01380870721722951
445;0.12078637593271438
446;0.03347739696560821
447;0.0028586138216019075
448;0.16750720041581188
449;0.08959233494017385
450;0.19456661396660888
451;0.05177236968249726
452;0.15429143288096525
453;0.01175721636062539
454;0.16168730696527792
455;0.008540430606299942
456;0.13154511790428233
457;0.011331522183442178
458;0.06267738923098483
459;0.040595881135161466
460;0.19391180964866406
461;0.1524457419381174
462;0.13594412395527564
463;0.06955478702360499
464;0.06830184655784848
465;0.10525033190667313
466;0.13642454173284274
467;0.0513393525295685
468;0.19336658430841724
469;0.10704350988767464
470;0.04853559353369019
471;0.02775578106723582
472;0.061689972088918424
473;0.03827223347838245
474;0.18391029975532605
475;0.15166354698386655
476;0.17170805788043567
477;0.14908458846334377
478;0.1679363555519958
479;0.011418152306249853
480;0.018802266161515147
481;0.13952273625736086
482;0.09211122834408841
483;0.07378431440850722
484;0.08483411788923945
485;0.0694106132123462
486;0.17872403279955304
487;0.05720538686047323
488;0.09133321519494149
489;0.01088857652003681
490;0.08389250895830032
491;0.008590992009920107
492;0.0015003876503576264
493;0.13089745779075887
494;0.17513176242845452
495;0.11654111260925706
496;0.0806824863042201
497;0.13675730016752716
498;0.0873541541514607
499;0.17206211229284243
500;0.19810647808311996
501;0.09430817586633977
502;0.1917219242863082
503;0.09684338190039737
504;0.0831558831804567
505;0.08689856635731451
506;0.08269823203720301
507;0.08042456934533082
508;0.024025361013813654
509;0.1253315582668287
510;0.0887299183695707
511;0.008097992669096455
512;0.09759278065569188
513;0.13827468111346428
514;0.17505084969690451
515;0.10420539184833043
516;0.0545224772274199
517;0.034592619857917443
518;0.02033237593182251
519;0.02799247126981033
520;0.0708654895724881
521;0.19052048755479148
522;0.14014278131544497
523;0.015462449595730088
524;0.011230387120848473
525;0.014885761455997182
526;0.18449987247184563
527;0.013834570329725949
528;0.18700491372505787
529;0.04251971473813121
530;0.10053929182090954
531;0.05501984199568053
532;0.05710348427483647
533;0.02593053658612996
534;0.03260906173898772
535;0.12213151621097121
536;0.11835538580943833
537;0.011039543239817928
538;0.052066207699039205
539;0.14648765723812388
540;0.056621929475060576
541;0.03167506822105801
542;0.0633785620397567
543;0.017321691171561193
544;0.08645455835767296
545;0.057813558428237016
546;0.14280008025625324
547;0.08040843243299103
548;0.1168735309391451
549;0.18111038917003575
550;0.015219069840520284
551;0.021468458232887677
552;0.14295843355420035
553;0.1504151312947756
554;0.009771916260937897
555;0.010792243412952441
556;0.14082802868632968
557;0.13238423964149523
558;0.12378259632336563
559;0.007957220571345004
560;0.025509431822909125
561;0.18736733666158156
562;0.1842233894066762
563;0.11937712005091053
564;0.11480065674049254
565;0.05019747429073054
566;0.05939621574747711
567;0.11524478157061434
568;0.010495740115260555
569;0.15235969775683308
570;0.0215474355293249
571;0.18119623348014427
572;0.013531116608213711
573;0.0848732477221281
574;0.12405688197416076
575;0.10451257368647682
576;0.092822727061302
577;0.03751027211465503
578;0.06691397660224326
579;0.028527447641403095
580;0.09303952927486386
581;0.02224373548273606
582;0.0663147222717148
583;0.07504469392879334
584;0.06229351161611177
585;0.1917501495343247
586;0.18880496756491158
587;0.03858192777379619
588;0.1330324069847031
589;0.06095345010530162
590;0.04490365717904887
591;0.10494426069028764
592;0.14515954830879627
593;0.16319818503337777
594;0.14472762048026971
595;0.12847340545859184
596;0.017677758668424803
597;0.16469957551725312
598;0.051699101864615904
599;0.1697924419100531
600;0.04861412946078785
601;0.06445439237102646
602;0.16276793341452211
603;0.07144399076792983
604;0.17179243793719465
605;0.032710820236490745
606;0.09786858654237243
607;0.16678907928147413
608;0.19089361441027508
609;0.035174718108218594
610;0.18382178638723023
611;0.018596757169795808
612;0.00044137390743508313
613;0.06340689696191196
614;0.04158281343968229
615;0.1990410905555013
616;0.0699159544934215
617;0.025105391142342826
618;0.14193355265417995
619;0.012317069600917809
620;0.0031056905625565182
621;0.005719792298750592
622;0.04645729062138107
623;0.06764158218887982
624;0.17084793326904102
625;0.12487846332127313
626;0.0703830965084818
627;0.07575003310216466
628;0.0791726771994265
629;0.06348234273097056
630;0.15746641529476138
631;0.15770338327162065
632;0.09459202416055522
633;0.12241982357081467
634;0.027854872633753747
635;0.12867666513838266
636;0.03729411746156308
637;0.14366582338598108
638;0.06903802468124776
639;0.052902975554359966
640;0.17332722882409393
641;0.07078583923879644
642;0.09890822247751468
643;0.19657016099698052
644;0.16333461059453286
645;0.11217144115002993
646;0.07720513498871057
647;0.08602231231034341
648;0.17786636444973591
649;0.14821908994525096
650;0.12107225938073869
651;0.14169800385027942
652;0.11812160512369119
653;0.1542598505743461
654;0.05229579811894558
655;0.10761570898187654
656;0.1834502248111182
657;0.11758848642672369
658;0.17257699827398695
659;0.07798079456308193
660;0.19004500826708262
661;0.11042383479009965
662;0.0685314455235932
663;0.016915051616174615
664;0.029582627658554374
665;0.0006055178537210271
666;0.19633765055281727
667;0.05502927837434755
668;0.14560441175684624
669;0.17224203151480166
670;0.18065039522734821
671;0.026367273127948246
672;0.07880847219617544
673;0.1808778286848528
674;0.11635332761997248
675;0.013285381213238346
676;0.09987263564761911
677;0.1400629021487332
678;0.1918578072463403
679;0.1092972605022094
680;0.020606702467329187
681;0.07793040237697853
682;0.0814528297358317
683;0.038999810971284826
684;0.1550743944178763
685;0.14765859432682607
686;0.1714184140555404
687;0.0030194462935236423
688;0.019833938198934132
689;0.020643598685461798
690;0.0024642886611680793
691;0.02909018836824333
692;0.11041044895180344
693;0.13728276268990275
694;0.03231393271302938
695;0.12020301018548228
696;0.0341920747131188
697;0.02994903118880612
698;0.07305979100487779
699;0.1571492239246535
700;0.013878690397788064
701;0.15299870094266932
702;0.054487104844253925
703;0.07017400843382085
704;0.10749078418602423
705;0.07407330458429433
706;0.09949164781652214
707;0.17467650037170243
708;0.04916864142156179
709;0.010800018239175048
710;0.15979508433756223
711;0.1498028472481807
712;0.020748495857717566
713;0.060330190540327205
714;0.07286662005830494
715;0.11950689175733549
716;0.0035887218906506036
717;0.08136003248941973
718;0.12014056541384283
719;0.049927247798420664
720;0.07663735736483504
721;0.09198675786311386
722;0.1906774450737551
723;0.056279458103676766
724;0.0007401542399612549
725;0.029063351986683597
726;0.12909702831156153
727;0.18550723304184924
728;0.07880012531289798
729;0.17960572040605105
730;0.18263584243291292
731;0.1158358891231953
732;0.07348700049278126
733;0.1783051443204139
734;0.08049477378319797
735;0.015130773512841068
736;0.07434124605869284
737;0.17937998482725637
738;0.1831055063111355
739;0.05973555923924648
740;0.054935585231327515
741;0.0883263955498161
742;0.13679975869242908
743;0.005157971624787106
744;0.09425420660680635
745;0.16619887950863924
746;0.02186558662060736
747;0.10555821745237495
748;0.04273467393936643
749;0.09845154557590968
750;0.009083782829208164
751;0.004978875303377817
752;0.02552398867947241
753;0.19675964372866464
754;0.19013677450213864
755;0.13049620517384727
756;0.1772274479796776
757;0.0771142588948528
758;0.15972181692723866
759;0.10894660796411032
760;0.10234555415457634
761;0.1253923811527272
762;0.09402595373465739
763;0.18278195870862043
764;0.026009604580062406
765;0.15161309973235038
766;0.11514380892523995
767;0.06761735906862086
768;0.11522324101048698
769;0.018517825793285227
770;0.02241773760783368
771;0.14033295454889713
772;0.10482118054650125
773;0.14067357420167534
774;0.16446198722675692
775;0.13945364072832453
776;0.18280103884011406
777;0.1373640100638542
778;0.032517688079231215
779;0.09358449910140809
780;0.060656639876361655
781;0.11992133364879405
782;0.09136963951101372
783;0.19019088355851468
784;0.06509799008500075
785;0.11242305690366364
786;0.1650006360267857
787;0.040636303884701255
788;0.018048168241437047
789;0.007773166953902799
790;0.19601773284263552
791;0.02769841998864893
792;0.032694894498726756
793;0.09390920195724468
794;0.06695348543302315
795;0.06623676319528381
796;0.04718189891319222
797;0.1828530977523424
798;0.1045816501888567
799;0.1611152489064501
800;0.11732987632607934
801;0.06737973010975533
802;0.08025908313180069
803;0.18825820632209667
804;0.013388747631002219
805;0.08088975194997322
806;0.03836140063601601
807;0.09217506164228895
808;0.07055308043139621
809;0.00991996445183987
810;0.15555414492013386
811;0.06421953363357623
812;0.11074763080142269
813;0.09665789653959499
814;0.17583802944307406
815;0.09470398101560694
816;0.15710347639157352
817;0.1470269694394113
818;0.02109328739628078
819;0.04852388881224228
820;0.002256885578735002
821;0.16117749389944447
822;0.004792425883966312
823;0.03157121906022042
824;0.05819465289554533
825;0.13616354518896415
826;0.12148619852800956
827;0.15190479564763815
828;0.05671521539987952
829;0.004897603832683429
830;0.18512112627164562
831;0.1671454821856058
832;0.16385838655691912
833;0.07374774881612566
834;0.09725736820756281
835;0.1190246106249808
836;0.014965688139599776
837;0.14608122131246334
838;0.17016920924682563
839;0.11755234262829138
840;0.17664121612624106
841;0.029722364965227423
842;0.16698983849186885
843;0.03777028903556767
844;0.12337980759418748
845;0.08297075425676798
846;0.14548118682767694
847;0.12846550320203262
848;0.12059158611791976
849;0.12366960185631022
850;0.017136307434177468
851;0.04907929152687727
852;0.19174782768186438
853;0.05426651672390115
854;0.06697119035944424
855;0.15838894999658462
856;0.10956374671284264
857;0.04160459846143523
858;0.1291667726688154
859;0.020781825138825896
860;0.18752771863884857
861;0.08421372463829112
862;0.07363886716354766
863;0.14632521022225015
864;0.11002735251218375
865;0.02509012250276519
866;0.07002230324474816
867;0.12771572474988566
868;0.044977467449761034
869;0.04097662660051504
870;0.18538916346450574
871;0.014842472586775424
872;0.054704890713578425
873;0.017783705343006263
874;0.161667403169036
875;0.14195411130894772
876;0.07929295636645127
877;0.1633258252656431
878;0.038632438154986785
879;0.11193996509008704
880;0.05510766965074179
881;0.11704415501022912
882;0.18247264337906371
883;0.11997548619659093
884;0.07930393173864009
885;0.07797136036773122
886;0.011008839999185227
887;0.05138477734091351
888;0.17130433326378533
889;0.1500741099961485
890;0.18629790610292982
891;0.04654759174963685
892;0.10828589708382018
893;0.006027761337747384
894;0.005728334222107479
895;0.125648483211065
896;0.02659674886457395
897;0.19575363471557355
898;0.0682290164571101
899;0.027361279451768007
900;0.07439578537489511
901;0.034408649693375225
902;0.07862256059485329
903;0.13890721653132337
904;0.09080317877211626
905;0.07713330256862157
906;0.1613486728594281
907;0.10497686767344197
908;0.1230984820420344
909;0.09570299720228555
910;0.13672223180518914
911;0.031346522394778975
912;0.059604535435638886
913;0.03675964875333173
914;0.05947180453403522
915;0.13624975597221964
916;0.05281931906754409
917;0.005248349665694385
918;0.10964195334065266
919;0.011277506768136637
920;0.18474047382737946
921;0.1384530507391636
922;0.09726194271377982
923;0.18216331949197928
924;0.15212817118267818
925;0.10589697057109403
926;0.05464781657209392
927;0.1930611517680557
928;0.14058321411516614
929;0.08426099800691991
930;0.18092115783841836
931;0.11584161205552918
932;0.05790054857470513
933;0.03304066014109772
934;0.1477313039637035
935;0.10880438611797434
936;0.13962648372703404
937;0.004317256770958888
938;0.0803759943114446
939;0.1835661343331194
940;0.01974836631623396
941;0.09642144908794024
942;0.18023789761969328
943;0.13060991239795527
944;0.05960752824347129
945;0.18674509377803047
946;0.16851923341078245
947;0.1109567306567902
948;0.07276514565255046
949;0.02280542500110159
950;0.18156254491243062
951;0.07911975134848329
952;0.04067421930039568
953;0.16260378882863724
954;0.12510025390439325
955;0.11633658499775423
956;0.11857599001616975
957;0.05703077214867827
958;0.055831538635642275
959;0.17010551026916784
960;0.16694113284274667
961;0.05981292292639598
962;0.08738709511138204
963;0.017069972160026193
964;0.1785632602803605
965;0.06851238454274942
966;0.07651774399963152
967;0.1120643519527132
968;0.14113940674727302
969;0.11009715368679436
970;0.1467900892893521
971;0.16978628319351052
972;0.05486909628953856
973;0.11627301393990848
974;0.022217883641876292
975;0.09793564332003973
976;0.012193370095855572
977;0.13069411391690164
978;0.01665109800342197
979;0.00036978360037089877
980;0.13754614516602934
981;0.13491042969949105
982;0.0318658372508835
983;0.06815340787701843
984;0.18788202391056297
985;0.18520142111518506
986;0.12852719189182094
987;0.1869295674716846
988;0.09084450603661982
989;0.18900811888658017
990;0.05706720764439952
991;0.08384204550043857
992;0.1948134292148153
993;0.010352676085958891
994;0.1877281731385394
995;0.02219481071915279
996;0.02857885377362206
997;0.15135730645983084
998;0.12359279247139793
999;0.06521442383898964
1000;0.15562293009510986
