1;0.0052459259766689526
2;0.04356497103856647
3;0.0799966258416147
4;0.11851564002087132
5;0.17149908528710378
6;0.15226820060686777
7;0.03745607015208463
8;0.04137509279373397
9;0.09893807180095618
10;0.1480733849901473
11;0.18023069689804325
12;0.07302592412673885
13;0.09483636793881177
14;0.1363848917796669
15;0.1674578253355735
16;0.018286802689059578
17;0.18279412196078315
18;0.03382903278369216
19;0.026669306089074654
20;0.01815682687929785
21;0.12255390250071313
22;0.05773323293888375
23;0.14850288866623304
24;0.061961464640524794
25;0.1438861698830572
26;0.14296347275607088
27;0.1684417580384573
28;0.04218293901836363
29;0.07097603715178616
30;0.10389136555489407
31;0.07747319655984218
32;0.1828929174026333
33;0.040022444519773104
34;0.007701801911933682
35;0.040237462511448864
36;0.048336154796857
37;0.12693758850987297
38;0.04402847263724119
39;0.12746865284446052
40;0.022454123932957627
41;0.014030468708907163
42;0.18593413200978376
43;0.09911641041830813
44;0.1490588579134762
45;0.0789847774781961
46;0.19984774563171073
47;0.1454446614806819
48;0.002323604663107237
49;0.0210534635619277
50;0.189010703856637
51;0.05432114726267623
52;0.0573173568508278
53;0.08687458783770702
54;0.02989574027085362
55;0.08449808910419132
56;0.12759115385663267
57;0.10944350639456057
58;0.0004460981619377025
59;0.11951461277881786
60;0.1356520463463072
61;0.0026596443896979905
62;0.026244012302927347
63;0.1729040478163675
64;0.17108328155062552
65;0.16074190918218823
66;0.08037761567683017
67;0.14832915081348788
68;0.13500062277071598
69;0.09064603558513606
70;0.195533428912732
71;0.19227148550541562
72;0.10719373850650618
73;0.10409933031767565
74;0.11460880521437418
75;0.07685943965184386
76;0.1656819638253597
77;0.19424578755601976
78;0.15537392634371558
79;0.017095391010201345
80;0.11842851777990174
81;0.03055087336429878
82;0.015730697757854007
83;0.19192388910022565
84;0.1534613707420178
85;0.06507693066555598
86;0.054814051364784414
87;0.10280153406227165
88;0.17613792928252492
89;0.017731901012471574
90;0.18736845600943353
91;0.010379124889720193
92;0.15514970751524823
93;0.14006967323167763
94;0.1849964473335575
95;0.04815450797220222
96;0.13971659902958455
97;0.048078533939829526
98;0.19432137665383098
99;0.02635065419234315
100;0.13449084285531418
101;0.11883091640469012
102;0.008924450358545345
103;0.045833185366330166
104;0.15681271898759955
105;0.0001010192474463434
106;0.1721955898380979
107;0.19616942601896167
108;0.19846169092150445
109;0.19927924082951176
110;0.11415825063850055
111;0.009797395879906202
112;0.13371038396851567
113;0.18619306037544525
114;0.043332973071059766
115;0.14920250032716273
116;0.11179724549686741
117;0.1151408946541974
118;0.15809879603183857
119;0.0023428364958582248
120;0.12304247397129926
121;0.10802024895522254
122;0.19871813690740447
123;0.1259063075854486
124;0.015619520975657464
125;0.11974862890186976
126;0.11479005205515447
127;0.15742886793414848
128;0.021065727156347226
129;0.14968736951496625
130;0.11548173750196684
131;0.08084193648912033
132;0.03752078138232007
133;0.07674974499360221
134;0.08494233432383938
135;0.03423479470797974
136;0.11144591171449814
137;0.019010853843536957
138;0.14734111067344
139;0.1536704498992605
140;0.03479578222968454
141;0.19016964346091647
142;0.08335865286713501
143;0.06068390785649591
144;0.008251403215760057
145;0.15330091682028665
146;0.046579513973715986
147;0.06062418015150544
148;0.09207637856836204
149;0.09521723251478416
150;0.14217802841282876
151;0.06696610739188062
152;0.13210064354565942
153;0.19989691469670628
154;0.09167729397297181
155;0.04755714891467973
156;0.14046227652919216
157;0.04058613524313102
158;0.05248540885940605
159;0.10578717792578965
160;0.09981539871483919
161;0.16885678190015108
162;0.024680751577490792
163;0.15972589113921506
164;0.05678590083526112
165;0.17997562110559542
166;0.1751633765852667
167;0.14392858001366024
168;0.012298282028382635
169;0.1092242395349153
170;0.008305999188034586
171;0.17229952244927954
172;0.16828051648292175
173;0.1732971679509655
174;0.05618280071663404
175;0.1306805771505308
176;0.023533813628271186
177;0.1914156142594022
178;0.0389864288762575
179;0.0415493482866649
180;0.022926866413395766
181;0.07407008457185367
182;0.18384574359624217
183;0.0020013731853886886
184;0.06587576286717554
185;0.029021063722489138
186;0.05065555632367152
187;0.03947932715657383
188;0.1709376201497538
189;0.18554683153677504
190;0.018258105587794306
191;0.1988633074493168
192;0.19013080693294157
193;0.05013840257564315
194;0.03926962828208305
195;0.06440733668419348
196;0.18472258878608214
197;0.05556304560244312
198;0.11034568833782549
199;0.06281791781555439
200;0.05687966098221356
201;0.01440973822378926
202;0.08991209848995524
203;0.16587220995534913
204;0.17296846686387946
205;0.13905638092766698
206;0.04974358162627011
207;0.17885830728716484
208;0.10073108729520053
209;0.11577159725252613
210;0.1729431112781043
211;0.09210518641881434
212;0.061527079648682474
213;0.09109880315657437
214;0.05099244757511408
215;0.008999008118442831
216;0.16210400821653323
217;0.1558739159035575
218;0.07557196410561962
219;0.07146830001772146
220;0.027617738234403055
221;0.03886702499578929
222;0.13303902562088857
223;0.11365986419154113
224;0.1385461085931377
225;0.028230755558492304
226;0.032972689006028635
227;0.15099774322437043
228;0.14508483554187507
229;0.009060824188538019
230;0.1553111565273192
231;0.0578923622337864
232;0.020998911463983805
233;0.01610155095003394
234;0.07966900624760209
235;0.007062726628648264
236;0.09887786367747389
237;0.1829991684344537
238;0.13978067859300175
239;0.1511595791075733
240;0.15182317173255794
241;0.18913184079496384
242;0.06118090250599935
243;0.012679226297640157
244;0.1709394055137048
245;0.005472276745927207
246;0.09772010606734967
247;0.19743137132490052
248;0.1521397015199005
249;0.05080698427931252
250;0.06663845541864576
251;0.11721147643580898
252;0.18212225392321904
253;0.00011813876385258215
254;0.04248125161507439
255;0.18675236302228068
256;0.0924856456921473
257;0.1136810190189787
258;0.019442935726460345
259;0.0434445460855184
260;0.11780712792114297
261;0.19141709861531958
262;0.10382741526230405
263;0.12791114834042178
264;0.10518420136675524
265;0.09100130173107045
266;0.1853491540847584
267;0.1478569326111769
268;0.04310189073236603
269;0.17389612434089763
270;0.005787348602839093
271;0.05988552159608538
272;0.07285939104839827
273;0.18628947105153557
274;0.06892408201159539
275;0.04990515834567937
276;0.05719836150264304
277;0.19040322375610977
278;0.12121005778921362
279;0.10030888049408929
280;0.16628863107928443
281;0.09576861789844807
282;0.05899140821907023
283;0.14439986502852875
284;0.10594839659050599
285;0.07817480339411781
286;0.020123163790201917
287;0.12762180397569395
288;0.08924382962058826
289;0.09030594108433186
290;0.03773745757998133
291;0.049260927749662155
292;0.05122913788619748
293;0.17639589802419098
294;0.12927515016390406
295;0.09098563187960217
296;0.0996608133216007
297;0.16104981181807376
298;0.12501663164144786
299;0.16881215438395972
300;0.01770575569935471
301;0.19043524959801458
302;0.03015320529332819
303;0.08529799511814047
304;0.10287551894221776
305;0.13172872973468985
306;0.053639311622793055
307;0.048273339758472214
308;0.009550208206710688
309;0.10524210984754773
310;0.18892147569404605
311;0.07250314018599294
312;0.016532945279138535
313;0.13408307806467493
314;0.01200728339859576
315;0.09179326625256368
316;0.06172300126867876
317;0.039418277198026576
318;0.06411964806583406
319;0.19360922419272475
320;0.012038712524251129
321;0.18398622132606293
322;0.018977655967265108
323;0.12989169756372063
324;0.10516287062899465
325;0.17760898046914403
326;0.07723068094817949
327;0.1025526470189899
328;0.1071706700799055
329;0.17472879892895124
330;0.11552925580849126
331;0.026226636739205313
332;0.15755786859133902
333;0.012588223748689599
334;0.1681670819658098
335;0.0067627885430117775
336;0.1429508926573705
337;0.06211407521659924
338;0.16695370790435818
339;0.011087292625898982
340;0.12407470715540646
341;0.12553868579568617
342;0.023815081465388757
343;0.014240784571056554
344;0.18556429772386818
345;0.15829169867214868
346;0.0040734364756027435
347;0.1142908084968447
348;0.05051817947448925
349;0.16438199688426292
350;0.10695491809649481
351;0.18677812482205788
352;0.1464444764859451
353;0.15048348203753997
354;0.10847089501331438
355;0.0397541144090176
356;0.16650527143861832
357;0.09176965618502578
358;0.13166716956069774
359;0.018626661063382243
360;0.05451456910811728
361;0.08508841363677443
362;0.07127700685066322
363;0.17138724296849017
364;0.02486357397886012
365;0.12200812977828882
366;0.09768469347444274
367;0.008024020241617214
368;0.037711679874236737
369;0.1923211970525682
370;0.19563804646215222
371;0.11681567988683644
372;0.13260870445347728
373;0.039717322081463086
374;0.014657444881335736
375;0.05979653164343186
376;0.16917914958276617
377;0.11273013163876977
378;0.10472452768659696
379;0.061925762324819236
380;0.006092378246903696
381;0.027240467095193233
382;0.14023842553020624
383;0.14141065978778414
384;0.07502955965912053
385;0.027939350740040683
386;0.011448992887024279
387;0.02669382410545409
388;0.1723257666751744
389;0.18979255844873363
390;0.15953113544052308
391;0.08715807510129613
392;0.17943613366793984
393;0.03415066578023891
394;0.17807788111711292
395;0.14973642975132992
396;0.1717416943133223
397;0.14108892374109924
398;0.07468051949033708
399;0.1399453052596587
400;0.14917560824171547
401;0.08619508902491087
402;0.0384801126126904
403;0.16677473980275512
404;0.1736680833412662
405;0.069245106904268
406;0.1155351160238152
407;0.08862872473857193
408;0.07728340496692068
409;0.15488052268286465
410;0.07225255548434588
411;0.13907448247554077
412;0.10331410594707642
413;0.06348893520866308
414;0.1123573801499706
415;0.11980789878199563
416;0.04771476376577038
417;0.05135519436640084
418;0.10717556263720532
419;0.05642884156379111
420;0.07294281376238201
421;0.006471172020514327
422;0.11456129050314567
423;0.1505658134647858
424;0.02944524096274266
425;0.1677156177669109
426;0.003908255264913896
427;0.10001873359942728
428;0.18060984929164733
429;0.19735238406365796
430;0.10436378951185617
431;0.015164450245455386
432;0.016994386723914536
433;0.017441216946211237
434;0.09750203573362431
435;0.10727697258558869
436;0.008758642643334303
437;0.05322676404186033
438;0.015655551143321622
439;0.1425806229434084
440;0.19410540092174022
441;0.08412411556153143
442;0.011148589920729847
443;0.09226095483242297
444;0.06730212615332136
445;0.09094787191641823
446;0.11301869728144819
447;0.06516851149734053
448;0.002371443498499004
449;0.08306363083900126
450;0.045196626312369606
451;0.06526252626334382
452;0.0022218709659926005
453;0.08808141976732575
454;0.08650251451963305
455;0.06165046967971193
456;0.11904248068269832
457;0.032649954409880146
458;0.09164142380412191
459;0.14580448971072588
460;0.04173305008510811
461;0.024864114289229678
462;0.047129921194135484
463;0.025341633636181318
464;0.08444858443356498
465;0.06139934294804375
466;0.0031992203918858268
467;0.044733229821152604
468;0.06576087431175481
469;0.010015114125237168
470;0.08906457155123977
471;0.18709199105534954
472;0.04100517686919081
473;0.1927380727593555
474;0.18206540947869754
475;0.06733648208139549
476;0.11005615038531916
477;0.0616739265235817
478;0.15528872906586733
479;0.18440506801507547
480;0.0765960539014813
481;0.009832078004296509
482;0.09882000873243098
483;0.15398337154819625
484;0.09183276154625251
485;0.1558285108214415
486;0.05936621546195158
487;0.18243798871764874
488;0.07162703595071428
489;0.07485589973130065
490;0.194738566918183
491;0.18329250865604063
492;0.16405006283522877
493;0.006442491816550766
494;0.09318874374791174
495;0.09343582737500263
496;0.17964428194219018
497;0.012819699525519979
498;0.17936772282261917
499;0.1727279642329231
500;0.04069851443195336
501;0.1616448935707758
502;0.1241825816829269
503;0.1616212052057989
504;0.04483660327158361
505;0.16174339122671746
506;0.04627237913343414
507;0.14087871878772334
508;0.18847257975700493
509;0.01871555872936177
510;0.03776232618727524
511;0.04039475393264955
512;0.1806229314070732
513;0.13081480887262065
514;0.09412735837782119
515;0.15435298746018267
516;0.03131599898946798
517;0.17952559869761786
518;0.19633161193961607
519;0.092020611554684
520;0.01437393166670653
521;0.0040430773999284185
522;0.1408748621514795
523;0.016824880769240224
524;0.10306918199820865
525;0.16177700520282573
526;0.11877766637132513
527;0.17463778887714468
528;0.010062859420710658
529;0.027264924252789924
530;0.05793839821670202
531;0.11898193991930293
532;0.1769600312502127
533;0.14207063947265394
534;0.03625265641677555
535;0.06804688120911262
536;0.17463203306020006
537;0.19820337845706554
538;0.17272399089293822
539;0.14607051756101994
540;0.04773056506939566
541;0.08020219991998614
542;0.06458244831397097
543;0.1634360744105927
544;0.11072541205653393
545;0.14284544078480446
546;0.11989740911244484
547;0.0676173594983042
548;0.15896184002342015
549;0.09135165487819474
550;0.10346042288610205
551;0.017294414657218683
552;0.053634913201141866
553;0.019166462756922242
554;0.13897022755482732
555;0.1993921769548993
556;0.18874880596750968
557;0.10961304872167942
558;0.11309474846958034
559;0.11062178165646178
560;0.10171366030409107
561;0.050016469434686274
562;0.11247502211102262
563;0.05185912790969443
564;0.021310970755907266
565;0.1242624317875692
566;0.0758547961821305
567;0.11679017610030407
568;0.08897925058411778
569;0.05707697578624811
570;0.048114392206163405
571;0.11150065351557846
572;0.11696249335671526
573;0.19787519595396907
574;0.0855524359603884
575;0.19147085004876174
576;0.17121536426052614
577;0.060336888659743515
578;0.04097320288879147
579;0.13650972138093723
580;0.17327688973411126
581;0.04761459176723575
582;0.12680378844043946
583;0.009149675507692523
584;0.015369079578932144
585;0.10535337590683161
586;0.161628619411538
587;0.015271179163604032
588;0.04999611800609574
589;0.06212914397658323
590;0.04337026516293341
591;0.13688048482674123
592;0.10787356703079327
593;0.17477667858937554
594;0.17621744494177283
595;0.0991065616989961
596;0.030517356459732414
597;0.02209155012395414
598;0.12174286850496208
599;0.11360581353570182
600;0.17919613155910707
601;0.19842036935406085
602;0.17258011301079604
603;0.08324977003566943
604;0.042505713716442566
605;0.1273609043569347
606;0.11200266922817391
607;0.08306169067197654
608;0.02809144345084065
609;0.18922024774646964
610;0.11653662346385425
611;0.19447028566400104
612;0.015453271726580932
613;0.1355107492569911
614;0.17868252807501384
615;0.11295592657617903
616;0.15493871330683515
617;0.028524942394516063
618;0.03786849934797254
619;0.17152457790246553
620;0.11464134640901509
621;0.11378976694817376
622;0.14260110130691808
623;0.11598833863827523
624;0.1835142911887222
625;0.05029161579423152
626;0.14168478789643021
627;0.16283370430427022
628;0.007221448014247911
629;0.14190009442935697
630;0.1747874080323395
631;0.15689659276331241
632;0.14664109529046257
633;0.16196188467375097
634;0.12157923175558578
635;0.019821631562931
636;0.09161207096718152
637;0.03410581693241839
638;0.060330147466326395
639;0.06277406219841007
640;0.05086815140511028
641;0.056767109768677965
642;0.11345625120094907
643;0.05560179862901607
644;0.009990871142019865
645;0.10850018054009572
646;0.06523056654366986
647;0.18434207452191975
648;0.14941371978798498
649;0.09353216075986787
650;0.08073774576405533
651;0.030484741495479306
652;0.01262416000301665
653;0.1752190915475093
654;0.022879359009520074
655;0.1912909291233419
656;0.16814810362623328
657;0.015720335924571362
658;0.03418123817396584
659;0.035886726666895165
660;0.17894492959108166
661;0.14977727766731705
662;0.17828881442478395
663;0.17582345290640833
664;0.1254922420713754
665;0.14984611529216804
666;0.17623618645506878
667;0.1325572037109465
668;0.10021621148297935
669;0.18250125156944932
670;0.0016655153105200827
671;0.12066250318040005
672;0.17728374965295857
673;0.14592713582377276
674;0.015241248706252476
675;0.1113940958035593
676;0.07703562577889385
677;0.07133671772478904
678;0.006560956715663169
679;0.1121724402159195
680;0.14315314540281573
681;0.13453786421554934
682;0.055336102446473495
683;0.09267493311070539
684;0.009604158093023108
685;0.03682694069395083
686;0.12506177738187413
687;0.1982011575011245
688;0.032022361614539065
689;0.03608270934644895
690;0.113624047856837
691;0.09622891245385466
692;0.07423235133830373
693;0.03581877577679349
694;0.07410050944807052
695;0.13090793441666634
696;0.04238610571209192
697;0.028030087418465067
698;0.16955368362053563
699;0.022292054649793558
700;0.05091044175294244
701;0.08662170404052705
702;0.1790973213326983
703;0.13514431687804715
704;0.10300379073075012
705;0.016819217184007453
706;0.1846364177544567
707;0.12203470704794878
708;0.008272715802751308
709;0.08307581708631706
710;0.05514812226437778
711;0.035280404757337534
712;0.059111307352693855
713;0.06415232355827986
714;0.018350602604432064
715;0.05756512091398802
716;0.08722763302740302
717;0.11494772283471272
718;0.1322671988998006
719;0.1655722077454942
720;0.029542842912566637
721;0.1926634322855706
722;0.031523118620000144
723;0.0929187319623121
724;0.17667496213479206
725;0.08507258801417705
726;0.04971050599421396
727;0.012242448090964354
728;0.0590031806751101
729;0.12379348077917302
730;0.040943517458245295
731;0.02456103775098606
732;0.02391924974203248
733;0.06251374159327681
734;0.08113200646070556
735;0.18861534738150176
736;0.032088643735856716
737;0.17843555181370496
738;0.1983026551639747
739;0.019062159669645598
740;0.002198988044060868
741;0.07709604030748551
742;0.018506556031537124
743;0.007710583250166736
744;0.1857327651088251
745;0.10062275737382474
746;0.1743606903166168
747;0.07900400091153115
748;0.07127081431192077
749;0.06259526121661739
750;0.021864139393671312
751;0.0823926775693351
752;0.14343256227335163
753;0.13853692174159465
754;0.19960818439127304
755;0.15453612023607843
756;0.14926552373506305
757;0.11748899442539906
758;0.11867775930006015
759;0.036291707585454525
760;0.1233882904369488
761;0.11030613742612715
762;0.1594867521696333
763;0.19390572588900212
764;0.032241823153980075
765;0.09914997888655847
766;0.13269532720083535
767;0.11102403659921674
768;0.14792293622987454
769;0.09109017823017439
770;0.08232688385740071
771;0.03603613630737403
772;0.14948922738810977
773;0.025389605739199572
774;0.09910057732031217
775;0.16915411705174932
776;0.19658483697974583
777;0.09681240591438015
778;0.011962659806540788
779;0.11707792864912536
780;0.198509273516791
781;0.09419226774006749
782;0.08936667390755487
783;0.04005881903472952
784;0.04047936451426104
785;0.19887760603350146
786;0.13011930843576822
787;0.07988061086202268
788;0.051351121642758325
789;0.06194763592597557
790;0.1967145552421977
791;0.040794493094031825
792;0.19364834944067605
793;0.03548948861414845
794;0.049545069301603586
795;0.05297818290702723
796;0.062157843352268864
797;0.1390076283806564
798;0.06945919543230852
799;0.13174191350044542
800;0.15779261132695907
801;0.08728591056131921
802;0.17369325395750493
803;0.0009728728114782649
804;0.037714258856189134
805;0.11118184815593952
806;0.03442695666585021
807;0.06589250170061252
808;0.00035067924801148733
809;0.03088702452989167
810;0.19361166665213259
811;0.059537789241287324
812;0.18210009270217486
813;0.175556414851114
814;0.050292843862412444
815;0.15123775044629437
816;0.12120777164736621
817;0.14580265162685144
818;0.023898770559257067
819;0.19482800608594888
820;0.07389176661204831
821;0.05371565682800133
822;0.04065920136862844
823;0.06378164855558117
824;0.18804828978174742
825;0.04386826239775121
826;0.06206201561754783
827;0.01925441474317682
828;0.03265741913562827
829;0.08640785165697054
830;0.07280961282433118
831;0.19663269374567793
832;0.003818190581681491
833;0.0911455326901777
834;0.11297694151759348
835;0.11529058454086488
836;0.18088739027103828
837;0.07833804973521528
838;0.14071246671330226
839;0.1830849594070223
840;0.15295821297054493
841;0.15965561166903552
842;0.15756182537403904
843;0.09596970027501417
844;0.11204226110242316
845;0.12428983286715128
846;0.14139520344085876
847;0.1480960556138434
848;0.03944920754255019
849;0.18343302533463118
850;0.008893760211696434
851;0.11080306678877189
852;0.11025921340611718
853;0.05018000255917252
854;0.14439713352277897
855;0.037087168284842396
856;0.08877607281540496
857;0.13873278774902562
858;0.1111228684808417
859;0.18834709344493036
860;0.1677816646686201
861;0.014506387615919625
862;0.1454658288192553
863;0.08299755794586579
864;0.07114939661922025
865;0.09979173337184591
866;0.10831699098075383
867;0.008694900347552603
868;0.1846170539115534
869;0.004308352740334209
870;0.10621774270237878
871;0.04293752094771846
872;0.1571527333915827
873;0.08488162834097707
874;0.19270885180375097
875;0.11610905973369152
876;0.04398477913367463
877;0.09521455710583837
878;0.030225079229464047
879;0.08528016558384044
880;0.038035783169258375
881;0.023481785226401476
882;0.008371590234930304
883;0.0894050489538078
884;0.1428740471213096
885;0.012844880688973472
886;0.11939179957987162
887;0.1451790007276453
888;0.052699187037571815
889;0.01310672983989243
890;0.18062807579494033
891;0.06747080180645218
892;0.04797100905377301
893;0.08135280937274617
894;0.1698700660502728
895;0.04047027798771674
896;0.11257665920706317
897;0.1769589199775419
898;0.1793474044630723
899;0.14741784458127166
900;0.11969354612876862
901;0.08764282550404222
902;0.10932723186282188
903;0.09051295028039928
904;0.17028030872867128
905;0.12406710902728497
906;0.14746968834704285
907;0.024922405395683734
908;0.09951392288001758
909;0.05525627182334043
910;0.06574551232488512
911;0.0661531599349288
912;0.05550583615207705
913;0.07921033162297096
914;0.19669077475217225
915;0.12669678959644376
916;0.18900796785880403
917;0.08818450948999249
918;0.1958944648306996
919;0.1905340823188041
920;0.19423302435155354
921;0.10229865877768314
922;0.058645062527550335
923;0.013595546733960063
924;0.13535675504937597
925;0.11360589952292588
926;0.19330378179151064
927;0.14451113783624953
928;0.06322493737533985
929;0.15477949587539738
930;0.12906063200853446
931;0.10833607706202518
932;0.18661674605725875
933;0.19642041909853344
934;0.03995084586913966
935;0.0072203825840923665
936;0.021519827010666792
937;0.1257422776545098
938;0.16262501181658473
939;0.16086626769455276
940;0.15032640377605797
941;0.09631811553045662
942;0.1918394196057353
943;0.014341709267865333
944;0.1935315776527774
945;0.04718785319575745
946;0.08604178582606391
947;0.19295527744406804
948;0.13495893343993123
949;0.1947560194461552
950;0.04093806700886693
951;0.12489367275831993
952;0.15664194689063204
953;0.07928344474248489
954;0.1451928269728425
955;0.02831277629443607
956;0.09557545708021459
957;0.08860089059565901
958;0.01663955659339387
959;0.042068732660262724
960;0.1255181875824744
961;0.058717701946430605
962;0.18647830433551077
963;0.11664533929294081
964;0.11124470887725946
965;0.07117569154750203
966;0.016577529814807913
967;0.036192890050649296
968;0.06282808162750052
969;0.16905864724549904
970;0.1715479885507433
971;0.17754156106811342
972;0.16389617167639076
973;0.07760179122168638
974;0.15715556214264884
975;0.1180291146502966
976;0.14396150330768318
977;0.048500887743406156
978;0.06815880163480662
979;0.05044511423763387
980;0.12184550064043603
981;0.1189594497943549
982;0.11110547001104594
983;0.17091478104597094
984;0.004284195876352071
985;0.17971292788394824
986;0.0491059082178325
987;0.07179515134704466
988;0.18985651435128087
989;0.17677494633084712
990;0.07001938326604969
991;0.024901833893509376
992;0.028552369742208008
993;0.06134725453533248
994;0.07485795767816035
995;0.09873686562231443
996;0.04558944747944345
997;0.04130457369426053
998;0.11114570468926653
999;0.16349659846849227
1000;0.07103017979293945
