1;0.03286931199394868
2;0.04304087722794558
3;0.04507189682532173
4;0.018779334316619902
5;0.04298965318640276
6;0.06592543056925014
7;0.07064998758050271
8;0.0021124496702329965
9;0.006492027345588714
10;0.09589466774541654
11;0.08059375075631678
12;0.09836759883153504
13;0.005041664572150096
14;0.056720974446535004
15;0.0015175420070345448
16;0.09367988613502057
17;0.05405021706234956
18;0.019687949324431242
19;0.07684333531700177
20;0.019419136614891443
21;0.09026488277252626
22;0.03263560097361046
23;0.008105389613227876
24;0.049242817233389
25;0.0883430962947152
26;0.05973174576480213
27;0.028316449567984195
28;0.04869564875258625
29;0.06429160592445951
30;0.0743181073091163
31;0.030461235436314495
32;0.057852698589053286
33;0.050347234897147757
34;0.06385882297331474
35;0.09992934088630084
36;0.0200394946327664
37;0.02498715932753929
38;0.03789172620851114
39;0.010505033578604328
40;0.08875652492085578
41;0.03269804733539501
42;0.02664089201417749
43;0.04296709018791464
44;0.08758432487570539
45;0.0071019592383826605
46;0.0885756571593981
47;0.059241246374032865
48;0.0011817360315951931
49;0.08586361538535257
50;0.03851049709367213
51;0.08886336072391958
52;0.06602796753600577
53;0.057505999468273894
54;0.05202076463965857
55;0.03467679149156111
56;0.09529314265654613
57;0.08731354118852684
58;0.020280102588978922
59;0.047281941721533174
60;0.0934139053540572
61;0.005340315227227055
62;0.07356436540403287
63;0.014205762294299951
64;0.07683286538464242
65;0.012716268136300557
66;0.09863723827696913
67;0.09957000660482573
68;0.04912544039007029
69;0.02894649262455943
70;0.014520252383739884
71;0.0029246412816058553
72;0.09306234458687762
73;0.091058632945683
74;0.022182161072117536
75;0.06303550455909922
76;0.04502336144907995
77;0.09768069385177426
78;0.002073036577439158
79;0.04614461279981139
80;0.008657570044594321
81;0.09920344586628256
82;0.06699327051509325
83;0.07383890026658894
84;0.045839825650965005
85;0.08621189482656079
86;0.0841550154232284
87;0.096545924642917
88;0.013167259216737793
89;0.026346990662803407
90;0.0029551251204521737
91;0.02564738162018563
92;0.025622865406459194
93;0.08734053456879626
94;0.0012753662530219701
95;0.002630087080629884
96;0.057379726416835766
97;0.07358817925022611
98;0.09314675430381601
99;0.08102343221142243
100;0.004092890183012877
101;0.05885573832036778
102;0.07359103881984094
103;0.05723769268880996
104;0.04341650303227093
105;0.04617015627533665
106;0.015467242182943841
107;0.05694118010688584
108;0.06771884040835828
109;0.027181699324244347
110;0.08604720824846697
111;0.015779059083441772
112;0.03048244978788125
113;0.055578481549629744
114;0.08053129779535051
115;0.0044587329020395194
116;0.024158285874917185
117;0.04191195869495934
118;0.09733194541551304
119;0.0006603881356474606
120;0.09990465131052598
121;0.013723061826457762
122;0.021422850211063094
123;0.03440803293640739
124;0.04041191360332891
125;0.006115817314513661
126;0.06791715873815776
127;0.014222212967306247
128;0.08365526104540093
129;0.09472228929024239
130;0.06269044464859326
131;0.09574104987499871
132;0.04443744952846468
133;0.09512935920524065
134;0.06500044510881127
135;0.03994984258482798
136;0.06093680188319803
137;0.012454175987903071
138;0.019562359972437406
139;0.016312102251124783
140;0.017261223430809405
141;0.08431971935723268
142;0.08732309434025053
143;0.017773792680459633
144;0.07580611156164682
145;0.005072346563259201
146;0.072251160885405
147;0.08302714405535662
148;0.07331375203599158
149;0.06234263747926479
150;0.06279672682178887
151;0.07011403986340735
152;0.08316522132239548
153;0.08914770401086136
154;0.037565081939161665
155;0.043208046675463796
156;0.08583482908537413
157;0.04846370049393115
158;0.041940806941516084
159;0.0044876446484507174
160;0.05241457948697022
161;0.05648224566863147
162;0.002713548318517678
163;0.020328792843045562
164;0.08535206823568532
165;0.011351709185203784
166;0.011481119647963734
167;0.022862295802378575
168;0.05614448713276085
169;0.05729790140001473
170;0.010364356066097114
171;0.09495816899778373
172;0.01293876136840374
173;0.020629379494683853
174;0.047362718106215874
175;0.03699120977756406
176;0.051301598035909
177;0.02917220769563357
178;0.015527552261917078
179;0.06792237863275392
180;0.04083347023551692
181;0.06428130154052773
182;0.07740637402794308
183;0.047648231551537856
184;0.004021669831190855
185;0.057748754707308225
186;0.08279829843593528
187;0.061504446186876796
188;0.02667966181201713
189;0.06002761572613981
190;0.025210638233081107
191;0.014340584088010712
192;0.03218312629306163
193;0.04289895320131312
194;0.0785836496795848
195;0.08883821470988332
196;0.09429569599391661
197;0.029733029953982627
198;0.024514311078512364
199;0.02424968072558177
200;0.03654075966598829
201;0.07993426202904376
202;0.03906518516765139
203;0.008446043482986488
204;0.08921870536503398
205;0.0381751469732029
206;0.0020534064205335214
207;0.02383139237252
208;0.03885993804486674
209;0.09883118259209031
210;0.01168660090289494
211;0.05792745105132646
212;0.04498915425703351
213;0.06782002750055816
214;0.04072462934427745
215;0.06818930690079875
216;0.012752531418300683
217;0.049653526105763374
218;0.08316956831502503
219;0.057862458385012305
220;0.0852409819805849
221;0.032598613184855074
222;0.023822644092488812
223;0.08352747821377698
224;0.09586729628932733
225;0.056735105295364
226;0.07590407872270935
227;0.08411218085840375
228;0.09101981257312697
229;0.06520733032355189
230;0.03464963863928068
231;0.009296121990364016
232;0.09746372165276063
233;0.0816453321095279
234;0.003791781902028091
235;0.03138496377680844
236;0.026264285668178025
237;0.0385519932874919
238;0.09659323026963638
239;0.09879058963321669
240;0.03453682926024344
241;0.0027338915007953605
242;0.01268573543848891
243;0.03168369609787425
244;0.05495431427054459
245;0.07801480810482209
246;0.09700319008885594
247;0.06245514894489296
248;0.014413503550813568
249;0.019581707823534134
250;0.015062264704591967
251;0.06536365839122978
252;0.08574295102941286
253;0.06942043019551783
254;0.006989831095803267
255;0.05891878689505453
256;0.015270081444356133
257;0.0008770614904731189
258;0.07407058775589308
259;0.01746918512739385
260;0.00462575482260178
261;0.06620933992323745
262;0.05172793981410445
263;0.0398662618281681
264;0.04833428984958504
265;0.051578082293313315
266;0.06120658629744644
267;0.031024275210306887
268;0.053597646629762866
269;0.0919254497719153
270;0.08830696351622537
271;0.039971625336818806
272;0.01786363848535413
273;0.028983461549096447
274;0.09985352534838376
275;0.08433659735723326
276;0.07950546831887151
277;0.013119113919593462
278;0.007760024688384871
279;0.0930983576800568
280;0.0015545599001750455
281;0.0931051093337967
282;0.08046473352937406
283;0.06582803940144515
284;0.011428608478757674
285;0.05920751410979483
286;0.03587831329879833
287;0.007730942370138916
288;0.08768504869633241
289;0.06199315061340188
290;0.049410419829429134
291;0.06699602748244474
292;0.024949338416542812
293;0.0577324308149684
294;0.08345570216242143
295;0.06414636468300604
296;0.029303205741019925
297;0.023873030204791458
298;0.08962962235290263
299;0.060271725351900965
300;0.017676056121702876
301;0.037134802819227944
302;0.01637311968762083
303;0.0133906765439051
304;0.010387403288961561
305;0.0997436688841192
306;0.020263848753914404
307;0.0092240505650381
308;0.052804087616068196
309;0.026204091668378338
310;0.01210346349780802
311;0.010733060401005924
312;0.014142527179708776
313;0.06777522596113901
314;0.04807320422592061
315;0.032989389175961226
316;0.05895535499056016
317;0.030043739293151364
318;0.047220424130646976
319;0.05375585938067893
320;0.03621094625257231
321;0.02578488913863991
322;0.06154840838372369
323;0.050114765592470606
324;0.06548356229577608
325;0.052071075148018765
326;0.02718749452663224
327;0.047206064965426967
328;0.05580565316310973
329;0.05601111534619538
330;0.08561020326328983
331;0.028654264446374113
332;0.06585453488860486
333;0.08528430426615446
334;0.021549322973320597
335;0.050032800717137185
336;0.02248056289480729
337;0.046408602749992915
338;0.021127507844892136
339;0.04270054841047512
340;0.04015497336345204
341;0.08923094331064343
342;0.08123835616866057
343;0.013639359606752645
344;0.07311445010211194
345;0.06055994817899623
346;0.07144461641112042
347;0.09174155895516109
348;0.035588147428716854
349;0.07593262964358231
350;0.0038842585493262805
351;0.020403680437577756
352;0.01239417889800053
353;0.028226537398876927
354;0.03693125404546549
355;0.0544660675168826
356;0.023999331323867435
357;0.08787714354146117
358;0.053014780720618576
359;0.08570730738395184
360;0.055078022773746044
361;0.010566645212387316
362;0.09641392500511764
363;0.07781671553952724
364;0.029255160862541055
365;0.06629375810521064
366;0.009007356393517563
367;0.01287500525411055
368;0.03240936812319619
369;0.002919472971131454
370;0.09788173405396279
371;0.06367484394336978
372;0.06523911760918705
373;0.05786663523462783
374;0.0009833142210226799
375;0.09743788523047947
376;0.09772960600391148
377;0.07279634822393086
378;0.04118759092631152
379;0.05442143002202431
380;0.00792236188836729
381;0.06025102609373402
382;0.0964475839572425
383;0.024764321502881395
384;0.032076561128489715
385;0.07959883795655193
386;0.047175119979648364
387;0.01702171572437009
388;0.022910192484357828
389;0.09210558610719699
390;0.0776764831838353
391;0.040857132413160385
392;0.0426651526562821
393;0.07614065596007014
394;0.005075428013412531
395;0.015639583122038204
396;0.045054283924466254
397;0.054587412743611244
398;0.0066112699203172975
399;0.016102163586005715
400;0.002102821217279749
401;0.009443539273352841
402;0.07500038039165789
403;0.05036490480616677
404;0.05182065708906616
405;0.01238025388046381
406;0.07639331967327939
407;0.05573279884946088
408;0.0973864134069996
409;0.022284416582633495
410;0.0616733331253507
411;0.04917529846975177
412;0.012046349468002827
413;0.048693653018262874
414;0.007276493539377271
415;0.05590304411401458
416;0.027501693781347515
417;0.07622077904073135
418;0.06349898399616395
419;0.003653604802439803
420;0.06969093923540336
421;0.07370420634836526
422;0.004177175085925866
423;0.0240017908696902
424;0.023621297558977274
425;0.029076217034911346
426;0.000824478260014272
427;0.004030561233462915
428;0.04113011114711737
429;0.054341400148751176
430;0.02520737925939233
431;0.09638559146991947
432;0.009731368388408046
433;0.008598891148459043
434;0.02764190628844845
435;0.020464642108731168
436;0.028856854721482507
437;0.0692230280620497
438;0.07521747479276962
439;0.012089311896184719
440;0.05042421268445893
441;0.09652546977894122
442;0.058230672270194975
443;0.03198273376261975
444;0.07613216693063252
445;0.07291571944710072
446;0.06828839004435676
447;0.07039808100739113
448;0.05805583373644411
449;0.021074531049517554
450;0.0446932383065093
451;0.07803919797860003
452;0.04722239255492109
453;0.09149858151485318
454;0.08107913702920705
455;0.03437588474003922
456;0.016975613082140628
457;0.05359961533452684
458;0.08063998222130515
459;0.053620699081005224
460;0.0660351608959248
461;0.048193384161643316
462;0.07752055787844192
463;0.011442360136805264
464;0.0033505937997864613
465;0.09980840461488699
466;0.04263605509481594
467;0.08066049681569948
468;0.09094432306967945
469;0.07888497344556158
470;0.013821175759505401
471;0.0072945956265674135
472;0.04456508709380295
473;0.032982271519302574
474;0.033840021108088994
475;0.08748233433808406
476;0.05225657865964796
477;0.03535973789072561
478;0.05212680843670614
479;0.093984840653836
480;0.0684729580232264
481;0.004123341211382026
482;0.03947388052878026
483;0.04419668325822909
484;0.04315661021676114
485;0.08127017232327902
486;0.0781393700567744
487;0.0230528017367163
488;0.05491309142096376
489;0.06263263789473247
490;0.09964717057472713
491;0.07886931193641505
492;0.006908435522124512
493;0.019437603189168318
494;0.029469220809760943
495;0.09333352239362039
496;0.059079379449860275
497;0.030374419618513695
498;0.036231322176728545
499;0.04049168977683694
500;0.018518881277165434
501;0.03202675411145202
502;0.056942446181176824
503;0.03647226223548468
504;0.06306080747204673
505;0.09324964352173974
506;0.07465968174290485
507;0.032274571248956496
508;0.039713654411968974
509;0.098789035238877
510;0.07228010268758554
511;0.016479312459456753
512;0.07000220225572247
513;0.057660458384025864
514;0.041421609426490306
515;0.0793688889370136
516;0.07940568680228571
517;0.054384626080506066
518;0.09817765010340096
519;0.010595716342449248
520;0.024514968102785598
521;0.0726720894461803
522;0.0780481790527338
523;0.04835755318313854
524;0.01793966824888472
525;0.03117977676285715
526;0.07024875136021917
527;0.07793168959487146
528;0.031143704624321356
529;0.0865398742798208
530;0.0004559812154241172
531;0.07089500811257503
532;0.0169890419063786
533;0.015356637375452897
534;0.062317529856128234
535;0.07089609126458506
536;0.014612692562690778
537;0.07926346597780728
538;0.024631555301404574
539;0.04226056387733659
540;0.012582463733227146
541;0.09635692427565251
542;0.014932636699862268
543;0.007741863127526661
544;0.07528336637432799
545;0.04729899308027448
546;0.06822846518010907
547;0.0950810281687879
548;0.057701974041317175
549;0.03113609597975724
550;0.03328756542233851
551;0.08028967942430476
552;0.03627264103387743
553;0.06890292975249779
554;0.08833707690882713
555;0.049043407241458704
556;0.09854580391426795
557;0.06473263778876728
558;0.010731532273697187
559;0.02923390369785657
560;0.024867286296240212
561;0.0364217494228963
562;0.0052403094683573515
563;0.030200041985933235
564;0.061993355505216466
565;0.020419828679252097
566;0.009442190672910966
567;0.033791938918430464
568;0.07252368979527686
569;0.037391442878938454
570;0.07609354341809918
571;0.011110998043912291
572;0.020122487596119544
573;0.0049445264285686965
574;0.04626998717447844
575;0.06041567366371571
576;0.027876119843979964
577;0.09823060698412349
578;0.044831062117469046
579;0.09815909259384828
580;0.0515025727586124
581;0.04812004851928839
582;0.09524140956633681
583;0.06822531836569688
584;0.0663817520196487
585;0.09076853558179765
586;0.024457034890290164
587;0.014014315095662144
588;0.027705491868496957
589;0.0936215585312664
590;0.09359227944688008
591;0.0009826722764473938
592;0.07800566138783663
593;0.025023951509305278
594;0.06867356087332295
595;0.07580016202007579
596;0.043157379563351375
597;0.010154389386814733
598;0.0741157759425098
599;0.07165215851023198
600;0.05081411768299363
601;0.03474757948163888
602;0.009979383753098592
603;0.08582297718816087
604;0.06300629520043086
605;0.07134751586962255
606;0.0783199326505079
607;0.05314945166704721
608;0.031090425143592927
609;0.025725468766889126
610;0.024931410842710902
611;0.006235565240612806
612;0.09874032812286253
613;0.0004868006427602656
614;0.033992904720789155
615;0.04734519946123113
616;0.06222048818814427
617;0.0038345385263850898
618;0.0036678179886184604
619;0.08192578795643872
620;0.005875743402924772
621;0.0917465699950513
622;0.026583852295990487
623;0.022554612633663998
624;0.02331860258390274
625;0.010458067923437932
626;0.03678392670807035
627;0.08546368293657064
628;0.040201361396187074
629;0.09952661493229778
630;0.09137675129399259
631;0.07745010065810069
632;0.07018907561490456
633;0.017758503303833884
634;0.02383805914927143
635;0.09700270882905536
636;0.00028507710474567904
637;0.04388033453716089
638;0.03381557496615113
639;0.0421435981415697
640;0.039198349213190375
641;0.08425558703401846
642;0.08642252885972586
643;0.0676357342195669
644;0.09157659042139898
645;0.06436216940925552
646;0.003316908637078242
647;0.0008692937418705471
648;0.035084953376763164
649;0.06421106793687037
650;0.048815311740666834
651;0.0884740116920838
652;0.036216354204968215
653;0.028265098128027046
654;0.07195714038824945
655;0.025514015274768743
656;0.040141262769072816
657;0.0076000948428517345
658;0.0062276721118405655
659;0.01088335917845994
660;0.015772587626659753
661;0.052820044218188894
662;0.020279763515097183
663;0.03443638955181322
664;0.030958967559998107
665;0.010717978443798515
666;0.07801138653075224
667;0.04206733463271828
668;0.03357204598473456
669;0.02642140308892854
670;0.02506440577845347
671;0.06708373307734117
672;0.08245424564423871
673;0.03664100296104498
674;0.01584957699657389
675;0.0837482447306148
676;0.06517310632980045
677;0.04700794656421717
678;0.05303835288941732
679;0.01965061811041944
680;0.06876402076388725
681;0.06681208085518309
682;0.025930363328304663
683;0.09298858208061227
684;0.03794409861198549
685;0.06419658801981158
686;0.08947249953613297
687;0.026354095299213478
688;0.0814545951454657
689;0.03680206147200523
690;0.042701797980115266
691;0.010611224859868752
692;0.09980528408137508
693;0.025706262213402376
694;0.022241939791683242
695;0.09952209070743452
696;0.09067436210425626
697;0.07325283937336535
698;0.007164264817885302
699;0.0783495995033479
700;0.0785243143384626
701;0.07244862885541853
702;0.06831127740434333
703;0.04755720265789494
704;0.025207730830062194
705;0.0602923021168513
706;0.033653289284194275
707;0.09196937241601649
708;0.09258966728941057
709;0.04754981232146898
710;0.02063592982298438
711;0.04263662390117319
712;0.05796018185926205
713;0.006074001713976419
714;0.01778983162801856
715;0.03538424207916407
716;0.07806498347134716
717;0.011406877510698011
718;0.06493754782658857
719;0.034291975344028114
720;0.09534283064040427
721;0.03281218898313131
722;0.036640687294242906
723;0.02582608283023632
724;0.09209279517707027
725;0.0024050681169263013
726;0.09325180761196822
727;0.02977835851862455
728;0.07544616413358697
729;0.020440419695499857
730;0.06377593974503437
731;0.06899074597130705
732;0.058992638283160814
733;0.03506234908971915
734;0.017956242464677807
735;0.050549228629638544
736;0.05117086194446033
737;0.06443522947391618
738;0.08502046223634524
739;0.01664328502417326
740;0.058362005282081714
741;0.06015051124927228
742;0.010423622621057494
743;0.004094483251165993
744;0.02600256988453802
745;0.0010142709125837257
746;0.012274115772448213
747;0.04581906131407403
748;0.06991838310988573
749;0.027387238422278616
750;0.004487165288695894
751;0.06103799301744378
752;0.06273804591134945
753;0.020474837896145317
754;0.006636070924644022
755;0.004847612847774541
756;0.020127265972368236
757;0.002907778056493804
758;0.026337171479938117
759;0.026130695189523115
760;0.09565078527150694
761;0.03433393347326951
762;0.05679952756958058
763;0.055638714711987225
764;0.05968880962055755
765;0.025177812172463288
766;0.06461382979093153
767;0.020789898537347574
768;0.08371109280742402
769;0.017622227883578756
770;0.09012327192265746
771;0.09334195556558077
772;0.0161002074661012
773;0.08916342582317945
774;0.018275484035047473
775;0.0023844954310735635
776;0.07581566607169687
777;0.019067351765198283
778;0.07401776900920547
779;0.0033025171153172163
780;0.012625612937734555
781;0.009444751921988494
782;0.07482482426267818
783;0.058444516360533744
784;0.09117807058395055
785;0.04978297819829221
786;0.01773265789744587
787;0.06381443539945203
788;0.06009784306349843
789;0.017539012918258712
790;0.07844591673149044
791;0.00010714804180079752
792;0.04591620195956573
793;0.034523470014033344
794;0.02504593372562809
795;0.0022193643061643176
796;0.04529340039771035
797;0.016370681338692395
798;0.08956287666906171
799;0.055010015065869035
800;0.08857272270129371
801;0.09294438282451366
802;0.021206412200573843
803;0.010733599002348293
804;0.08801981637892253
805;0.06726843690152934
806;0.023902934939937927
807;0.00652956697402135
808;0.014921111673912968
809;0.005815849959355502
810;0.010418661453943379
811;0.016753261887266235
812;0.02773760299401118
813;0.01944767823621445
814;0.012771075565530988
815;0.029228539529493502
816;0.04994045854067173
817;0.02535359489423831
818;0.04298527768775397
819;0.09558094781234029
820;0.03828447996706912
821;0.02253636398803739
822;0.002483775009083056
823;0.05295316324915496
824;0.0738552181709474
825;0.04786840316954634
826;0.059546152840147706
827;0.005906541024732093
828;0.07472961652831998
829;0.03181486373867642
830;0.08787183553519606
831;0.05261510570051493
832;0.07087722468544308
833;0.03375911454933241
834;0.0718307547068507
835;0.08900811034660473
836;0.004188197739585464
837;0.000860746126270362
838;0.005929909812206602
839;0.02235504130429804
840;0.05195541557528815
841;0.029039559703007124
842;0.09925487107682036
843;0.09190808503821243
844;0.08242687955371847
845;0.08247187480453434
846;0.04302747517983629
847;0.030543523396855135
848;0.09227048590571565
849;0.03991644401676514
850;0.07953605459272145
851;0.08609819213668929
852;0.06291187880633017
853;0.09721823041168726
854;0.014189157110494833
855;0.03362884029260112
856;0.06564337953248538
857;0.05273223535659122
858;0.046844580375989577
859;0.08559487658734477
860;0.051843728488008146
861;0.03838364427597984
862;0.06488826224628545
863;0.03753360885425144
864;0.09442323092559246
865;0.0055612016900847385
866;0.08669374180678167
867;0.04632720946317279
868;0.0193824362205418
869;0.02556947674400032
870;0.041952165741070226
871;0.0008332851001944031
872;0.04607285157502843
873;0.038259173287088145
874;0.017804123545313556
875;0.023470670619029202
876;0.09917198239183937
877;0.07303128449094139
878;4.4107377652102823e-05
879;0.08904387266120471
880;0.024999451763602378
881;0.021866321783937638
882;0.004525738136266955
883;0.09577362360300719
884;0.023093700722865776
885;0.017904016672492418
886;0.05111320227790386
887;0.07988019164711144
888;0.09123219140314859
889;0.0634348436079043
890;0.07359097903630528
891;0.016162786589684962
892;0.028712444549235362
893;0.07711364619862827
894;0.09666348722830151
895;0.0679618788050381
896;0.05715076482219189
897;0.044525117627696176
898;0.0730313926790958
899;0.017888170618682975
900;0.07027666555080418
901;0.09319569639391861
902;0.08457847098779771
903;0.015464955947502813
904;0.012328227908221003
905;0.08912755201628988
906;0.09510886587438924
907;0.08714998238309227
908;0.06602699143436101
909;0.08441521603950743
910;0.04870251259417712
911;0.07988877777919651
912;0.09579206516476046
913;0.04608334058458552
914;0.014750059862099974
915;0.042295888360332094
916;0.005314126950419918
917;0.08844651115871809
918;0.05623083332389002
919;0.06221564673826083
920;0.023151514418171128
921;0.0006176289070213393
922;0.0191762867218648
923;0.0772698329968939
924;0.022183943662302044
925;0.08491179983841513
926;0.035948389219414435
927;0.02480983187989251
928;0.026505716851582664
929;0.06934809487988165
930;0.039216003918532694
931;0.09305151227042867
932;0.05665652400486435
933;0.08238325028396808
934;0.06165674249756209
935;0.0324397729447141
936;0.06730937524791179
937;0.05560128430486469
938;0.027388588760238454
939;0.0789854431732683
940;0.08547182262809722
941;0.06097719143765828
942;0.015355505236693857
943;0.07547295580273859
944;0.0035413571292717385
945;0.029887461608925095
946;0.04940315503863271
947;0.09705921086795571
948;0.023594082151600727
949;0.03383778412108094
950;0.07391803097851161
951;0.09520917962414145
952;0.05361290494141361
953;0.044533728297985
954;0.05955289057565502
955;0.011924441536875786
956;0.00926307075202143
957;0.08889331627200649
958;0.00251830210313222
959;0.0789766302413665
960;0.0777001743930592
961;0.08623882395028099
962;0.031171442786303617
963;0.03494962868155934
964;0.07573291317899745
965;0.017791355387694385
966;0.033583363886235354
967;0.05130693307945919
968;0.054822181190542524
969;0.024687622922771924
970;0.04569997240881856
971;0.07690411143594487
972;0.09013342166303066
973;0.02836962574865164
974;0.04742448678886468
975;0.043626261979055475
976;0.027815535215202372
977;0.04363207239177541
978;0.04666911873979878
979;0.09459889144149
980;0.005239864592708876
981;0.04166487981144408
982;0.0019327491363815286
983;0.07594502439222053
984;0.09583051737868392
985;0.028235135275094848
986;0.08481186511652239
987;0.0869264098920837
988;0.02385026778748635
989;0.016933203080984505
990;0.07651794254288613
991;0.08362896845430551
992;0.05470911051077773
993;0.09220274950207469
994;0.08818949277898637
995;0.07423082952373132
996;0.08883331286262258
997;0.06966229661199234
998;0.005863199604465963
999;0.028831087392882617
1000;0.033331570214784424
