1;0.028038296218170625
2;0.048509047603577916
3;0.0953749853735363
4;0.09996273974012032
5;0.08199558277001619
6;0.05288285101296461
7;0.09844232168810635
8;0.05853816406635736
9;0.08150363562220331
10;0.060566600938309324
11;0.055698926289884355
12;0.05418273932938664
13;0.06062078569710949
14;0.041654199731860235
15;0.010814105341134785
16;0.05916769636865399
17;0.08639118585316696
18;0.005816918628529755
19;0.05059072349984864
20;0.07273045767135619
21;0.07433787517190928
22;0.06550353719276283
23;0.004262558688751861
24;0.08115242272204437
25;0.05696871522334751
26;0.01574891050306856
27;0.000830332911180276
28;0.032370538536522435
29;0.0752288917301501
30;0.07797568606636196
31;0.03918333820374738
32;0.010640674517211235
33;0.09740519452519218
34;0.06512083077752928
35;0.08207430808323155
36;0.09497760812167383
37;0.004050542615786024
38;0.029749495748377486
39;0.07353218992105566
40;0.05888550046430875
41;0.04409393358253199
42;0.061782880311388816
43;0.03671534861447773
44;0.09241788599226951
45;0.006034404284833473
46;0.06842881186822801
47;0.04934535379946632
48;0.024623220978584315
49;0.028497905191042217
50;0.09932392077661016
51;0.07534930696835629
52;0.0007703396894149895
53;0.08942705530889428
54;0.09070478239521178
55;0.0955166073881124
56;0.03096225758414428
57;0.03806196359915823
58;0.006326076601754327
59;0.038486408732000904
60;0.002382503009904591
61;0.034634307736709245
62;0.009460965727413895
63;0.06115525714668394
64;0.08715447481330844
65;0.09079672592421206
66;0.01979741316727739
67;0.06301372156813168
68;0.07272078587474363
69;0.09280551127197113
70;0.06596706226474706
71;0.05635762387961776
72;0.07213639616911717
73;0.07774552983731191
74;0.03428363463227093
75;0.01502995726699864
76;0.046637612100660586
77;0.013102708492957816
78;0.09576086871422856
79;0.014489923093902936
80;0.059287426146978496
81;0.06820735269332981
82;0.0030199829008213056
83;0.010492622928117801
84;0.04741697868762898
85;0.0666795766895038
86;0.06029070279327852
87;0.05281767575264097
88;0.01168111762876306
89;0.06527856557497096
90;0.029640923974239865
91;0.0592733691083222
92;0.043487795033854276
93;0.049647620013414155
94;0.05659911637195267
95;0.09459084007297486
96;0.06684610746925972
97;0.0391851547464524
98;0.02241886189092033
99;0.09217710734346615
100;0.047973235849532815
101;0.0634825614499811
102;0.02830120985672088
103;0.09285939783753525
104;0.07176048539214012
105;0.07835215071985298
106;0.04849292668417741
107;0.06937558070022819
108;0.0987593363591432
109;0.0909390158312959
110;0.03174425410822993
111;0.06820131137674175
112;0.0072443757989105635
113;0.007444959530090278
114;0.04580569423047091
115;0.020500668211637665
116;0.004904463087304078
117;0.09751724285860251
118;0.06809964304544076
119;0.08933856134660884
120;0.066721757909797
121;0.0033310861030810047
122;0.08175939529121612
123;0.027254865145198794
124;0.012268547742222614
125;0.028544648036785615
126;0.01130147090010112
127;0.011913851474586047
128;0.05652299719586782
129;0.09765443710666742
130;0.030615652767126203
131;0.09806273759656996
132;0.09288053566709986
133;0.07407925070943228
134;0.07492666709069576
135;0.0990525894156763
136;0.011112422462738848
137;0.00466247129806101
138;0.028246602610873042
139;0.05862351788326562
140;0.047468977592934405
141;0.08246908550344417
142;0.05240017061063136
143;0.004664843733976842
144;0.07481824005067818
145;0.0871224650173903
146;0.07531647430460382
147;0.02353871578388618
148;0.03988720315783939
149;0.031598467247666455
150;0.01117474551230614
151;0.04482479050951657
152;0.001651663767483491
153;0.017121262568109898
154;0.016263262799384493
155;0.09283956112150316
156;0.0890451975049107
157;0.09761211377426145
158;0.04097719832010434
159;0.01956004196724609
160;0.005111231680329342
161;0.06289892664457375
162;0.00536132876205947
163;0.04469666813105038
164;0.0316196745207743
165;0.01621791587231135
166;0.06748879856558121
167;0.023287488606645892
168;0.09634557283170715
169;0.006245063009546192
170;0.07534852174207946
171;0.07324153488238808
172;0.08438831717848697
173;0.031260373535587915
174;0.01075748342191456
175;0.04657706155113907
176;0.0624347561609121
177;0.03822547058080453
178;0.07310693152621946
179;0.08320223855194794
180;0.02393119154565131
181;0.09618299009075959
182;0.017525332501711566
183;0.09242288554045847
184;0.06560146435890213
185;0.04085829956870843
186;0.01690803808023913
187;0.02131249700177621
188;0.07456803189743802
189;0.0404496859096139
190;0.007908979984983378
191;0.023692777893183126
192;0.08629712625346007
193;0.07589224128476751
194;0.05640675063420667
195;0.06869952868354283
196;0.08212383309927049
197;0.0569390614679607
198;0.05329412750205612
199;0.04408775699010025
200;0.05350391046967528
201;0.082632233746627
202;0.07389101759077903
203;0.0668110060318926
204;0.06517767798682643
205;0.0325047919205144
206;0.012042317156452499
207;0.029383089696567777
208;0.008348400835929914
209;0.06542416512144604
210;0.030214050834970353
211;0.05542638216853355
212;0.09480365312357697
213;0.08167860377851949
214;0.017628074540548322
215;0.07532196852937088
216;0.019873068566902963
217;0.007336634443350676
218;0.03115642682455604
219;0.02742648214470841
220;0.09043899636453873
221;0.08964971993049871
222;0.05739631004072265
223;0.028871791709125374
224;0.06542284484703824
225;0.03746228611047372
226;0.04566899377155629
227;0.016225582571373964
228;0.030536928818991196
229;0.09518064357782596
230;0.024326801092443152
231;0.0067481993279880585
232;0.0964829843355573
233;0.04921084428178827
234;0.011219817281729973
235;0.09688945504068458
236;0.022213119468819112
237;0.054814588981969684
238;0.07740580846448411
239;0.05771105760800308
240;0.09242920572616932
241;0.056267456263999496
242;0.08484625220307143
243;0.08164110728715412
244;0.009316738870002329
245;0.07603096951814442
246;0.053945984690740384
247;0.041530272310799046
248;0.005265133101131059
249;0.0995483194832492
250;0.01710889720755462
251;0.02219019413974299
252;0.08588084178852515
253;0.013937518062230182
254;0.08085070613484585
255;0.08241979888895597
256;0.02864359759263531
257;0.008765341596211219
258;0.09502619889703659
259;0.0014231020638651782
260;0.08933168423863516
261;0.07081260940309407
262;0.09146998136356714
263;0.004343185989377341
264;0.05570982442354764
265;0.08538231392460945
266;0.027192920465600002
267;0.060436399910801776
268;0.007161974665488503
269;0.031512993393591426
270;0.09527486604955726
271;0.007117328670120837
272;0.0005104798454181658
273;0.02718578581828022
274;0.03835135562757133
275;0.03662922223119144
276;0.07392950966254316
277;0.01508449611275935
278;0.06824666839553563
279;0.0458800387221841
280;0.049892703897497906
281;0.09793264536741243
282;0.021193047248881637
283;0.08878423967415339
284;0.09562987803399642
285;0.03243943544440397
286;0.09628321716206939
287;0.03999814545959101
288;0.08881372493583235
289;0.035952687496568846
290;0.006506650579540841
291;0.060004712443806424
292;0.010091773621601019
293;0.0035104357381511965
294;0.013248165956475533
295;0.01436779006176271
296;0.08172998936369869
297;0.0632044716116733
298;0.06918095836953655
299;0.022208533138627164
300;0.06617541532679104
301;0.03610705647888538
302;0.0890893999552694
303;0.007764517851852515
304;0.09016267511892956
305;0.04893655500561476
306;0.05276800557673586
307;0.01631145374433639
308;0.07962647822094572
309;0.093466054080664
310;0.02500331861985189
311;0.0796901986444397
312;0.03044365699527255
313;0.04840242283571773
314;0.054456988010375684
315;0.009663896624824775
316;0.045883580958739484
317;0.022137177430979628
318;0.061469223848238365
319;0.04950293682417555
320;0.02990961392678463
321;0.0794395396692022
322;0.038594838856077056
323;0.03148997390204732
324;0.024754058164487325
325;0.019078993920627466
326;0.07261859192884687
327;0.06592974378767409
328;0.011807231521228713
329;0.018876903681531387
330;0.09087205995939163
331;0.0529526052899392
332;0.0738723542173007
333;0.029712870830839667
334;0.02146422468000695
335;0.018395404930694893
336;0.059358321607852184
337;0.06279391420889655
338;0.07863143018803821
339;0.06087647961601447
340;0.022446253119857686
341;0.0727091467118214
342;0.009983592616559178
343;0.09054585347799629
344;0.0026163465543431077
345;0.058031742903400456
346;0.003388449746074085
347;0.02640683836721589
348;0.02574294614895666
349;0.07606700691220744
350;0.040691714774616965
351;0.01742138755505759
352;0.02901843512109874
353;0.030337141414649882
354;0.06476651486913532
355;0.09810729094612114
356;0.0875701236907377
357;0.03207226953235098
358;0.050355315640304356
359;0.05105253063521675
360;0.032364728585242454
361;0.0043866834172688
362;0.06970670509751038
363;0.05949174227261496
364;0.026330483386337436
365;0.08820544231664783
366;0.06935464148682287
367;0.05549295171011115
368;0.05164926281849896
369;0.03163308043298823
370;0.05483891344177812
371;0.0052164183444556094
372;0.067730624326729
373;0.07370886286407222
374;0.0046188042209719836
375;0.019996919098745472
376;0.07435098422849894
377;0.02440113388391666
378;0.0013770503248416444
379;0.09297073094551914
380;0.003332093974050288
381;0.012225947547545957
382;0.01704377014585884
383;0.051218408105476954
384;0.09312364978866018
385;0.03935042092565155
386;0.024188632898207718
387;0.018933002860516735
388;0.09555958969163358
389;0.05280495960577757
390;0.02351143931880354
391;0.03567722071090589
392;0.013264508291221666
393;0.004590731539983728
394;0.06576321156746967
395;0.03273760675676054
396;0.01173316852236035
397;0.0663005453572436
398;0.010056009282506606
399;0.06773169758826096
400;0.005943079574506372
401;0.060154094408766956
402;0.006271223459561293
403;0.09713857820677418
404;0.04517761426365713
405;0.03953660177387633
406;0.08813053287049752
407;0.042280481786258865
408;0.05080587343600867
409;0.061663221871814604
410;0.07986439676349388
411;0.06433858436622497
412;0.0835082446370877
413;0.09843457013572228
414;0.038227054210770266
415;0.09087745651387279
416;0.00399193903045495
417;0.04067172833609783
418;0.07137300604070597
419;0.09480151218110257
420;0.055901274800299806
421;0.04344073322080049
422;0.035206845930870034
423;0.01934620288809652
424;0.09037403430351437
425;0.0719636987489652
426;0.060785539940246915
427;0.006519577889155537
428;0.02770407718576431
429;0.01036325942656975
430;0.005646254256218431
431;0.08158920555629562
432;0.04741184242739194
433;0.04231697202289181
434;0.0718198755085899
435;0.08677846271082032
436;0.051989759745226384
437;0.09421791619171493
438;0.07746134817738384
439;0.0944855128964121
440;0.08558045340683418
441;0.047708797605983545
442;0.05078833619033181
443;0.09040734310200722
444;0.009138863325739556
445;0.04583463801041319
446;0.03543212695863462
447;0.011896861230257506
448;0.04512700420034006
449;0.031221505731143042
450;0.08693768407471496
451;0.08068454057409244
452;0.04242239401977808
453;0.0983180264819773
454;0.006226380843168711
455;0.06245379142023077
456;0.049085884927760094
457;0.030455329328803828
458;0.08448212459254976
459;0.03573496000923565
460;0.07749146003913582
461;0.08434071881106653
462;0.09534232646790072
463;0.059582515765049686
464;0.02583703391936315
465;0.028665460220955633
466;0.05521102881127957
467;0.0901791697285982
468;0.06471111666140471
469;0.022825762212334844
470;0.05849774816750397
471;0.0736232881041442
472;0.05597263457773969
473;0.06824356499590224
474;0.04079445581021346
475;0.057033681505802826
476;0.04885788905105656
477;0.03759806919534582
478;0.02241002852053281
479;0.0016951082770949811
480;0.008668775662482175
481;0.04919105238546905
482;0.021682995663709015
483;0.09209699691740163
484;0.0951332982540738
485;0.06899566242209541
486;0.034699093693461414
487;0.010749728300964335
488;0.009656699761139455
489;0.05198701743095882
490;0.09306583544555394
491;0.021943461397263664
492;0.09524025261899993
493;0.05985213605124871
494;0.07567692476446311
495;0.08139405879586036
496;0.06903442856629896
497;0.061553840243893224
498;0.019846782143315103
499;0.020762026800777024
500;0.06095336850503818
501;0.020420363752159467
502;0.013467438528635724
503;0.047941782294007945
504;0.02473694112408549
505;0.034004985884897164
506;0.01957483019041877
507;0.05212803430170915
508;0.018756199893194436
509;0.0040752144784863
510;0.04184076884653241
511;0.03836774099441607
512;0.010496603471682908
513;0.0926488587263812
514;0.0705562497925122
515;0.06710422317869773
516;0.009167122469093325
517;0.064101295312213
518;0.05192777948885646
519;0.03967846428036262
520;0.006195318933160066
521;0.0851070888771227
522;0.052311751536130005
523;0.030711393355466444
524;0.034624153436403675
525;0.006136747552861643
526;0.04280015943381982
527;0.020404745793858283
528;0.03739400836706036
529;0.010637981564859745
530;0.0872477842792278
531;0.030915572465880628
532;0.005634310977229729
533;0.06455081691655082
534;0.02118055962846721
535;0.032736341049077425
536;0.006428473664489832
537;0.01993186907539342
538;0.00390349479739166
539;0.02807395209736895
540;0.055200390147918145
541;0.08570841711963996
542;0.08038338392020761
543;0.01821910158050152
544;0.04664669970938874
545;0.03878822361564243
546;0.04131489518053991
547;0.02820698089596756
548;0.003477138982855699
549;0.01908848574821034
550;0.0698130125478502
551;0.08707491612298998
552;0.06096207051691225
553;0.043171218973941564
554;0.07577326157074052
555;0.009347138631497965
556;0.03999743242823176
557;0.03457461520249372
558;0.04246521983748415
559;0.04804759787734635
560;0.012975804683649263
561;0.09037251945681653
562;0.05636856619095315
563;0.043489248069728384
564;0.006967744012229271
565;0.014199841193272389
566;0.002998116134997997
567;0.04676962725399739
568;0.09095812522122268
569;0.0785778203798714
570;0.01769329904212492
571;0.08103989684507001
572;0.09445531429343151
573;0.01478065125327035
574;0.004132086458846928
575;0.04232257278699047
576;0.05737872290305196
577;0.020874477107669723
578;0.07527201748639152
579;0.07992114986292778
580;0.0272246153855238
581;0.05172754987774415
582;0.07369119566119965
583;0.009136880178388552
584;0.018547498565597842
585;0.08254965770818916
586;0.05873496617341942
587;0.07874035021730907
588;0.07298749152050596
589;0.01758049278015671
590;0.07318023192861382
591;0.061015908307091415
592;0.01843407583786727
593;0.005093677696883747
594;0.03488625737923761
595;0.022736295912975813
596;0.06547581210047257
597;0.054218831841756715
598;0.0028200618942204603
599;0.0914063399494491
600;0.09986476354092255
601;0.04967122526947602
602;0.03922405577976238
603;0.03859926990722471
604;0.002931221965876796
605;0.02712843732507564
606;0.07289557949792114
607;0.015253653894375453
608;0.09278077059098837
609;0.09559888771111227
610;0.023781615568375804
611;0.038486517431878066
612;0.02614611606390437
613;0.02147404490521736
614;0.08012965977127964
615;0.029209512733668654
616;0.016005756849875718
617;0.06833993924414944
618;0.047849788168011304
619;0.06205614774526744
620;0.06304891497925674
621;0.0015066701867666123
622;0.007318344688938761
623;0.0014092399142389578
624;0.0005936049286512702
625;0.0270293306052687
626;0.08916567018896987
627;0.03217079413139429
628;0.050163554133799394
629;0.08800629470145718
630;0.08676707591667056
631;0.046143686701964316
632;0.007403023918739194
633;0.028918421331737856
634;0.013060539582242493
635;0.006669313911600406
636;0.056032605639655134
637;0.0006676804442105167
638;0.05958669667989335
639;0.03647400932502287
640;0.09992729550541513
641;0.06617253163998453
642;0.09176621117581246
643;0.059676332426561854
644;0.01841712729990287
645;0.04222548599676728
646;0.05115427399050209
647;0.06634888882870589
648;0.03185700770542029
649;0.02864411837381379
650;0.05635239458819823
651;0.09362160312044653
652;0.07245099234910318
653;0.007817974679613994
654;0.08980410812707976
655;0.027789883548027305
656;0.0037886825309387142
657;0.07258047048521298
658;0.04103915751852249
659;0.036048077606221286
660;0.09876380756926212
661;0.031011984248461147
662;0.07380559618309976
663;0.0298853035008933
664;0.056558581765234844
665;0.09473764196279816
666;0.007631714253017519
667;0.05348878039273924
668;0.07930589434205035
669;0.05121118246947888
670;0.0571418680122458
671;0.09656309426027
672;0.008933853826155358
673;0.003148926165278332
674;0.025110380758395424
675;0.08695891919849683
676;0.018189847905327183
677;0.09125464865391461
678;0.06475731486090547
679;0.03454922328332984
680;0.0957311951009661
681;0.01300488580397622
682;0.001272317593574046
683;0.07708824596715434
684;0.09071380996254544
685;0.04147072768997093
686;0.044390818734676166
687;0.010837678005697994
688;0.06254115015181229
689;0.07868857849599244
690;0.02056232029872982
691;0.05663220166726897
692;0.08587546160181103
693;0.09243215965319493
694;0.012318833864705548
695;0.02176389276351398
696;0.06340435601161377
697;0.08327525334053122
698;0.011686942067675333
699;0.0430946661068308
700;0.01452838605023561
701;0.015749963163780512
702;0.016715118369349847
703;0.018209787767835495
704;0.04089318473457722
705;0.049015750097847526
706;0.08053415422787932
707;0.08219125412570537
708;0.026906722734243695
709;0.050903055052937775
710;0.05962959267087947
711;0.05146947521033743
712;0.06675080005818054
713;0.023761241128960543
714;0.03551062281283734
715;0.03551954051019501
716;0.0645212595000454
717;0.09743929206424591
718;0.0957164297222276
719;0.09469858794825842
720;0.09771679611563573
721;0.06895853494799589
722;0.051282358526327156
723;0.09963854638784939
724;0.028065102851012182
725;0.08573715343895531
726;0.04602176252050192
727;0.06765599779105044
728;0.027832043138351237
729;0.09865986770992224
730;0.07480651510491194
731;0.0705421525022367
732;0.04313796519348189
733;0.06306611652439571
734;0.00413327112893308
735;0.043242836818429976
736;0.030866437202596544
737;0.03310479013345296
738;0.010185918361081236
739;0.08622233460745382
740;0.09650370780013316
741;0.023956900659590743
742;0.03351514775769471
743;0.06580632324481617
744;0.008039564532552668
745;0.05918050748290748
746;0.0796043151421124
747;0.04363661206419997
748;0.022603547168524155
749;0.08518778964572511
750;0.04730479510589696
751;0.07063949697778872
752;0.07743727204981017
753;0.05665458965883949
754;0.007344693461228247
755;0.08038780715818448
756;0.09731937249060578
757;0.0178329247623242
758;0.077063237727655
759;0.03275398041701618
760;0.07899037869076299
761;0.012930028719467634
762;0.03635672851042483
763;0.09683396011462629
764;0.01663502158629233
765;0.0847940927242812
766;0.04805725563534963
767;0.08861056097778328
768;0.03707863343601694
769;0.04731857858680717
770;0.07139499847567629
771;0.0934300530797842
772;0.02668274210623274
773;0.02394127932630498
774;0.05120290946219089
775;0.0792570958579342
776;0.08276751935382715
777;0.023232049064989425
778;0.05152617971599425
779;0.046334486533842194
780;0.0883038777965488
781;0.09010960383274903
782;0.012694590014481411
783;0.08500132915545905
784;0.08636968327351487
785;0.07338504414322922
786;0.018854343446971535
787;0.08812290497106141
788;0.06269820800420375
789;0.03152597659930511
790;0.09431816133509136
791;0.09290205225523848
792;0.05344163649837133
793;0.08125484438125608
794;0.0903909894605435
795;0.09188065656091608
796;0.05376227900107533
797;0.09486631672608026
798;0.048840390502193735
799;0.008700699679357316
800;0.0867627841936715
801;0.06951966479566248
802;0.07593480795111862
803;0.042288815126605594
804;0.07003974193951439
805;0.01751541277238845
806;0.0353529681417492
807;0.03303157709485615
808;0.0049388295678512335
809;0.027550991705715414
810;0.03313633754184425
811;0.0924946491372851
812;0.04639944798391626
813;0.021231445967417786
814;0.018281116706812685
815;0.07332228897776302
816;0.07387931031541985
817;0.00942304483327241
818;0.08545959881699959
819;0.0963503997306377
820;0.029413611504355876
821;0.09200686420200531
822;0.05263156105200583
823;0.05334264044796375
824;0.07166016169213936
825;0.02673211593293713
826;0.09936044645614178
827;0.06383090119037382
828;0.06882353453715857
829;0.036362345664281606
830;0.05585970329697133
831;0.04650173136179602
832;0.08175600180692888
833;0.06088076496931682
834;0.09550938774425173
835;0.07799521938168716
836;0.005619408931192671
837;0.003543382307206755
838;0.07736387218067317
839;0.07767203028482367
840;0.053341770414951
841;0.014389084016104947
842;0.010469722383566783
843;0.0007619077587510903
844;0.07974194723532774
845;0.06509766532311738
846;0.07594161226384409
847;0.020294817230474417
848;0.07581102493160102
849;0.06835882931992592
850;0.06550230202621048
851;0.017611203934220644
852;0.04542473027569641
853;0.092238817477533
854;0.08604890881970163
855;0.05473656977820425
856;0.052482091804770585
857;0.04473702062954711
858;0.0028143055742438695
859;0.06499742804470886
860;0.054119553613187654
861;0.09775257021246347
862;0.04234955897039027
863;0.07360125288696703
864;0.05343231813438143
865;0.03270816851527016
866;0.024930666048987027
867;0.013781824695207223
868;0.009269448709756933
869;0.0360443913560271
870;0.09314382241898946
871;0.08068735015935073
872;0.06985461797751744
873;0.029378648163912793
874;0.03493599027653434
875;0.012952284879269117
876;0.06448827062501711
877;0.03657174690822403
878;0.05071332534584166
879;0.02947421919145944
880;0.024058616151447422
881;0.09151164221736884
882;0.013346542606452039
883;0.09215128539275796
884;0.01391718457465514
885;0.05831470585512131
886;0.054803168539486746
887;0.09914998823058462
888;0.08216015267049112
889;0.06295454431311112
890;0.05800356999479564
891;0.09978380574813574
892;0.049655776187235746
893;0.060898813122504225
894;0.001598001538145788
895;0.029942162919334714
896;0.05686550069206578
897;0.05577089674971785
898;0.0559605975478942
899;0.08882831056043504
900;0.08967158311783163
901;0.041357845681932674
902;0.009486709546261442
903;0.07590777098610352
904;0.04723666747552984
905;0.03430470891634132
906;0.016117176732169315
907;0.06049515883645482
908;0.030213973184803
909;0.09890014827315782
910;0.06334312353337813
911;0.02251340432383745
912;0.07806872543291356
913;0.034104388633550566
914;0.08552490881810003
915;0.03778868422467634
916;0.06667510066674347
917;0.083247829019767
918;0.0891664653892817
919;0.045617434137830815
920;0.0001683029995918295
921;0.02351803725744535
922;0.07060608185227679
923;0.08095148594948963
924;0.06988010144103164
925;0.06993356392461252
926;0.008794744319912496
927;0.05895524799057416
928;0.054709291051301207
929;0.08191432161190476
930;0.008538574184727898
931;0.007167096041335808
932;0.010557319997257697
933;0.04622367597180872
934;0.02023518725722171
935;0.043449232532133224
936;0.026010379401504302
937;0.0640056525427578
938;0.03567072527598516
939;0.04896311326011535
940;0.0713256781335423
941;0.07412762446628078
942;0.009460978104129393
943;0.040905645007096286
944;0.049159597500006716
945;0.002717139337891539
946;0.014896964716106686
947;0.03336852138065923
948;0.0781892588713181
949;0.04336333433300524
950;0.001736102662336525
951;0.09879170846981519
952;0.08158871645266996
953;0.059053229709155046
954;0.008798569856102901
955;0.05587328018378234
956;0.08981181134653916
957;0.07942400944950667
958;0.050984181676195464
959;0.09538658359126678
960;0.07165207394689525
961;0.0839421343519472
962;0.08520090685814491
963;0.05447513825079895
964;0.06949883211986925
965;0.09301332620587321
966;0.06841581000526423
967;0.020092760137413512
968;0.07525325073984099
969;0.056514234192584126
970;0.015802923077112976
971;0.09588137136961057
972;0.015394149059405216
973;0.03208638622715835
974;0.02471836448157848
975;0.0525923077824737
976;0.04992711830109086
977;0.0846813786601819
978;0.09473636238710055
979;0.03864522411191529
980;0.07363018817542047
981;0.04818890530296798
982;0.05936371053217633
983;0.0439257834905911
984;0.014248392190934512
985;0.08928873404326153
986;0.09619126808800027
987;0.08126416829453874
988;0.0633512959479464
989;0.02528248483380631
990;0.013879578504682289
991;0.03224222299709637
992;0.01973395023750525
993;0.007749597683838483
994;0.08029044906400344
995;0.057666124276323116
996;0.08145862003653717
997;0.03931266551865486
998;0.02861313844477177
999;0.038846455286112205
1000;0.09014726205385484
