1;0.005969932056965499
2;0.005131116371946931
3;0.08047385081504103
4;0.0782977758017937
5;0.09564596199336874
6;0.058201172076729736
7;0.04365934583236915
8;0.06955949647151835
9;0.024815920021103655
10;0.09811893744405518
11;0.06040080650072602
12;0.05196634122082597
13;0.09408640688249104
14;0.06636526046064826
15;0.010403501379112091
16;0.0009811869223680715
17;0.07232284102951252
18;0.024383034540307092
19;0.0270025863220682
20;0.027316123382643123
21;0.023430773246716066
22;0.06311241897751772
23;0.01236133188800792
24;0.08606742129958779
25;0.029982431476440488
26;0.008797286397546967
27;0.06103181616411129
28;0.001242167333970634
29;0.059655931100529906
30;0.013788238037966406
31;0.017488937042777274
32;0.08119005480120339
33;0.019337671366685696
34;0.03430358128029213
35;0.056252367084683
36;0.07295263502974128
37;0.02746124754949866
38;0.01685460716703786
39;0.05111951937862132
40;0.05407482768903338
41;0.046245008705575866
42;0.08815996136992704
43;0.015866003041511933
44;0.08972464217805314
45;0.05330105073320303
46;0.07825019995914165
47;0.06722196812301244
48;0.010602805479581213
49;0.041976594441230454
50;0.021784700602376462
51;0.006418602837787702
52;0.024381205587336887
53;0.06730084925817724
54;0.020747439440281835
55;0.017478447407132502
56;0.01057055205624089
57;0.004499596378353821
58;0.09596246002955985
59;0.037548794574961256
60;0.09845255785506929
61;0.07643968625326425
62;0.07919435065603214
63;0.03502590063109651
64;0.06997357838569489
65;0.06888875029921585
66;0.07106167897301251
67;0.014686530772209617
68;0.04206361933699973
69;0.0708528495668747
70;0.0537402372606856
71;0.0603800763065306
72;0.0062858956087349155
73;0.009309563427097767
74;0.05444852847062719
75;0.07922666156431271
76;0.031228514288078036
77;0.017624843904880495
78;0.026075812219800043
79;0.060053385349622096
80;0.03534577638280554
81;0.041856744536890624
82;0.04351191649693109
83;0.054153850063540926
84;0.028138618559624486
85;0.0039695159142698055
86;8.266067425912738e-05
87;0.05904154183470537
88;0.09492981997563388
89;0.09306992232773341
90;0.0006997756651093701
91;0.022574691925984748
92;0.057730652000272435
93;0.026668043309761635
94;0.013799293692997074
95;0.01888965784994037
96;0.04776548891398718
97;0.04702234920797273
98;0.09376900532898183
99;0.0676007404183974
100;0.035649812644017176
101;0.00808390754904771
102;0.056242296456564526
103;0.05904907537771175
104;0.02455716976792337
105;0.015088750560575083
106;0.059404542700399236
107;0.04088143117152082
108;0.02955887631555737
109;0.09914876826957914
110;0.014024478974011668
111;0.06261163673655526
112;0.05563231936404626
113;0.03430866261084913
114;0.06352118593574548
115;0.030864284784071473
116;0.09662538534636876
117;0.05554107404845862
118;0.09950080571740834
119;0.06720048852299143
120;0.08543160748888143
121;0.025867951346598972
122;0.011866771605834126
123;0.040753256770602334
124;0.010455842293471386
125;0.08072361832624692
126;0.05396851488434204
127;0.008809830491342253
128;0.07729181035366328
129;0.019033088970750456
130;0.028937718270960158
131;0.08725583772388291
132;0.0348209658904341
133;0.08443306677116069
134;0.06856664630642154
135;0.0528742273698715
136;0.032521753404519516
137;0.09794879592598349
138;0.09115594896397483
139;0.08959494391614788
140;0.07038425834942184
141;0.011877863334075568
142;0.05738873790106772
143;0.059077315884603944
144;0.051737821144148835
145;0.07875355050447784
146;0.09087745998297839
147;0.07140357421908149
148;0.09353368673069805
149;0.02862955407069382
150;0.02232631542372523
151;0.010917558767093017
152;0.07523247941014273
153;0.006160396999070061
154;0.023627336432763435
155;0.0576265176802928
156;0.009373625939001784
157;0.06243474512390982
158;0.03790521433963159
159;0.019194176186045755
160;0.09572334464216398
161;0.08170477270709099
162;0.08024556863276991
163;0.07812845085561183
164;0.0014984924646283316
165;0.05413757222356122
166;0.047178040474700304
167;0.0888767948480515
168;0.012061749107853416
169;0.030209552805144715
170;0.08228547295728786
171;0.02285229089220524
172;0.008287920363728496
173;0.09347722240125701
174;0.05241950481923984
175;0.09924234773822299
176;0.06079289883653081
177;0.033648468497733244
178;0.008213236763341193
179;0.03805423435382058
180;0.016700188396945592
181;0.012906998220690536
182;0.06562116914505271
183;0.026222636308741245
184;0.07763421338383425
185;0.08018025006813845
186;0.052365892997827304
187;0.05135320228129178
188;0.03140558023256127
189;0.052259088514942736
190;0.009597220819966435
191;0.017884561099144557
192;0.0676427445052003
193;0.06975820906979426
194;0.07813394544230663
195;0.048603245280824416
196;0.07707196320945928
197;0.06457580191460309
198;0.03848804147204271
199;0.08641319111070433
200;0.0011412824711657277
201;0.04518690671231643
202;0.0040160639967345094
203;0.09342723084874004
204;0.005645988646588296
205;0.026587715954493742
206;0.01284105628486767
207;0.07168352021908864
208;0.06285955038407309
209;0.08826516652816199
210;0.07754782539046794
211;0.0860022015601248
212;0.064635503978522
213;0.004821820231757057
214;0.08657321965489384
215;0.07627994246906994
216;0.08946004923464684
217;0.0074623132429799234
218;0.08751967905307295
219;0.026141889402256504
220;0.03241279927703074
221;0.08846199399587033
222;0.09850293222554646
223;0.0787483200061575
224;0.06849196438833544
225;0.08115464170469
226;0.011902605096635089
227;0.07090535606805304
228;0.009970138174742372
229;0.07278141588492924
230;0.06660928662342272
231;0.03101101123847834
232;0.06656518485453518
233;0.02104163230604842
234;0.08110294001878823
235;0.037305327933760346
236;0.03809578698236454
237;0.03551925968679093
238;0.07939368135403212
239;0.07799423589196026
240;0.04773008734250518
241;0.02526018757569214
242;0.038551363558557775
243;0.09440101300174036
244;0.03321778892087609
245;0.09041553362261805
246;0.08705763193728269
247;0.091776840307642
248;0.03655759707198569
249;0.03757158596746614
250;0.014942526775601407
251;0.0007469362203230024
252;0.045534021682863385
253;0.05312011035656758
254;0.08910873335172233
255;0.09423071921088788
256;0.07438618940670859
257;0.0656699311149381
258;0.07648863764153557
259;0.017075052857101727
260;0.047112394800589034
261;0.06365001007929291
262;0.004702311623307254
263;0.07037354237129759
264;0.0721154727115849
265;0.07805784634054193
266;0.07038048158478045
267;0.01635703076027878
268;0.02832137601169762
269;0.07149369446913391
270;0.006692155878840256
271;0.08367460358904191
272;0.036762151524436924
273;0.08402002835047068
274;0.004491543679123322
275;0.031085275020211935
276;0.00888538009208173
277;0.08890072956263499
278;0.07948153665936686
279;0.08421617695155657
280;0.07555621301052118
281;0.09869093370792666
282;0.018931755277103026
283;0.04743971984648067
284;0.09034558188048031
285;0.05883395540366078
286;0.06347545658572988
287;0.0767055772969984
288;0.08661545009120729
289;0.03154020119991254
290;0.04560041274796772
291;0.06721803825805116
292;0.015929118164770894
293;0.08917362592479214
294;0.06006115028299062
295;0.01855436394450174
296;0.003557677601436127
297;0.0424560701525639
298;0.06839532706769345
299;0.03600043021520429
300;0.0059144287865365635
301;0.07906071444302995
302;0.08953300566493513
303;0.07935787761860214
304;0.08533706894841014
305;0.020784164544393968
306;0.09483123973481894
307;0.039779181196092375
308;0.048973290222154076
309;0.030456469878325978
310;0.022224071138715842
311;0.03667438901042874
312;0.09846343762687733
313;0.07896103511233307
314;0.018100317205155137
315;0.05718150000417808
316;0.03772174184515571
317;0.07665509043484857
318;0.08241502977651233
319;0.03269778955488978
320;0.008504750814885142
321;0.03239903059094534
322;0.04785185819478182
323;0.07834155745431441
324;0.08159104741124786
325;0.03849472883230877
326;0.026957915468976246
327;0.04540889266258711
328;0.01200629372774672
329;0.06492578472293552
330;0.004217773870332542
331;0.008515918449461923
332;0.05586628280166059
333;0.026950671668013394
334;0.08429385425497574
335;0.08458904959871202
336;0.06997280018231532
337;0.03572998493409929
338;0.05250579692096507
339;0.06914881420236446
340;0.051112139762001886
341;0.003608891079989518
342;0.06530545387034183
343;0.047047107671312385
344;0.08610486856942817
345;0.03658358930360195
346;0.04971863744911275
347;0.04402077363051604
348;0.0353489357933703
349;0.09471025559682983
350;0.002366694357135135
351;0.05625622213148754
352;0.09897682466286914
353;0.044879502864394516
354;0.026569904004669555
355;0.07352738999193004
356;0.025204005072262503
357;0.04669970538498022
358;0.05169483104888785
359;0.05580303318255077
360;0.09217534717377616
361;0.061518888691028645
362;0.09915564971714536
363;0.08565081597161579
364;0.06367693646800347
365;0.09205969616077489
366;0.021437177357199435
367;0.03768810388450508
368;0.022095824316622784
369;0.030275386463693644
370;0.02825067325592906
371;0.05272295814346681
372;0.061469068354710193
373;0.0013644773520394505
374;0.027338312278906075
375;0.07041055348838095
376;0.08830243972883621
377;0.001434554821807832
378;0.08178063909891735
379;0.030211804975920943
380;0.0028580181536816854
381;0.013538079108234813
382;0.024855723722428304
383;0.0047319711419040456
384;0.09168216308990262
385;0.0792443002603892
386;0.021461348688619042
387;0.04621028269202401
388;0.023919637287987707
389;0.029958353664450134
390;0.06812632070183662
391;0.08791859707841608
392;0.08108631894623047
393;0.0645233824670862
394;0.03638114181829002
395;0.04476767622686087
396;0.05578015353052621
397;0.05211402358196407
398;0.016044421541164023
399;0.07972528219217093
400;0.04650973271412939
401;0.009327786309882314
402;0.08456333219365529
403;0.061419181833247384
404;0.006330924040813913
405;0.06384583625747342
406;0.043851668570768804
407;0.060046625344433405
408;0.024659244272025527
409;0.09323097600627427
410;0.07584167926276206
411;0.03327603662363792
412;0.010314589019086884
413;0.053576119237442876
414;0.012804265736289289
415;0.045534364950632004
416;0.07725924690583076
417;0.09420088436727413
418;0.04014066496785286
419;0.012923237988337655
420;0.043622413469560174
421;0.0770522734084832
422;0.07623422295189308
423;0.02092915202203115
424;0.08360392836219914
425;0.07852366784171039
426;0.028297905871076445
427;0.09485328226713541
428;0.07639937273600021
429;0.0387461158063746
430;0.025563174928570354
431;0.0755971818503215
432;0.06847946790499712
433;0.057025206826607014
434;0.04140781756252265
435;0.07932476456417954
436;0.05709896669970493
437;0.01195113076621558
438;0.03752927637426972
439;0.0856669729186461
440;0.058510802965192156
441;0.04825223462794728
442;0.02942124868144015
443;0.09091693821148798
444;0.06729135994372026
445;0.030749228068587344
446;0.0746638506506015
447;0.030616683484223528
448;0.05712737689350361
449;0.08218013700751133
450;0.06616540749638902
451;0.0986568556528408
452;0.010794078496734673
453;0.022546910682238065
454;0.05034918247627989
455;0.07518846802922352
456;0.09795776929201694
457;0.028067753641002405
458;0.029163550272221297
459;0.04684312178551662
460;0.09214835223899753
461;0.05114712910221533
462;0.05930676970693699
463;0.0775457871725227
464;0.09075429517183312
465;0.06698172361021318
466;0.01778829546412153
467;0.09963971912473807
468;0.08484740230325986
469;0.06699547856631831
470;0.0836221150547059
471;0.08900943510406463
472;0.03217703056679903
473;0.002847846409367638
474;0.0964452815985757
475;0.05391351292515964
476;0.06494026569080848
477;0.07778714574215462
478;0.08197475402555966
479;0.0583134375444646
480;0.06080344464251828
481;0.00010796264103291042
482;0.05647219876831958
483;0.022272389676457574
484;0.004943038643365361
485;0.0294867503592666
486;0.08268725351401035
487;0.02114011080555588
488;0.08074862284361034
489;0.07269977407458732
490;0.09994884224518302
491;0.0601680795584083
492;0.06377502362188361
493;0.06756016685767811
494;0.06792600842461564
495;0.059819882570314745
496;0.0636738833502649
497;0.07244654405690235
498;0.06537498751944805
499;0.0119706273621226
500;0.04733086134977774
501;0.06062998116560972
502;0.0031847084826939656
503;0.06861990962469793
504;0.02373845393105206
505;0.0341379395288589
506;0.013071254441939784
507;0.02353501366675701
508;0.05662355203388897
509;0.09782808863367683
510;0.09703833812133698
511;0.07315198974359298
512;0.0688213141511032
513;0.03947415771360514
514;0.04835821016969967
515;0.009435486991610988
516;0.07486433147640488
517;0.04473202463652235
518;0.0871174280230501
519;0.037737578633702355
520;0.09011186709102678
521;0.09459777282095384
522;0.05604958099611639
523;0.09502854653971847
524;0.08629997818444765
525;0.08434584655061723
526;0.0010245664682095312
527;0.0402696901932499
528;0.08293971386764154
529;0.09665265462472948
530;0.02026859628503115
531;0.012582306263607835
532;0.08326156491162978
533;0.021290778427638157
534;0.0662347789604205
535;0.03727184240705396
536;0.015097098784622322
537;0.011322623571012314
538;0.08371951721058264
539;0.08266229815520794
540;0.06749677860237467
541;0.0848731754103913
542;0.008931501947294695
543;0.04184364176208123
544;0.026150145968247742
545;0.0025052246211803575
546;0.0034709725982896237
547;0.03142200968157887
548;0.01596325403444897
549;0.011596382290140284
550;0.024646925334381745
551;0.07507114416675373
552;0.0689751369891957
553;0.08195717019711216
554;0.025932263624580943
555;0.08780237774387911
556;0.04448809445261969
557;0.061600509803104914
558;0.046815623870983494
559;0.055883843812527326
560;0.038159518237154515
561;0.056253191394720604
562;0.04978010939494029
563;0.03271933544497501
564;0.04398445954286077
565;0.04143671690206622
566;0.0019838164128418547
567;0.0421888798195694
568;0.005822484030784648
569;0.009277115093083188
570;0.07288882092469354
571;0.09977579839282102
572;0.027258155173871392
573;0.03992546435161
574;0.013067988360647154
575;0.09080172225035961
576;0.03340571649012615
577;0.01823805715943022
578;0.056748055189167146
579;0.0798776770415531
580;0.09859307233448357
581;0.05087450080935694
582;0.0796745290914169
583;0.09398557888708566
584;0.03819031033654877
585;0.002862881977764642
586;0.030840020207273014
587;0.08531524624867104
588;0.06041717578006681
589;0.03602892358234917
590;0.07254128063216596
591;0.009609819780892238
592;0.001654661520338352
593;0.07572886069102738
594;0.002645872658876236
595;0.007647653893005091
596;0.032821047744837066
597;0.03570722382404447
598;0.07953172267863251
599;0.0029341708388164744
600;0.06605901260979656
601;0.0294074443631551
602;0.06419933506195692
603;0.019813760178225295
604;0.03622866440110273
605;0.018232120827935495
606;0.05652680921243978
607;0.05574573423462806
608;0.013422379196096491
609;0.018674991085248584
610;0.04236850568803199
611;0.02644184262150764
612;0.005024957015354315
613;0.0967550957372405
614;0.03140083430710774
615;0.09526130845993602
616;0.07978832918086709
617;0.06588253383035726
618;0.031179746649201458
619;0.031625147721189455
620;0.039152818775665746
621;0.04348617957574992
622;0.02504948294004037
623;0.07381002122769424
624;0.029731420961756218
625;0.04172816902856365
626;0.00034941808763222504
627;0.05982849309225896
628;0.05333483359574155
629;0.09916771843460714
630;0.014778412541372233
631;0.003984289855839307
632;0.02816533307080049
633;0.013952200460163445
634;0.08592472842810116
635;0.09554588158978841
636;0.016581228771718793
637;0.04987293431566823
638;0.020272939465812958
639;0.06433700984289746
640;0.028904843350074583
641;0.07955463024663034
642;0.07068792663907679
643;0.01543434422291985
644;0.009017129877718844
645;0.02099116757382895
646;0.06463121290790592
647;0.09456825439339862
648;0.030648182657776725
649;0.03249341761122961
650;0.07151787919516756
651;0.06839663662731187
652;0.0030211270250639632
653;0.08541862187048697
654;0.017717378575515908
655;0.006346606235918872
656;0.08035671019425702
657;0.019274990043936725
658;0.010879652883868142
659;0.07666574131570908
660;0.07383402955730588
661;0.012099657546559806
662;0.05719373219119139
663;0.09004615721532014
664;0.012817934395229102
665;0.056419281549295014
666;0.03315658169050251
667;0.09397600226674128
668;0.028175536984497453
669;0.03632106210171865
670;0.028859793489856858
671;0.09141303178287827
672;0.013229671002274224
673;0.09755212826456208
674;0.04372543621590063
675;0.04217764917938014
676;0.06573729143344806
677;0.09775274004689523
678;0.005120595587007471
679;0.03717535709655082
680;0.01009505396432252
681;0.047318424954867426
682;0.00695357371872436
683;0.047799811973255925
684;0.018034452821260195
685;0.0975704367804925
686;0.054043644843933064
687;0.06082181591029487
688;0.016813064336176943
689;0.009134854598322506
690;0.08046876598703383
691;0.02522912749987214
692;0.009589437950959968
693;0.037671905417246326
694;0.0437381589521615
695;0.019192892217697866
696;0.0061699891883131965
697;0.0017951131677416577
698;0.07866600514519585
699;0.05146271175572445
700;0.04404135185102466
701;0.09862351898561182
702;0.019264697187044755
703;0.052612839279794044
704;0.056535833002348934
705;0.03159779093837526
706;0.004476096480280612
707;0.058442692680426706
708;0.09576372041461781
709;0.028531198722311402
710;0.01851602017764049
711;0.04587325938429078
712;0.0991363765845545
713;0.05908792939321644
714;0.009518533712388411
715;0.0875002575674001
716;0.09856695338977012
717;0.004511565986442512
718;0.09980266769604636
719;0.07650065023931842
720;0.06430558288549268
721;0.07599141156999359
722;0.0658491711410914
723;0.019293864748492342
724;0.03476268773236243
725;0.031677066731733365
726;0.04401907833268211
727;0.018100978307540993
728;0.03156919417007921
729;0.08028763318340189
730;0.06446185589480787
731;0.056205583691306564
732;0.007742636790192892
733;0.09468553963135351
734;0.09806074049792059
735;0.011587511236109349
736;0.011263055426752723
737;0.07382628615670743
738;0.0075493740827740526
739;0.0028791228728347385
740;0.06151991166495792
741;0.029274735174519107
742;0.08893080817166323
743;0.03506958064591742
744;0.06525425774239947
745;0.09564183655241118
746;0.07836688262192636
747;0.051563856723025485
748;0.006271313885249475
749;0.06838508216420376
750;0.08169947395689103
751;0.016657656972880363
752;0.07394793037971173
753;0.03954101477656648
754;0.03368035929221391
755;0.06715936215468238
756;0.03650239177815772
757;0.050770110371698846
758;0.058679427604519586
759;0.03242969756725663
760;0.008968682243699967
761;0.04497308197849323
762;0.08494668057444554
763;0.06912865909261304
764;0.05260892616185975
765;0.008279518538277386
766;0.08168826284746278
767;0.07232295018403156
768;0.09914034546532553
769;0.02327165547932916
770;0.07670870493161028
771;0.009557501805907864
772;0.07831163102942752
773;0.08020882969500734
774;0.09352513059877776
775;0.06958814303725247
776;0.06684942596000637
777;0.06306711619212348
778;0.04285282502696265
779;0.06108860990266168
780;0.06809258367929877
781;0.030373569033100647
782;0.029759250410660923
783;0.0904157291251963
784;0.032738036669952286
785;0.005377060772561382
786;0.004534347623250757
787;0.05140359307908962
788;0.06785653202574525
789;0.0670774817443398
790;0.004515041606053183
791;0.08806593660302023
792;0.014133691042344477
793;0.001850017182016639
794;0.012508236859347844
795;0.03259843168074478
796;0.025695127276373055
797;0.09094775715563512
798;0.04246786946936862
799;0.052790166501051485
800;0.010904505548084432
801;0.01272938583140796
802;0.019579138629664972
803;0.009072873222594402
804;0.07481830809045845
805;0.021083571397507953
806;0.033448093051965846
807;0.09961881498806785
808;0.05072853146991352
809;0.06929134229036649
810;0.013067608149611266
811;0.07184409912428179
812;0.05028336001990358
813;0.041699128352593096
814;0.08500369071159877
815;0.018359231104127984
816;0.06893291692961438
817;0.02028221921863619
818;0.03581016700122308
819;0.049810944474489464
820;0.045676954517923876
821;0.07941846912486536
822;0.09839466392798044
823;0.09812027505533738
824;0.028094065432278492
825;0.03534659399103101
826;0.002287260938327862
827;0.0003166939163285254
828;0.06942433176918508
829;0.04802699914623947
830;0.0032998070621721776
831;0.04175668987326317
832;0.04344725555761763
833;0.08987656207811118
834;0.0970128379356471
835;0.09832103628404087
836;0.08472961727949838
837;0.031456731332241715
838;0.04377989077125754
839;0.007258380327933323
840;0.0800988974395524
841;0.014785676309300467
842;0.06124218509451401
843;0.08532113587923684
844;0.056462183867987514
845;0.03027954269304356
846;0.054899066384031664
847;0.061801834402476157
848;0.005549062121552828
849;0.02821380069442694
850;0.019702524346122453
851;0.06126771904921832
852;0.015640153815225988
853;0.008151862920736297
854;0.08826240909658084
855;0.020806870885613362
856;0.030769814025055943
857;0.03654189142097708
858;0.049592074158174085
859;0.074612854075211
860;0.08454011730346411
861;0.08433105687400452
862;0.06560428296115471
863;0.04898705914140396
864;0.018314096246538358
865;0.03018080013452712
866;0.010870559396864389
867;0.06518608289921679
868;0.03699147762886933
869;0.06627886316261991
870;0.0675449486343077
871;0.00911017377593445
872;0.0989178311175993
873;0.046018537570093415
874;0.020635781255741115
875;0.0729528929452933
876;0.05113240264460583
877;0.08069645543430226
878;0.08717417209433453
879;0.05438254212142068
880;0.008600751811415064
881;0.03548045939189206
882;0.01304516997124755
883;0.043313306535766316
884;0.09000716530690257
885;0.05836679011978829
886;0.08000127742436548
887;0.05146776430288095
888;0.09499281405379817
889;0.01952008163244865
890;0.03865654281458628
891;0.06735765293579643
892;0.05125453891068539
893;0.016534973615328543
894;0.05273122818585002
895;0.06512247797355437
896;0.029227469305796974
897;0.037269166023829715
898;0.006921942738012854
899;0.012207754970349538
900;0.077236462082241
901;0.005926437428168618
902;0.0010443890672474088
903;0.006827296644787784
904;0.0960890608341186
905;0.024968370506230787
906;0.03287225243165268
907;0.06902714712486065
908;0.03156861071030225
909;0.02331013719280577
910;0.08794836851752257
911;0.04297106044374297
912;0.08600852469281245
913;0.05952358905913906
914;0.0715594140352826
915;0.03137103245521834
916;0.0375975445083909
917;0.03386580068752994
918;0.09172819595527142
919;0.04694544797684938
920;0.019348348379807114
921;0.03206955843845734
922;0.031134123878254816
923;0.018893835593730368
924;0.07281627435011441
925;0.027151824036487728
926;0.049325950545329546
927;0.03081784157886207
928;0.03851290883401403
929;0.018901420717394847
930;0.05635401888401176
931;0.07750949498004683
932;0.03824173106798086
933;0.07001250576025045
934;0.02084899503420118
935;0.041475615659557576
936;0.07152594958270275
937;0.0013285399531943632
938;0.09243096902285577
939;0.0039057144465211692
940;0.07434881737375833
941;0.0842927287638508
942;0.01726759059717622
943;0.04798252483766033
944;0.078124341512845
945;0.014354051183474726
946;0.07961362976808856
947;0.06467431332223605
948;0.056490115605300775
949;0.06682420528920077
950;0.05071527796460008
951;0.08398967426748061
952;0.08471634833635724
953;0.046364006902637644
954;0.09271689940199745
955;0.09220985239579678
956;0.05888118617864906
957;0.06256118230325153
958;0.018790133451353375
959;0.004198400342359332
960;0.054376634714890376
961;0.09714015993011624
962;0.042622598529977754
963;0.09768451317844386
964;0.02817064458430828
965;0.03892463486797779
966;0.03166032007616554
967;0.07501805667541692
968;0.05156562243751139
969;0.07871299658504144
970;0.007049134862699147
971;0.06145487802173327
972;0.07037283746335912
973;0.08691189811517609
974;0.08505665166228639
975;0.0454081279427946
976;0.01986000789869892
977;0.0250497719245137
978;0.046793341745448226
979;0.057203917341343294
980;0.043456779260383584
981;0.016023079412887675
982;0.06241887015392095
983;0.00014641553289768128
984;0.06642492717121382
985;0.033175271274940986
986;0.02535012558401909
987;0.07607577207265201
988;0.04195406783532053
989;0.07817713220526043
990;0.08146889054576764
991;0.06803430483316525
992;0.01921388752173986
993;0.03205698316501089
994;0.0985942656646921
995;0.010610087502912747
996;0.015894737808001793
997;0.07243274167830735
998;0.014157615175771477
999;0.09849198813107098
1000;0.07076109671753704
