1;0.0273859603419208
2;0.06586141610841037
3;0.16478594255872595
4;0.026421902423346633
5;0.18408808969463086
6;0.1877064398490182
7;0.07116336569551329
8;0.062290509959688656
9;0.04554045495487265
10;0.03305478517966736
11;0.06737582897409433
12;0.12750258585678714
13;0.0859103545079575
14;0.030727287800882477
15;0.10724331532675646
16;0.0084706424850016
17;0.08805820006825223
18;0.07750413428964226
19;0.08891038785170502
20;0.17364911923529788
21;0.08846288040461439
22;0.043466200821240156
23;0.060084047374933496
24;0.12076760775667968
25;0.01796838562364833
26;0.07501655689103322
27;0.0034108455195364764
28;0.1265194780440818
29;0.12453378706537
30;0.10418828558854341
31;0.045772864927534164
32;0.06411733711638792
33;0.1870559747438946
34;0.14356130770741654
35;0.17166858682298344
36;0.08644456770420615
37;0.17453962894876152
38;0.08150311190568223
39;0.010315611003566217
40;0.03207891644763607
41;0.05936868069125394
42;0.1385734829502422
43;0.08841123861340822
44;0.18161185125269597
45;0.18187974676871063
46;0.17499823319093832
47;0.06739941677292609
48;0.1199497469941214
49;0.16337685365268056
50;0.054619892068360446
51;0.1275706656478364
52;0.02777750986230574
53;0.012812755589202897
54;0.10439107065746334
55;0.19285983593861442
56;0.12549334556858394
57;0.08739626107074933
58;0.01822035833668989
59;0.06773218125109758
60;0.09981242924079946
61;0.01201989133335988
62;0.16629738759713156
63;0.055566479147524196
64;0.14177335523798115
65;0.13512958931427527
66;0.18510503665391084
67;0.06585922289634237
68;0.04978031118973476
69;0.12315133615310442
70;0.06558200923319069
71;0.16518494575853238
72;0.17895273776967358
73;0.19397157600359202
74;0.13480448264853015
75;0.033168593474148154
76;0.11908398205276266
77;0.061749911341953005
78;0.1719449737884342
79;0.17586819048869576
80;0.10842368789655672
81;0.14612110318539012
82;0.11565759301179689
83;0.085292027595263
84;0.10013464028511153
85;0.15489733321101462
86;0.07154017668247799
87;0.19975807338825793
88;0.11245099964419024
89;0.04026095883752996
90;0.028915112768887564
91;0.09335937745027259
92;0.1627307956990597
93;0.1365412811041333
94;0.01133626027363921
95;0.07897248846286531
96;0.04833143937013025
97;0.14644356337163525
98;0.10419233145089786
99;0.11294449991811675
100;0.08635126711249477
101;0.13164242895156134
102;0.11292292638310389
103;0.007639032689857906
104;0.07147641738683301
105;0.18358507073329353
106;0.14634272465700307
107;0.1719905561448178
108;0.08126763442483714
109;0.19875912967404485
110;0.1699279339507467
111;0.12330561308003739
112;0.1997373915144468
113;0.02750701106600506
114;0.10691356265266623
115;0.15799982726963824
116;0.021802823366641945
117;0.15868326182456238
118;0.0024551912569925173
119;0.1395684813453888
120;0.09134802575739534
121;0.07203169465435581
122;0.10401041416335995
123;0.17391175903959433
124;0.1951620243744326
125;0.17453777351432564
126;0.09417598371254499
127;0.1352342930919331
128;0.11287824402849678
129;0.0174303816374749
130;0.0346582647702473
131;0.06161042902234964
132;0.16934244604636423
133;0.008163093830424129
134;0.11342575198907318
135;0.12101970550250594
136;0.05882432386466339
137;0.014194821115930734
138;0.18751199588256043
139;0.14875637544473228
140;0.014504507194736971
141;0.07804327710218183
142;0.05521835938633462
143;0.1183437242826791
144;0.03747610758211935
145;0.1289181541359987
146;0.1404432394645134
147;0.1518562947360116
148;0.0062590176026148915
149;0.1951223183460396
150;0.0402885692896017
151;0.001054065351802591
152;0.058148550530617585
153;0.06459378959920266
154;0.15954262476879877
155;0.007419197421920165
156;0.05788463690570918
157;0.004374024705586077
158;0.04836620561108332
159;0.09812914067133026
160;0.054152646231402236
161;0.12719379507437525
162;0.1389768314219933
163;0.02527941757996706
164;0.04526182309493776
165;0.09075736875120582
166;0.11116599263680382
167;0.10619714387936977
168;0.018661020436528154
169;0.004304462773377127
170;0.13244131125888395
171;0.006071766046110594
172;0.0450123050817775
173;0.0546339228669023
174;0.1781083986420429
175;0.13388552458417663
176;0.13993434426758738
177;0.03008751894054036
178;0.030055299728888363
179;0.1362074408963501
180;0.01860579078651481
181;0.08528143290244015
182;0.003308010117812521
183;0.07858684753939603
184;0.14108134914291234
185;0.14945903890638287
186;0.16883161832427493
187;0.16194659872593536
188;0.06662208587161134
189;0.09080615795488177
190;0.09347369682845721
191;0.11112349097060244
192;0.03554189042296485
193;0.0593331732684149
194;0.04680489703198712
195;0.03308790648762583
196;0.062221554328096576
197;0.17179675965821392
198;0.04355045494513328
199;0.07937396918547168
200;0.1529401529862987
201;0.06965730151314324
202;0.02307109973395227
203;0.10509813960836295
204;0.11881999718858774
205;0.19879893070891858
206;0.19076116228348683
207;0.10325201957340933
208;0.1045507663612622
209;0.1727972606567234
210;0.016542757557772816
211;0.0751782949557449
212;0.1564003920772344
213;0.05018699189879643
214;0.08700344040190777
215;0.1430412642715306
216;0.07824951323510301
217;0.11209173865275845
218;0.12914443566292189
219;0.13170318309810783
220;0.00749136699540931
221;0.025915406903407948
222;0.17037448567937835
223;0.0171091252901594
224;0.058399560313508084
225;0.08999808735744491
226;0.11941259402067522
227;0.0346971595475331
228;0.09410855022581083
229;0.09506962268932834
230;0.09411072102706433
231;0.0050311288653112525
232;0.14125528447620722
233;0.13862341060886726
234;0.07989660251610953
235;0.19670198161283498
236;0.06850069412377345
237;0.17169727561324424
238;0.1652294793718286
239;0.09817936750713674
240;0.17731289395443908
241;0.06598904770305232
242;0.16831780694733134
243;0.022154521119600392
244;0.05363475753211125
245;0.10757279911900193
246;0.0439036406982239
247;0.04715553438966389
248;0.15006304314124874
249;0.13484802562835377
250;0.1185459298168466
251;0.19157655242986837
252;0.16642143573139842
253;0.15397284542928094
254;0.031353372169273856
255;0.06723413979854724
256;0.08124467331969361
257;0.03294473572591672
258;0.17601524632274868
259;0.17199476533301805
260;0.07287386002489227
261;0.0671182931517249
262;0.16716461367946228
263;0.03553093006047521
264;0.1163777064466735
265;0.02426404887524876
266;0.12508956588068562
267;0.06060257175046018
268;0.11811752301233076
269;0.06876087088847778
270;0.09697149690548967
271;0.17872857806724027
272;0.007360032926359828
273;0.00474106339915521
274;0.08073367570795008
275;0.17327103469355487
276;0.03540795359177969
277;0.11603090506846386
278;0.03742708651068734
279;0.0939093374075986
280;0.11414273044255992
281;0.16528473978842476
282;0.18919460393472132
283;0.08168179743337137
284;0.05169493365867044
285;0.10611806272216816
286;0.10478261906369948
287;0.10699996320142716
288;0.17719395163659102
289;0.03573109096945246
290;0.10116327717290732
291;0.17907271441693193
292;0.1104921957435068
293;0.18089106282761358
294;0.18172525183656468
295;0.040867767690314194
296;0.1581671336831877
297;0.0399416095171542
298;0.07695531990785419
299;0.06599563362720494
300;0.18816108274677218
301;0.03684025696938296
302;0.1618152257818196
303;0.13089813033744563
304;0.16608453452071262
305;0.1892902725216552
306;0.04938737445639694
307;0.07365985116900556
308;0.07631181489974284
309;0.15912851755877214
310;0.034057734024797684
311;0.1407788520537365
312;0.10623082871151042
313;0.0015490852396977896
314;0.0693980368105445
315;0.08642948090932041
316;0.013510181047733405
317;0.15328758157189717
318;0.05394397430110831
319;0.026931609862331476
320;0.047499144339419465
321;0.10922025334599879
322;0.08581503287394476
323;0.19674914079857123
324;0.004715851637513824
325;0.19990068347362933
326;0.04098591603427764
327;0.03363125104440947
328;0.04478341684723999
329;6.955071124461477e-05
330;0.1857093422148991
331;0.01641884005750103
332;0.13851948353536842
333;0.10884471656748383
334;0.005269294984986895
335;0.026406917522793873
336;0.19093557852246043
337;0.1197962019837414
338;0.1376207757316704
339;0.0830511788158826
340;0.148343746094879
341;0.09262186878574515
342;0.07189170849822282
343;0.1282584922605117
344;0.051399529511527514
345;0.0930170201701084
346;0.11505848952593281
347;0.06151893649981388
348;0.018858126455170668
349;0.008138364936594256
350;0.1989967063520997
351;0.02259480564804113
352;0.09700684542265091
353;0.15687056601388882
354;0.1800837045449248
355;0.09714700883155047
356;0.0300761338343893
357;0.12304812419491494
358;0.08673752362718988
359;0.011450525404964385
360;0.1812140565536497
361;0.1447514431492705
362;0.06821008180776014
363;0.07254484349134907
364;0.04801751552425675
365;0.15431366535516863
366;0.011904280694947401
367;0.18500984817767588
368;0.07510192212006397
369;0.1221159937453411
370;0.010418678024862649
371;0.18648426961586245
372;0.08600565128402667
373;0.08909889851960234
374;0.18249556801802658
375;0.18384651869151425
376;0.12514014488977737
377;0.08297359335945603
378;0.09124961506617768
379;0.11170279070919326
380;0.12438778461485607
381;0.1367376359308261
382;0.08266362486908935
383;0.16513665328523305
384;0.13341311122110602
385;0.16005083927525388
386;0.100894117446691
387;0.044802369393467045
388;0.19075044513831899
389;0.15364046797089836
390;0.08134728053770211
391;0.05920500276942611
392;0.0698273773923204
393;0.029317177056085143
394;0.17881987195859583
395;0.09691312769231551
396;0.06342044181739191
397;0.1198729265635762
398;0.021100341069853437
399;0.08674130096073923
400;0.16452754773435854
401;0.09580303328190037
402;0.048796888556034305
403;0.04610533478876238
404;0.021822950357186267
405;0.19340094063482186
406;0.11479638330319618
407;0.1242574269159293
408;0.1738545470926083
409;0.0015937555333155997
410;0.18144231204947617
411;0.07353105647997678
412;0.0043667839638309005
413;0.0021932989728552957
414;0.19785860765365282
415;0.11773810014013053
416;0.12348682237044238
417;0.12024419829604023
418;0.19419518660635196
419;0.002517188780463786
420;0.08303259030242788
421;0.0607754090947501
422;0.006570460697206327
423;0.10860941092208339
424;0.13245203377653644
425;0.13028547845544
426;0.02834332794800805
427;0.11673085338741274
428;0.10095297705383058
429;0.032794733018555754
430;0.07670302606905927
431;0.07949683279992051
432;0.08645911987703625
433;0.0006847686015270194
434;0.045854129699411564
435;0.14603032407660543
436;0.0022104032195628953
437;0.17872708069881918
438;0.0879102727734338
439;0.17596064795170768
440;0.15742744833244285
441;0.018415422284577956
442;0.02187771934651548
443;0.02785554555260803
444;0.1459023508699177
445;0.007676705511216553
446;0.023820146281285638
447;0.03898535880841299
448;0.12247903149018398
449;0.09076078284915833
450;0.025875950852359053
451;0.09534926073099276
452;0.014819119820692906
453;0.04159349834675139
454;0.10542793954616486
455;0.1989128253038581
456;0.1980373954177838
457;0.1261610439279198
458;0.17149670814457454
459;0.1720426805170277
460;0.16268310898841723
461;0.10510511701381212
462;0.18468802629374803
463;0.13290561308991375
464;0.1995658701180347
465;0.1372739094794384
466;0.17158145908882402
467;0.06939719314283048
468;0.12457985021852527
469;0.16937851032489692
470;0.11598708005354688
471;0.1704350901580313
472;0.019677301270128345
473;0.18921224289526115
474;0.17098207904563012
475;0.08990044904084449
476;0.011092476415681918
477;0.030274592239612354
478;0.1467595399487062
479;0.1864513158370363
480;0.18015194801117335
481;0.12173395464771415
482;0.05360017439675884
483;0.17880945141822788
484;0.1968316102644111
485;0.07001406408200024
486;0.10955548784878277
487;0.05185795334237773
488;0.07223247729359117
489;0.07463241370051957
490;0.08370943254340829
491;0.1255920510756042
492;0.10657603732819043
493;0.10196226634302447
494;0.1162414267478183
495;0.050310072989236315
496;0.0147537722836391
497;0.12015495422589853
498;0.024673686679871132
499;0.07816391075355739
500;0.1451345709702753
501;0.03506730881677518
502;0.08453565447659739
503;0.06286487192876243
504;0.19495132065505644
505;0.1196658248196395
506;0.027320365413954262
507;0.1401121920057839
508;0.057418655108898056
509;0.09274216393286383
510;0.18518337227797763
511;0.14730061349678553
512;0.06619889123240914
513;0.1780178439870995
514;0.08247199556846159
515;0.19059895406801242
516;0.024978194281405908
517;0.0052977508944890735
518;0.12531334500176158
519;0.18689131463404574
520;0.0639154921980681
521;0.03556085069965875
522;0.1335823824967298
523;0.0406322693980608
524;0.19641193760253128
525;0.10928608109231003
526;0.07048067993989678
527;0.10097684171210758
528;0.004571300483208351
529;0.08174120293350258
530;0.022142677149377878
531;0.11046066762285145
532;0.1940509989691802
533;0.015594387031260771
534;0.05921760166358592
535;0.1587449263458905
536;0.10199059850212025
537;0.13695893877701287
538;0.12225468669927758
539;0.07939907501403559
540;0.1882097997093104
541;0.07183953307551405
542;0.17696499828260984
543;0.04617500264109689
544;0.008180474817632311
545;0.00012981207062103816
546;0.11662047517832219
547;0.03928423682479798
548;0.17905148999001824
549;0.18865995126268495
550;0.047877441914206356
551;0.0916624689693639
552;0.18030004277238776
553;0.10124498639845436
554;0.06000111836432061
555;0.057290071888845606
556;0.19383991628369174
557;0.13475846056698312
558;0.175942843587583
559;0.002252947824313667
560;0.08519019264052724
561;0.09397217370856954
562;0.1728783253539121
563;0.15197484723538296
564;0.13699099443025783
565;0.10737292321347619
566;0.05418933997183544
567;0.07899306689772566
568;0.11482066770580202
569;0.06481821468435582
570;0.06420328613950346
571;0.07469206964131479
572;0.04976159228040231
573;0.08864769569320835
574;0.05307127790738362
575;0.0578286332603517
576;0.0841199050856151
577;0.12196664348552136
578;0.12586549042115353
579;0.02683540982530679
580;0.16998621828421837
581;0.19736542167072657
582;0.17677279379711047
583;0.1461424815872
584;0.1488419172206424
585;0.09284283948438149
586;0.13141312235940295
587;0.17435868554725892
588;0.19821624024161705
589;0.05546280924656948
590;0.09553329522620219
591;0.14570733271094033
592;0.0397744317205518
593;0.1255352018713157
594;0.10538250437189473
595;0.08693090526495557
596;0.19939910455433793
597;0.019929268467522833
598;0.10457401521722609
599;0.030633382261260358
600;0.1780030126982672
601;0.05524810495366102
602;0.021330173227473683
603;0.16695316249827252
604;0.12381334901098176
605;0.17800256482454468
606;0.026860061597685794
607;0.038194899355042215
608;0.008506706881168391
609;0.13670493964103056
610;0.08526203107750936
611;0.15903519511121175
612;0.0821057024469088
613;0.06640091941801632
614;0.1417464395620586
615;0.14460299913444777
616;0.17740109073313032
617;0.027528863496168524
618;0.15299770460758733
619;0.08149502303192342
620;0.115458294420771
621;0.18187647722076017
622;0.15201565981083887
623;0.18871180004519356
624;0.05440650164229142
625;0.11825736411998891
626;0.1470712510719969
627;0.11507421175588617
628;0.11447749003117046
629;0.03777594465840633
630;0.11191645217872803
631;0.18715474294237905
632;0.11794327512641214
633;0.07232612989861696
634;0.025379033788178608
635;0.1521803285874149
636;0.09916422016801126
637;0.021393848208670366
638;0.05335914220460336
639;0.16811594772428162
640;0.16048172918616632
641;0.1710684933651263
642;0.16270742822035755
643;0.1954673653089846
644;0.08209020110957879
645;0.14342009190794255
646;0.11782822723301441
647;0.06956898014355876
648;0.14158223050527438
649;0.1446988194970341
650;0.04897053849638669
651;0.14861169872962737
652;0.05062358812737631
653;0.007686228408718088
654;0.18400615762091144
655;0.1864486530120757
656;0.006845454552046437
657;0.1542592143989606
658;0.07943379938657202
659;0.09666493316682795
660;0.009917970856293423
661;0.043426814481701895
662;0.06124532795111033
663;0.10907524575968158
664;0.18589692862299792
665;0.1437849644429458
666;0.16407140080039687
667;0.017876455481538912
668;0.15179593918700354
669;0.061277497702573784
670;0.038410176211496186
671;0.06421737542010957
672;0.027833679149747638
673;0.12097762580738261
674;0.018043446043862345
675;0.03258296513317671
676;0.0009037862686321675
677;0.11386199342249964
678;0.020208241595026724
679;0.19287630070136938
680;0.15897498233986462
681;0.01107808061001543
682;0.012526641992749266
683;0.12238870319653257
684;0.07632368351772634
685;0.13063539677844574
686;0.01177852549813141
687;0.11741966832507261
688;0.1713106657176856
689;0.05244286503801663
690;0.18474026027769122
691;0.11212353155467372
692;0.09664475951965326
693;0.10828234689102448
694;0.049688371806139456
695;0.016891171461826615
696;0.011971152277175313
697;0.16469292470545074
698;0.014579499866597234
699;0.007247523389399314
700;0.1724649635970279
701;0.056827425418699964
702;0.15517805994467332
703;0.06988332779194902
704;0.18091032493967119
705;0.15363469118153625
706;0.08018551032571203
707;0.06966512773510018
708;0.012502620274561638
709;0.00456516366930404
710;0.05574372746207339
711;0.18739003062170578
712;0.16907798854823175
713;0.03341590092236444
714;0.14243298517562558
715;0.022946408003059762
716;0.05640475338358058
717;0.1669515601218967
718;0.1541974013441152
719;0.12125569289758616
720;0.1997386078289769
721;0.1285186774993868
722;0.08593215797829079
723;0.04884531730821267
724;0.04472098150962711
725;0.0271963578873492
726;0.006300423988014204
727;0.039622056689959245
728;0.19400226449378566
729;0.19030725983809182
730;0.12492330303043082
731;0.19429739361909165
732;0.10737339774605843
733;0.06590234676652378
734;0.195241755226934
735;0.05193510660240559
736;0.17852593710112186
737;0.15763589860049648
738;0.12538113750118968
739;0.1927633666952062
740;0.0396142693311907
741;0.13754798242854957
742;0.10414618486512653
743;0.09691365738328737
744;0.03677805766244187
745;0.16809736286430316
746;0.033484548214190335
747;0.13922908298075437
748;0.12789385968748165
749;0.008618196681456514
750;0.0626573255469848
751;0.0908693187321916
752;0.186341018267359
753;0.14407124144099104
754;0.08706244276032696
755;0.1607698416541253
756;0.1486356261437203
757;0.07446803493888897
758;0.13024728386795667
759;0.15161304622551802
760;0.0809422233391855
761;0.170105459294995
762;0.00417619220810479
763;0.09288057411690641
764;0.1333607540586272
765;0.13229378988923465
766;0.08503357766361377
767;0.0956083691048246
768;0.15134854227537287
769;0.16077411524497306
770;0.14607659520453573
771;0.005676682616222184
772;0.06470223940543766
773;0.14029245996805487
774;0.18503731992348982
775;0.08427572245370143
776;0.1704102818845445
777;0.1981564481255519
778;0.03213420738594077
779;0.10079217180525957
780;0.17597258324775555
781;0.16359009344894623
782;0.01803956884920832
783;0.13927093993380585
784;0.03149407153749917
785;0.18107023189627214
786;0.050460318180679156
787;0.13268625399674142
788;0.1423117643225231
789;0.06611190030880727
790;0.13218205652202902
791;0.04423724755494392
792;0.10153021794020123
793;0.10060693868571476
794;0.14521524621340592
795;0.17283278855881015
796;0.06855050642120362
797;0.055348261018991776
798;0.025449324990157375
799;0.11313992991029159
800;0.06361777793782851
801;0.0024203515191826733
802;0.08211549359506665
803;0.08429203687286145
804;0.07200668352388176
805;0.19494444743614872
806;0.11111760120356332
807;0.006873661738026904
808;0.1747020558714663
809;0.03348610006129484
810;0.12199478695630335
811;0.046625797545873704
812;0.1865074636157853
813;0.07788417573056994
814;0.032034351304484975
815;0.13721437537225664
816;0.03204288006280156
817;0.013027969281113072
818;0.021858588715052044
819;0.001698768885828339
820;0.03690792741323314
821;0.07316873891355904
822;0.19557689958792926
823;0.12765276001802597
824;0.1676621800546827
825;0.09247448251695367
826;0.0067841294194352034
827;0.1884747194046097
828;0.1463752803660314
829;0.155702168664408
830;0.12945058632931217
831;0.007667751043467419
832;0.16725883884228657
833;0.009660850484981576
834;0.1380733158097884
835;0.05270450645820371
836;0.08099996791154816
837;0.08039915897225558
838;0.1215206107472146
839;0.004835884101386268
840;0.04295063094476997
841;0.024063300673490697
842;0.002527482618630628
843;0.08236490301837368
844;0.1230268104056041
845;0.15231118827298484
846;0.013000512358659067
847;0.18764217236883965
848;0.04764121217051312
849;0.15047577652244085
850;0.02537015777942562
851;0.09923542691904835
852;0.19755176143244915
853;0.15558487694909043
854;0.1641906533937688
855;0.0025144357498997575
856;0.12910180413965575
857;0.12845822245156258
858;0.12826929960552597
859;0.13072247920110677
860;0.04568089597262451
861;0.1201213822028021
862;0.09464494726898501
863;0.1979010295412538
864;0.1308257170845202
865;0.10654230394452642
866;0.0804555339832503
867;0.146406301974458
868;0.08868724786791203
869;0.019834951714302874
870;0.18574693808295006
871;0.19084250939194522
872;0.0765092426348158
873;0.04286358757882809
874;0.023299880518007555
875;0.19717268019876114
876;0.016739430708495307
877;0.13306186788074806
878;0.09267944732677065
879;0.13419688049463538
880;0.18081650193281912
881;0.14537821553325014
882;0.023967250782026772
883;0.1550434285981742
884;0.14185988966704763
885;0.13648683584069485
886;0.10126478483986921
887;0.16691952159859436
888;0.12345985321144948
889;0.1362036669911086
890;0.05344368719338606
891;0.07447935871324861
892;0.030161926767454262
893;0.0702290118933163
894;0.05900097866256877
895;0.1196147532254345
896;0.16591548570063003
897;0.11067261529235539
898;0.03686187009412272
899;0.18558639896997586
900;0.0482204379609692
901;0.07853690359511581
902;0.16098466391022018
903;0.06227167955156235
904;0.1301382012065603
905;0.1385372322169971
906;0.17898992191202
907;0.15277226767424434
908;0.019752367555247563
909;0.07185109448892882
910;0.17070605795470156
911;0.1561582467967073
912;0.15032151405980573
913;0.08938404117400621
914;0.16763573036882373
915;0.012647849933447853
916;0.18264705639931655
917;0.12829317875210539
918;0.19481974909623523
919;0.0810678539664131
920;0.17094648129245868
921;0.1580487739107876
922;0.08881894158179314
923;0.12111488178364267
924;0.08044288952341812
925;0.051864871740699627
926;0.034659307619930746
927;0.11444531178485118
928;0.1565519610445611
929;0.06982506376062618
930;0.011010651852326792
931;0.10817443571878094
932;0.04232069114743371
933;0.08702831910166674
934;0.07805285265041582
935;0.09578903662411326
936;0.11975628455804094
937;0.12413069895046352
938;0.152625189227157
939;0.19080556932479875
940;0.11793830000658562
941;0.15466740135412516
942;0.09257644657750488
943;0.10824552191548786
944;0.11588261184691413
945;0.08190886091790484
946;0.15535119452874535
947;0.06937922822847087
948;0.0612540988989384
949;0.12296074655270564
950;0.048804170956573904
951;0.11936086992082628
952;0.011898095566930068
953;0.14524127793634292
954;0.10308885327167704
955;0.07327590033817118
956;0.05406043226329818
957;0.04344124661209295
958;0.09681371735032335
959;0.1394130735198075
960;0.03614367789218671
961;0.037995323832910315
962;0.12826445106383735
963;0.03226276854149297
964;0.0674159261202135
965;0.07074892815799419
966;0.09558542967810862
967;0.0788678924962484
968;0.13411131572519375
969;0.19804418619709907
970;0.1915671002533084
971;0.05719734009582522
972;0.07714975571255407
973;0.10282169152116116
974;0.04149050083496404
975;0.11662148367371526
976;0.03442177721508664
977;0.036599730139268274
978;0.007025495998347942
979;0.13028002657026025
980;0.19256822877004623
981;0.07043859520830101
982;0.17555875677809885
983;0.10946316658997149
984;0.14061131110960295
985;0.1226689944997289
986;0.007359848373663148
987;0.005477589329589083
988;0.10188253049690099
989;0.19387552465443733
990;0.05850249542149773
991;0.10810910021703746
992;0.05295811701689808
993;0.1239898830312674
994;0.19113954551282955
995;0.04310076457605321
996;0.04449822387068528
997;0.13362571894746897
998;0.032566918077665145
999;0.18358457336293751
1000;0.12698100580651148
