1;0.02779324192176227
2;0.05691583370103801
3;0.05825304540858134
4;0.09916017768367352
5;0.0872325975532991
6;0.04326349696620681
7;0.02998143034372014
8;0.05536033673553368
9;0.08989857894130213
10;0.09791030605703875
11;0.02507022026392829
12;0.026418787918836274
13;0.041309579780440676
14;0.0457711176326214
15;0.02517970847978116
16;0.09497975145126042
17;0.09192238101458267
18;0.09184883642435986
19;0.0706996652752772
20;0.0870794014471031
21;0.027813934813619358
22;0.08610125940544684
23;0.06344818989768185
24;0.038068781177683364
25;0.0989701071248147
26;0.07646067423658201
27;0.015051907325506965
28;0.031066208081909907
29;0.0756369901511034
30;0.04476845474637445
31;0.007428696002410607
32;0.07473148309736632
33;0.09026772292614844
34;0.07857652869808672
35;0.043379078805205445
36;0.024134573800506667
37;0.0022710178727270215
38;0.04879952730823881
39;0.09144010049349638
40;0.023518210280948405
41;0.03782790962628274
42;0.0059684806837737026
43;0.0003124759698381441
44;0.031871880226586394
45;0.033593081007467517
46;0.009072991713089774
47;0.07461622783042414
48;0.019198328181408122
49;0.0028905800594987378
50;0.008214519407033372
51;0.0022951673127815987
52;0.09510431799974606
53;0.03515331796520813
54;0.03057941446449293
55;0.07683936944291841
56;0.024697505641441877
57;0.04435310029117415
58;0.0764320399113662
59;0.008687918530599548
60;0.06313264894141322
61;0.000483123266934693
62;0.06435299922442372
63;0.007696853207101295
64;0.024133257888477047
65;0.0918417185084302
66;0.04681452934979894
67;0.022714111549175145
68;0.029346384762122625
69;0.024793953608923648
70;0.03810156872281596
71;0.08654025740740799
72;0.0573401350210676
73;0.09902637824317487
74;0.0912881480356803
75;0.043060936338457624
76;0.016316131392442933
77;0.005523832065144874
78;0.029847983740156892
79;0.04745219132360944
80;0.010100182506516642
81;0.06451254658045164
82;0.03459125546698357
83;0.06269111103311202
84;0.07558880662107512
85;0.05690923418604135
86;0.04899348579436083
87;0.05713945872131333
88;0.06232678949956995
89;0.05853711392592445
90;0.06193587778853206
91;0.011157201670192707
92;0.0913709359919711
93;0.060088631413429044
94;0.05798640862316559
95;0.07612654205549495
96;0.08024653919027597
97;0.05785702378084495
98;0.043778452072973796
99;0.05553070500951595
100;0.0010138640291255552
101;0.04813710825453626
102;0.03379929347301867
103;0.09944397169339092
104;0.03643863067856954
105;0.07566228820965573
106;0.05352688512468995
107;0.07980532234827858
108;0.07050365938623923
109;0.04475772042761801
110;0.055690460125132984
111;0.06200004403040896
112;0.041400495670599814
113;0.09013268971645852
114;0.013456532147095935
115;0.01628205507455174
116;0.05572014557835282
117;0.08426017091281093
118;0.057708041075149145
119;0.0009850935297390673
120;0.006899117891957862
121;0.0458042875549085
122;0.042869933248110725
123;0.09654377383995506
124;0.03307709298220059
125;0.08500045638794358
126;0.05074197793788407
127;0.04858163554284048
128;0.01914917552950528
129;0.06800152148394996
130;0.06841238415379149
131;0.06933740266490082
132;0.09981921502490482
133;0.04299308719346028
134;0.011024663402507462
135;0.01893375250942895
136;0.08050534545501833
137;0.06749388399670006
138;0.01181922292626907
139;0.06026599364508731
140;0.064588564575524
141;0.08373055746575872
142;0.09220484199271385
143;0.07001041647826325
144;0.059619373748164534
145;0.08662886718403463
146;0.02216480903557082
147;0.039729162922067233
148;0.04140371746118583
149;0.0546657267896932
150;0.07479645862015388
151;0.07999180425599875
152;0.0033497523216166392
153;0.04482553495768125
154;0.022569410062096274
155;0.019348693619067815
156;0.09042414949966543
157;0.04294871999999267
158;0.09977466405790554
159;0.06903027105485475
160;0.05450559233384509
161;0.012849664833045083
162;0.02956687898174646
163;0.03585963896558634
164;0.015925363123718606
165;0.004142536773517425
166;0.008182562915326708
167;0.009689750885464522
168;0.04039121254926036
169;0.04908509461912522
170;0.022255407711216136
171;0.010602215651742897
172;0.031151900527531685
173;0.041394365824345115
174;0.093198922849956
175;0.06518248698626226
176;0.03186737273906409
177;0.08931750475967787
178;0.054293073371493396
179;0.038360270007634846
180;0.07662014706222255
181;0.08572218786655664
182;0.05589109733252256
183;0.012510824153283985
184;0.06838238538516841
185;0.004082964822606549
186;0.09196132537588757
187;0.06389034035824066
188;0.09310348404029795
189;0.07045012622389774
190;0.0014544667486560581
191;0.0772699457844229
192;0.0812458474431628
193;0.06724151422944562
194;0.00994566501582389
195;0.044998502323489675
196;0.02282170370068324
197;0.09356561310135773
198;0.07615525176675823
199;0.06631748004574445
200;0.09890876019928668
201;0.07948060006481289
202;0.037576459298120736
203;0.0246348715167664
204;0.02423403203510597
205;0.033666432064690444
206;0.0039174655506482026
207;0.06200902273509543
208;0.013971849144585892
209;0.02327698200698841
210;0.05131283428788193
211;0.06817244399462237
212;0.09527274246036328
213;0.05685015063333925
214;0.09148421888309163
215;0.06391406257309903
216;0.005504691259464689
217;0.041981091990001246
218;0.09997001076787453
219;0.09361298716653373
220;0.046507305533267776
221;0.07749379486268743
222;0.05368275961010799
223;0.09392631591217085
224;0.0403446383155769
225;0.09732523356355947
226;0.016228265033670152
227;0.033199361768404614
228;0.09278777465440449
229;0.02355918615413387
230;0.07277462431459639
231;0.08220567684853476
232;0.013287935733854284
233;0.09558367069422465
234;0.036506543611563934
235;0.019609592154865664
236;0.06345422838077557
237;0.09829529014444738
238;0.00021780710608116928
239;0.06550568350017269
240;0.05655992522710407
241;0.01479998084595009
242;0.06493916443790551
243;0.07628750666933003
244;0.013625657469881492
245;0.0051846797363644176
246;0.009542580883887097
247;0.04524739746785699
248;0.018051366536390247
249;0.0010093808730343267
250;0.02374890025491221
251;0.02773921930558514
252;0.048754793793751486
253;0.09287257212847018
254;0.07148828979672009
255;0.062137431215408656
256;0.02806161786691761
257;0.02165993082119272
258;0.0916710194850424
259;0.006496035697154779
260;0.0006658499245370653
261;0.053954696346512544
262;0.024014606957682694
263;0.010335876860784122
264;0.027334170440423522
265;0.029421046833424815
266;0.024779773299333042
267;0.05984802082743086
268;0.04134987350568278
269;0.08702789106138373
270;0.04742119464901471
271;0.09873514460256559
272;0.00354282599306347
273;0.038775386888551214
274;0.06194895129433812
275;0.06687880499023209
276;0.05815459671721338
277;0.09499810600308972
278;0.07634371337000218
279;0.013161354259004776
280;0.006171489274895848
281;0.033927590605209494
282;0.09818792359985831
283;0.017410129125264674
284;0.015669974492827556
285;0.05464178526347128
286;0.0740898811372426
287;0.0835002493995291
288;0.03567119381035876
289;0.06559161285055143
290;0.015402255918625651
291;0.0040162745336302375
292;0.02825214185827405
293;0.050843728736202166
294;0.017944496012017776
295;0.029077906236037877
296;0.08205174750155116
297;0.031468456518048214
298;0.098891990211414
299;0.05430062988317035
300;0.05055781869363821
301;0.0649249606500185
302;0.028657065632017222
303;0.08060887700677233
304;0.03104421475629983
305;0.0879713086038319
306;0.02499812248793906
307;0.07093162165802219
308;0.03168905455048895
309;0.007867633268080099
310;0.07925570733349264
311;0.04467722643864428
312;0.02136501189412673
313;0.033261960121012304
314;0.025811117331034385
315;0.05712661554325729
316;0.009980733652573393
317;0.06966261720764459
318;0.027843534841486897
319;0.0445979888591619
320;0.03024510561697881
321;0.06420166319384028
322;0.04038074279308547
323;0.005023717100530212
324;0.09828930803793971
325;0.018175745785521415
326;0.015974767473727836
327;0.03371855049480489
328;0.04342994917756931
329;0.04300756258689782
330;0.016814091827310498
331;0.05860971586059005
332;0.07125662268804396
333;0.06919880863421345
334;0.04024687502246249
335;0.013871343447006213
336;0.02550665034909232
337;0.017761798973912158
338;0.0491337315022279
339;0.03715183281163699
340;0.014252116129392957
341;0.06131068500013977
342;0.06276733559835083
343;0.015874651292006058
344;0.0035242005099232034
345;0.004244807632699754
346;0.03684021805470583
347;0.005225681051529163
348;0.08717616970885343
349;0.06420039983812997
350;0.02719571796117678
351;0.03196932450828477
352;0.0014922724051938175
353;0.05922082540081927
354;0.01489436533186176
355;0.08545456862127299
356;0.029623245310198734
357;0.0072135299345123085
358;0.06166749302891379
359;0.05538318438263032
360;2.2641500924114324e-05
361;0.017175392505388853
362;0.08203377487992286
363;0.04387304475857288
364;0.05298316662207408
365;0.08588386863620862
366;0.09763724013067951
367;0.018896565226835794
368;0.08628748696677008
369;0.021903490072896416
370;0.0438487796964835
371;0.014636233332977911
372;0.0007927225601032873
373;0.09227451956484763
374;0.020877524538890826
375;0.07545855465235096
376;0.03774881720548007
377;0.05931672132168336
378;0.05721777355714627
379;0.0029621944377889453
380;0.09620875710129946
381;0.08853294209503604
382;0.0983003419515272
383;0.06664551948838555
384;0.07067079166582767
385;0.07382256574568545
386;0.015984425465075447
387;0.00037918470665783134
388;0.05750295612194457
389;0.01643095435278933
390;0.0916869492705702
391;0.08698347875344227
392;0.0652547617240429
393;0.06551717679271576
394;0.06583321898714255
395;0.0886369904973683
396;0.04558365809671681
397;0.0039402152333178125
398;0.03987410917058848
399;0.009723597684253737
400;0.08590135653008016
401;0.029438063885985324
402;0.0652826972855566
403;0.09767890646675328
404;0.054975323894356144
405;0.04678240473398824
406;0.07394076248073027
407;0.031505744382151944
408;0.0978495218625184
409;0.09891474325189023
410;0.05148457333857287
411;6.119158457382757e-05
412;0.009762716510284609
413;0.09001662946648703
414;0.022779835463256373
415;0.018848100859789788
416;0.029844360321892128
417;0.01590960550726378
418;0.038890441416170235
419;0.025218739599456433
420;0.02393603895593335
421;0.09545487192698948
422;0.0028172259076996277
423;0.0699606306906948
424;0.008119333781947525
425;0.08439333502980073
426;0.07399750948737252
427;0.04970464014208098
428;0.09017010414639219
429;0.0702258135546454
430;0.022359053084274817
431;0.041058486956644186
432;0.009756337427142481
433;0.07763673734589097
434;0.003922180367494432
435;0.03479234007351441
436;0.0638815391792004
437;0.0893898309169981
438;0.07934136614090075
439;0.09067002267441886
440;0.017346724025696682
441;0.06770853077527149
442;0.0074980751373397775
443;0.005291760196594675
444;0.09659420573821517
445;0.06229286746530689
446;0.09989118443112452
447;0.047759369629520945
448;0.06364852112644061
449;0.09515329195661915
450;0.004444340590670837
451;0.002539061622512362
452;0.07434642378121202
453;0.054199059963255136
454;0.015062277050975749
455;0.08760204133276873
456;0.007356568757703564
457;0.06773010581468036
458;0.04640329025316419
459;0.012531818648573102
460;0.020708133195399728
461;0.001941341867647062
462;0.027475611568023472
463;0.07672686236933492
464;0.09181473564483647
465;0.0409531636675674
466;0.0881406251923951
467;0.048118449933411384
468;0.057664211803726384
469;0.09515333670999943
470;0.06475292629236187
471;0.04969323930996758
472;0.002584774964345038
473;0.04751822463878296
474;0.0668315962357469
475;0.001326857568879203
476;0.010019449696332628
477;0.002604106409558571
478;0.08109896992167241
479;0.05908911501729358
480;0.05358870939205071
481;0.09248757680032138
482;0.09544724511832026
483;0.004724937991529111
484;0.07282943633270232
485;0.02942329481513233
486;0.030489291345842152
487;0.08312063528186875
488;0.08356310869669056
489;0.047989318945555776
490;0.034420587332275
491;0.07278842442027801
492;0.06398953598185206
493;0.002628020704431977
494;0.09087679232638901
495;0.05690615310071501
496;0.0838980976610681
497;0.054903996482640396
498;0.07783559801414379
499;0.07415246518877626
500;0.09774313388691942
501;0.07618194326002883
502;0.028814245009255626
503;0.08901510169203403
504;0.053927809550698674
505;0.03417290978214654
506;0.0329122962675897
507;0.07404980638743144
508;0.002859002942008571
509;0.07512813323241566
510;0.027042878068909662
511;0.011797131669234451
512;0.00452349196965317
513;0.003931257582917603
514;0.04838724421836998
515;0.07451079764520706
516;0.004864939437873673
517;0.002090566058116539
518;0.04289950319149166
519;0.09312468781538447
520;0.045774440118331976
521;0.09813010694557261
522;0.08010459191590401
523;0.0285163535561915
524;0.08125874266656014
525;0.05788097052444435
526;0.04956652271569167
527;0.021384126275871575
528;0.06740085580360251
529;0.07037789070849769
530;0.06832981926947353
531;0.03263572716664066
532;0.016566005951114484
533;0.06167600080503377
534;0.012454943219036597
535;0.035897562889699454
536;0.018923186419785656
537;0.09267125091821497
538;0.003872791911870466
539;0.09773574947738906
540;0.0709863611920415
541;0.01539715998401654
542;0.06007008608615638
543;0.013196353363170056
544;0.023834562605255207
545;0.005442573040235344
546;0.09461083492747126
547;0.013709478718962798
548;0.0565731693244017
549;0.018381243999708575
550;0.07806643253824264
551;0.06341314705814942
552;0.050980513566382224
553;0.07575113289426454
554;0.08543039756866527
555;0.0599430924657181
556;0.013731306023359147
557;0.020115084506184624
558;0.035182370095681814
559;0.0047980143119363055
560;0.0967123686096728
561;0.03229257407459968
562;0.025192236302978944
563;0.0663600379607456
564;0.014896555523591115
565;0.01669793151136977
566;0.022391217233359295
567;0.05098788064656509
568;0.0717581525548295
569;0.05528860864423259
570;0.021934040144063673
571;0.06689188166950137
572;0.06869416947280636
573;0.009942383011186717
574;0.0723919613570808
575;0.051246866429276165
576;0.08899524239543448
577;0.020887314478555852
578;0.0353687274904297
579;0.04124968200033157
580;0.03764867806681487
581;0.08596755742641009
582;0.04624574651165497
583;0.07806542985292698
584;0.03127516109316129
585;0.08803186339450204
586;0.07747913674106895
587;0.04660162135547174
588;0.046218793021964924
589;0.08951920534374797
590;0.09695279438181115
591;0.015291928972021874
592;0.07489933767493588
593;0.05725024784537475
594;0.08351472943396598
595;0.02070237652453091
596;0.03110254984656694
597;0.02053388147048211
598;0.025666187867518342
599;0.049847965377906346
600;0.08657193653168943
601;0.05494313231121226
602;0.08335109624698345
603;0.028166804563368487
604;0.03165280705542033
605;0.0981368557094514
606;0.0043308225313588135
607;0.048676601340813086
608;0.05739462455563276
609;0.012429465932686512
610;0.009670151949429495
611;0.07729706252870779
612;0.09726138208291552
613;0.023512603312869463
614;0.06007215916951525
615;0.0532794683500198
616;0.06055203376702555
617;0.04510855150481026
618;0.04587617333409573
619;0.043544847598080465
620;0.011659927379204417
621;0.09956902391732615
622;0.04926766375948673
623;0.08791876752192865
624;0.046588735102594495
625;0.09383410673610028
626;0.01991279568319572
627;0.03164647055154096
628;0.06659447351215803
629;0.0649607395897225
630;0.037628227465562485
631;0.06755489725871382
632;0.04308034626570494
633;0.051468745449664635
634;0.04382257135579792
635;0.09626046534751086
636;0.014589026082252399
637;0.006763800614654137
638;0.018496550654792176
639;0.0764474201266544
640;0.05181673905223362
641;0.031519945619521164
642;0.08914655246756525
643;0.020542715194996952
644;0.05231355711633238
645;0.09498375986615298
646;0.019274281683908125
647;0.028099542965819693
648;0.021948493973002983
649;0.08398429839535587
650;0.06485654802502533
651;0.033764096866869854
652;0.09220086060593104
653;0.012248852624856976
654;0.07816325805758412
655;0.08932683841593814
656;0.007744168812537012
657;0.09856864555926546
658;0.05263639466805501
659;0.07857842274599426
660;0.06810494970365746
661;0.015447426168806233
662;0.026213534309738874
663;0.07228787573407093
664;0.09468954911683514
665;0.01480126870700459
666;0.030260234080857595
667;0.0753193395837697
668;0.049691007396616305
669;0.013964746396090567
670;0.07598974922412914
671;0.04732281219847278
672;0.010135228167891242
673;0.01726462377548733
674;0.03864953340864146
675;0.07535568828850762
676;0.049973362438585425
677;0.022559447684869872
678;0.036337624979758114
679;0.07757393310018196
680;0.04289132361447771
681;0.022838389390133697
682;0.08898308010678307
683;0.056950220254762686
684;0.0034310960136826555
685;0.0642915800632378
686;0.013665100423286815
687;0.06826674909666984
688;0.011793157685375767
689;0.01823835356418282
690;0.055528435932487435
691;0.08188382480997183
692;0.03062806466078929
693;0.02138312356327442
694;0.0579388073839611
695;0.022190329571319313
696;0.01987491613664412
697;0.02722503719113715
698;0.01192008395726224
699;0.005154860789225913
700;0.017253188547633948
701;0.08408474808072096
702;0.03703162068589472
703;0.06899243015595578
704;0.010567146628766667
705;0.02473810973748765
706;0.08825820017838698
707;0.046481517990483334
708;0.07924988084277401
709;0.011960210661567206
710;0.08882417573200603
711;0.0046219393638061825
712;0.030757747140323668
713;0.04742261017112157
714;0.07710613823063968
715;0.09292874975853942
716;0.039016161552786956
717;0.0402385789954817
718;0.014797115372473925
719;0.03644338323606257
720;0.0662294706589071
721;0.06635196099548864
722;0.05182592615841234
723;0.07978505605848693
724;0.08109695559820163
725;0.06863670254488728
726;0.06202885680466833
727;0.09526706079320632
728;0.011175749804323488
729;0.04791061780387373
730;0.05945153829590129
731;0.04629446380426319
732;0.010534799460212008
733;0.029627934446412443
734;0.03981006941542118
735;0.005791077386971622
736;0.0341001357841802
737;0.05559858224876794
738;0.07842611965661951
739;0.07444208438337213
740;0.06732661684438464
741;0.015090764036868399
742;0.009909814797925765
743;0.01199623056522482
744;0.06043045574741684
745;0.01232164536436452
746;0.017999534609207446
747;0.03345133730156923
748;0.06889989737224052
749;0.0732777141518988
750;0.03336637309844039
751;0.06453285258806017
752;0.0978715839229907
753;0.017566064379734538
754;0.0276968447447819
755;0.037348939621650916
756;0.020203547047046133
757;0.01508030519347191
758;0.07256281832861257
759;0.08116260665855562
760;0.05255334728101511
761;0.055667350488450895
762;0.020738807569367024
763;0.0731886376567877
764;0.013042098113314561
765;0.051721029080725824
766;0.04413329226150086
767;0.0801335577862108
768;0.06359492057214898
769;0.0663951680980768
770;0.048115865287840315
771;0.09223421279499266
772;0.02581708285816944
773;0.09444089187865101
774;0.05227523996960293
775;0.0040667252815559055
776;0.02554843355182175
777;0.07260632275391359
778;0.09794532985584635
779;0.08532571444784026
780;0.009484514029243385
781;0.013947700374024109
782;0.029396598431426526
783;0.05021878815629858
784;0.0724956108929886
785;0.08248080582849263
786;0.031734557186416136
787;0.03476404892728007
788;0.08789185571912374
789;0.011769190803228602
790;0.041120932751669725
791;0.09258542505059074
792;0.029564630004939352
793;0.08067501469748631
794;0.024790350895774617
795;0.06006699087004075
796;0.016386146918614477
797;0.031321051928516766
798;0.06562382111068997
799;0.07551050742975562
800;0.007517742319671539
801;0.011512483745967162
802;0.06687745105968487
803;0.01857066918694379
804;0.05267163580648643
805;0.03205812180694193
806;0.03609421551198662
807;0.049855375428483006
808;0.03088904671749162
809;0.061576479245348315
810;0.059105115738597114
811;0.030514011860778213
812;0.054624661317751226
813;0.07856706466691415
814;0.04706380868764355
815;0.05342182194621571
816;0.06444296924969735
817;0.02235140332887783
818;0.0554425147827251
819;0.05954563886794842
820;0.09378678571485649
821;0.0030507089055253457
822;0.011893032690966266
823;0.07813306655045282
824;0.04755903057310432
825;0.06156075201198366
826;0.02238152965242909
827;0.09515611768733492
828;0.05642728249356124
829;0.009692498581677679
830;0.04760088421555223
831;0.0803453617269213
832;0.07218222602049382
833;0.022252094341181496
834;0.061885246002449414
835;0.005288171543922571
836;0.09019355033600064
837;0.03449892188224261
838;0.08448191951350172
839;0.07846119707502058
840;0.07935215571245717
841;0.0558565562392532
842;0.09428774190467348
843;0.09179570475353399
844;0.06507360083755512
845;0.09712972495199836
846;0.07688375062792141
847;0.08687491904693295
848;0.09099632381824653
849;0.054423434005807875
850;0.036578265638791706
851;0.02253147610886959
852;0.03146332273336793
853;0.05845266080238113
854;0.06260333464648417
855;0.005232093000311345
856;0.00017644747988614375
857;0.04933533477820373
858;0.0343062752988486
859;0.057101952257414025
860;0.06074734352231072
861;0.07977876108578014
862;0.07729448699949032
863;0.09340878365920101
864;0.05290163113540121
865;0.058292351266621
866;0.03707245225114373
867;0.007985380635554517
868;0.09079001998817177
869;0.04161546020852452
870;0.06121780102522648
871;0.05947300731596727
872;0.0846160842076884
873;0.020181723742062275
874;0.014028194476020696
875;0.058525408989979044
876;0.09363914637476214
877;0.045389077680380335
878;0.06284767137456693
879;0.05062231641301249
880;0.017013424356473118
881;0.057511049977328026
882;0.00890556586689616
883;0.04573131050325973
884;0.047308681505158184
885;0.04223276409168756
886;0.02256157417856667
887;0.05507795462754143
888;0.08957367867216812
889;0.03365390596008379
890;0.044333700570339744
891;0.08116793409743617
892;0.02178652793703134
893;0.06808104842276201
894;0.00890873579039284
895;0.07115170756009202
896;0.08170002151380967
897;0.06799751537906294
898;0.0069084566311141795
899;0.04154956694657124
900;0.010666932223819836
901;0.061438829433039945
902;0.08014311621452799
903;0.016072074162411742
904;0.0804769303391431
905;0.025684245817637143
906;0.032235526909338445
907;0.09536420402575768
908;0.059187190360364156
909;0.044571183601930325
910;0.04257121783737144
911;0.017490063345743045
912;0.07545878929624063
913;0.0007837269556877247
914;0.03899526869939757
915;0.029337721639472094
916;0.021743572566061686
917;0.009852840572107835
918;0.07925019811091999
919;0.0019422595058658399
920;0.07482845186249723
921;0.04054147264304397
922;0.07069933448313338
923;0.004669956498201511
924;0.00046339260232569623
925;0.043323557230757904
926;0.045036669405275245
927;0.08958765487050764
928;0.06396236627344823
929;0.007140640037351476
930;0.08945735469702404
931;0.003433826944220486
932;0.03405737134541235
933;0.045193989976311
934;0.08099320654126657
935;0.08853953983792044
936;0.07352165848198142
937;0.026775006912570135
938;0.02595192230298482
939;0.0780852216432602
940;0.020611824813464477
941;0.046554203457017176
942;0.03975945747039873
943;0.075298022878993
944;0.06627611806956765
945;0.07513462056362843
946;0.07812519466739604
947;0.09779481942987144
948;0.039679709648879104
949;0.07763046115533483
950;0.08747575297510876
951;0.09127568661176438
952;0.07868607626777853
953;0.08356128960018266
954;0.05128509092433377
955;0.02146150821438253
956;0.0812446960612501
957;0.04633077912643577
958;0.07247735856639712
959;0.037193846568147504
960;0.07078143701681361
961;0.08024676907902564
962;0.035095726067052316
963;0.023001099093908663
964;0.0413510796081701
965;0.0022574966246613594
966;0.04041023378111626
967;0.004769424301601189
968;0.0708570958955047
969;0.07196231215285258
970;0.04645267662051142
971;0.014513252064092564
972;0.09406735576978847
973;0.09257086413898964
974;0.005314153664951538
975;0.041446621718791925
976;0.02380388218409839
977;0.06390818985135752
978;0.04383176692723302
979;0.09687406516939712
980;0.03784600902326893
981;0.09900559807844461
982;0.08957219109378851
983;0.07965290032738187
984;0.044644242872160934
985;0.015695760731385667
986;0.04039941663929919
987;0.018645838970902783
988;0.061816795372725136
989;0.03423783510531551
990;0.027568447809583743
991;0.014716059691536776
992;0.038276565980426995
993;0.06900926756817041
994;0.06465508490567157
995;0.07173379905441471
996;0.05617549505780428
997;0.04857100898874781
998;0.06295047177983457
999;0.06137175811933864
1000;0.06486777429385816
