1;0.0672445011552997
2;0.05364555003936185
3;0.011379535436589316
4;0.009921748633538341
5;0.06696792278686446
6;0.025496121542142182
7;0.06806455622603506
8;0.06297721508580884
9;0.046254911442934456
10;0.02534449499185273
11;0.006227916595514771
12;0.0021789976942852454
13;0.001420642079945045
14;0.0780476732337182
15;0.08534993383954537
16;0.08980895315532414
17;0.0712648701679622
18;0.05874807100026306
19;0.010191888506309789
20;0.0669271549267933
21;0.08471242206705953
22;0.06233530995849928
23;0.060067765732889036
24;0.04149390648385274
25;0.0967403512218139
26;0.05429930168638252
27;0.09192097571489877
28;0.007868469927939525
29;0.05008904003918242
30;0.09189505173290202
31;0.0594191330010809
32;0.07205576972782247
33;0.004015167779859508
34;0.046276703741371106
35;0.016567508293264123
36;0.09269582843717189
37;0.061723403340471966
38;0.06062160548036555
39;0.09379274966739345
40;0.0024491311337738186
41;0.03281197955849172
42;0.04242613155378819
43;0.016483039106283504
44;0.026555368852320762
45;0.008927849330197758
46;0.03711953762836162
47;0.07841103620039075
48;0.05985372107727859
49;0.024925070597521904
50;0.05848564180646837
51;0.06632831404526761
52;0.07023435687140997
53;0.05127469892724417
54;0.08232441353549634
55;0.03389729443007896
56;0.045087985625056226
57;0.0504656017271119
58;0.09638447889914253
59;0.05892694114699082
60;0.07856228355428231
61;0.004451168232272463
62;0.014678357614755434
63;0.08474663954210315
64;0.09933613125725582
65;0.055636159904465854
66;0.09288352375017397
67;0.024879945805481796
68;0.017257009652292776
69;0.054081791703634585
70;0.00782867923359074
71;0.08315773957301574
72;0.0246489854498972
73;0.019941190265826383
74;0.0487920161340233
75;0.08657026283610479
76;0.07674313215124375
77;0.006138225571146905
78;0.03231915374325039
79;0.09566702436942215
80;0.051030569056288735
81;0.04813291198007694
82;0.03764611596464906
83;0.08197212798262304
84;0.07765734995773205
85;0.07948792754365458
86;0.08960474281749342
87;0.015392338394269367
88;0.08547584113029422
89;0.006847174080053498
90;0.09405286620309744
91;0.02332141673473881
92;0.05995668711607987
93;0.077317200988479
94;0.046561831577090124
95;0.008138083582471445
96;0.027750765813000525
97;0.01686645724013296
98;0.08037866994566747
99;0.05842680246241877
100;0.017336103178904615
101;0.06564602450733131
102;0.027489433598554814
103;0.017104809202757098
104;0.0939920400500509
105;0.04658044606901125
106;0.05254345656436528
107;0.0971513194572879
108;0.09390325994925686
109;0.01717778942075845
110;0.030228771340597805
111;0.004486921182394255
112;0.04083158845708371
113;0.014339816823681706
114;0.0826115088100574
115;0.0985480617864673
116;0.02972676569915993
117;0.0578068519020029
118;0.01626034806277199
119;0.014940812754596756
120;0.0008280831625402607
121;0.03357067793245693
122;0.0525272589225247
123;0.04027388982759744
124;0.07887587099537763
125;0.0003054839687816835
126;0.0579681550327026
127;0.04399442889643042
128;0.03087079659285298
129;0.033979242828963606
130;0.029860700467320214
131;0.07249101895156063
132;0.05933615598986994
133;0.047414628171541955
134;0.04281130340872378
135;0.04636903433448001
136;0.05693510364487593
137;0.05078336378012214
138;0.06278570135824421
139;0.004307678737870447
140;0.05665188039804528
141;0.01584263026419308
142;0.05629346649004944
143;0.03158045620919218
144;0.02340858602037145
145;0.058195271130655195
146;0.09800488923160317
147;0.03354102096450654
148;0.02377238011085836
149;0.02517267412463562
150;0.006612677488071428
151;0.0015028399518861703
152;0.031004607099990724
153;0.07363030769675263
154;0.054825310932118454
155;0.008208721960181176
156;0.07881210815900988
157;0.049103041842870204
158;0.07687278130461649
159;0.004650369531224808
160;0.0008280855304747759
161;0.09873319868170302
162;0.09032709760598087
163;0.02675636375031092
164;0.02752970832728311
165;0.08906994427322662
166;0.08161733106019325
167;0.08051622795730896
168;0.07994614523321951
169;0.06005777715142449
170;0.0790442391158061
171;0.03513897824335906
172;0.07516629815230827
173;0.08574232367346912
174;0.08383867413395783
175;0.052058559294015753
176;0.007079055849511063
177;0.07266226138919943
178;0.011954058133231705
179;0.0707624650524614
180;0.03072578004090575
181;0.09186272057417222
182;0.012742190007311017
183;0.005162197218010756
184;0.04131541523345292
185;0.08235548167563946
186;0.0063357697393016665
187;0.03312863172688598
188;0.09459822870287336
189;0.0487519975438766
190;0.03376085601578005
191;0.0016113722911104357
192;0.039467421460330145
193;0.014940521208670754
194;0.03304436196735607
195;0.06060317713815652
196;0.056203341028389676
197;0.04632647916272229
198;0.02286324535917399
199;0.054789757626721475
200;0.09671413133757706
201;0.0010986951404264756
202;0.021095506584387635
203;0.023619036921504778
204;0.07024005199611329
205;0.055061701827841036
206;0.08895841511734352
207;0.023830325926762444
208;0.028145627184994606
209;0.040622014532159606
210;0.006674645509414401
211;0.036772659754385296
212;0.038472867193786967
213;0.07829220193077069
214;0.002491860726483497
215;0.04012215198038767
216;0.05242564830806945
217;0.0456689518697736
218;0.07064555257807663
219;0.04085748246860859
220;0.04551797522164948
221;0.07017805506424478
222;0.050558699346476235
223;0.09800886331991096
224;0.02021886350561679
225;0.035624860718800166
226;0.05243004286023505
227;0.04648793415884522
228;0.009693091380311082
229;0.011175417532437427
230;0.010198730483177577
231;0.00753044812635858
232;0.008976094321647555
233;0.06773621975933598
234;0.08738344307197944
235;0.06106814983382054
236;0.09850912726326519
237;0.01810052168040497
238;0.03278060117232955
239;0.0871014637101194
240;0.04256482831164077
241;0.08241701137534424
242;0.04102983198511785
243;0.08229425522182275
244;0.033738243817487905
245;0.0030111071851617547
246;0.07854748371393944
247;0.09694054065636365
248;0.04109057736238787
249;0.09350210779439888
250;0.03877173011683615
251;0.07581997883892017
252;0.08355481282366693
253;0.051886732316465733
254;0.025464760157524892
255;0.05914842202787532
256;0.08928446345720063
257;0.03514023908050369
258;0.09533320811757097
259;0.05266660547782501
260;0.05913073356687838
261;0.060098110732180014
262;0.006217126019650011
263;0.0994220237804402
264;0.05178958300573647
265;0.02313157625315442
266;0.03485581037843016
267;0.09317392949328034
268;0.09519571675636032
269;0.022292138652950745
270;0.0003596403040480034
271;0.049982525992038424
272;0.05039373969256949
273;0.07920596231135689
274;0.05131863629288905
275;0.06882722992934308
276;0.0349399368294318
277;0.012128810417194281
278;0.06300943452648146
279;0.04416835857938213
280;0.0676803694140996
281;0.03807016290138002
282;0.025422904760851985
283;0.060499659886214176
284;0.010493324604732436
285;0.03364304759928323
286;0.08004417762340764
287;0.010637898809903214
288;0.08851182697992141
289;0.07877398953832354
290;0.017534010745821383
291;0.023171839847058354
292;0.047156027701181685
293;0.06877808621652813
294;0.04230103436074182
295;0.08063227205066746
296;0.023412610665383617
297;0.0872728692427898
298;0.015968562261958055
299;0.01668377779422805
300;0.022699027562341878
301;0.036251218685654486
302;0.028651844976774754
303;0.07520438605971483
304;0.01829703650611333
305;0.06907638196056912
306;0.09740504167931928
307;0.09113690984719819
308;0.09325167092127877
309;0.021931589185981582
310;0.016042608415429316
311;0.05455052795138981
312;0.09218115302367591
313;0.0432397084892769
314;0.0013359586021789993
315;0.037942454713511924
316;0.09530720956894964
317;0.05107298877600604
318;0.07302067967995711
319;0.05489209028179515
320;0.09024599275110423
321;0.04589169956293812
322;0.04620631828035169
323;0.04563224101390633
324;0.02835630607525873
325;0.06276564512620035
326;0.0304968968510725
327;0.02746486306160936
328;0.020488218400412664
329;0.037879258540061383
330;0.03325272287924832
331;0.09744266408174235
332;0.0951146368487429
333;0.006702134369114244
334;0.08583220228390717
335;0.09459189627044044
336;0.01040642341503012
337;0.00615149756565897
338;0.08359881851072698
339;0.005399488751818471
340;0.07654240903887838
341;0.04226034334721867
342;0.06653671901725171
343;0.0061306511958155955
344;0.017316951126144953
345;0.02963651510647002
346;0.007274847777970739
347;0.08987970092523427
348;0.03316360881510296
349;0.0887310614353512
350;0.04407864147231525
351;0.03167416829744607
352;0.014678207525662446
353;0.05579642611066499
354;0.07683221985513952
355;0.04631637695992246
356;0.07564385146801819
357;0.011895505470724578
358;0.00792412465259642
359;0.07082758338135407
360;0.09190550592317331
361;0.09565094166944282
362;0.0721468317343347
363;0.06443673459654692
364;0.02748669328792788
365;0.029218221573994688
366;0.062474205256554685
367;0.0101529231001102
368;0.09927871227396867
369;0.006616564007884207
370;0.02551273300379362
371;0.07780427639790934
372;0.09134086169372303
373;0.08017806461018413
374;0.09976070191448588
375;0.09045969093713287
376;0.01807661221041963
377;0.014292294644053061
378;0.0578534823304887
379;0.035995770302189034
380;0.08190900495936222
381;0.05625519560939635
382;0.08658259804378429
383;0.04854995928554237
384;0.029440190718289107
385;0.016751699068892678
386;0.053951378397594264
387;0.09821190863393792
388;0.011782883912988085
389;0.07299503565940633
390;0.014297688849576586
391;0.05472451207260248
392;0.029112329250392022
393;0.08509426219342055
394;0.07789178578958436
395;0.0482004580091937
396;0.06700145945182966
397;0.04566300145065272
398;0.07363394690689506
399;0.09690830314322409
400;0.010954301552491642
401;0.0362671020959937
402;0.09020166165758323
403;0.038233969255616986
404;0.06680188900466427
405;0.027992456930606868
406;0.09106599677989173
407;0.027743841522729018
408;0.07900999875443619
409;0.00955989740074159
410;0.0361490578743773
411;0.04461148994614083
412;0.026065828607848174
413;0.03792000461956357
414;0.05767714210526941
415;0.021137166740124114
416;0.0310621106098011
417;0.08542237008674272
418;0.09452093640566574
419;0.0823894631934586
420;0.007773929932881996
421;0.02629552088518977
422;0.08078116030696547
423;0.027972901240567484
424;0.03227515440550749
425;0.0814024329023203
426;0.03391202569770611
427;0.09915298001937463
428;0.0016315358063163756
429;0.052904616873351545
430;0.0890013239649502
431;0.07296994454708478
432;0.055539879466421374
433;0.07749185567001049
434;0.03668241598626635
435;0.09735440900812486
436;0.017109835061388978
437;0.013891275653703995
438;0.08301743128872759
439;0.0064198203121280445
440;0.020109405466924003
441;0.08536004360429994
442;0.0419086744416674
443;0.07790363235204481
444;0.02860803476014431
445;0.004713225625113305
446;0.00860540412626567
447;0.06874538832020165
448;0.07775157326534378
449;0.07982726328003173
450;0.09620136713767802
451;0.06682466121889957
452;0.011885625792333899
453;0.010138401635775784
454;0.041996542348256866
455;0.046795930427088454
456;0.03368575322446954
457;0.002766460169910845
458;0.012158186512808
459;0.0877963704399327
460;0.007255844471497142
461;0.051174493953253734
462;0.03260393615757189
463;0.01576308418717678
464;0.06694045095068803
465;0.04026241718782902
466;0.011299929574029711
467;0.0944203008538319
468;0.009780745589566264
469;0.09087513171023406
470;0.07975531688828212
471;0.02201741188874591
472;0.04673454695321038
473;0.07315412141791991
474;0.09431679620474936
475;0.017205013875179188
476;0.01906021182147265
477;0.05244632755401116
478;0.07311542426971483
479;0.004638793495848526
480;0.03795447232584555
481;0.07006206747126564
482;0.03450423655929779
483;0.01761470839575613
484;0.05037259041826016
485;0.04588523587308751
486;0.09264611462290967
487;0.0010236794278087324
488;0.08620631608273042
489;0.09875051948584125
490;0.0961169803209919
491;0.056501011296464544
492;0.03759301262255348
493;0.08216859762084983
494;0.09588224989975351
495;0.028479088929624165
496;0.0798017940603812
497;0.05227853658697371
498;0.0655724261059438
499;0.05742631362024726
500;0.07768005949171683
501;0.0820881129028074
502;0.04009920418691246
503;0.07220335436472965
504;0.00894924011326892
505;0.0725385301952991
506;0.07099733511333227
507;0.07907148488594201
508;0.03774337070554008
509;0.0906949197386075
510;0.03284350376914996
511;0.01986220915335303
512;0.05346806202029536
513;0.004132325823812144
514;0.03579603566505357
515;0.070505366928564
516;0.06069691387813119
517;0.05901357069597123
518;0.014604104486765402
519;0.0677292081612572
520;0.05808279571518611
521;0.09466539738619151
522;0.04747054262181769
523;0.0890198546089387
524;0.017688287639952328
525;0.05898071061190268
526;0.05067376922200037
527;0.050460086636088745
528;0.06990827589672857
529;0.006539411566695053
530;0.004094470121955774
531;0.03001898473106922
532;0.07934147137520403
533;0.0711847910250467
534;0.049914173140502005
535;0.019285554141731366
536;0.05614573063961226
537;0.04145673819504891
538;0.0182870944024912
539;0.08122410957387727
540;0.05407308689927053
541;0.07289424924743565
542;0.0429737338959479
543;0.0774397066876783
544;0.06027999102046057
545;0.0973811173361237
546;0.03711133890300468
547;0.0298483984111661
548;0.01576888343873777
549;0.02564554381048543
550;0.008118312883302059
551;0.09596130149799188
552;0.06663061800673221
553;0.03173240026087828
554;0.09764724641884664
555;0.03571269013975266
556;0.08752562696533464
557;0.08719701519013912
558;0.07151461049230828
559;0.011229995115591064
560;0.04147384805148333
561;0.042588190361105095
562;0.06860961589423603
563;0.08190429871651396
564;0.04977823657798402
565;0.09366550971376855
566;0.07213399552190178
567;0.04132870622780158
568;0.044516133700831455
569;0.01992213985594209
570;0.0005069393044056514
571;0.04312754604624502
572;0.02680144578383378
573;0.03301304928216183
574;0.09210927822522194
575;0.0253108415061591
576;0.00866678433367778
577;0.023651305118125823
578;0.03913480443000564
579;0.023236620758287953
580;0.08370420407219237
581;0.08919571399572514
582;0.002693822566765414
583;0.09207292600064604
584;0.04647026349211815
585;0.0589716447240424
586;0.0745265625139008
587;0.004953087234420484
588;0.011733890313889873
589;0.0990840628551457
590;0.0005702453873944636
591;0.014928281023918799
592;0.09768197873604012
593;0.05882333409101503
594;0.009779604449209068
595;0.004318651740547097
596;0.010321954995841976
597;0.09563325912109509
598;0.06318658720089225
599;0.08786792554182218
600;0.06563325131755256
601;0.04357185166918698
602;0.02849858813022589
603;0.006749036109816498
604;0.04827587797842201
605;0.0214713219725458
606;0.08258284134650419
607;0.0422599927399741
608;0.09966275360000511
609;0.07507663183612584
610;0.07023176864547526
611;0.09379664600663423
612;0.03606693344119954
613;0.011539070999735647
614;0.08726659571353239
615;0.07211574870284376
616;0.08465862581486638
617;0.07427219817629173
618;0.07985183073355585
619;0.08724738440185968
620;0.0672144154585767
621;0.08958334239200474
622;0.04131926927342904
623;0.07316314938502548
624;0.08716637074346609
625;0.0716253878067713
626;0.03094035992909674
627;0.09892979233339888
628;0.010905888181521063
629;0.04373380654726136
630;0.022173247241022143
631;0.0507026584975407
632;0.01084985632213762
633;0.03648621354114134
634;0.04716505664875779
635;0.06386214311715652
636;0.06024758424611473
637;0.01477200916110264
638;0.09942719316501528
639;0.044679000263563855
640;0.05791537221205487
641;0.04605620814993009
642;0.083103694593756
643;0.005315842591362996
644;0.0533872747099333
645;0.024437848983971423
646;0.03920935632863418
647;0.07397959846423623
648;0.05029461278300232
649;0.08555300029921209
650;0.03379034425235707
651;0.015784807906122734
652;0.08430118798303146
653;0.05148461613442893
654;0.03359934482400272
655;0.07267233102487884
656;0.008014619839383853
657;0.043060257343904576
658;0.016305708131899434
659;0.07594952001307974
660;0.0808026747654441
661;0.03876918498658575
662;0.011202713702092927
663;0.024862302857447394
664;0.05128342058724055
665;0.031675972141200714
666;0.025081739826051587
667;0.06607022748092055
668;0.09975847282539783
669;0.0246317460070998
670;0.05802292403633628
671;0.07371529855916058
672;0.0270473003946744
673;0.044160675658429585
674;0.025231469674035792
675;0.053289612296587775
676;0.06290059846560207
677;0.023319169221785986
678;0.058548421844798616
679;0.07292521030553233
680;0.005790443818711678
681;0.004723633440219266
682;0.09547887591819679
683;0.055435965662909016
684;0.02723933031542941
685;0.06110821189975799
686;0.04197802995377447
687;0.08461526400614346
688;0.09507980650644088
689;0.04395007299370238
690;0.03004142640955314
691;0.038765131327609684
692;0.0676404294972984
693;0.09003154199503056
694;0.07934964174125636
695;0.012203601950335275
696;0.06809439680538401
697;0.02404905800632683
698;0.012609381884130234
699;0.045089255073442615
700;0.030186968125169578
701;0.043167112872010784
702;0.028801302466552537
703;0.08922911323471804
704;0.05077882373031846
705;0.09740339939457582
706;0.07822858928996138
707;0.02048253218184394
708;0.042195135711792356
709;0.02822297053575439
710;0.03658602591016961
711;0.014430757931221462
712;0.054605708814147336
713;0.08730106314554714
714;0.0846647404478405
715;0.09010799452957889
716;0.06592373371490756
717;0.01921639355188697
718;0.05293699644921673
719;0.011768478429761087
720;0.0611712721473415
721;0.05577322808001916
722;0.007607969140241844
723;0.07908286374168527
724;0.09374310487713328
725;0.013608147758391122
726;0.06861092555026854
727;0.012379778934388653
728;0.06462743271495479
729;0.00622954718342037
730;0.07382922709899226
731;0.070585385245279
732;0.01560097429192835
733;0.03346150131580872
734;0.024432842182229977
735;0.07140472479602722
736;0.09074845935455653
737;0.032111823253203
738;0.025544661719051277
739;0.024574449418216418
740;0.09711241375933359
741;0.0513335447846131
742;0.021828270035904165
743;0.006539161087529388
744;0.01788699307662053
745;0.01654654517156051
746;0.09359501600328922
747;0.06911764245089634
748;0.07857651461651965
749;0.028343337998650242
750;0.031961051419660734
751;0.07617003863097395
752;0.03899424683063288
753;0.05981892876800511
754;0.010414995247020232
755;0.06976661066215782
756;0.07521499039631621
757;0.021034882113976652
758;0.07098853559930085
759;0.07860451494144145
760;0.055133408186329
761;0.06722442131845553
762;0.0571206409974884
763;0.05404926485359155
764;0.08533228439242606
765;0.04474594741762801
766;0.02438164991653502
767;0.04993971144027986
768;0.08733222175447244
769;0.027455580348206412
770;0.08964187585483809
771;0.0030208226845089836
772;0.03945212285292197
773;0.02738837104811297
774;0.051171312248241965
775;0.07953902058637764
776;0.030378471150121423
777;0.06239357314815102
778;0.04794649613384064
779;0.001176692910538968
780;0.002638107044295768
781;0.07854735876406577
782;0.05602665787106381
783;0.03880632598658053
784;0.09050380146108872
785;0.022827302572092614
786;0.037280882279073495
787;0.007901586759883084
788;0.0024551005219988543
789;0.091373140638896
790;0.09615174979463346
791;0.042454929100460684
792;0.02838908827481399
793;0.052278892178620855
794;0.08147500630599731
795;0.05963266312563743
796;0.0960603103139739
797;0.0973414114018132
798;0.09956622685008945
799;0.09162444610943385
800;0.0793005288945758
801;0.09722209318280205
802;0.09388490982479909
803;0.01791583465149671
804;0.011897710420983877
805;0.07384480684568422
806;0.034512768215167654
807;0.045443027578982546
808;0.055379605001853786
809;0.02653502796826719
810;0.09236131930438768
811;0.06147043376768781
812;0.06490123054839027
813;0.015744339353586736
814;0.06613463178232891
815;0.06249774346821764
816;0.053454469093946605
817;0.012173529298620445
818;0.06065357475157651
819;0.03695937359442121
820;0.03713672214562871
821;0.010394681824971464
822;0.01572397182492549
823;0.06916161355034389
824;0.08605033932925353
825;0.02771802855997775
826;0.0414037337045483
827;0.0951272426635682
828;0.054170234182742194
829;0.09214990111662552
830;0.09834549156993487
831;0.08164713209498642
832;0.0025908718205833736
833;0.09470087042510197
834;0.00593077712775072
835;0.054580741219575235
836;0.028821159363795402
837;0.019446779125404157
838;0.02416828716671328
839;0.030453835582607572
840;0.018951879434709152
841;0.07937660437302753
842;0.005970693060939791
843;0.08812334406314729
844;0.0847938204946263
845;0.03525521584649447
846;0.02639815365883722
847;0.025579359875338815
848;0.08535850086420176
849;0.08703151325894044
850;0.0546721833595382
851;0.004368845515552034
852;0.03967658797212682
853;0.07751277734998065
854;0.022911587246276913
855;0.0747311303462655
856;0.05678665415753963
857;0.04903463683697321
858;0.04034676377243704
859;0.016448433735980695
860;0.03606809607198707
861;0.03645824700573076
862;0.04309065248860257
863;0.0772267179327004
864;0.0575030289718331
865;0.02744629840592704
866;0.0034005964832414695
867;0.09699988058235332
868;0.08451398519470951
869;0.08580617184381593
870;0.07553371565676273
871;0.03854344180610319
872;0.056132974466830104
873;0.0293132361821428
874;0.09981017220380885
875;0.057392993739852544
876;0.05224151613896969
877;0.01747460831919284
878;0.06424743317833316
879;0.059668922890701206
880;0.06383682212026108
881;0.029072747361998597
882;0.07876735301755895
883;0.04936235796058518
884;0.07569306029286445
885;0.0010495059582491639
886;0.017208316227130815
887;0.04720995441286642
888;0.08980910171592316
889;0.09991170658451225
890;0.06506101123633805
891;0.08333705423268692
892;0.00944958752313152
893;0.02049747150162905
894;0.047847447741410656
895;0.06612990421435189
896;0.09501190748685123
897;0.06935032917040079
898;0.05512981645508093
899;0.008427801333846175
900;0.09484131473735107
901;0.022648354243021352
902;0.05172992949657158
903;0.008342560316231196
904;0.046557768995940885
905;0.01077154104782342
906;0.08825204262468546
907;0.05723884829574055
908;0.04100668420517877
909;0.017509202042820627
910;0.0015912191228996564
911;0.07788463220122076
912;0.09839841303700418
913;0.0019332691015438441
914;0.07189421308580826
915;0.06793570041524331
916;0.04797294850023415
917;0.06776009082191618
918;0.05165884075881171
919;0.009798973726254124
920;0.06139231285621155
921;0.059455172445932084
922;0.08343370335993283
923;0.0847871009536748
924;0.035145184151579634
925;0.035545211851390056
926;0.04887208486988764
927;0.008322205189494091
928;0.08297482867889279
929;0.09844483668148962
930;0.09530029039355487
931;0.05639706320537146
932;0.032711643973883264
933;0.07307625211864076
934;0.05899407154483943
935;0.06276059975278872
936;0.08601213271552598
937;0.0392371366571035
938;0.029620700217849474
939;0.018101778413185745
940;0.08645263990986256
941;0.06399894157362039
942;0.09645416435217176
943;0.059245613973411285
944;0.03533138492258501
945;0.0028793798233832657
946;0.08694922970523908
947;0.04828640807308507
948;0.017993808727253514
949;0.06040815424756644
950;0.01185433478648168
951;0.033334387239725496
952;0.047740575762105324
953;0.06691840799073429
954;0.06937769836840661
955;0.02283862332087765
956;0.007053840636761022
957;0.0738801169374802
958;0.07216023074480055
959;0.09224975863690715
960;0.026094964287712165
961;0.09272831694348574
962;0.04106303157171956
963;0.058361445350757414
964;0.027548921108380586
965;0.057742887089726025
966;0.07955824768737198
967;0.011574706023336113
968;0.08418965167309563
969;0.05815641790949336
970;0.0879522162281769
971;0.005916109750728016
972;0.06572858008417967
973;0.02432452536710642
974;0.003967120958373627
975;0.06230284706775505
976;0.09384616434799777
977;0.002974012133741244
978;0.0537508416091582
979;0.06725698368543336
980;0.008491490735054964
981;0.07665731704440534
982;0.02809124864106395
983;0.08086608816438758
984;0.08515417117907845
985;0.07949068518389102
986;0.016618934191717807
987;0.08994002285010408
988;0.006031037796075545
989;0.019459452711715564
990;0.02691904866165863
991;0.0031232973599635283
992;0.0901940553978989
993;0.06027662250717736
994;0.06087017788677675
995;0.00992417526466425
996;0.02653053494340667
997;0.02913745617990289
998;0.021907113724150995
999;0.04596892465007677
1000;0.06998397851703902
