1;0.09317880851642489
2;0.03427355771349201
3;0.046812867559259445
4;0.05252856856868156
5;0.07375699861234171
6;0.055450248868870025
7;0.07231960753995052
8;0.000561566682317971
9;0.10680137953543073
10;0.08776533288071345
11;0.011711427004211261
12;0.11444354674017426
13;0.1112784517920144
14;0.19263022304271837
15;0.03449848311900237
16;0.0012288879264303666
17;0.19392640420176224
18;0.13761382145769394
19;0.019606472963720978
20;0.1370829352190656
21;0.08218751597407017
22;0.1703038933302393
23;0.06692511708127184
24;0.08858444036051796
25;0.04991807321852753
26;0.06304289510710885
27;0.03636969056360948
28;0.18525978242019714
29;0.03139522471406291
30;0.012777047778068496
31;0.14321446483753733
32;0.008888043350264252
33;0.012837271785467275
34;0.041328013582117865
35;0.1584109956834153
36;0.11009548738962271
37;0.09783839281072551
38;0.015806107166558725
39;0.12640604414036535
40;0.09963554479227132
41;0.1959581800464142
42;0.010956602042912912
43;0.18648061724696063
44;0.15882539930531422
45;0.015130127796685988
46;0.18454366095672262
47;0.1746399699951748
48;0.11830993689644378
49;0.0831060938914759
50;0.1475066936609097
51;0.10779488309897389
52;0.13737981245580053
53;0.03910127790819025
54;0.1899889824413475
55;0.04250757853913872
56;0.10775135518622032
57;0.11494224174401742
58;0.17542585368319308
59;0.034975685851304394
60;0.030622647325976082
61;0.12470661151531535
62;0.10918534736938004
63;0.14804264256564115
64;0.18954143660299688
65;0.003930741513855729
66;0.11674578086493209
67;0.19090619724807611
68;0.07724748794705714
69;0.1344710761296351
70;0.1611112282653443
71;0.14203086639763446
72;0.08911368726180358
73;0.12191486322026178
74;0.14796502891454003
75;0.10008777409519487
76;0.014527358525672397
77;0.040708471442240324
78;0.10507288690237189
79;0.1837082805260165
80;0.07361471032669534
81;0.051428273643359806
82;0.10274495651494626
83;0.19133501607115755
84;0.08069087072032287
85;0.09790147534045512
86;0.19412752776879194
87;0.09920249172321847
88;0.13599928689036409
89;0.1984139302356305
90;0.06427769876600078
91;0.049680989650939214
92;0.043769291686640614
93;0.07459981794739444
94;0.16749930726634044
95;0.1056832629012128
96;0.12027563750208813
97;0.1895886315515333
98;0.04911331451842138
99;0.16454661088551792
100;0.026747951605399802
101;0.13240825312326196
102;0.02506665866959339
103;0.16430308184785353
104;0.16886673294372545
105;0.14129166668700102
106;0.0026833535618128626
107;0.07053638038304315
108;0.10845066015156223
109;0.1137442673265579
110;0.011274750016306512
111;0.10442650546324184
112;0.0384346033336207
113;0.07229942915262462
114;0.16319615933439854
115;0.015524831045650611
116;0.15814019581195915
117;0.17868089453597866
118;0.07652133175358532
119;0.00827323623799805
120;0.1659073853196919
121;0.1646928052575314
122;0.09723027914980574
123;0.16921386998249513
124;0.047386301716394755
125;0.14918967546179657
126;0.10831357175228731
127;0.013654527786881122
128;0.09656315477804665
129;0.08361186529444345
130;0.0002355791328481738
131;0.018129669587113796
132;0.04987559344201418
133;0.11916720076424313
134;0.16336584169774074
135;0.1601095104857303
136;0.14900541332450193
137;0.08490772665727159
138;0.16015710336619632
139;0.0429797634359556
140;0.18436657119158972
141;0.026626101986338038
142;0.04170452835329295
143;0.13174829943944213
144;0.18215067950061414
145;0.1243961166426634
146;0.18339247458976354
147;0.11484066681857666
148;0.07114066789162743
149;0.16423176208281606
150;0.00628382702400927
151;0.04975249229260892
152;0.09482272487893849
153;0.07345513446395824
154;0.013253074311929791
155;0.12466131923083666
156;0.15190280391462632
157;0.021051523195116807
158;0.023909341750441616
159;0.13894811220702763
160;0.04058966911950621
161;0.01834709524221272
162;0.06559471651664113
163;0.060317101291348846
164;0.01607338055220482
165;0.055176720799321614
166;0.14203652130981875
167;0.15964757645850314
168;0.17564589798902053
169;0.16050647883334002
170;0.06397764667621882
171;0.0966712053628766
172;0.13882033480221265
173;0.11493317031073239
174;0.17586523734443382
175;0.07598730249328207
176;0.06867822899668939
177;0.15657013383222965
178;0.13992159231584053
179;0.1720546284738441
180;0.1760610816011252
181;0.16519000279658855
182;0.07251440616074596
183;0.13285423221824533
184;0.1629701104626684
185;0.05105192821685303
186;0.045431064918423
187;0.0418169196789457
188;0.15634811950952995
189;0.027401635036453143
190;0.012427676940450572
191;0.13262730593974895
192;0.01461885015302884
193;0.006598966403729367
194;0.05490082225524098
195;0.08700744683889992
196;0.18038374299743393
197;0.19764580161267964
198;0.0821704150471575
199;0.024694621548130558
200;0.16686202721605678
201;0.008879062890945777
202;0.16204090739905108
203;0.19743738286895693
204;0.14756498992492387
205;0.1503404376235603
206;0.12145264265935088
207;0.1558441308201294
208;0.08704620654085149
209;0.014953115773228954
210;0.19157507994074324
211;0.1801708378920402
212;0.06161620557193721
213;0.08874121943900021
214;0.017359698554564675
215;0.16836569948121538
216;0.18245421106223148
217;0.11389333798004786
218;0.07711842588239136
219;0.0851201892300113
220;0.11020638509034447
221;0.045750334855446086
222;0.14987504097704923
223;0.16927288121455433
224;0.18103981997612012
225;0.007610129250377674
226;0.1365552668333067
227;0.005488285477919375
228;0.1396420823904034
229;0.09606312786932525
230;0.1615517069558249
231;0.0653688923031872
232;0.04806254316358525
233;0.1601146704596924
234;0.08765782546083252
235;0.17547214784592524
236;0.06003342199693598
237;0.10139201786835209
238;0.1934369526561286
239;0.17337220967173067
240;0.1075157937162047
241;0.03232155339661957
242;0.11137540904066123
243;0.1622288892369952
244;0.18216341009969875
245;0.005978955010119913
246;0.15273154276696432
247;0.17688410789466877
248;0.06262766778116845
249;0.16183509761115825
250;0.15722950083533335
251;0.14344130662171975
252;0.014292898278888267
253;0.11146196510520104
254;0.08976180573584064
255;0.03717714117682918
256;0.12689712809233653
257;0.07247768925332208
258;0.18374517380930228
259;0.009408822479756274
260;0.046762759097221655
261;0.006275493913345232
262;0.014103057557187215
263;0.06648994347547325
264;0.19558661579055095
265;0.03746788616135812
266;0.13741290000917603
267;0.010782373551068036
268;0.06745794634518225
269;0.002804171434398617
270;0.1535763229720021
271;0.03751841126208009
272;0.18882237445155223
273;0.05895869853847529
274;0.17853659972390454
275;0.018967888099363228
276;0.11166814340099236
277;0.0858139515921394
278;0.01881797106316572
279;0.1649415794601684
280;0.16223495402277455
281;0.1941482190759526
282;0.043661961875622525
283;0.05723006867880168
284;0.19375986864374828
285;0.039581425498023994
286;0.115031567590691
287;0.18282023306887593
288;0.12188760211315329
289;0.06786845185119204
290;0.18278719939462815
291;0.13819950334443137
292;0.09676397090150807
293;0.18243604098031116
294;0.158671541901949
295;0.10102224242746903
296;0.14011402815608107
297;0.01455676299469595
298;0.08989500861590344
299;0.1476278988169157
300;0.18828341890311273
301;0.0818305413167291
302;0.14660617292178169
303;0.11381513205180938
304;0.08173291509625542
305;0.16756926750989032
306;0.17531750788377756
307;0.07497924026383536
308;0.06122996099824072
309;0.12939691726248945
310;0.05213839927583302
311;0.18997294424785713
312;0.04033985098215245
313;0.1557970655248078
314;0.18367046290249808
315;0.1002562452006357
316;0.020154533786052878
317;0.15402634610406124
318;0.09401812595322456
319;0.1490658937621848
320;0.13576183260058314
321;0.018969288339470137
322;0.18973485078162905
323;0.1786559969692889
324;0.19678859286010722
325;0.0787893709064901
326;0.10504821942536487
327;0.01874105968997981
328;0.061800161456894646
329;0.10238844277361839
330;0.06210154466632514
331;0.13788842450418956
332;0.011750422114406378
333;0.02227223370225977
334;0.10672429843688117
335;0.09684632362560133
336;0.1469269193053405
337;0.13723565225870316
338;0.07065784774527005
339;0.1657426036983729
340;0.09955181458896434
341;0.118889279348616
342;0.163012070594865
343;0.16134392242688708
344;0.15779331070030844
345;0.18441310026241844
346;0.18421927608555938
347;0.05614053732392608
348;0.15632682461080782
349;0.05803440509510474
350;0.1281315669517829
351;0.10337537621266793
352;0.15215360655945448
353;0.14861586558932757
354;0.016748741977132477
355;0.13038858800840966
356;0.19172361119439324
357;0.17463143420751706
358;0.16156628565663
359;0.1021547587165832
360;0.11070344583553429
361;0.04403131954825763
362;0.10779275733873406
363;0.08871901850842115
364;0.03372488492692829
365;0.19171388314508564
366;0.09743312014039061
367;0.09919453658289579
368;0.17929397468811237
369;0.153551183622339
370;0.155630699477272
371;0.12047098146136687
372;0.020262470123391843
373;0.13056198054714513
374;0.06126564662077867
375;0.11717705403895594
376;0.007626415367647566
377;0.08167332363232954
378;0.12961567312129316
379;0.05234909301533724
380;0.11243480036690773
381;0.017209103670390725
382;0.062360025639080253
383;0.18883111025466037
384;0.1518872557933625
385;0.11792024541983762
386;0.09332517878954882
387;0.08426344737517011
388;0.021365794972016763
389;0.14841371942327872
390;0.17404016773496483
391;0.1200299450613227
392;0.16746835395813664
393;0.057416536594813564
394;0.003910372419651531
395;0.15031927581823662
396;0.1868084274074719
397;0.11647795061909483
398;0.03780959561440307
399;0.1700724111175679
400;0.03188626640771384
401;0.05684799261190576
402;0.09204014020359728
403;0.14542086470586255
404;0.07067067985219931
405;0.09454220164646013
406;0.17459607245240857
407;0.195780149442634
408;0.1072133073130247
409;0.19115248099294058
410;0.001549955347664822
411;0.15469541436833747
412;0.14856953759128588
413;0.14591344706004358
414;0.14259838802872296
415;0.14669822637040572
416;0.10079055716679618
417;0.014690036036186904
418;0.1840011390184285
419;0.10099154940554372
420;0.1373757894583608
421;0.08487497682433816
422;0.05672467253743166
423;0.1282084800761964
424;0.13816924178717685
425;0.18703071398232268
426;0.0022334231902817027
427;0.17654303644971775
428;0.14549028477306403
429;0.055108686018192854
430;0.13454539272590268
431;0.15459529395195662
432;0.1241300149079959
433;0.13377623801264163
434;0.033300808037529044
435;0.16514400332192622
436;0.05880845961780341
437;0.07742505959305862
438;0.025865046300203656
439;0.0712681232184186
440;0.023921680703853365
441;0.0925251907553571
442;0.19577338188638332
443;0.14273278333354303
444;0.14996435689023244
445;0.07867808329885216
446;0.051404551923738676
447;0.0957940810705124
448;0.14697000663771873
449;0.13688192162453885
450;0.0435791090960822
451;0.0625145003017368
452;0.06584375214809653
453;0.022566485784390623
454;0.020421224676463748
455;0.03175233953172041
456;0.14058131291552675
457;0.1798333527254673
458;0.03305201886202223
459;0.10391929104082842
460;0.04794812092790127
461;0.022155148205347232
462;0.08701888770715215
463;0.04145038436488131
464;0.12468223631760361
465;0.039158007104221196
466;0.08833628234190422
467;0.06593595126878574
468;0.19383258090872127
469;0.06925189819946845
470;0.053633927769522076
471;0.14358522631846835
472;0.17880388978672374
473;0.07290281748500463
474;0.17943256737003793
475;0.11185284758094578
476;0.014383754229397373
477;0.17330389120482426
478;0.04568245944702409
479;0.07075218245336923
480;0.151580091664379
481;0.06462388315382024
482;0.027825148224501817
483;0.1943441423106858
484;0.07441820047429722
485;0.11218327024162596
486;0.057595575494509624
487;0.03551259115562216
488;0.12445261863793432
489;0.05745999253817205
490;0.16004998193378736
491;0.027555919738437674
492;0.18744347127055616
493;0.0016245081901231863
494;0.02268125855994312
495;0.166270276372474
496;0.026169669255219553
497;0.08050198279964604
498;0.17921317174340284
499;0.015542089242192825
500;0.10538769396488475
501;0.12857257049231408
502;0.002946326579906278
503;0.001364611362708912
504;0.18504376569068887
505;0.16524656364236776
506;0.1791982253645935
507;0.1417390084830293
508;0.0063490270657390775
509;0.0067510227449320455
510;0.01286853270137811
511;0.19452852535700357
512;0.014236812757974017
513;0.053454016567120524
514;0.10750586694208702
515;0.05452871995112159
516;0.04818943556785907
517;0.060208705933578945
518;0.10548298488872898
519;0.11787346494904605
520;0.13636441276974096
521;0.0019803818861510837
522;0.08507029199567658
523;0.09321106761113307
524;0.09569157049353134
525;0.08479291385950638
526;0.15072563768357053
527;0.15087726961947057
528;0.1496399239766578
529;0.09555294606368414
530;0.039214741401850266
531;0.10630800224249617
532;0.10424960451754035
533;0.050259676007455824
534;0.07179197957695231
535;0.1536084377896571
536;0.09486158139389088
537;0.1969465502789499
538;0.1907158675254219
539;0.1028464321511194
540;0.1336224673101886
541;0.16979618751474293
542;0.10430364131877368
543;0.13410109633657818
544;0.16209820696568983
545;0.13547525515638667
546;0.0511936846489218
547;0.1786055641227086
548;0.15428581362926433
549;0.1327450780830942
550;0.050240262762527646
551;0.16821473802928713
552;0.014044498025433684
553;0.14668838524492683
554;0.025204460902975567
555;0.06732824508866098
556;0.065828379834922
557;0.03645592467212375
558;0.10034719264919162
559;0.005188822459643561
560;0.1590357522427033
561;0.1846837906187042
562;0.06321692324155215
563;0.17490880338346443
564;0.055332827434559896
565;0.09584079328692474
566;0.09178171818491315
567;0.038084567486527915
568;0.04430034490703401
569;0.09749558887375942
570;0.026728687599202994
571;0.07801830678042282
572;0.16490538306614955
573;0.0656840451860476
574;0.10222689146312794
575;0.025989801076428565
576;0.007027473042164312
577;0.11701687273716131
578;0.11074732636304552
579;0.010723196216464937
580;0.14459943920097532
581;0.1436879290500898
582;0.10656891843051115
583;0.13246573031543782
584;0.025530605168884436
585;0.08625773857717756
586;0.02714694238864477
587;0.16205022215604703
588;0.08692970911032079
589;0.020919910363573324
590;0.1313390184998018
591;0.0552390537196954
592;0.07428662133033222
593;0.06957781034847912
594;0.04341736717186593
595;0.19842143528068
596;0.12474456407272344
597;0.0922319172852615
598;0.1881734960537773
599;0.10392755824250738
600;0.07395076474008824
601;0.08657487371938294
602;0.19560799697708742
603;0.1940028127698084
604;0.14558026729350323
605;0.1972094871780723
606;0.11108765906368812
607;0.015705595268977145
608;0.10935130278342203
609;0.1744945010741382
610;0.1981572784189361
611;0.042936540288692364
612;0.043683664905223574
613;0.13184131749828754
614;0.0542926640931146
615;0.1567675992970685
616;0.13724609559449594
617;0.11053673259873678
618;0.171805885717478
619;0.17691592887695795
620;0.06998919871436997
621;0.08891092175252457
622;0.12140154394272562
623;0.1120966458084257
624;0.05375100728179372
625;0.194729441987966
626;0.06353930001456143
627;0.12485863089303897
628;0.012410974345789128
629;0.057806666525323874
630;0.020329303952081303
631;0.18395963458181708
632;0.059678313835965315
633;0.12604294840711722
634;0.043494990942007
635;0.1930017622806755
636;0.0019882233132589855
637;0.1824883115256135
638;0.08757933087940964
639;0.14186914266448356
640;0.01644872949017342
641;0.050467823374771736
642;0.11164757795124339
643;0.0951269130378764
644;0.006027000220031953
645;0.15289205940060546
646;0.05719791841514748
647;0.11679114361433295
648;0.1600287625203075
649;0.008566745203801586
650;0.19882786398370822
651;0.12299878823399238
652;0.008102241202071437
653;0.05602708766435043
654;0.11683806567254112
655;0.19339408679679354
656;0.04853053961095839
657;0.09516436901165214
658;0.08444184082233093
659;0.0725824794947701
660;0.005938816666067459
661;0.0767358799816249
662;0.038160533159957336
663;0.15512035998176346
664;0.004696041142602337
665;0.12152805797680473
666;0.03056361151129863
667;0.16989724010699495
668;0.06263003208057252
669;0.009965344998699211
670;0.08225879422212037
671;0.010213607121432067
672;0.12816407438218602
673;0.060457701408894504
674;0.1057004729899356
675;0.15161777739930438
676;0.010280277580017217
677;0.07481051409560073
678;0.1803523271843548
679;0.08559649421062641
680;0.04080434675992737
681;0.08987375386650145
682;0.08395811204883537
683;0.18105676000929719
684;0.040545193233862055
685;0.04884590177426911
686;0.06444559751086683
687;0.035937677155900176
688;0.15718908346065696
689;0.04167252203609946
690;0.09555351805240322
691;0.07462029202896152
692;0.14627835646162754
693;0.044377681212954934
694;0.059601901421272266
695;0.1943617419015116
696;0.014706193909484511
697;0.11414848537148492
698;0.11312002091254975
699;0.16571112693941328
700;0.196993965346147
701;0.12468625777299708
702;0.16635603198215462
703;0.08676990062463288
704;0.043669983621101
705;0.0752088116551557
706;0.07140406255166734
707;0.1843893382922993
708;0.05128073789566217
709;0.1318936451130652
710;0.03375518105105329
711;0.10432890640283932
712;0.1324316899877102
713;0.08563498253969287
714;0.1473846232144926
715;0.00933033047698304
716;0.04524327315027191
717;0.11083416083560703
718;0.021473143226498626
719;0.19649749247394477
720;0.0685937883678828
721;0.04899573026206397
722;0.016768480086357652
723;0.021067728185670532
724;0.10506258810399648
725;0.14730831927934354
726;0.15245668265564682
727;0.11624203112605772
728;0.11922960173817428
729;0.1951662516257248
730;0.13478938810080177
731;0.11210552235373655
732;0.07222481328096553
733;0.16193729072922278
734;0.10934152307578751
735;0.15263997385071737
736;0.0812224150166726
737;0.07221301241644287
738;0.001367857223076663
739;0.19080946477367444
740;0.1733654335483027
741;0.16794651251959333
742;0.08022003460350387
743;0.09389348503270206
744;0.19853101375030682
745;0.11365247562080812
746;0.16547422627365177
747;0.10423993119448288
748;0.026147168843869053
749;0.04847494946319286
750;0.111397875434455
751;0.17199394476063384
752;0.19055463584257257
753;0.06633510034789779
754;0.17720728497463775
755;0.03261256873624814
756;0.09032511696683446
757;0.08894598712122692
758;0.03793738368139763
759;0.19597202616728324
760;0.06645246546914761
761;0.024935364254371286
762;0.1555122539258578
763;0.09842527754343461
764;0.1248276574753618
765;0.17949512141662952
766;0.05242724641295618
767;0.18789943356903385
768;0.04261828110469539
769;0.08094050993571128
770;0.023075059514547247
771;0.16869000461292405
772;0.17557225693657097
773;0.1751427488242814
774;0.016926324703636374
775;0.1821115025539234
776;0.1529953676049903
777;0.00849152799953432
778;0.011621830733675488
779;0.10585285946781482
780;0.13557971138782238
781;0.11711327021287139
782;0.08664233917166507
783;0.19195330900255725
784;0.10831213142320242
785;0.07624648508475579
786;0.18037441338848814
787;0.1385808441495475
788;0.1549499129407742
789;0.16863610047376065
790;0.047082243109874106
791;0.1324139867393044
792;0.18135475674261403
793;0.1502829490278877
794;0.11398830214905692
795;0.0661849437290131
796;0.06976661160313642
797;0.17243238814171688
798;0.11566655114906539
799;0.10744381622808839
800;0.11085840190583562
801;0.0933874641821128
802;0.1583504176464775
803;0.007529347701712741
804;0.024993855761335018
805;0.013139878841237462
806;0.04019299786478292
807;0.05520080075975664
808;0.10197529061074591
809;0.10158832795586417
810;0.020783528161919307
811;0.1786170740334268
812;0.09587203112087386
813;0.1620129572868545
814;0.013892889243647955
815;0.06317565453385768
816;0.023078367478453578
817;0.05839426080539248
818;0.02196581542120404
819;0.04038128048443346
820;0.17497058099490184
821;0.07797537100917012
822;0.19306959080710928
823;0.07733455081226022
824;0.134156019622774
825;0.05853629435317716
826;0.1549518842433948
827;0.061901701012628776
828;0.021668852517558346
829;0.11314914147784527
830;0.1380130676815325
831;0.15105722332630303
832;0.02471724976378198
833;0.19972046103532498
834;0.006619818612746343
835;0.02010588092092085
836;0.11601481393800012
837;0.006765358607273853
838;0.10233332948102179
839;0.025574372726092753
840;0.10203610549760339
841;0.12745422249236069
842;0.09005029164104938
843;0.002491657742307707
844;0.07945517092023978
845;0.06703338495109293
846;0.07819041712172184
847;0.10620800834365565
848;0.14241105010974406
849;0.1917467396121394
850;0.023802011494410635
851;0.1591955199827306
852;0.11332103020454372
853;0.043026833593074444
854;0.13208061637014412
855;0.02353298243075208
856;0.16148748195939538
857;0.14664704252351698
858;0.10622349452197702
859;0.1464070258265738
860;0.1661884082246972
861;0.006047041266638531
862;0.08474002602310021
863;0.14790449423311555
864;0.15968787653480243
865;0.021817628664827372
866;0.015381952968302581
867;0.16587917451623552
868;0.002205749629065501
869;0.022983863466227807
870;0.09978997197677415
871;0.15153418641397293
872;0.18794084474496464
873;0.1969385008350346
874;0.16209020515159786
875;0.10225515758290554
876;0.17177620360456025
877;0.19322734021117383
878;0.19159289393106507
879;0.17159467522600724
880;0.1672646372887184
881;0.041096935123455025
882;0.15926927159113446
883;0.05802360894551564
884;0.16018480760039422
885;0.07370210583353227
886;0.165213575846883
887;0.1122873309196709
888;0.16330172720797934
889;0.05521966605634326
890;0.04461786798114571
891;0.15305647289173785
892;0.10554863763172409
893;0.1473880664513098
894;0.08664959413485301
895;0.18225518517583494
896;0.16049388640917467
897;0.09164403214528481
898;0.17914349748753508
899;0.03677260370928226
900;0.16839391826458694
901;0.17885495687855418
902;0.14331689177769988
903;0.04283122452752968
904;0.15444115713347317
905;0.055883455069594606
906;0.08935865806028448
907;0.009756084222254225
908;0.1129497768289821
909;0.1253379681548618
910;0.05990964479633052
911;0.04084398709674966
912;0.13564981231936724
913;0.19536668461808915
914;0.08276776235211299
915;0.11646757038067504
916;0.14153389269790073
917;0.19545461147666265
918;0.04884688486166005
919;0.15754869397732446
920;0.03935354662291895
921;0.03493919935180328
922;0.13862077310066834
923;0.17343114675210441
924;0.11217766824819644
925;0.0027244109227080094
926;0.07093729256023502
927;0.13978563138454617
928;0.13783540844481432
929;0.19642366667135436
930;0.10983580072435771
931;0.19258202729498664
932;0.07811003154877579
933;0.19463937463731906
934;0.1712736395303938
935;0.08072825558402673
936;0.1322764435480172
937;0.11685106303690627
938;0.012729562889101032
939;0.10076186437690873
940;0.006417914647113676
941;0.0020787824548296864
942;0.10009410707055842
943;0.09450183100996697
944;0.002185699664853957
945;0.19824356350216188
946;0.14450417302088586
947;0.1620140797195314
948;0.03176201156236851
949;0.1826569321458569
950;0.0699750556714982
951;0.04208267245472835
952;0.012326794624668147
953;0.09290517297355738
954;0.030426405079064734
955;0.1588484060357621
956;0.10411549614409754
957;0.11479721991261044
958;0.03961688608677778
959;0.008515744622026533
960;0.07060517837306457
961;0.027667643461402647
962;0.04390054605389977
963;0.019206712122073078
964;0.13575459879316973
965;0.03927542821191894
966;0.10009734878843549
967;0.17655273159924334
968;0.10558089892734912
969;0.0407139321880271
970;0.14049142298609743
971;0.12300927339675119
972;0.05317676407550669
973;0.052621140615791664
974;0.08828181240999587
975;0.11067263968847174
976;0.09103869382047965
977;0.11299840570859257
978;0.026691313227219807
979;0.12993789014700916
980;0.011782002526590585
981;0.16627817984514837
982;0.0026617887694539545
983;0.1431314782540227
984;0.022524301693372897
985;0.07470530608925363
986;0.09875487515337805
987;0.0016321004720224242
988;0.009354254934886863
989;0.02259908117599554
990;0.13135461814866212
991;0.062196086662172405
992;0.08541845264414463
993;0.12275963637186733
994;0.04249254624762236
995;0.06748889328258052
996;0.059543486920351434
997;0.12229285531260776
998;0.06283115987943942
999;0.12584490440248722
1000;0.14295693499835715
