1;0.11682334819363493
2;0.1321948194001114
3;0.15068857018932996
4;0.1158556700690585
5;0.18434429028860722
6;0.07699925425458976
7;0.04573585024464304
8;0.10324325559716661
9;0.0839166932388553
10;0.1798490714223357
11;0.177426700824024
12;0.14908115235626687
13;0.16871763786522528
14;0.09000388940917992
15;0.023238553605163494
16;0.06403655051926352
17;0.05280396066399456
18;0.05076367248349043
19;0.10689949742593968
20;0.13478263378227792
21;0.10845478151252941
22;0.10409370153447065
23;0.15747828657769714
24;0.09642952895121425
25;0.14652516615471842
26;0.1468354439981764
27;0.12939994158402618
28;0.056175642100240154
29;0.1169917026499997
30;0.0005703791108894407
31;0.1327844359806633
32;0.0066645240848040915
33;0.07370391848851225
34;0.10317307131923725
35;0.11475151668798955
36;0.012132336763584252
37;0.17792409203219373
38;0.06294840852112023
39;0.04383886859936031
40;0.11737674950432278
41;0.009167197565964624
42;0.18552238650372782
43;0.04303374631610007
44;0.05896896314329252
45;0.10971497074905373
46;0.06367866578912587
47;0.028124768451811444
48;0.1385446755890501
49;0.15495679966888531
50;0.0951240274420334
51;0.18176031202203333
52;0.011656821594096867
53;0.16296173247383516
54;0.16316593124292744
55;0.08854913366346827
56;0.04212881414485539
57;0.021161746726083754
58;0.12722697826185803
59;0.12759055875138378
60;0.1341751049560001
61;0.15795609163898058
62;0.14894670774430296
63;0.1663862625651001
64;0.04503537691381241
65;0.04008127653241156
66;0.03340336324222955
67;0.1590765092946761
68;0.10648030932681705
69;0.18939217216087947
70;0.18432234985380658
71;0.19057123799751416
72;0.16568310041734227
73;0.08382151423048921
74;0.08922648309931541
75;0.033099769587764664
76;0.06621450907160113
77;0.1368642185774986
78;0.11031780538064961
79;0.055957180416288166
80;0.10149010190405963
81;0.17379024537827595
82;0.028848155221571605
83;0.19526757757346758
84;0.19113417692175533
85;0.03853989889648504
86;0.06786464844453388
87;0.023240545715224804
88;0.13555245063301466
89;0.09103391692979779
90;0.13259432288633652
91;0.06328239961307565
92;0.03770666337599507
93;0.03479674966220039
94;0.18453196920776999
95;0.061034716968736615
96;0.15147457437006007
97;0.15503448218665775
98;0.11498862625419987
99;0.07089572914857123
100;0.04763965692322299
101;0.07676031520496554
102;0.11061274651403762
103;0.09587793265975522
104;0.008914312826127225
105;0.05436038829841516
106;0.1191331691399977
107;0.08379191169836497
108;0.09125321371761347
109;0.09967728007672796
110;0.13218703534021228
111;0.18520965247585375
112;0.07900569409550409
113;0.18627489269669578
114;0.05794938488864909
115;0.08350357788907439
116;0.1479638328388827
117;0.11231374244061126
118;0.06846674017456071
119;0.03244839772213948
120;0.04219310407838506
121;0.04339341264677772
122;0.07713507203594482
123;0.15666822938415126
124;0.17855275094852968
125;0.0008169551180255086
126;0.16784445324276673
127;0.06366585155935771
128;0.1194661905108835
129;0.15323482351677797
130;0.07450944601889907
131;0.05494007128106937
132;0.04447798043566942
133;0.18309741122018902
134;0.157852275418957
135;0.02183400472521393
136;0.15410964270228422
137;0.19301839859745765
138;0.03935008151822095
139;0.15894923639074499
140;0.0033081278411345007
141;0.022710232601394844
142;0.16760061066969345
143;0.08145651997694181
144;0.19472076087022303
145;0.044668495362235855
146;0.07197497278450758
147;0.018868086135799378
148;0.13344885320013145
149;0.10914614445667731
150;0.19598296457840536
151;0.09538179838202952
152;0.09462646004300437
153;0.13202001369362612
154;0.027845117746397575
155;0.13943169506607647
156;0.08740028545359922
157;0.019122274411875265
158;0.1916294900649535
159;0.019696574588064134
160;0.07319119429561345
161;0.11122065410582482
162;0.11203240568229914
163;0.1759310841653976
164;0.17641241925134032
165;0.13678451135959496
166;0.12902720455330124
167;0.10516503390241867
168;0.10799590654957628
169;0.13314650945034617
170;0.19052555814988742
171;0.1586108928914259
172;0.046350669788867
173;0.03198296154217111
174;0.05546148250082342
175;0.11823714953279295
176;0.019797858141365945
177;0.14236226607022015
178;0.17433375879853846
179;0.19841418471160072
180;0.01990411448144949
181;0.04877383099514803
182;0.054082557270363624
183;0.025658111590423485
184;0.18828535502405844
185;0.06484444285759475
186;0.19658140941244273
187;0.18874290102386357
188;0.08100431211412043
189;0.14139205987518907
190;0.14054251323609623
191;0.19936175294760403
192;0.038849222592961065
193;0.003935944489759625
194;0.11374022417634405
195;0.13613404984571367
196;0.11125173768884083
197;0.14980468820055579
198;0.11433043866454701
199;0.1311411436714308
200;0.01850683270305167
201;0.198493632952031
202;0.19636580036958362
203;0.1761390440331009
204;0.13669967214477297
205;0.19431376323028868
206;0.14900479241485373
207;0.11640388473489505
208;0.06280900322064334
209;0.029708735504442463
210;0.04639606395096714
211;0.09993206223120046
212;0.1400794659977188
213;0.01802886905785153
214;0.08618207723415104
215;0.10723379810979228
216;0.1208212675511845
217;0.1575612226529827
218;0.18552625723541308
219;0.02770903895426027
220;0.011796482930193598
221;0.1608193223748468
222;0.021060901708573266
223;0.18015899866266882
224;0.1385080875649158
225;0.097298363716177
226;0.004304163545561068
227;0.08702337965201697
228;0.15482162557248813
229;0.05420404195812243
230;0.07281696181330755
231;0.16335150122739325
232;0.14661109140773815
233;0.14754995545825708
234;0.16514524389025698
235;0.058358923386310546
236;0.1687300012520812
237;0.08440943594483807
238;0.12306292918737936
239;0.07107719981562373
240;0.08321213699468594
241;0.006163793225718162
242;0.11052362750050262
243;0.09409064014459177
244;0.024417513037853156
245;0.1550768803408676
246;0.024367918522686674
247;0.036423160737489704
248;0.08813870157092207
249;0.06788292655019977
250;0.07381045907311733
251;0.1656873512028596
252;0.060048580735969595
253;0.09751303613569705
254;0.17075353660491674
255;0.04408546175854953
256;0.03816490869679712
257;0.1881954020398035
258;0.008179522226306246
259;0.027784494045731425
260;0.13608102907755978
261;0.1346963437946244
262;0.018512769576919077
263;0.08519393285881571
264;0.08395222238385525
265;0.05169658949045189
266;0.10064311587657869
267;0.08948897816482565
268;0.14842592796389895
269;0.04945310740741165
270;0.13888534923003584
271;0.17012340467118645
272;0.09390268200678359
273;0.054206125246200214
274;0.15249376299464223
275;0.18878679488750963
276;0.060041297486975044
277;0.09061300431165836
278;0.04521642970055948
279;0.018926435772952967
280;0.07466564018775883
281;0.15844661079932842
282;0.14776176200161886
283;0.10332517313840824
284;0.1758197261800077
285;0.09136788243435237
286;0.06573507495205609
287;0.024217640446880552
288;0.07247025868236212
289;0.10420939129980747
290;0.13665297267178772
291;0.16538874111581156
292;0.04792209100983061
293;0.02328195119124046
294;0.10369185868279672
295;0.14070637589346374
296;0.08583522398449726
297;0.09928022355608308
298;0.09729450013006279
299;0.08534560866003678
300;0.09996449680281434
301;0.1935809894486181
302;0.017666953452598055
303;0.14508619835569253
304;0.1306408319030571
305;0.1512158441616753
306;0.00845351282216138
307;0.13241859688384108
308;0.03445418337341342
309;0.07356973855747007
310;0.16590832376722126
311;0.010211046715870187
312;0.007062859325664994
313;0.04744576567173229
314;0.06927028804839207
315;0.09845999448738402
316;0.08780302508320473
317;0.010474855407534678
318;0.18393050377322379
319;0.11667953930853765
320;0.04238068134778157
321;0.19488559185173984
322;0.08069197947850866
323;0.19707855320183085
324;0.0937269419457638
325;0.11326770461850354
326;0.02932477328361296
327;0.19048419951261109
328;0.1280368156134862
329;0.10775611580943785
330;0.17585283438999152
331;0.1712645982355912
332;0.027753554320618837
333;0.16352599990153902
334;0.16619349785968313
335;0.18888435518384594
336;0.0401779066744796
337;0.15117551324880543
338;0.1307094571985257
339;0.13222602935509561
340;0.16670306477325988
341;0.051521953935580324
342;0.025985598094569108
343;0.004491578661728424
344;0.04888470854864231
345;0.1908592016447553
346;0.19187457777902328
347;0.18584771815443366
348;0.12003595785747923
349;0.10128675401252514
350;0.06391079065447505
351;0.17202713038417747
352;0.0064782346272866725
353;0.17665493665396825
354;0.02853271920069027
355;0.014735148698753808
356;0.18387915383046366
357;0.06849266256611952
358;0.06248631988806961
359;0.11056916035817288
360;0.05327816553536562
361;0.079560153739562
362;0.10859077930921053
363;0.035343775392179345
364;0.050562503603534675
365;0.06954929119184748
366;0.01069646327306435
367;0.06476418293075628
368;0.05923850279210923
369;0.00549211303514825
370;0.020267685195060815
371;0.0544095711605396
372;0.0425023152914426
373;0.12293257110226147
374;0.10739605719914358
375;0.0677675082199715
376;0.13038133540362548
377;0.05491131526519109
378;0.060670555971815546
379;0.06494836873067193
380;0.043081504695790175
381;0.14121334005826267
382;0.03074931113974584
383;0.18909509658536838
384;0.14730463637639693
385;0.1701487699323309
386;0.12053596765183094
387;0.05032772813107498
388;0.14620587265885504
389;0.1970162939975968
390;0.020333538544657914
391;0.11177899077430715
392;0.09697450724412432
393;0.06320640474412596
394;0.14584290347274412
395;0.06769705171715167
396;0.12279093591827289
397;0.008946782892859618
398;0.026687765156145817
399;0.05161311107030835
400;0.06846083279269803
401;0.0837861333539828
402;0.16727595076949073
403;0.13778615879827086
404;0.019917171148863003
405;0.019840956182239647
406;0.11283158770679354
407;0.17197499877845
408;0.1791234909227343
409;0.0014676469632893818
410;0.15820890870016724
411;0.16096193294255715
412;0.14377131717856226
413;0.03911628784971009
414;0.0141492691538073
415;0.16851808617435704
416;0.11345974708787401
417;0.05241237299959287
418;0.14112495297118552
419;0.18826612031039694
420;0.051835007299458516
421;0.07726378668166117
422;0.06957581774231017
423;0.0545405731382856
424;0.08526934269651097
425;0.11451821362841448
426;0.10282342595525239
427;0.12661091816614717
428;0.13491869053397681
429;0.10026349555868314
430;0.11710562449720902
431;0.04598579941752621
432;0.046160516409916474
433;0.0013824441093388319
434;0.19894988552844392
435;0.07707469611355751
436;0.08598626459950316
437;0.03552046416271522
438;0.04417016314077267
439;0.06916454279021884
440;0.15718636615234288
441;0.10096401517756459
442;0.06632908289209548
443;0.10714843045770027
444;0.061782998499808464
445;0.1374370637645602
446;0.14801204273365273
447;0.043218402263342684
448;0.019930505441335056
449;0.06106200948105352
450;0.06416987059638289
451;0.14827562082465992
452;0.18304959729183545
453;0.055179725476919586
454;0.1926356927660355
455;0.19035644946603528
456;0.17214772878056162
457;0.12471071393646588
458;0.09512247449362227
459;0.09744981183433765
460;0.07245189846641713
461;0.142864922725941
462;0.026963478674571786
463;0.173149629990775
464;0.11730369453342232
465;0.02510566214624617
466;0.16709586179454206
467;0.18714301998618413
468;0.022781651880169985
469;0.004558914940948911
470;0.14582466682139886
471;0.13041371727669357
472;0.09949305787928142
473;0.16949244826131046
474;0.07142177602230071
475;0.1690892576640953
476;0.04772389197430225
477;0.14276595855985394
478;0.046406279217157634
479;0.0334176800901433
480;0.10355696086654342
481;0.1957936900295354
482;0.042917556249161604
483;0.07987817450362376
484;0.06982108635003599
485;0.1124399088039269
486;0.1729848940441977
487;0.07158854849935226
488;0.1397456043752305
489;0.015553629427529981
490;0.07192254567601326
491;0.03674720959600841
492;0.10366170785706519
493;0.17453826124913369
494;0.10841454984510833
495;0.034427644724252485
496;0.022300902455700423
497;0.13387574777290184
498;0.03964182777001568
499;0.015150050729635267
500;0.13717312808987878
501;0.17818285350931554
502;0.017712826506131398
503;0.1640483932013679
504;0.020311438209505407
505;0.06157109458918067
506;0.03872072181321689
507;0.1319744656882472
508;0.1239798842720486
509;0.1998693082938407
510;0.14110626816645935
511;0.06838430807774479
512;0.16095311161977655
513;0.18230598043837898
514;0.028570226916004415
515;0.10413074259758535
516;0.06989439507902209
517;0.17666761151509405
518;0.09091658308018374
519;0.1851596375830552
520;0.03702738106168366
521;0.043844303186842494
522;0.05056962483296086
523;0.06915395265445534
524;0.18495297047645914
525;0.1148477631628691
526;0.10435837183470936
527;0.18337410782335078
528;0.027976797616283425
529;0.03649220030544525
530;0.09765628692126938
531;0.14687733944681333
532;0.09095625862507362
533;0.18195366925524994
534;0.17819124248892962
535;0.15591882789654746
536;0.11041815707812822
537;0.026090617048522224
538;0.08126277347021629
539;0.1176165503776757
540;0.18634901334668197
541;0.01627354167616715
542;0.07590748474800431
543;0.1351542065519084
544;0.19926694894895336
545;0.02010811587805963
546;0.03519627653972992
547;0.02045172102651123
548;0.10344943062150436
549;0.03905040288048478
550;0.18712711938127377
551;0.08369382616027894
552;0.08015206875555819
553;0.13855683080267053
554;0.09337509915564729
555;0.159501129288079
556;0.04732854062996353
557;0.106158166032796
558;0.09054962955623376
559;0.09067867171022147
560;0.06397316225632725
561;0.02569252424603623
562;0.14645656364392723
563;0.04934309565517017
564;0.04843623786376268
565;0.046434901619113705
566;0.12168550718821916
567;0.04497378771290883
568;0.037022763024247764
569;0.0784400235368529
570;0.185960566216699
571;0.1778144857654439
572;0.08391395107486416
573;0.16887906388113227
574;0.08049459923359124
575;0.15444444879212474
576;0.030204045703529817
577;0.10473536222637832
578;0.152118045918197
579;0.0749561195981384
580;0.10951611641029689
581;0.07396244629973674
582;0.083729387005325
583;0.05693924988025363
584;0.13445999471630593
585;0.16158617399336447
586;0.11611541668424558
587;0.16384192149427013
588;0.1575419241189458
589;0.007633462354830401
590;0.07290374302098279
591;0.015873510810439594
592;0.019726770286704977
593;0.08580155246180719
594;0.17112423101001448
595;0.0927610237668851
596;0.1476062489296021
597;0.08720096932030999
598;0.04547502366849668
599;0.12053020667463024
600;0.007623090114005193
601;0.16297605048361205
602;0.16610720634460896
603;0.15712915391335175
604;0.104333856228068
605;0.0615868738411324
606;0.020481374207958526
607;0.12505045519294464
608;0.06074773108576255
609;0.14060754053797678
610;0.11432308461612728
611;0.012273506523613475
612;0.10141593364020679
613;0.01216706520448212
614;0.030424221753489557
615;0.18742404397385312
616;0.11807328849803439
617;0.008723128367039834
618;0.16660447649381493
619;0.11998904259081399
620;0.07937311268400947
621;0.19986829237222326
622;0.07770675443778836
623;0.19327278228420008
624;0.1183714043029191
625;0.016295264876365168
626;0.13391124853246608
627;0.025880729273472337
628;0.11117941730546627
629;0.16361365376101109
630;0.14450501018660036
631;0.17407817418389201
632;0.11750401363901333
633;0.12169435732945483
634;0.04104213058346012
635;0.18154941246954004
636;0.15539645929059245
637;0.08193221362540933
638;0.16318352875854744
639;0.1202254514981058
640;0.169254924024997
641;0.16421385396490995
642;0.17296803176171271
643;0.01942486950324245
644;0.10976741062755731
645;0.15816227044234232
646;0.05783046028031374
647;0.05703067039583574
648;0.060474405756969635
649;0.1702787789317961
650;0.09583172209135654
651;0.10755845202582084
652;0.16127835764714238
653;0.1857470269967745
654;0.07092851744546129
655;0.15567891283022875
656;0.15939885778310284
657;0.17748748656479407
658;0.09320842875781238
659;0.023983342962559176
660;0.18722765193084004
661;0.15192797790773668
662;0.022209944331092604
663;0.1985697952709403
664;0.10082799320568558
665;0.13387285482795142
666;0.13887149222651352
667;0.04704909225063794
668;0.16479844927537554
669;0.0935032267208694
670;0.0387123028234444
671;0.1415578395869019
672;0.03204575739877285
673;0.03053857911748157
674;0.09400824366504859
675;0.14974304469644906
676;0.07821810144386665
677;0.19733282193297633
678;0.15258594616781487
679;0.11196598618514318
680;0.10671763823318003
681;0.1306967995710253
682;0.11212606316813836
683;0.03768130214105989
684;0.11715307935294367
685;0.049193839725671866
686;0.0323091858280173
687;0.131448153150975
688;0.003737518993525324
689;0.05224025142561131
690;0.07995705030181387
691;0.15130329813411847
692;0.058406141207203666
693;0.195507927150268
694;0.1479111779576589
695;0.0696610303927098
696;0.19150393202204735
697;0.14948945738142255
698;0.08548965618395975
699;0.1235232034776262
700;0.01725465283429486
701;0.17415678079478267
702;0.03982545599482699
703;0.18512350297322877
704;0.17993520642683888
705;0.09780903808299019
706;0.0320941688902034
707;0.10328874855950528
708;0.04445093853664853
709;0.12588159813235886
710;0.07328716652689644
711;0.12955531329617534
712;0.06912477645941977
713;0.16448162981194747
714;0.11589206297298896
715;0.1942931775826655
716;0.1863514151265534
717;0.0651476727108714
718;0.1469926945348119
719;0.13907050305149812
720;0.1247515201893184
721;0.034496936487984575
722;0.057405102837870065
723;0.18455751486121685
724;0.17927421601284685
725;0.1466006561022381
726;0.13370588883713277
727;0.07903846823268959
728;0.00035531499704775097
729;0.01948251178738787
730;0.1918167304968853
731;0.1054389639393299
732;0.12864453978067733
733;0.09478458102413911
734;0.04462300440308489
735;0.09631339254562994
736;0.05766361882485802
737;0.03145660021824364
738;0.0991278305367846
739;0.19212401009551083
740;0.14478504230594813
741;0.04799400342219567
742;0.0021355102860588283
743;0.15173029527407628
744;0.1893078455841709
745;0.1414392146543359
746;0.10764474769602564
747;0.00679161140556015
748;0.08010111545777916
749;0.06914123531401258
750;0.062345473981474435
751;0.10254470431090412
752;0.06388936241428554
753;0.11353509364588021
754;0.16524564616899995
755;0.13625988294489708
756;0.1428565634195619
757;0.1334064906336462
758;0.15746534709239823
759;0.011977357644763376
760;0.15501434899065444
761;0.16644635185909443
762;0.08990409297275431
763;0.14712536698079173
764;0.12126935211552091
765;0.13303541428031138
766;0.08380597861197146
767;0.04480107560796094
768;0.1972306327331993
769;0.043169397975507964
770;0.14755450559908576
771;0.030578019089668153
772;0.12450832310624403
773;0.019626458590971077
774;0.19074711046842355
775;0.0168804575274363
776;0.016616892987699906
777;0.07329474776427036
778;0.008387582929014937
779;0.06583540662597605
780;0.15054527014897626
781;0.12517500774287396
782;0.10658969673331875
783;0.058282620716606774
784;0.0629232666666084
785;0.05107720946197043
786;0.05327033515646478
787;0.021109828309909418
788;0.0007631293911702919
789;0.03548796358173865
790;0.03633539523043563
791;0.19539794160276336
792;0.09421173630890706
793;0.04064507937425024
794;0.16439000462728104
795;0.1994671225930115
796;0.04992888404936995
797;0.014240329590820734
798;0.1352958402503928
799;0.06617807850006696
800;0.01602683559728524
801;0.17069058795129988
802;0.062072639274754995
803;0.11251041712605428
804;0.1820700970851962
805;0.007060389397855471
806;0.026637713787294737
807;0.0660509541379131
808;0.005662875452684269
809;0.04765573942051285
810;0.0799197161473647
811;0.08033520233905632
812;0.09139069059275623
813;0.062052148331740026
814;0.02408345354628885
815;0.19989967265057387
816;0.12606681575260645
817;0.03453019517693752
818;0.03209046834209348
819;0.1484423475780396
820;0.17013247578593924
821;0.042764803826565514
822;0.1808856158776539
823;0.16184632413837355
824;0.06887145226611349
825;0.15979070103115522
826;0.0910192170961315
827;0.135324775212034
828;0.11208655999365438
829;0.07786502966319715
830;0.17655962334782568
831;0.08523693540111824
832;0.15106279757173868
833;0.04002775366651732
834;0.0276718293326641
835;0.05837738809794124
836;0.11084518104984405
837;0.18456159102831848
838;0.16043089918540498
839;0.07679746347301548
840;0.13218127655464934
841;0.17011645221156224
842;0.1950026303840997
843;0.06882973797269656
844;0.1543613021532259
845;0.14977013892042565
846;0.02830141729207978
847;0.11517968672461786
848;0.013960353771495938
849;0.04283218310987125
850;0.1074305311632553
851;0.0795072981735484
852;0.09866577949921125
853;0.04126908112130441
854;0.054912837473551225
855;0.033564220748207085
856;0.17841178939788488
857;0.06761998867575025
858;0.18079419397931262
859;0.14655601795025597
860;0.16998377842299153
861;0.05071179180035872
862;0.054583898587671834
863;0.056958284385044515
864;0.030096832973539114
865;0.09178499614488365
866;0.16030578912686644
867;0.07868075574399132
868;0.0020327056191703943
869;0.021233242024346666
870;0.005428302635782912
871;0.0388004391524158
872;0.006074747732819597
873;0.008426298026532565
874;0.16199561932859977
875;0.10048067171745437
876;0.08990037329498808
877;0.013641671928288579
878;0.11002177424653115
879;0.12599041702005884
880;0.08667986497720735
881;0.024166145068628953
882;0.18691866548721794
883;0.10108573822151218
884;0.041372543528976104
885;0.07128682660349113
886;0.10048580639861843
887;0.00336444955894728
888;0.040688542293447386
889;0.19305533134638497
890;0.0072098035083166595
891;0.16617665158895173
892;0.13605892621338073
893;0.1394173789087874
894;0.0656321008542952
895;0.1320158308443844
896;0.1384903994716112
897;0.06161265947000308
898;0.10653264269731043
899;0.050651025732190935
900;0.06622004576871676
901;0.0412749736925585
902;0.15229945276500007
903;0.17491804818562362
904;0.0007181218566667535
905;0.17555916903073304
906;0.1460453321076279
907;0.16935455018405374
908;0.17424524182218645
909;0.16842769281694148
910;0.11462677668373576
911;0.10986914703648497
912;0.08199941378454856
913;0.15614162706656556
914;0.0690550626736968
915;0.09146399897253175
916;0.11115247841064263
917;0.0854711430607989
918;0.04174884463095248
919;0.0753077972177047
920;0.060890184047530244
921;0.16972737393213191
922;0.15218640213073648
923;0.0591908860068151
924;0.09038911585247607
925;0.059910149945407644
926;0.10715144379019073
927;0.0638710314114801
928;0.025565594994820185
929;0.0022218701740590596
930;0.10674502651356586
931;0.05933578911288054
932;0.09549332562359758
933;0.17863160133938413
934;0.03933477266712762
935;0.10161694569897994
936;0.12012471107925292
937;0.18253058153667587
938;0.040641964883673866
939;0.0169656162837182
940;0.004012234812957471
941;0.12293566993894829
942;0.12221985710909816
943;0.10741701434933888
944;0.04808742349583062
945;0.08249257302784173
946;0.16297883941557934
947;0.12262829575054934
948;0.19876770216178202
949;0.12443821026726212
950;0.1261610300600293
951;0.033885581476298256
952;0.11296351535006058
953;0.15577463286341575
954;0.01674343528144904
955;0.022255351878125242
956;0.034944997857530934
957;0.08443131822368755
958;0.15770270831851096
959;0.10545958310061701
960;0.19026160927453728
961;0.1067553639343539
962;0.18520878921911763
963;0.19292384807858662
964;0.02615832405952532
965;0.16752615743426724
966;0.01246228454416054
967;0.12636667496548892
968;0.040429982751118844
969;0.19400611928307226
970;0.09357435206455911
971;0.09483513972702483
972;0.19772184254723918
973;0.09416330929535184
974;0.028331115698817612
975;0.17361222795766024
976;0.007907808401680639
977;0.06672269451891881
978;0.031896721868740534
979;0.06815156765553619
980;0.1656960734143362
981;0.19045570312780502
982;0.022480186638586953
983;0.13814448243628616
984;0.1930884204020792
985;0.08778643504821566
986;0.15369679382876844
987;0.14978058804272107
988;0.17009987465676052
989;0.1067472403907404
990;0.12699659024246324
991;0.09391070787859282
992;0.020616315873905423
993;0.07645427364564406
994;0.17832941007980954
995;0.09254288753564986
996;0.008487259046873396
997;0.07146508263223404
998;0.058937889696630434
999;0.03066114523051926
1000;0.18720637133490045
