1;0.19605355428423346
2;0.007119106241202489
3;0.0064977245868920175
4;0.02238933381608992
5;0.15286368555925015
6;0.035705099181747205
7;0.06953749946995802
8;0.1305876335382882
9;0.031878600242822255
10;0.14215567309962104
11;0.16036539312837456
12;0.1493241704698892
13;0.0022017006718931587
14;0.05731671113109842
15;0.142024285709936
16;0.028373832502141094
17;0.05033943370751812
18;0.09515408491483246
19;0.11450984499569294
20;0.02004367749223046
21;0.0973627662459544
22;0.14382264992524516
23;0.09990302204919643
24;0.1645660072061902
25;0.07873284233337428
26;0.14729261547661684
27;0.17569026514536218
28;0.08791980247654985
29;0.14773932547375543
30;0.11120299267078021
31;0.11013557322426859
32;0.08593132375528828
33;0.06137693036530483
34;0.1796661103586132
35;0.17106402211766789
36;0.0745818567170808
37;0.06119946821602915
38;0.07677362637675007
39;0.19637237852952866
40;0.018876588091179758
41;0.163905996975849
42;0.1631058769115956
43;0.11994674265240311
44;0.030780613494290756
45;0.17764385448365735
46;0.07736304248776647
47;0.1595488267931149
48;0.19505570151326662
49;0.16948442926615723
50;0.16173220392186444
51;0.02077318711310785
52;0.1562814983468391
53;0.05438600862978456
54;0.10549191450542564
55;0.1224781938370198
56;0.12249926159530394
57;0.04448346888198429
58;0.1996340416409669
59;0.12408830755155219
60;0.024215226418123705
61;0.06116542471789697
62;0.0778437786344963
63;0.08478280313702649
64;0.13545070687558
65;0.18190995004032587
66;0.1560215939388093
67;0.07829929256460422
68;0.0772164966220663
69;0.12922004401168322
70;0.026230501505739315
71;0.10102053214277561
72;0.0950930752997372
73;0.031201237202779255
74;0.005909447820169601
75;0.060587716554111326
76;0.0320967944375651
77;0.004523684872657952
78;0.19624817303718994
79;0.01950256145045899
80;0.0665187462993163
81;0.04111717246704525
82;0.16373610241035869
83;0.1079428677353872
84;0.051169250393406876
85;0.08529634474355391
86;0.031148727749792937
87;0.1685175188533033
88;0.037103845713159056
89;0.07920539651538537
90;0.13337092492283337
91;0.1320841800588185
92;0.19061875636566225
93;0.0496848553968857
94;0.15474991859230075
95;0.16182575645880187
96;0.17248079760461996
97;0.1904404040798111
98;0.14237937830269684
99;0.19036882682374864
100;0.07142017169631075
101;0.02905863228945456
102;0.1280994399918909
103;0.04769809530197969
104;0.18226281205225592
105;0.19783882645295636
106;0.0006398247260797074
107;0.1572993351728973
108;0.1648668043993814
109;0.060341847057953694
110;0.04484835673367165
111;0.058456219474979476
112;0.09093990185608572
113;0.06061503614331496
114;0.020939597427936076
115;0.09353864935650275
116;0.05521869408396188
117;0.0952778138502287
118;0.0060498884494315066
119;0.16922339725040897
120;0.009430024534062432
121;0.14795043428726223
122;0.12030725540141302
123;0.14748015925949362
124;0.12929237984159955
125;0.16360860493548662
126;0.03088412501192781
127;0.19762801509672892
128;0.14979858460841586
129;0.19550601897734182
130;0.04229635365220417
131;0.1652803843779778
132;0.15544203384209482
133;0.035053288435777395
134;0.020845289182467686
135;0.04064994856641098
136;0.16638458661367939
137;0.00693739416384156
138;0.06371470534360353
139;0.14986554184873718
140;0.18760609292755193
141;0.182196723554162
142;0.07168198074235213
143;0.05529358820803552
144;0.04119964626859621
145;0.19785865123462903
146;0.04889876544217336
147;0.08392534343438174
148;0.06096500375881449
149;0.15936154377831288
150;0.05993567780855629
151;0.01869443407518756
152;0.012593225414386677
153;0.11928262428298549
154;0.1232393092099353
155;0.05877726001811123
156;0.040269897574480455
157;0.11397460980075894
158;0.14014228036930432
159;0.0017311163893603656
160;0.05341137461839758
161;0.03640048748003497
162;0.11714649656448975
163;0.07482432733118982
164;0.06281414827626353
165;0.18189273762681443
166;0.17235273766579162
167;0.0743460926137408
168;0.17668698682938055
169;0.1154993546561281
170;0.03073936776351165
171;0.11239728903452502
172;0.08468227752286475
173;0.1871188264845891
174;0.0322395452869499
175;0.12702410474293588
176;0.1564912893834186
177;0.10440351970293159
178;0.13109634880582519
179;0.031032997106953508
180;0.115047365571726
181;0.06224732342780555
182;0.16196739349334677
183;0.18915539323224578
184;0.05180849902736271
185;0.026374506290111555
186;0.17099457405556898
187;0.0795650115352649
188;0.020917232150212618
189;0.09986846088902142
190;0.08429174626421239
191;0.1307370639576116
192;0.020050196675733448
193;0.10883370223398295
194;0.16373168798057328
195;0.07739955190985004
196;0.15078485832333566
197;0.05497523790121293
198;0.06301012786665008
199;0.0834634094003513
200;0.11647664309233981
201;0.13406570497324966
202;0.11966071207894242
203;0.052461756023832254
204;0.06328655566270776
205;0.13326554444593014
206;0.07511234465517476
207;0.08942209357134501
208;0.053075382895461924
209;0.10484463674123108
210;0.0916076095319388
211;0.0032229945060008093
212;0.08118220233696205
213;0.19237866467328577
214;0.1447038987478805
215;0.1794997538144626
216;0.025728491116261323
217;0.10100583587527055
218;0.0337706335210838
219;0.11941411348048386
220;0.1907674441580947
221;0.18115131099197768
222;0.11157966773205014
223;0.07440090647525928
224;0.13013793879744984
225;0.0471220157457301
226;0.15170105700750922
227;0.13140891385293096
228;0.07589607463924389
229;0.14774701717256952
230;0.1626181364375879
231;0.06756626263194086
232;0.18491826481451443
233;0.06460444722453376
234;0.024937636070530612
235;0.12246995998214825
236;0.08847202128276702
237;0.12045957862741213
238;0.1274116811654318
239;0.002874844493886442
240;0.007086188934855731
241;0.0462557115240565
242;0.05987388366310423
243;0.0696288414412259
244;0.19036103027412862
245;0.08630178294887779
246;0.13684412677767122
247;0.08799496969803731
248;0.011640402310647913
249;0.12886739301948474
250;0.09583686928417444
251;0.004355226326931661
252;0.1789093818181398
253;0.11422623473715338
254;0.051807520719692995
255;0.14606081777783747
256;0.03181300312880171
257;0.09822941733422763
258;0.06531456110045285
259;0.08579155830812434
260;0.16660164194314897
261;0.1187356019763054
262;0.07138982401537246
263;0.1344252925847299
264;0.1491453420646142
265;0.014558371201609167
266;0.05715092445040411
267;0.05005875156225273
268;0.1426015675404574
269;0.15099242335803298
270;0.14377885861579057
271;0.01901602694191771
272;0.07089275337568257
273;0.049650810079253274
274;0.08879066766502966
275;0.09394629129966714
276;0.1632525173691241
277;0.11894153707308262
278;0.13792662333580005
279;0.0727430902920595
280;0.19634514575659665
281;0.15539763804897297
282;0.021589888280745286
283;0.05567500486875346
284;0.1920268562107232
285;0.08645984217541598
286;0.17510800527824322
287;0.14284962823472502
288;0.16873639136144147
289;0.05068957966955348
290;0.07459636184717044
291;0.06305923921471744
292;0.02055298431825281
293;0.17645728192790555
294;0.07928847093139256
295;0.19464905335799376
296;0.018371954350155508
297;0.02202461451190716
298;0.1755047556329297
299;0.09799709192631381
300;0.05788610818883806
301;0.13873219995789626
302;0.1523698649771057
303;0.10572370585878717
304;0.025078432044459743
305;0.1300236546734567
306;0.09655407552132014
307;0.17510503977721084
308;0.14132669824485403
309;0.05080028871062714
310;0.09359064362337931
311;0.14259138318815526
312;0.050072185015574734
313;0.13927065984815
314;0.13756687507900278
315;0.1435834175022781
316;0.10350788414275712
317;0.03636908288781187
318;0.08215641947350263
319;0.12956864976356636
320;0.1782039438308387
321;0.08060739389613392
322;0.1867287491546972
323;0.15664647864094466
324;0.11110438681866348
325;0.035174248581071564
326;0.09095224595706844
327;0.0464751085921598
328;0.19396723636228339
329;0.05482445157858271
330;0.12773499834442986
331;0.012093269489861981
332;0.0843593190532374
333;0.0009817220640488955
334;0.0033379165437765314
335;0.07322088812972401
336;0.0926107639850039
337;0.054589260042931034
338;0.05429370913528924
339;0.1088188889778886
340;0.04466481433696279
341;0.015323842985455572
342;0.16060973962892677
343;0.1570003439097426
344;0.04637462740191252
345;0.13563262932019282
346;0.18367017193310484
347;0.13214382894620727
348;0.1698275996337268
349;0.10859068725721897
350;0.06775487611128035
351;0.15394432592961607
352;0.12415366989796013
353;0.010099810239498842
354;0.16714628299805967
355;0.15106567797621534
356;0.17516396926632619
357;0.08055748793134941
358;0.18260056010601675
359;0.026806025616173915
360;0.11913298372950172
361;0.11234261271688338
362;0.17429218662963974
363;0.06661338536480492
364;0.009800089360799548
365;0.07136684999304879
366;0.19604741430261355
367;0.14308802139825005
368;0.15641231925108712
369;0.19953257963676269
370;0.07786206191861629
371;0.05461406948738221
372;0.12043600616951278
373;0.09404606225435999
374;0.08686444698426586
375;0.15610174724831083
376;0.05973683034993929
377;0.16784684301359082
378;0.08716642496216515
379;0.07649388602809848
380;0.06612573984731694
381;0.10225894764147317
382;0.16932419653278696
383;0.1882437689278085
384;0.18073591967568173
385;0.009275852199597746
386;0.10324689311013464
387;0.19315253417135694
388;0.05215140455936569
389;0.16561284814705987
390;0.07345008390065609
391;0.12138835008293314
392;0.18869398535926565
393;0.08386239458441841
394;0.17998828840011796
395;0.08201642570587186
396;0.06504734567496347
397;0.11021978774282865
398;0.03433479271565101
399;0.022259320075549028
400;0.029257880876743393
401;0.04453558101509314
402;0.18361479417782062
403;0.17966957835359101
404;0.14828864742214246
405;0.011244002589643688
406;0.010745498898208972
407;0.018376555378459215
408;0.022979504394912212
409;0.11474987327177558
410;0.16949412619513035
411;0.1733581708386071
412;0.018719070005613216
413;0.1073487581939549
414;0.11146060531714991
415;0.020066663822020894
416;0.04329606034906506
417;0.12210294017489863
418;0.17823434928641096
419;0.19339555986042456
420;0.024774194290539397
421;0.08405973903059416
422;0.03409186841275243
423;0.12219407305850348
424;0.17810683860439788
425;0.16498652399391275
426;0.06902819994556496
427;0.10822515805089193
428;0.1210642700322979
429;0.0721223103962694
430;0.10434553083822758
431;0.14306962905120144
432;0.14103739497845416
433;0.06304716555146372
434;0.026890727348039392
435;0.14863668557785778
436;0.09912127674387178
437;0.06907795910144603
438;0.07042009637244243
439;0.15891630481524988
440;0.062310973845870476
441;0.02200909636651467
442;0.08741982236337893
443;0.06818599288930653
444;0.005668458551526246
445;0.07417983302170399
446;0.16429534977456087
447;0.13942479769596003
448;0.06793687731659954
449;0.010748908205765951
450;0.08214125039102177
451;0.10220237066028502
452;0.166398496451433
453;0.09830644613860945
454;0.16473608480574273
455;0.17832302484311754
456;0.041451177757304294
457;0.01181822320366619
458;0.08715732075632801
459;0.1756040049757414
460;0.03583283971539169
461;0.17278895224330676
462;0.019784898168278022
463;0.02849022867914639
464;0.011790887266774264
465;0.11710704733721818
466;0.0658043790546839
467;0.18486695454955715
468;0.1325577758934325
469;0.0770951971336972
470;0.04824319437538016
471;0.057637381986450235
472;0.18014571376614835
473;0.09071468311430012
474;0.11682085971832888
475;0.11665683599208934
476;0.06072625880912366
477;0.10984428673170943
478;0.12438145138921418
479;0.09649716267084092
480;0.05331554610055749
481;0.038607008954900573
482;0.12381175151824216
483;0.18047167898899064
484;0.14058188887245524
485;0.09922833869402226
486;0.05372395978926073
487;0.1030805212269162
488;0.07673849500648378
489;0.07374230461262414
490;0.10523691599230311
491;0.1634842671371401
492;0.07670119449153659
493;0.16901338955718925
494;0.16476130403464326
495;0.08269943896862175
496;0.1333597903992526
497;0.06850243085215728
498;0.07805865289672019
499;0.1539348500434291
500;0.09299874858951865
501;0.11586881249477975
502;0.16079577844927592
503;0.18438227537846572
504;0.09060115698357943
505;0.06439882782429922
506;0.12353092477359327
507;0.19513161871654716
508;0.14996783227641625
509;0.07899037503752862
510;0.052683186284269296
511;0.10056124613457587
512;0.08495769671074974
513;0.08413900182285397
514;0.097441854974055
515;0.19153497353955254
516;0.12608741366753157
517;0.13427064737453837
518;0.040359307126579314
519;0.14783229206561233
520;0.00636839459392018
521;0.08958599442076354
522;0.17309718241845767
523;0.14014243860397885
524;0.07213144910888568
525;0.1305358710449665
526;0.027888849377148195
527;0.04980062028312626
528;0.1082927684787136
529;0.06274381784454833
530;0.14422313355568764
531;0.05169734671709772
532;0.19476373013304096
533;0.12082892946803643
534;0.023740252833637412
535;0.13000443659569083
536;0.18512412690461133
537;0.18295349050662985
538;0.12130788363747497
539;0.19904955724330056
540;0.046821887403568276
541;0.01618571794390753
542;0.03812927350737319
543;0.1391768020812498
544;0.016796789622835373
545;0.17578728496040327
546;0.02802657129260784
547;0.08245153828774149
548;0.1261804872663808
549;0.05254581555218938
550;0.02021443458718806
551;0.11751977241232764
552;0.008171705127614892
553;0.08222387912739099
554;0.16670738092302334
555;0.12459079574638543
556;0.10177047681113721
557;0.001417004267049249
558;0.08732199862971067
559;0.00630983809527752
560;0.01175445164771416
561;0.11648054379413386
562;0.026377179143201215
563;0.011703283228323659
564;0.07318906560696732
565;0.005786873556263084
566;0.12503523722845905
567;0.0878904806311017
568;0.03447536451336213
569;0.05111047681970047
570;0.13554881249869372
571;0.050512405324112414
572;0.14672591594455406
573;0.0047912780011501125
574;0.15268946422936672
575;0.013689802132798468
576;0.14343096992923662
577;0.16221128968339452
578;0.09402197363361119
579;0.19702951061971663
580;0.09687605727503085
581;0.18309926463869333
582;0.11868400579795357
583;0.07984024537425245
584;0.18905233046676773
585;0.05591978977163519
586;0.07392960780811297
587;0.1993359721145258
588;0.14097518485066143
589;0.1313309452870135
590;0.08591301774505294
591;0.19605764024923383
592;0.03069746469279393
593;0.1823029757239173
594;0.0282482157983742
595;0.07086824215288577
596;0.047829101922880236
597;0.033210244154323144
598;0.008321890275663968
599;0.052847004282744116
600;0.18453076360095974
601;0.08022254055847555
602;0.19754676643168637
603;0.1658515869932928
604;0.046716690803460574
605;0.16769642311573812
606;0.10837175898302268
607;0.0381601829085616
608;0.1743480329672416
609;0.02827109215014343
610;0.11092636643170657
611;0.13559223596381667
612;0.19029225186913262
613;0.00862306705084277
614;0.01795662021104907
615;0.052272143234626416
616;0.010335884938578
617;0.17179666772639074
618;0.03000234089642291
619;0.015887679972614154
620;0.08790823403898973
621;0.14085185824410462
622;0.04761696594446754
623;0.15040704645681893
624;0.15912836207484116
625;0.10274214498279566
626;0.1449114569185281
627;0.1804235865241581
628;0.05151433059941799
629;0.14909625299503018
630;0.03529283223397748
631;0.009235157385804582
632;0.19986154488471117
633;0.17872712423940773
634;0.064598977369561
635;0.015655653171938778
636;0.15324007917888038
637;0.11319952042371684
638;0.17144315020465006
639;0.03908273441217125
640;0.18227006201194568
641;0.19431675143961716
642;0.19342775110901533
643;0.04221779261448486
644;0.027158770996154602
645;0.04465485183408564
646;0.19993322014196024
647;0.03171295204298472
648;0.1726570870025363
649;0.10917886143948732
650;0.1998032513993111
651;0.19472468435535456
652;0.17750934379581096
653;0.13985731127522374
654;0.09923404095887339
655;0.19708319369089322
656;0.09261364831492594
657;0.19894140265816124
658;0.007316323632292465
659;0.1517931326018992
660;0.14081526157486704
661;0.13217139652680018
662;0.13277991279470466
663;0.013635460516114684
664;0.0270310149087708
665;0.11136506758539398
666;0.0943431632746522
667;0.10268222906427774
668;0.11729083682661048
669;0.1735947479926858
670;0.17912489095461737
671;0.12975988125216706
672;0.018809080668317192
673;0.06701243020016234
674;0.1920443187303752
675;0.14903986296269472
676;0.13837436079730295
677;0.08408557453379972
678;0.04994028550576184
679;0.046986230166297153
680;0.059188103295702704
681;0.04191525100881641
682;0.19753415620488213
683;0.028851541760346745
684;0.17612323631298676
685;0.03398309423478692
686;0.17889799634479653
687;0.19245090146063168
688;0.01282517740703535
689;0.09848938917365933
690;0.07028855027729956
691;0.16598923366416402
692;0.09408033312480289
693;0.14240093945913415
694;0.0007732059510881851
695;0.08690163043614828
696;0.17190365150110812
697;0.18942227531996378
698;0.12623739076521737
699;0.06361240636008096
700;0.18004718828177937
701;0.14041422551330093
702;0.0097774271332838
703;0.012470754630802383
704;0.09962889149086691
705;0.12419683228096223
706;0.12099724850514693
707;0.027883602786393902
708;0.1344183268950136
709;0.13479160507887064
710;0.11547277989451271
711;0.03852510124229083
712;0.07420400362440889
713;0.12820377428838425
714;0.03427613227959519
715;0.1550053334890122
716;0.11826294959762838
717;0.13448267471165787
718;0.05430371679785517
719;0.1625379766649968
720;0.06784389971875171
721;0.006278730545187106
722;0.10330055007105361
723;0.18472670938714217
724;0.037571246296787146
725;0.11258870887630859
726;0.11607723733115016
727;0.10601667886406008
728;0.08321970008805411
729;0.0518664916900266
730;0.0071316196565627266
731;0.14484300006631004
732;0.0679154339387394
733;0.053280856350897854
734;0.07701707263447409
735;0.022869191902663056
736;0.1315450925989106
737;0.19821711501452294
738;0.057890046559606126
739;0.05779235504526528
740;0.175642210621744
741;0.17981368854018595
742;0.07893372154881227
743;0.0931782932133769
744;0.10368288496470023
745;0.016527350461223868
746;0.1986701799859547
747;0.023011501314797678
748;0.15265163694548894
749;0.11937686289823819
750;0.17275671880723487
751;0.09511959592900153
752;0.058490970147389465
753;0.08572820091156026
754;0.034138474958736585
755;0.059357369116207925
756;0.006147647077577623
757;0.06237739653572008
758;0.18510516485524942
759;0.17546169869382583
760;0.1356642959173836
761;0.14294664250621514
762;0.11501456319141255
763;0.0448460698457027
764;0.051503921607345564
765;0.11767220016968385
766;0.1285756600349943
767;0.1555988399037052
768;0.09967114822225527
769;0.017377469035256898
770;0.08101877870504565
771;0.013848715423208669
772;0.14569724636649242
773;0.05722685370536238
774;0.01657513001417037
775;0.10768640122379287
776;0.17765497749317344
777;0.16281171601290167
778;0.06437382720924092
779;0.01795732092575595
780;0.02939702217177023
781;0.121137499536356
782;0.17756103521239225
783;0.00819008595047912
784;0.012498966249838773
785;0.0380479728574431
786;0.07696920562464434
787;0.01649810288844591
788;0.06475018550623257
789;0.1202858579504303
790;0.1115003899871468
791;0.03888369254202626
792;0.15127308905657152
793;0.19897211367740283
794;0.19302170707686211
795;0.17648913930492388
796;0.10009246193717264
797;0.09599187771144127
798;0.08183893623993713
799;0.04002487885450661
800;0.03183338235269524
801;0.08540143391755756
802;0.10623049595772904
803;0.09087205385101978
804;0.01420915217098655
805;0.12901375294838777
806;0.008514592068606098
807;0.18023410869354917
808;0.05595556100013613
809;0.03870364056657943
810;0.1349260833447807
811;0.16183537318328942
812;0.10947201318854403
813;0.1284311201136227
814;0.032312577550799436
815;0.17240652694539382
816;0.09365781168444268
817;0.183970359828455
818;0.15543591031027182
819;0.07371048770008302
820;0.10413380026398847
821;0.18579644567208098
822;0.1686369737005302
823;0.049117078479088375
824;0.00924802542779568
825;0.018214245028567055
826;0.19990206873773606
827;0.10186977110633114
828;0.1843809512257161
829;0.015794552404005246
830;0.018246930043795073
831;0.0858857581644555
832;0.012899472591766381
833;0.04107440041453854
834;0.09583539439401918
835;0.02389785058607954
836;0.13911323476817425
837;0.002606511504698794
838;0.11596559862186782
839;0.1359095973433356
840;0.036562309074328
841;0.12696634839095955
842;0.010153888564035785
843;0.17180969962040138
844;0.10068558342498157
845;0.06576903849792651
846;0.015116672633450845
847;0.17908708811402474
848;0.07422188721631602
849;0.13378304213134382
850;0.07868994989697549
851;0.04813663283052603
852;0.08774421385791842
853;0.04394327183952467
854;0.1593993376188526
855;0.07746628942189969
856;0.13022059372430483
857;0.18545868587688463
858;0.1809888520511015
859;0.12434476658167402
860;0.0831726067271008
861;0.06600897195224638
862;0.1299284376594905
863;0.13232409409409096
864;0.009320348333507677
865;0.10227322943634912
866;0.07833865070056845
867;0.03898164988441675
868;0.009228035287878633
869;0.18889221240467746
870;0.1861520801004997
871;0.02310068528779634
872;0.1737952607138092
873;0.07245063042687594
874;0.022710289625620807
875;0.07274069612402208
876;0.15372642778505563
877;0.06644510567801996
878;0.08778846244357355
879;0.04576773578981035
880;0.05735448161347217
881;0.009030993005107724
882;0.09096247202392871
883;0.015157979296560554
884;0.04739283906472396
885;0.07952646818208609
886;0.18234663138453666
887;0.11623059975215322
888;0.18063103422732074
889;0.13611862425874763
890;0.13017553896516915
891;0.07410088734806433
892;0.07654409149483772
893;0.12359218833575221
894;0.009954337023087102
895;0.009345874047236502
896;0.1628505855892969
897;0.06801796535697553
898;0.10798380777174406
899;0.05068796647349556
900;0.1088817651756182
901;0.1490033193866131
902;0.05959867535187607
903;0.09968169766611788
904;0.05242033237866309
905;0.0734515712843115
906;0.13846406958769986
907;0.12056108869914849
908;0.06550605060625536
909;0.07593094531128096
910;0.058733821830603654
911;0.1470183837813279
912;0.11867221717278116
913;0.06656509773544635
914;0.08429245144924302
915;0.18443476317894147
916;0.042072005952617446
917;0.10902435575909375
918;0.14576244728295748
919;6.530149912529205e-05
920;0.1334799395457418
921;0.16260574705945258
922;0.05377744170812111
923;0.014245216530698613
924;0.052872148125279454
925;0.04867832486985116
926;0.006095103707540628
927;0.06545812867275458
928;0.027073880635624794
929;0.08877087112488886
930;0.07024200455815821
931;0.1523807554684773
932;0.17815954562782102
933;0.03524985453589853
934;0.09519848089068839
935;0.17054904403106563
936;0.14500687817013103
937;0.10823211189715726
938;0.0198371806403018
939;0.1576075895118848
940;0.17942531015171287
941;0.06802699966196167
942;0.12170159957715804
943;0.15714277071282567
944;0.1567286413900012
945;0.03769362434242776
946;0.006904571925582115
947;0.16598466457630223
948;0.1764126691873946
949;0.1662295423563821
950;0.13110767516632613
951;0.18181121725428895
952;0.16784805062764258
953;0.153130277291543
954;0.1836257505556326
955;0.12628319688532494
956;0.11748462054243243
957;0.08194059751354128
958;0.005149847758581983
959;0.11696339780201409
960;0.00437690416198806
961;0.0481723117141198
962;0.08788666615825441
963;0.09025561094604838
964;0.10712457878905624
965;0.09625797212964318
966;0.04555920345239892
967;0.038322052432131916
968;0.08529198940013749
969;0.054766967781794
970;0.013726362747360743
971;0.16946190437847572
972;0.07540167965508604
973;0.18006839909566408
974;0.13050158704912693
975;0.027667795335482383
976;0.11727763530831262
977;0.18092781705789188
978;0.15085508236902653
979;0.1931283305092245
980;0.16862875964182455
981;0.15269594435479897
982;0.06560772643535517
983;0.053490425970856785
984;0.11893831643261595
985;0.02412254185376841
986;0.17848275570297611
987;0.17451386909962968
988;0.11775763837596538
989;0.024964525476102596
990;0.12990748568228744
991;0.19182476519991554
992;0.11169855131579023
993;0.14580026726997497
994;0.04209645950952112
995;0.05903532531610703
996;0.13066743962813762
997;0.16848202669193096
998;0.10517213020450587
999;0.06169535880977988
1000;0.07759483118467062
