1;0.12181609802978782
2;0.08509226932561237
3;0.01257491712326655
4;0.17491242012636854
5;0.15249421822181053
6;0.011933399662305577
7;0.08537621987876831
8;0.1825896973742732
9;0.007251844502433502
10;0.06825979906919015
11;0.10261260413266622
12;0.0868950312901678
13;0.011622760567474867
14;0.0947633879567018
15;0.08579516437057699
16;0.15871678432365224
17;0.13296183994171717
18;0.16518003127419256
19;0.10035992452464992
20;0.04732995052501574
21;0.1218372750551809
22;0.190263054082125
23;0.11046480360842058
24;0.17270888755098684
25;0.08596766757691565
26;0.03701044698688101
27;0.16847715122627713
28;0.19957609758668612
29;0.009762632670994621
30;0.10892146706883032
31;0.006363364237102842
32;0.034914509596699665
33;0.1804606794926256
34;0.1588752049168169
35;0.1611788306056395
36;0.07242584337590448
37;0.15834027256590363
38;0.1468244476618298
39;0.09791777833468784
40;0.19388492298402327
41;0.055490247060764886
42;0.05908397820228322
43;0.1854952557846862
44;0.018477721080387966
45;0.13354051546745888
46;0.05521743541480582
47;0.04389938714749513
48;0.17793215124851017
49;0.06728175185145713
50;0.17990965719474444
51;0.005999959935721378
52;0.17590489958538222
53;0.14897111794465737
54;0.058497969016451726
55;0.10259745170411755
56;0.06509947569552701
57;0.19427644782257006
58;0.09142628861501803
59;0.12919842993287653
60;0.04728068631312739
61;0.08919444202125504
62;0.08279883621475798
63;0.04458489070841978
64;0.120968884037056
65;0.08153122841467178
66;0.02134391121866848
67;0.0885442805545103
68;0.12376152715792144
69;0.027281461693099508
70;0.006042323948884376
71;0.05150482101636072
72;0.04158801138821094
73;0.17688845580885748
74;0.06936329520407807
75;0.11447654681294084
76;0.1541865319721942
77;0.12104984915390188
78;0.030218692033937636
79;0.039018355882024826
80;0.13707223910360908
81;0.15722153594296479
82;0.13757753303799844
83;0.09245077471514712
84;0.17618758437784376
85;0.18281689967755116
86;0.18295556161506396
87;0.09136008703670857
88;0.18327140763280164
89;0.01361521094128848
90;0.14736853655504628
91;0.1772883933818644
92;0.10825397163642936
93;0.08491393976932081
94;0.17886110381284592
95;0.03436386530890201
96;0.14261765042997393
97;0.1456812961086423
98;0.022200760162515976
99;0.15965936271564848
100;0.14335017481134318
101;0.14564938418307002
102;0.04310195586657509
103;0.1302383545274018
104;0.03800878761299669
105;0.05941711960081615
106;0.1124185722599258
107;0.0839759977730787
108;0.1967993031137878
109;0.16992419604347297
110;0.06372497048309766
111;0.15890716808336464
112;0.19378023012218057
113;0.07023536495997798
114;0.13190918430221862
115;0.06120599855719338
116;0.029149227937918677
117;0.08202017154790119
118;0.14976934776122464
119;0.17065457190669708
120;0.15852987107536876
121;0.11449156447035023
122;0.0775941292943646
123;0.040000527959840215
124;0.02899524090294954
125;0.08377620852352063
126;0.14960252843035907
127;0.15057272224727047
128;0.04651920307121798
129;0.19538253297219613
130;0.035227111956145585
131;0.0028475281679868573
132;0.06582434845695191
133;0.03743400630673355
134;0.1966693416251423
135;0.11275340011514456
136;0.04523972590124303
137;0.17845778242292654
138;0.06252974173623085
139;0.07964047566691951
140;0.023614548690243445
141;0.12940496445134053
142;0.19311602642962816
143;0.08351138116305507
144;0.07845729692711839
145;0.19274046832204678
146;0.08054332481772081
147;0.1349935009227767
148;0.06884712169805521
149;0.04777860267544132
150;0.19345731727160603
151;0.19496230655700272
152;0.15675144946897826
153;0.1728536521070775
154;0.14584688569477816
155;0.0003985145133403645
156;0.18742915295693593
157;0.10514050681925423
158;0.058189863367589384
159;0.08653065010957489
160;0.01990099743419829
161;0.17198531583303847
162;0.19856142129146548
163;0.13751027015976688
164;0.14780358725435963
165;0.17239302688389715
166;0.11165777306792808
167;0.03047191720319331
168;0.03653520742182361
169;0.11066263206129548
170;0.14059085764543175
171;0.0958139227213468
172;0.07448492157297702
173;0.07135039923904507
174;0.16234600084827136
175;0.02049892875455819
176;0.012713197241488073
177;0.00919422449039502
178;0.057937607916894555
179;0.0920837986395817
180;0.04641887402075076
181;0.1548895493688745
182;0.132646604777675
183;0.07932940617422113
184;0.07604864861246095
185;0.09932864054355028
186;0.15448243800591993
187;0.0641809099448362
188;0.09625368833825838
189;0.13464635392565513
190;0.15045384699195918
191;0.1341709786262013
192;0.13306904018346327
193;0.05210288835457799
194;0.17354657060604844
195;0.030124930655735606
196;0.19717817023728992
197;0.0064446447114199674
198;0.09438835789545415
199;0.1436949024143091
200;0.1052343384269824
201;0.055703004640006465
202;0.0617397813118467
203;0.17691716780330588
204;0.08111793407610102
205;0.09297910437604878
206;0.026562748256845882
207;0.13919217175668613
208;0.18687944940786064
209;0.1465333524815958
210;0.01017779768605185
211;0.15797919803518828
212;0.04975499516785342
213;0.17885508587221807
214;0.07964681641558458
215;0.11467609048914058
216;0.12611467665420534
217;0.1653172993193608
218;0.05508162997649846
219;0.15312675490331373
220;0.13485439170381897
221;0.07925028904646136
222;0.17229270838526983
223;0.15479448904067683
224;0.04188114562122025
225;0.05051397219458742
226;0.16615723721061526
227;0.016370612832141897
228;0.14453758673005254
229;0.15670042822670938
230;0.17911748357961
231;0.1075034753249292
232;0.1230505575627463
233;0.07428046095644865
234;0.1948156371754762
235;0.11864152096191277
236;0.14773060018625184
237;0.14093362865760747
238;0.023174677587601368
239;0.09344575560035079
240;0.1298388660404511
241;0.11254095858770066
242;0.052623217882431385
243;0.1708254160047344
244;0.11158710968389174
245;0.0476777331150565
246;0.19144139985224934
247;0.18939417626929886
248;0.004454018066065957
249;0.18983120990751795
250;0.07899446149354979
251;0.04018738691876409
252;0.07025659024629119
253;0.028942530662961465
254;0.026820645830200787
255;0.12976016435039825
256;0.15960525991221977
257;0.18658801078816634
258;0.01397138585427018
259;0.11352082373028594
260;0.0888243543069695
261;0.15808602581472087
262;0.019207446259996288
263;0.032314436440262266
264;0.1823657066057693
265;0.15772318884401212
266;0.01962624747135444
267;0.14185797813555698
268;0.09510717580386457
269;0.12486710309776805
270;0.07298133582231824
271;0.13711213119575322
272;0.05821414116120336
273;0.11471215465285485
274;0.07878778424012166
275;0.0028300049495157743
276;0.14605913531684164
277;0.15385450877863147
278;0.06313912230279176
279;0.0024208778594092986
280;0.11569034641218545
281;0.04166992244713224
282;0.11821198299708256
283;0.19193827250556997
284;0.010178131022276583
285;0.10373832735531385
286;0.19570675591229153
287;0.11456611288950935
288;0.1716890988082566
289;0.07588824389928923
290;0.01770385273284254
291;0.07351193555181552
292;0.05406390350965345
293;0.05811645603943075
294;0.07721558410159064
295;0.15456474918079513
296;0.006834494074951448
297;0.13158135348698394
298;0.06398229753766131
299;0.1941966995851165
300;0.1197295477056455
301;0.07871934309310849
302;0.01931311747863267
303;0.13144875549970966
304;0.08198915321702714
305;0.07900126026989918
306;0.1786767598888049
307;0.028451283783496796
308;0.19524183084107993
309;0.02429677195335749
310;0.049955267631074274
311;0.18555871489063913
312;0.19138947303960624
313;0.14046129600289797
314;0.1954146375709258
315;0.16891485192790318
316;0.12766120801828465
317;0.030570836582410867
318;0.15313848340547068
319;0.1388947545786784
320;0.14421460647694154
321;0.1274546166680601
322;0.060147884647231156
323;0.15093186557462063
324;0.08464083921651733
325;0.16127023879823604
326;0.16721754822531656
327;0.10283430682146688
328;0.013291595207917185
329;0.1934402534151981
330;0.10630644225125074
331;0.1960609678430774
332;0.19577902471294514
333;0.16815587598159834
334;0.0012987572686187665
335;0.05991107498386131
336;0.08661402806341663
337;0.04132480681872215
338;0.06846045904725886
339;0.02259973775457498
340;0.14073501121568607
341;0.18154366162169847
342;0.1717805452099452
343;0.0657372205234716
344;0.09999980571386623
345;0.14913559602436885
346;0.1147106894790325
347;0.1219125472703324
348;0.04029760202381732
349;0.10369974063099663
350;0.0027919078872544302
351;0.19541061021684314
352;0.18627165781738028
353;0.1003244176267031
354;0.15884958940070878
355;0.09449630033757657
356;0.017774752460574184
357;0.042934901380937675
358;0.08601347833088957
359;0.04699190557910165
360;0.013454370960070738
361;0.1417241028726984
362;0.18939308981232952
363;0.128963215427728
364;0.026505657871617808
365;0.12831223098224925
366;0.10539718856069602
367;0.1721411352076036
368;0.07672165763858352
369;0.13353014360512833
370;0.17667215242799758
371;0.19103629122176805
372;0.1275694839116604
373;0.15754228400939163
374;0.19168794167930658
375;0.08075591333201806
376;0.027238925378914192
377;0.04761721854494921
378;0.0415829531378805
379;0.13464789704749353
380;0.0011943917940742566
381;0.10880823806983729
382;0.16897860141627277
383;0.10041691881380606
384;0.11076090877888756
385;0.13859937779859519
386;0.031289705527523214
387;0.054243306586927845
388;0.06732994554583971
389;0.04654346545227559
390;0.10742617607777918
391;0.020609680313489954
392;0.10518033881531928
393;0.10429662487846598
394;0.1529381392757514
395;0.18183511633816904
396;0.004563056852464276
397;0.0979073973430432
398;0.01594353402748019
399;0.024186676351184235
400;0.11471239672047467
401;0.141394781297087
402;0.010977711546387782
403;0.13452047918513163
404;0.19464843570024226
405;0.027100945417925494
406;0.010785480202157105
407;0.1307500607026279
408;0.15025612398761598
409;0.10761677521248787
410;0.19661769154509992
411;0.19132195814207908
412;0.06550887604949444
413;0.08714750528337685
414;0.04187227051036951
415;0.012641377048725921
416;0.12484507391447963
417;0.09008027121546039
418;0.07041381730141248
419;0.07531687891833766
420;0.05625467180210395
421;0.13419698661930676
422;0.1587700737913444
423;0.052883551174905445
424;0.15346325826315393
425;0.19941211746519388
426;0.19861517808133833
427;0.0053437533322056256
428;0.012487869342631486
429;0.0525365632394093
430;0.03349713964346839
431;0.10879676047199488
432;0.05258972839944112
433;0.007111758644359468
434;0.05821078737377268
435;0.11053474605262717
436;0.05765149970741257
437;0.10693728743536145
438;0.02133277317073772
439;0.002929124232223779
440;0.18308206334643135
441;0.11949270043857026
442;0.07059528520057322
443;0.11588882331924842
444;0.1978456126523969
445;0.09807261216650272
446;0.028327541661316593
447;0.0070616671731867035
448;0.03736866078616548
449;0.09382607180897579
450;0.16547154383874904
451;0.05689952919344226
452;0.11913490693218796
453;0.15013389606364133
454;0.0724642229338696
455;0.09580633469967147
456;0.03700771754377279
457;0.13504239233982726
458;0.09995746661796566
459;0.05042114488987435
460;0.0531594520733441
461;0.13534667677944193
462;0.1807795822246689
463;0.08063784775566162
464;0.030153253646144608
465;0.09463087446482926
466;0.018566386047626105
467;0.05100700085637962
468;0.07324485483640988
469;0.08727313247513631
470;0.027128060772929688
471;0.1458654986973554
472;0.14831843271013576
473;0.1915045730995908
474;0.15857544914972194
475;0.15213161569030498
476;0.11123682228763608
477;0.0420606134983472
478;0.11761499087731504
479;0.18399605929031404
480;0.1392052349658177
481;0.14020957564438882
482;0.061921331101870015
483;0.07654893072689968
484;0.1489747374845707
485;0.037291096402984204
486;0.18041961608071067
487;0.033855125365050046
488;0.17908514354048588
489;0.0919521832063489
490;0.16264117045189563
491;0.07246926506097416
492;0.140788365081392
493;0.026739182651655737
494;0.16465197463850614
495;0.10648231779544737
496;0.055479798778152484
497;0.19542719550798265
498;0.10541312548358006
499;0.1240823645350065
500;0.03209970766926042
501;0.06688655784690407
502;0.015388159998102191
503;0.08701456387519305
504;0.012243422783544356
505;0.001218067952332369
506;0.08455659261424449
507;0.13099522615678708
508;0.16396861043458688
509;0.05714968210316343
510;0.19645149354612904
511;0.08038221024811779
512;0.0619607483107411
513;0.18410703564880004
514;0.12382582432655168
515;0.11846707527189088
516;0.012819249741245554
517;0.08001235038531139
518;0.19915448883223513
519;0.03257588176538386
520;0.006253945080063251
521;0.12689239996915208
522;0.12690358687013667
523;0.13869441510067704
524;0.04063115485511577
525;0.02316510795104254
526;0.11221314837542432
527;0.0738377960504907
528;0.0823697971608885
529;0.018763847236893283
530;0.10724342559483596
531;0.09984255941346559
532;0.1725842031107937
533;0.0008170248507020084
534;0.19185441498581157
535;0.04250259794980465
536;0.18751774000662952
537;0.044435162764715
538;0.12315632847982967
539;0.07718785130733917
540;0.12056520471558368
541;0.04795241869545733
542;0.026952683449807658
543;0.03960558483405703
544;0.17126219276605714
545;0.09774154252488282
546;0.1682378042073932
547;0.09076121482328106
548;0.17865117664701607
549;0.19804883722975633
550;0.026168646828280087
551;0.09346793551786331
552;0.18207781777648402
553;0.12591684771419334
554;0.11792136167447127
555;0.03056864333004381
556;0.19892485492497225
557;0.11224851524560855
558;0.09655320814889173
559;0.18786886794900018
560;0.09082647093104781
561;0.13689472807951564
562;0.0732371079094397
563;0.17231374061196153
564;0.13660046310801804
565;0.0016521348600820219
566;0.13084518544249066
567;0.1804480082183913
568;0.0804013404274478
569;0.02028945523851966
570;0.1986216525412099
571;0.19469205471637352
572;0.009863017161627142
573;0.09499676858827058
574;0.0066662756665314855
575;0.0011992306442625278
576;0.01632700505508744
577;0.07441246986834364
578;0.12391692779545536
579;0.10057817337781841
580;0.17049072377358587
581;0.08249471553167681
582;0.14887265147690243
583;0.09470079029803324
584;0.14162134563080783
585;0.036575513369004733
586;0.12897551242121386
587;0.0959896573716018
588;0.1847210454370692
589;0.039107382317112506
590;0.15535658784380324
591;0.07586825918505034
592;0.10715859213795807
593;0.18629607384634203
594;0.14833769377364844
595;0.1617417493948109
596;0.1151167824081487
597;0.060234931473256405
598;0.1680613483972866
599;0.022857818967759472
600;0.00867500941836903
601;0.0016564686398729657
602;0.03394100672043015
603;0.1301916143954069
604;0.1692506163664554
605;0.02220483655584156
606;0.14722465123121092
607;0.14319419679284204
608;0.15774853560262844
609;0.08319793489398455
610;0.06624091811140494
611;0.08052951587868769
612;0.05176972051565174
613;0.06946808220835309
614;0.0674031884283949
615;0.007833501598368087
616;0.015902249910572874
617;0.17021537668995532
618;0.15091676217966926
619;0.046995241100778996
620;0.011151661639627886
621;0.10606347095320684
622;0.10415997929976083
623;0.11866132515747199
624;0.0674946693458605
625;0.16571047558025775
626;0.19918426338449335
627;0.05889835621276789
628;0.11676451774371802
629;0.13033101469128575
630;0.08316805525731029
631;0.07687882728584788
632;0.17082835179036504
633;0.09699989002082364
634;0.06184939225110125
635;0.09369090439328898
636;0.15264422966037083
637;0.05277660993989597
638;0.07435863635933336
639;0.024068240200472293
640;0.018801471259125038
641;0.16628598395059718
642;0.04501641541303372
643;0.10690829061757395
644;0.030393872574129645
645;0.1976341409359982
646;0.09101650500744154
647;0.1658896569375671
648;0.14161626057906337
649;0.04243353406929047
650;0.14001901963814012
651;0.010068308343541443
652;0.06310265477463649
653;0.11681194807412208
654;0.1439733252942321
655;0.031105028678642822
656;0.16311285835658607
657;0.02625076700478901
658;0.09343840219628599
659;0.07672555985727735
660;0.0041993065083268276
661;0.023879375919459322
662;0.06163111190486952
663;0.0891020011412656
664;0.19188972895528233
665;0.013948778126569717
666;0.0804949444551788
667;0.03791462470342269
668;0.16853559139534846
669;0.060135931012022414
670;0.09144267922399185
671;0.09265220017967005
672;0.0020205050446479244
673;0.15006056786620375
674;0.03382327035782717
675;0.11915019534577119
676;0.12576809182940338
677;0.03751275635026568
678;0.1169112067793373
679;0.17657491873017028
680;0.08007629437765172
681;0.08208662591577993
682;0.050607209927353396
683;0.12631961038375558
684;0.15231769358549743
685;0.15776090351835922
686;0.17374511326521724
687;0.1760000870069394
688;0.13535358292760363
689;0.1306745225141472
690;0.17222002952545684
691;0.19593120786966478
692;0.030118881583653036
693;0.1255142848526938
694;0.08800874250466534
695;0.19458953113610125
696;0.15626042640108753
697;0.016652351188323023
698;0.1783486953056886
699;0.053251378851200994
700;0.09937352170262669
701;0.05686939383083123
702;0.10769144082058446
703;0.10907349003351018
704;0.12847766195837818
705;0.09552660115111865
706;0.0611302234147576
707;0.17790847617767802
708;0.1629037676352815
709;0.17040220595245453
710;0.17844945144378652
711;0.019670633773505197
712;0.16216861559541748
713;0.18305082256645666
714;0.006292003365701526
715;0.169824818810913
716;0.1706046350220066
717;0.016067207816465468
718;0.10567568374088632
719;0.018819709520425512
720;0.032510636819311434
721;0.016623495101440122
722;0.045903355384402336
723;0.135072520679502
724;0.08484463298972263
725;0.10261907154103517
726;0.17701478718527064
727;0.0454279088408637
728;0.15696229393945016
729;0.10388903696109913
730;0.14431185440209224
731;0.1749574540279138
732;0.14890036438357274
733;0.15633506805762618
734;0.012476384042561706
735;0.18004535948724124
736;0.05222698612297175
737;0.16630763515857167
738;0.1731963737035985
739;0.11262993791876548
740;0.17706748462531727
741;0.0657823806618758
742;0.11022205410557001
743;0.06979696120613321
744;0.07706534527885496
745;0.13329837069503656
746;0.10378272626777035
747;0.15179571686479204
748;0.09679139422172073
749;0.19058669057436922
750;0.1144907856047916
751;0.15035922286988163
752;0.03417079319276408
753;0.018395808261243606
754;0.028956591534039136
755;0.14313620668359037
756;0.042415186958807506
757;0.07676880680812287
758;0.18110895658701975
759;0.1513829095752874
760;0.1444804524662621
761;0.09397060602628365
762;0.15458333772594535
763;0.01713010763547489
764;0.09636096246843276
765;0.1793076895314485
766;0.0070326412998057645
767;0.04915088561062506
768;0.08368178664060288
769;0.021962954124859116
770;0.13117673063590993
771;0.18820532467996542
772;0.00019119053279432753
773;0.07637025707718573
774;0.15310237347071304
775;0.16670056123799473
776;0.04256258769546988
777;0.06238374496136317
778;0.14085246939527993
779;0.13599527197509106
780;0.07729352016437273
781;0.11659015552215318
782;0.05755894723538105
783;0.07126869823190396
784;0.03294429018273433
785;0.07295595771991381
786;0.004202245577701125
787;0.08823401088546444
788;0.17979753189292602
789;0.15964190851495574
790;0.1619844112896986
791;0.04952279021500492
792;0.14109681976600258
793;0.0388995793013079
794;0.07864866586431954
795;0.08049921064715533
796;0.005871246075806469
797;0.14950529976110577
798;0.16978831682139073
799;0.11662029490373589
800;0.03800323297750188
801;0.013935251388772253
802;0.045704630230769365
803;0.09555342408156525
804;0.1838578772199111
805;0.026320156682803034
806;0.07097666145181236
807;0.16776144497910567
808;0.1127911903522616
809;0.13092339941250908
810;0.12007980387886655
811;0.16533179251702224
812;0.10504161377302788
813;0.0979908995175609
814;0.1489588728064278
815;0.1706510808677242
816;0.11448383803646026
817;0.12624469425851895
818;0.028246372725861193
819;0.057313613994686
820;0.17010904249724923
821;0.18262648071501292
822;0.1063076474910279
823;0.12318633129435325
824;0.0883955080404753
825;0.014911150912214444
826;0.0793033198532131
827;0.07278554696641369
828;0.03649678511095838
829;0.04775960373352031
830;0.09631825802062861
831;0.10644494936651416
832;0.05078516598191871
833;0.1570933458787792
834;0.15618792222336905
835;0.022032992233808148
836;0.07527953611290156
837;0.08115057129260009
838;0.15844215266503028
839;0.07905648801272298
840;0.16558126208236018
841;0.016617546513234972
842;0.012844088549148248
843;0.10481153464510079
844;0.058462156311740746
845;0.0036525761200517873
846;0.15230103259159236
847;0.0004922898985019186
848;0.16816610119743816
849;0.09953870778998448
850;0.0156314451915756
851;0.045802306376760665
852;0.034863454102160074
853;0.051841314148472956
854;0.10444661540029683
855;0.0012651808846827484
856;0.08081176773458826
857;0.07948318556011774
858;0.004203555087447764
859;0.11158832437936149
860;0.11110263500635445
861;0.13864920778825576
862;0.07926999085098274
863;0.07220884601272302
864;0.17065574815097584
865;0.06783823474581117
866;0.044666823398336435
867;0.05245782902649694
868;0.05839207583501143
869;0.18246196369295353
870;0.061038070864652294
871;0.10451280957255936
872;0.07681743068877647
873;0.15775323720451404
874;0.1586909341260907
875;0.18261485455611226
876;0.06229547380958649
877;0.174687571323994
878;0.03927110279230999
879;0.07030559168898771
880;0.17454205067016967
881;0.15695410859211373
882;0.19362148981158236
883;0.09387910798630282
884;0.1339906072862869
885;0.07236939715669925
886;0.04829595895172265
887;0.17722421914806996
888;0.02456740824465551
889;0.13033137234902697
890;0.12070788151464429
891;0.04004737762253246
892;0.18500383975130816
893;0.13028962332018895
894;0.184686462773327
895;0.18273643523950378
896;0.11880578786770701
897;0.1732682070394275
898;0.11842727061218578
899;0.05875060465654994
900;0.004584959054282556
901;0.16269100908347567
902;0.18616769511720144
903;0.13292993758634128
904;0.027298586314731855
905;0.13160483576554802
906;0.13362045803872932
907;0.09333846014493019
908;0.15975334709890943
909;0.012226710877872816
910;0.0802689424692375
911;0.13382323853863226
912;0.09986326729059987
913;0.07111551725317843
914;0.1594558016190909
915;0.19061902123154575
916;0.05228492458580332
917;0.024220978725757125
918;0.17200560166801646
919;0.013087108591073893
920;0.1623060566943633
921;0.03474055860981826
922;0.08164186238006539
923;0.0397320035639988
924;0.025428101585936027
925;0.08049042979461284
926;0.09068207365390613
927;0.11841592230908687
928;0.0974311232200513
929;0.11124935992956103
930;0.027337278525422472
931;0.06381644035509136
932;0.0710407039679359
933;0.1287804360240595
934;0.02657784216406205
935;0.19544202450480688
936;0.100837629494438
937;0.18777631604061792
938;0.1295748618586012
939;0.05262453361860264
940;0.019988158059623062
941;0.17187999281193633
942;0.16083953987744382
943;0.12730905068167342
944;0.09211343131171157
945;0.05110012828146924
946;0.07686714599857525
947;0.11085480267914374
948;0.08466465572446487
949;0.13856832154988696
950;0.15752168267761815
951;0.08417344297212165
952;0.15691387821524846
953;0.011846947726189617
954;0.05737463990409306
955;0.011321683408887862
956;0.07840933056386515
957;0.1546218335811137
958;0.18561085463087074
959;0.004974877232093978
960;0.05978027194324669
961;0.16389838893846734
962;0.14778378849288998
963;0.020377272702165584
964;0.03048191441097725
965;0.1854231344402475
966;0.06932552794746576
967;0.18519911123258528
968;0.04470872684185197
969;0.05032926413953807
970;0.1577968762350724
971;0.1266566154579203
972;0.17551386092274848
973;0.03393050778369893
974;0.09205706632387078
975;0.02114799022608327
976;0.04974549776902244
977;0.12299998551702317
978;0.13388097213829317
979;0.04174307314032908
980;0.05377536445878255
981;0.18978110704438164
982;0.17057342559005453
983;0.0015087520720048486
984;0.1555509755187574
985;0.04492016177676548
986;0.14698119328414197
987;0.1376070718645673
988;0.027579544113537847
989;0.07023173252741365
990;0.18995673663898271
991;0.0949382052700972
992;0.00047041890029269067
993;0.03212683130540086
994;0.11332554347497106
995;0.1170807496123953
996;0.13989079564868026
997;0.0032831363970631244
998;0.11224746719180081
999;0.030201769256452616
1000;0.04387742633315424
