1;0.1671739483356699
2;0.159025314301546
3;0.1266333303922917
4;0.1459701404831423
5;0.06119301691672381
6;0.19442970305726676
7;0.17609630132187476
8;0.12659953079431627
9;0.05691481455741929
10;0.09910901410698217
11;0.17351227577888995
12;0.022698756104094376
13;0.07089834320665826
14;0.1506653769727114
15;0.06798065058405074
16;0.18798746890128382
17;0.16335780017137158
18;0.14857084482719068
19;0.19380987836403604
20;0.18014766507849372
21;0.035299772075021885
22;0.1856429327553185
23;0.0013605449926723302
24;0.08588189746817183
25;0.03029496357949706
26;0.0688944908333345
27;0.18518802695417516
28;0.17771679295604523
29;0.15325553979909412
30;0.1856396000203658
31;0.033188394701154554
32;0.07801343144697868
33;0.13890296212629635
34;0.0074595938578048806
35;0.13962400772271552
36;0.12602734751677558
37;0.18752590155630777
38;0.15020991404467782
39;0.19940267214470878
40;0.04807938830797485
41;0.15156487471372876
42;0.035035286944969095
43;0.12586249205678918
44;0.06660567335848326
45;0.19289154065528005
46;0.02266478814156947
47;0.17968169806260015
48;0.06889636231373504
49;0.09777557888062152
50;0.027167661418121436
51;0.05373873142926289
52;0.019104353530276397
53;0.06317746383046262
54;0.08745647053274996
55;0.010422378429281799
56;0.1520206052692979
57;0.18023359946527165
58;0.07159282901567143
59;0.09660696881287892
60;0.1400896405339298
61;0.04523680400117232
62;0.008310560164411496
63;0.13347643790160596
64;0.10388482204119119
65;0.06702968463729501
66;0.15239868764693518
67;0.1026243801924121
68;0.03258052893071459
69;0.011031711807277933
70;0.08288251558406286
71;0.032667134043206716
72;0.17663120501666701
73;0.13329701547817796
74;0.16190943152523107
75;0.0077409498433603785
76;0.049022832090721426
77;0.10161954467743271
78;0.06887411683243234
79;0.05995237970485088
80;0.1167902597733596
81;0.16860165029375054
82;0.06949606857322269
83;0.15270387469930988
84;0.07794907675329661
85;0.17957166210258302
86;0.06286695305039117
87;0.11458770592571653
88;0.10565561167013837
89;0.14455660846810325
90;0.1527752263352211
91;0.08387854120309451
92;0.17433248593173756
93;0.17338150148023246
94;0.10153278288460349
95;0.16478228029935357
96;0.01229200495557843
97;0.09561598251554665
98;0.004952486578866756
99;0.17077506257809316
100;0.10826724124307799
101;0.18789808935918606
102;0.03458272952493753
103;0.04154538224682054
104;0.10254352225724768
105;0.08632927744542236
106;0.03255430454099386
107;0.027017244395890018
108;0.014428570296245403
109;0.14369056424481674
110;0.1460167823658347
111;0.191598381437697
112;0.08687178749002232
113;0.1824429055398357
114;0.03398167667159289
115;0.05111267984147971
116;0.027509718099864335
117;0.05455526223741654
118;0.00979506480278014
119;0.0012841451254097082
120;0.040678490500797596
121;0.056573859210705485
122;0.19733359829178648
123;0.12324147568135353
124;0.12007892298249803
125;0.07718928864197253
126;0.06876112923433338
127;0.1181807518667138
128;0.004325823315018074
129;0.18343872885358564
130;0.0781085805821747
131;0.03315901051993606
132;0.14955623404111995
133;0.17407315125416936
134;0.10509968335570813
135;0.05823495202938154
136;0.14593873044969832
137;0.09698662647614312
138;0.0936335217812772
139;0.06683880505852478
140;0.14885270353843463
141;0.046563758330968576
142;0.12778212919570547
143;0.07670826114875176
144;0.061379340409630403
145;0.16335369604915187
146;0.1523736485490045
147;0.12007352997498655
148;0.09050211444794531
149;0.11707199870821505
150;0.17493493751483602
151;0.0009375445172246533
152;0.19354603611327623
153;0.13547975896762493
154;0.012587813727420773
155;0.11412809565694214
156;0.019419411598915873
157;0.1928912186440721
158;0.09622265386828362
159;0.09799802740064477
160;0.07731435232953009
161;0.1786732422112438
162;0.11268558849503235
163;0.13426088834826325
164;0.07786336204473887
165;0.1796277874904852
166;0.18301291954915003
167;0.12595306304925932
168;0.048397459397975684
169;0.07629155967437065
170;0.18005350302769998
171;0.08110217076738235
172;0.08825708985302916
173;0.1906666062471057
174;0.1712400004924874
175;0.006773623166925358
176;0.17541104126834256
177;0.15186886837555358
178;0.12865781980642033
179;0.08464264479794736
180;0.19578044217628843
181;0.09217507021521576
182;0.11119538453133421
183;0.19826915190928426
184;0.15557987037512266
185;0.12005662407812333
186;0.04277564045130906
187;0.11322805701213544
188;0.16302838278579504
189;0.01421331414622582
190;0.0860859984097206
191;0.07567089362991859
192;0.17213260331057154
193;0.15804869366807242
194;0.0783913284368822
195;0.14897251515834226
196;0.14689082661593672
197;0.023211117246791257
198;0.07241590073079651
199;0.008554988221017768
200;0.010809359557620813
201;0.08003012422251302
202;0.08309807907608875
203;0.06538211593083403
204;0.09472658286834096
205;0.050890529691060005
206;0.1932037957084729
207;0.09160714925124931
208;0.06862733111052703
209;0.01726235039341515
210;0.0754368473458848
211;0.08752661873429152
212;0.025203067478796706
213;0.17569235589297366
214;0.04409981626294351
215;0.1642362504403505
216;0.03829648204262251
217;0.13705556890302958
218;0.029561537220716153
219;0.165365307953029
220;0.08805619849196032
221;0.1323959722540958
222;0.08491342848178117
223;0.03912560960476004
224;0.017485683276621502
225;0.1389255170565224
226;0.0010939431031416148
227;0.03599970868667215
228;0.050541562124424226
229;0.052718175991975015
230;0.07166971259079875
231;0.12003330166779397
232;0.08603968914761764
233;0.14213012739594705
234;0.129924482080015
235;0.1873417418563702
236;0.0793335933992936
237;0.18668634346514468
238;0.13659712267004898
239;0.030545057268466104
240;0.027373926088258352
241;0.03764504294141966
242;0.1911267945747251
243;0.012358172959085834
244;0.06219313776683273
245;0.1768898053444078
246;0.09592947408668502
247;0.10394232448389161
248;0.16214169245267157
249;0.0009974901301549322
250;0.1009534885007749
251;0.04042269012616715
252;0.1948215472824513
253;0.09544253990425239
254;0.19660895071795312
255;0.11556857722169565
256;0.1340773011741238
257;0.10956787875228378
258;0.16728851567675274
259;0.01533762457825847
260;0.04347482644676098
261;0.016852439639424333
262;0.008566407814768051
263;0.1078694951765765
264;0.054577931693066066
265;0.08884378143923975
266;0.14494395349323638
267;0.18414752752720276
268;0.1983877974593874
269;0.16076481960662034
270;0.1158536592238705
271;0.06394929412449349
272;0.016786907846687883
273;0.04000128336300666
274;0.07875989783182524
275;0.07366663919138845
276;0.051191086700484605
277;0.11327586724026276
278;0.07425096955590187
279;0.16847712528188188
280;0.04957534696269053
281;0.1029377832891876
282;0.13408866883928128
283;0.026127947777044927
284;0.07709549853199422
285;0.0863438510729798
286;0.11275052533490325
287;0.11326512245127728
288;0.1396542059119566
289;0.14892810811071194
290;0.0925862783943142
291;0.11694779286184878
292;0.1286706266382928
293;0.10266264118370204
294;0.15185222478677676
295;0.05536773854498039
296;0.15389188646397345
297;0.06466449878097638
298;0.13000003598992735
299;0.03592983559720293
300;0.18141166195163844
301;0.0345205498192255
302;0.12901734299196715
303;0.027016797705370955
304;0.17484157285229882
305;0.09555150777636397
306;0.05935793183560292
307;0.0836332330877204
308;0.06706241827309105
309;0.07095460385195633
310;0.13838705570489554
311;0.011864190220800564
312;0.01885811383200984
313;0.0358567884072154
314;0.09845991108399077
315;0.06589984968272922
316;0.07358690600868019
317;0.10923937761803862
318;0.11740764246648071
319;0.16612435059357372
320;0.04742119645656755
321;0.047655590853137975
322;0.15089858722611338
323;0.19593765797335247
324;0.1275534703228843
325;0.127349719570181
326;0.19467270954599836
327;0.0034273404391853336
328;0.06159748349136698
329;0.03145958726343303
330;0.12154374199241368
331;0.14223221713052983
332;0.014948390939445378
333;0.1656256381509804
334;0.17503054018562267
335;0.004677991544992222
336;0.014779995080010912
337;0.03705954321695182
338;0.003135415259274632
339;0.10882731058762143
340;0.11488463986162015
341;0.19940253344363823
342;0.04773126345939693
343;0.09237980153873211
344;0.034508843697119616
345;0.14212909905553975
346;0.1614015996500032
347;0.0827555122538767
348;0.12781864091645923
349;0.07697023537324062
350;0.12337927429710038
351;0.18087403590545237
352;0.1977191505285869
353;0.020140433240236934
354;0.004569927216118663
355;0.13488215120293393
356;0.05349478267673924
357;0.10106212352083162
358;0.018071823613840677
359;0.19843584480114743
360;0.031327666820134346
361;0.018763639979589387
362;0.10993807147487054
363;0.1525842246279992
364;0.027743006745009624
365;0.15168338395436223
366;0.15525528342171682
367;0.038737612105596946
368;0.196592722058842
369;0.13118367358372432
370;0.019306267637182663
371;0.11222351552788941
372;0.10728594232993266
373;0.16871296815579004
374;0.1197318625660333
375;0.13676229734540452
376;0.03700442895450613
377;0.0025584461449636776
378;0.07737150669410149
379;0.05760105420213016
380;0.023823826284116213
381;0.07334172552173837
382;0.1333896121900357
383;0.17488765804354892
384;0.19617487570566344
385;0.08087497851755172
386;0.0438048857222934
387;0.045552058506718535
388;0.10352141989749619
389;0.11827672771036019
390;0.13466468505752857
391;0.08935166957150498
392;0.1192505694024742
393;0.03307807855149201
394;0.14653120444880105
395;0.0207531663845429
396;0.1930026918208764
397;0.07445395126186323
398;0.04725630793490698
399;0.09167106045048506
400;0.08467887710521363
401;0.16071469079660078
402;0.17309281354222147
403;0.020530839047627026
404;0.0826726535907536
405;0.14944275174506522
406;0.03706608038712738
407;0.16583180627646205
408;0.005641704615659649
409;0.024928070803808634
410;0.0638866762874074
411;0.025781973732271382
412;0.005018870897414241
413;0.14862111541582987
414;0.1182475584954626
415;0.06452608893257983
416;0.08501471904818365
417;0.1516984865417433
418;0.05662281969910299
419;0.07576146406814557
420;0.059692249544350755
421;0.10813968329573598
422;0.1260323803867101
423;0.17609508482079117
424;0.1777056953288346
425;0.07450724720869362
426;0.12767299317769887
427;0.12011084722445582
428;0.15393843219537107
429;0.09500303454523794
430;0.06069572282586593
431;0.01992398867580594
432;0.16042304813525435
433;0.17199073211498808
434;0.09591855898973807
435;0.12826938009490746
436;0.13494553759220124
437;0.1557149569548561
438;0.12649553504054495
439;0.07578274831561374
440;0.07080901271126021
441;0.1825393514757744
442;0.012060579184225562
443;0.15113220194563343
444;0.06738918064989415
445;0.03820207845739603
446;0.11376017219749245
447;0.0718938965308257
448;0.006450042337782281
449;0.10679769880427965
450;0.08766629816887904
451;0.027494206455941674
452;0.14195272090873368
453;0.13628707058785813
454;0.011747430495792521
455;0.1017002620551545
456;0.15831066154934115
457;0.08412668661000587
458;0.037291109954559885
459;0.10118821112574256
460;0.0008709516076207624
461;0.1891028745560239
462;0.06274196733428998
463;0.019248889882035325
464;0.1939745105795725
465;0.18086141693595897
466;0.15602786543609162
467;0.1620553557260535
468;0.09145800394046917
469;0.062410205512600084
470;0.0911147857887133
471;0.12636197963501158
472;0.12816603715893007
473;0.1437043127428709
474;0.11120150615212326
475;0.043806792469979344
476;0.10213098936131984
477;0.0326458407999304
478;0.1339281779746379
479;0.1606444841628835
480;0.19788950198680383
481;0.11562187622887697
482;0.06899717542457218
483;0.07181483787753255
484;0.14815154162271846
485;0.06978311482681131
486;0.15747195820684323
487;0.031244988396502894
488;0.14158280990280786
489;0.1675494634948036
490;0.09662044718094415
491;0.05003384513866476
492;0.17168865201927686
493;0.07765416008870879
494;0.09978025815407442
495;0.12162671527364573
496;0.13898238925556916
497;0.16634751921259072
498;0.121453185806836
499;0.14998108605461452
500;0.12291189526866793
501;0.005523747463285523
502;0.11502850027222689
503;0.04102729753455914
504;0.07393789787226719
505;0.09632561889346432
506;0.061152737719451844
507;0.1683894901589559
508;0.16947606558313827
509;0.11553307951719119
510;0.12427473814768064
511;0.021171796554163236
512;0.05676523647327905
513;0.1397992531042425
514;0.1252539073001915
515;0.018016055171088907
516;0.15158196611425845
517;0.03155377718988615
518;0.06192950461536433
519;0.08587437981289081
520;0.03732895620714638
521;0.03226262490300687
522;0.005179379555440744
523;0.12540816145627132
524;0.09192914404629382
525;0.017512528731362866
526;0.0303948401657004
527;0.19490900770628028
528;0.1337304685250644
529;0.12139863357749064
530;0.13607109441598605
531;0.1598443451417909
532;0.12713977467610565
533;0.024548236516722645
534;0.07355261215524644
535;0.02156927261224333
536;0.012999245607785226
537;0.07541952287807255
538;0.05883889707892607
539;0.08245496251625145
540;0.17874093448113496
541;0.14915169307939058
542;0.07511839036995792
543;0.09296357435577962
544;0.18915935776139647
545;0.03852192489249498
546;0.17259578473400458
547;0.11477951090787222
548;0.09676939261416369
549;0.1465571407604156
550;0.14090762244973018
551;0.08823825396915518
552;0.06906911636862874
553;0.15690115186915454
554;0.08673039017737268
555;0.09685628169340776
556;0.1565475816181172
557;0.003146204078604398
558;0.16598248070405053
559;0.1274673661418821
560;0.01815160452937983
561;0.16334940702088896
562;0.1668106308627081
563;0.16565157010431084
564;0.025109398893439196
565;0.15410628921891856
566;0.040184595821359914
567;0.17031552745832135
568;0.04684407430219398
569;0.06190903987404204
570;0.15993839285315853
571;0.1379480429402782
572;0.11156255035908824
573;0.11995609631271405
574;0.16688622836132083
575;0.14695334972662258
576;0.01283213300103634
577;0.12153289862933624
578;0.048298329346198134
579;0.03856242982328011
580;0.07044462461170968
581;0.03592968104215675
582;0.13209919904947368
583;0.12128237554200404
584;0.15346804525628202
585;0.07046075726078226
586;0.015021587611607502
587;0.13550907633444162
588;0.02607858468917792
589;0.024810726482601166
590;0.15477348496185692
591;0.18131888285536635
592;0.10347798489181037
593;0.12315767542496354
594;0.00601661914826368
595;0.15839112611907286
596;0.021584177695717036
597;0.16012604778481465
598;0.07468204735835988
599;0.01731568352134303
600;0.052323576484554435
601;0.12549259446017474
602;0.13248330563849148
603;0.06615473381418145
604;0.010641725820487037
605;0.07187301765998662
606;0.09374910047138987
607;0.016201717140603634
608;0.09981618234699736
609;0.09687233532886903
610;0.14319259744280774
611;0.17062737547737147
612;0.08466427653011298
613;0.0914271901260722
614;0.1949140038679604
615;0.19907426817446813
616;0.18915265246653865
617;0.19075840180696213
618;0.043794465871440647
619;0.018768775413537123
620;0.14025682894372535
621;0.10914606004364423
622;0.09506378782206298
623;0.10746003487439651
624;0.1963020777204833
625;0.13966100449112118
626;0.16367492628787791
627;0.055958884966717394
628;0.17699070544146597
629;0.16169556631489357
630;0.16311021591362182
631;0.10674987974589208
632;0.1835116815249874
633;0.004347425259176064
634;0.14891963980263995
635;0.10534481919568693
636;0.08092521861215973
637;0.029809284841362717
638;0.16881026311756067
639;0.1289645968129913
640;0.07314377703080287
641;0.1649757129307449
642;0.14350581106251745
643;0.0012625257235296063
644;0.17563943742982116
645;0.15715745367055284
646;0.13312763019028034
647;0.185608377036115
648;0.15118532564295056
649;0.1462062767096519
650;0.19001088528102456
651;0.0936002035212344
652;0.18899318990787162
653;0.09633514064689644
654;0.11325756437878856
655;0.09809469947727292
656;0.01697463753822943
657;0.0006898543016509162
658;0.017326711525965523
659;0.12544407353275477
660;0.010234305484634687
661;0.10320895921311085
662;0.057257602126096124
663;0.022168692371371826
664;0.0984722623780414
665;0.18536704229532355
666;0.14189197741450724
667;0.07849799658334636
668;0.011576672991901682
669;0.03140678756262745
670;0.055110444450981635
671;0.08544733675044432
672;0.10405569070957217
673;0.10004234800079977
674;0.0483602886474261
675;0.18342435615050426
676;0.18306536354963687
677;0.02689149250689045
678;0.15369620861407263
679;0.009690040698108216
680;0.009990853804804335
681;0.16415247727246418
682;0.19748973212548554
683;0.18009973524377487
684;0.14458316057337495
685;0.13329600477086465
686;0.07997824319420435
687;0.04570652858610938
688;0.050525167005399156
689;0.022900410823207398
690;0.05535996282459419
691;0.044228720271990034
692;0.029522653469176863
693;0.04016008474422215
694;0.07242406393857732
695;0.1445220784622205
696;0.10787462823771038
697;0.09578667956085468
698;0.15628810068517118
699;0.12034866978228571
700;0.022074268739924664
701;0.1911390621668588
702;0.08475650937300308
703;0.01904382832677023
704;0.001434316183937523
705;0.19097697760332177
706;0.13870205862179372
707;0.09106149212819237
708;0.19288015509158848
709;0.1970636433202697
710;0.16432571354700043
711;0.11035939234877379
712;0.04486260362387909
713;0.1565109219825465
714;0.10140139297543654
715;0.1174425861465998
716;0.18410182276042467
717;0.015790826976886763
718;0.006893624184615233
719;0.15164116291254331
720;0.053977937137722254
721;0.0627388023742677
722;0.1370277461005111
723;0.059539922300202774
724;0.09776118200673867
725;0.11143971732392721
726;0.15515734594605554
727;0.19713843158420896
728;0.12215801042255624
729;0.12961081154163112
730;0.16201616128212923
731;0.0677285523180202
732;0.06960544045884028
733;0.1388816929403786
734;0.10282496655539888
735;0.021149730733348894
736;0.14283382380673418
737;0.14206471094693696
738;0.13269053045492463
739;0.18789573959869088
740;0.1825478889645196
741;0.00795187423010082
742;0.08648747141031864
743;0.09398793098866931
744;0.180043455044975
745;0.13573044751176824
746;0.1805537718964335
747;0.12151425872962174
748;0.010057888392319227
749;0.0220284298591273
750;0.1889129295108368
751;0.1610205091617223
752;0.07384878790469089
753;0.016103885868447087
754;0.08892158344406256
755;0.004431378070140157
756;0.13857264682491444
757;0.126659524342307
758;0.020698452463911665
759;0.05207751523868214
760;0.052871179637747484
761;0.15364435857196138
762;0.14143838248571264
763;0.03399296499813744
764;0.10398178291759086
765;0.018451618660626057
766;0.069981913454817
767;0.1397742469313307
768;0.19049215783976525
769;0.08955685328637258
770;0.1363536597878602
771;0.058079414681307374
772;0.16593304736812198
773;0.10075771558650524
774;0.1474210380512963
775;0.15657515819481105
776;0.11334566102120068
777;0.13061966317880744
778;0.04302115914397982
779;0.07554408697291078
780;0.02626281532773809
781;0.032676897278545995
782;0.15664845301773986
783;0.15030218164064246
784;0.03932831397709782
785;0.1724718103448104
786;0.16511126853982475
787;0.16517281608463225
788;0.039453663021405766
789;0.19631412286127314
790;0.007463239516362763
791;0.17846842257266773
792;0.04068490210276581
793;0.0011468216411804066
794;0.00491538350379841
795;0.11414102901062391
796;0.015623968001411616
797;0.019316338854462736
798;0.0008401650274290518
799;0.17057493750816935
800;0.05763500439121727
801;0.1608243916913943
802;0.1388504517937916
803;0.11737864880584115
804;0.056299396111725214
805;0.1331908800705949
806;0.05897680545715287
807;0.0028070798440529066
808;0.19810421194652944
809;0.02336683772901045
810;0.012497786784195398
811;0.018889661504532286
812;0.0010132228376959595
813;0.18415621814711558
814;0.09224323819363185
815;0.14800144119014144
816;0.006248163594485812
817;0.1830947806355973
818;0.16201483536393035
819;0.026778424181547078
820;0.04194816421798806
821;0.032644094972819615
822;0.10324114367948951
823;0.1545510817011023
824;0.03157923284078264
825;0.1905159046220959
826;0.03142339213706653
827;0.157384066250691
828;0.15787744669054485
829;0.16256380756474043
830;0.0324535551325625
831;0.06817996601459508
832;0.15568780931676662
833;0.13329256398499584
834;0.11178431454977769
835;0.023125937066405734
836;0.10359317967437116
837;0.09070535542662926
838;0.024610857896014783
839;0.10752807140070915
840;0.08313149399428099
841;0.1514499540480341
842;0.040573819663673266
843;0.009733530699182548
844;0.036935872587802086
845;0.11069940214406418
846;0.16229591814450484
847;0.13029377655782332
848;0.16454152457472082
849;0.18074405230336385
850;0.19765404735431297
851;0.0493171665573416
852;0.1213751284143409
853;0.12213370745328977
854;0.08750655612438041
855;0.0960178514518997
856;0.12090738267315544
857;0.06842263156524371
858;0.13481689307263675
859;0.1858948978175031
860;0.12467488348106047
861;0.055350059902727414
862;0.0014086819291423637
863;0.055894097153300674
864;0.01266883902741276
865;0.0693392016680374
866;0.07729981808834777
867;0.03260506304340547
868;0.036925861498324906
869;0.021434140034176076
870;0.05074311508764813
871;0.09444129625794812
872;0.059865853289072304
873;0.006277922491051591
874;0.02655543175601831
875;0.007438876619065726
876;0.1613035907383097
877;0.1531439030596398
878;0.1458821546501004
879;0.03606565015968051
880;0.15987899293378324
881;0.02831955864150164
882;0.050753256871729074
883;0.09318398566033873
884;0.08240079603267535
885;0.0778732370605358
886;0.017930897408726644
887;0.17352110461747192
888;0.0701162461116525
889;0.10710920113074439
890;0.02679191352690782
891;0.18781556815902112
892;0.05151434754262383
893;0.18197275713304428
894;0.047580035394932475
895;0.181070520523959
896;0.1598737769967706
897;0.1997197340446077
898;0.060733759228618234
899;0.07759500855395657
900;0.15461616926758157
901;0.18312827723056047
902;0.17558216966707513
903;0.07397414361037283
904;0.189773847584773
905;0.07447215375072738
906;0.04179877664624179
907;0.09366591259086206
908;0.06604336835955096
909;0.033407781879369124
910;0.10263795558519638
911;0.1652912906598543
912;0.11860379785321527
913;0.19882294898901992
914;0.004673362422297878
915;0.02123175928933554
916;0.04106252615079638
917;0.05494652056542013
918;0.010694525314765491
919;0.16582427132393443
920;0.01959727042141406
921;0.14167510658127488
922;0.04344879757618297
923;0.11048351387847472
924;0.19018622047997158
925;9.925817057174769e-05
926;0.09054749616739549
927;0.1390141174182485
928;0.12472879209650599
929;0.15964952461822834
930;0.12905209888987476
931;0.0407146776093444
932;0.08920973160623383
933;0.06696542737012777
934;0.09645756809577917
935;0.0788498693312808
936;0.1290861511009187
937;0.007703434839873658
938;0.19389296417197924
939;0.18663953300196653
940;0.19442368749815453
941;0.022251365796397596
942;0.12182217973908827
943;0.0433728893893989
944;0.13906813529417658
945;0.1409309444873215
946;0.10265494048644344
947;0.13689937246828374
948;0.13486643045376376
949;0.008882116467704093
950;0.03745503284207221
951;0.02751445083625095
952;0.04238514411944867
953;0.07393836774288857
954;0.19263425461236258
955;0.11487544306590923
956;0.052877631677502146
957;0.11248610210474892
958;0.08971162729096403
959;0.033656600878561684
960;0.09387529802208282
961;0.057824323844564575
962;0.11010833654842765
963;0.09599965845808656
964;0.15217231750132262
965;0.03567902500312168
966;0.0017145641241285592
967;0.17504475063263147
968;0.16780998790121338
969;0.18297810645269935
970;0.10550462412955407
971;0.01720960362184105
972;0.056751686172147986
973;0.12074810056263136
974;0.15559733979624346
975;0.04149773890896424
976;0.011110654343985794
977;0.11292551810103778
978;0.19305620313341415
979;0.19373156791298257
980;0.18795954074542695
981;0.07279571500406455
982;0.19991045812261132
983;0.08532882440479526
984;0.048674465166488705
985;0.03504574854874511
986;0.04692668480283471
987;0.0519408296689464
988;0.08180377488360989
989;0.02541924270756728
990;0.09929487078685882
991;0.1296239161342722
992;0.17542202622662037
993;0.07027709371487849
994;0.011963889675899808
995;0.1160793554795495
996;0.16849970029696212
997;0.07335594144202533
998;0.010464153977987167
999;0.14708354278076735
1000;0.12916505278859167
