1;0.06341652228901044
2;0.060361083566491426
3;0.048781592362386765
4;0.041028654782106766
5;0.016219266271098022
6;0.07109534588631286
7;0.06075054717100386
8;0.026578772832228516
9;0.006188989069880447
10;0.06436651002948289
11;0.08127940373515437
12;0.043821723770540326
13;0.028424667843975616
14;0.0034865942980085163
15;0.01151372086904613
16;0.015111348827808659
17;0.08562108065698909
18;0.06559930737423875
19;0.007689308812408236
20;0.06637697068641835
21;0.04176141971140264
22;0.06896583815887983
23;0.019160296867527838
24;0.08926077237879408
25;0.07909554274953245
26;0.08377962087938867
27;0.060431496450482375
28;0.08075489072125229
29;0.05480803241246534
30;0.08448354388442668
31;0.04700734619077537
32;0.010816928032609141
33;0.07272876883834836
34;0.02712022003091559
35;0.07520701565983015
36;0.04026773733890278
37;0.01625659954159603
38;0.07352153618948655
39;0.08767626918958325
40;0.017322075419958706
41;0.09040351984586037
42;0.07226262659435777
43;0.009375398632509947
44;0.048688821825065724
45;0.029478536505062804
46;0.07990875962779896
47;0.0024503714436985183
48;0.04690894182219118
49;0.06777598241896678
50;0.008247842810545315
51;0.020514894284841025
52;0.03138158741336033
53;0.06110992546158375
54;0.05145660696404358
55;0.055119284051083045
56;0.00015090130582512407
57;0.08810754174382712
58;0.07108662880489273
59;0.029408151778874705
60;0.08621522232734664
61;0.08121981132924408
62;0.06485215545978446
63;0.05180039399323236
64;0.059615464115471896
65;0.03750104811937312
66;0.0007294328634687597
67;0.054557546577628395
68;0.04051706490726287
69;0.021839643318775883
70;0.09824547363771152
71;0.059117060810699756
72;0.0194401892409948
73;0.01704323976942288
74;0.06936357316495523
75;0.040608001798852544
76;0.07579065486569105
77;0.021332572620386094
78;0.07289337183111551
79;0.0929651024796404
80;0.03801086112049006
81;0.03833294145716572
82;0.03366236221638743
83;0.0195783579506323
84;0.03661809850568322
85;0.04355384690669583
86;0.006377619808878377
87;0.08208042241765878
88;0.07389565818072738
89;0.028021556592749953
90;0.0023298641287223254
91;0.04070686112211768
92;0.04228733232766629
93;0.04740481742478238
94;0.045789302676910386
95;0.08177810539831934
96;0.06391731914305841
97;0.017575349819135732
98;0.04053497747095939
99;0.049068027378359136
100;0.0019645112413236854
101;0.05188141770441046
102;0.03347924386982942
103;0.06489454220885259
104;0.008575997848448402
105;0.07223951139937089
106;0.07386282150310541
107;0.01191848780664767
108;0.009755383211522296
109;0.03992511112113222
110;0.06711110367894728
111;0.04921851297433573
112;0.06095675847603324
113;0.025539766541591437
114;0.00952336185881938
115;0.011221590335164768
116;0.03185473436486265
117;0.03312933432955452
118;0.003844776018686358
119;0.014133679462704564
120;0.05633247861218589
121;0.09087485522158262
122;0.0053078091931207496
123;0.00742393428093845
124;0.06771059322080708
125;0.026970165278304162
126;0.07449845531326496
127;0.07104814896065884
128;0.06795328693884846
129;0.07442934788144771
130;0.07506668994952544
131;0.06404511533400699
132;0.05653135802652026
133;0.07184848508389383
134;0.021773307364385076
135;0.013195629388932206
136;0.037815137368323676
137;0.058116089949462484
138;0.0720292612836331
139;0.062139438225393084
140;0.006641141396675466
141;0.04646965642586153
142;0.052626317215291755
143;0.02960655670627097
144;0.006220779480336492
145;0.01402818175009697
146;0.09275109725400997
147;0.09902047453036361
148;0.046229983430971705
149;0.08960555344692878
150;0.05160314892577211
151;0.021932163268518347
152;0.07924275816204612
153;0.0512814393773015
154;0.07195911484709236
155;0.08062254864641177
156;0.039181350434150976
157;0.019263562777855972
158;0.08972219032083224
159;0.03931490289659178
160;0.05870963066593894
161;0.08160613461456566
162;0.06875075214726525
163;0.06390706533525495
164;0.06462878831453817
165;0.027102005860357204
166;0.060168023164054764
167;0.09089296296394724
168;0.04966129439455196
169;0.08884557585542421
170;0.03804508802638025
171;0.026533697375821674
172;0.056107456474344744
173;0.0956200825704259
174;0.08680917766864524
175;0.09822867647786254
176;0.04620960342082734
177;0.05675192485790266
178;0.04933638558762909
179;0.006542109148532482
180;0.05812124627392373
181;0.019271904271240793
182;0.08423327823565784
183;0.03964616051015866
184;0.041599966092178975
185;0.05232016299336646
186;0.09641720747314991
187;0.04391400985725933
188;0.07077160369059639
189;0.08976470342857257
190;0.022499631574325253
191;0.0829219443889618
192;0.035971014592846774
193;0.00018957166764085322
194;0.004514729534818929
195;0.07105643537592014
196;0.09150803017525683
197;0.07114402499826253
198;0.02247501600147891
199;0.09904387249675972
200;0.03772429180244206
201;0.015671216120815724
202;0.06431624583457463
203;0.014492072621980235
204;0.09757035985142731
205;0.018949736506915872
206;0.061430782073781436
207;0.061824895371293036
208;0.0119465877474367
209;0.048373439630323645
210;0.007674251892817042
211;0.06232282943970782
212;0.04136892811216959
213;0.007764977802360351
214;0.07565947045080153
215;0.0682338925936669
216;0.07929963751065053
217;0.09066834719672673
218;0.05033301290468067
219;0.06672067045994565
220;0.024121981743715284
221;0.028836593880402352
222;0.03819982087666675
223;0.05747848079343068
224;0.03683637347398048
225;0.01694065250471528
226;0.09564285560961039
227;0.04093001441602472
228;0.024868407764544145
229;0.0429607724201958
230;0.08402201630796402
231;0.037681739931704865
232;0.05554658254760772
233;0.06432579903525026
234;0.010915638423070995
235;0.08525662413662395
236;0.04956976715732717
237;0.012936130477174535
238;0.09028283427472147
239;0.06094920244311386
240;0.09842195344791084
241;0.009418076210272065
242;0.07713450102256715
243;0.08534837804520784
244;0.0701431585621276
245;0.09290420835809589
246;0.03772964592571874
247;0.05082825279658885
248;0.08465760578662
249;0.0883637784249265
250;0.06282575850157172
251;0.06477708920519362
252;0.010385824524001542
253;0.07356643266005908
254;0.0032039437924705205
255;0.035471122693002025
256;0.07010067475950227
257;0.0023619309968895387
258;0.007805645979187648
259;0.03141264259176426
260;0.0647004424602214
261;0.08112528808178922
262;0.01183380041019021
263;0.06272962373730274
264;0.025941818374408423
265;0.028082651769525027
266;0.0668526828883474
267;0.006024810205111764
268;0.0314861763395484
269;0.09679851826233782
270;0.06501897515164994
271;0.04845053856526056
272;0.03828870176423323
273;0.0015090314599860211
274;0.01164462845447769
275;0.024798794757216726
276;0.019016942245432947
277;0.07052808020485711
278;0.06454114736428673
279;0.011307847950694373
280;0.056182460345663376
281;0.0013112478680932793
282;0.08324848108061424
283;0.09880859552088735
284;0.01768066447546691
285;0.01825717854063971
286;0.06275182439871417
287;0.06380919323480114
288;0.06779107639016672
289;0.057004695858015014
290;0.004323356437190329
291;0.016144353991095418
292;0.03951649790919949
293;0.018920774099545047
294;0.02856998318519878
295;0.0036613884599039585
296;0.0746652024995268
297;0.08549743612457181
298;0.06422767411882209
299;0.06728723202568818
300;0.08492527230234698
301;0.035757012490611875
302;0.035134861155830886
303;0.05298162652040015
304;0.05937368155479761
305;0.01421807699159976
306;0.008854660668799174
307;0.08219676743989646
308;0.0924730873176049
309;0.020505960655888722
310;0.09723920626670601
311;0.024127223077226635
312;0.04308009411044892
313;0.0616658848373243
314;0.05615722185181744
315;0.011543153149261222
316;0.020324307705145164
317;0.07800139759932835
318;0.08358443778357265
319;0.07066193981512094
320;0.06554355308202343
321;0.08758138236277656
322;0.036036955811960515
323;0.014113439631689796
324;0.09458802457308667
325;0.037363301564315964
326;0.011389646179318747
327;0.09927566257677681
328;0.09416523923093602
329;0.0663260922739864
330;0.009937702429503571
331;0.05699648938792656
332;0.05133639631471568
333;0.027117391664599002
334;0.04063614964396887
335;0.07083423438615172
336;0.019822405073466987
337;0.07834392094232259
338;0.049690412326345204
339;0.049884212295908295
340;0.05909818972497023
341;0.06581998107422561
342;0.05385978801979962
343;0.008741181186681768
344;0.0998311010672731
345;0.032522334401052636
346;0.01669635153189333
347;0.06942616675926716
348;0.03312966226108951
349;0.06024271224673793
350;0.06712962412276104
351;0.022564572811773088
352;0.06250305873567445
353;0.08168615598177664
354;0.09397547552113111
355;0.020111042779127675
356;0.03739621638601148
357;0.06383759218912825
358;0.01629745601228352
359;0.05608701679983921
360;0.0020792788937150863
361;0.05410343788373937
362;0.0826007141354485
363;0.06128662005458298
364;0.0866896373641266
365;0.030459300474706907
366;0.08216996106703901
367;0.02953294859082095
368;0.08129679762325219
369;0.013865155243051298
370;0.0064851337358870055
371;0.07130945777222258
372;0.08212920689015159
373;0.012262698778628912
374;0.0602068627469928
375;0.05173044129370239
376;0.07624353439929947
377;0.032478285063247625
378;0.07119005718385502
379;0.00482843677847089
380;0.0901113575856991
381;0.04039497254747601
382;0.03494862625754127
383;0.07055423045058246
384;0.06171079292394821
385;0.058972426830644034
386;0.05655642147950383
387;0.014308718831557744
388;0.016272436391640256
389;0.08613823194035225
390;0.09241543937970664
391;0.023418439674379524
392;0.06240058957899513
393;0.05080669398697671
394;0.07398715096717941
395;0.09962076599277399
396;0.09946695052227632
397;0.09165125722018425
398;0.04220831704137094
399;0.07251999319700614
400;0.06029617717921209
401;0.022710231305510753
402;0.007416656742979078
403;0.054667999750345114
404;0.06816995416527526
405;0.0034684375522606396
406;0.09909300142246943
407;0.08436191059969633
408;0.009810653749391296
409;0.042536026771327756
410;0.06792829793107014
411;0.029243869247024414
412;0.012062480383817986
413;0.08982796940411891
414;0.002898929591981392
415;0.025060315397355638
416;0.03680580016897921
417;0.01061059999068046
418;0.019976388703626703
419;0.07724691679955191
420;0.08106582539062976
421;0.07060120010921705
422;0.0365599955435904
423;0.03544357027229552
424;0.02422813153960639
425;0.04778530327638998
426;0.04484168126311777
427;0.006022742923127167
428;0.014875379795384626
429;0.03473544916225129
430;0.09034057410443264
431;0.0017291606340486987
432;0.04824235689650213
433;0.0093975517062321
434;0.059548881420294776
435;0.03476012152568647
436;0.0975497078044043
437;0.013125661299011972
438;0.0935982522454128
439;0.019244747897271743
440;0.08465039499666141
441;0.08720376284698156
442;0.022969115773338135
443;0.014036498973120327
444;0.0670337236367494
445;0.07120011982820079
446;0.05018376295692001
447;0.051697772650544406
448;0.07323652012119601
449;0.05805548589480036
450;0.03783964739675986
451;0.08800104001205548
452;0.035716252308411155
453;0.08373786659958232
454;0.08804700944805127
455;0.02899501676340607
456;0.08355970235310589
457;0.08648885854785401
458;0.08647382463532736
459;0.07456459913361281
460;0.08567259197356056
461;0.05265262054758312
462;0.061970775455577554
463;0.056325912545052884
464;0.09198860849600424
465;0.043384963252353095
466;0.06503996974566616
467;0.02490663123511705
468;0.017087129300843964
469;0.09156606873086869
470;0.0006305691398281632
471;0.017329123333179763
472;0.02002098445498446
473;0.06939242448729244
474;0.01667683593326689
475;0.05140799331891702
476;0.006748521126138674
477;0.036065359485436044
478;0.09051398179261944
479;0.06534696351765877
480;0.07901751012827342
481;0.026729854843358547
482;0.09502945037614244
483;0.05277269912129881
484;0.04356835127734115
485;0.06160881981970463
486;0.06787667923988987
487;0.04188426433004541
488;0.021023170192781417
489;0.057349227841217126
490;0.06564750259817888
491;0.08733885155409293
492;0.0022395907541173155
493;0.042987451062834206
494;0.0571708908801193
495;0.03495701362221106
496;0.026739512490708408
497;0.026995973816770203
498;0.01354224731990874
499;0.05485052498498735
500;0.0029553446431364594
501;0.05810897802095543
502;0.03585759089224555
503;0.028148859089594316
504;0.04285667652554053
505;0.05430104421473186
506;0.04774921899936149
507;0.01080121915696527
508;0.0504818859851483
509;0.04592798957099025
510;0.013008883117840042
511;0.08774416373083127
512;0.036846303958303975
513;0.041238453499870875
514;0.06442774381529286
515;0.027313378495395304
516;0.0767257040639091
517;0.011053621496216248
518;0.021222175031649318
519;0.0538325906141648
520;0.09732680996950915
521;0.0210204820435409
522;0.02125790622775714
523;0.02516850583321442
524;0.05552116892721955
525;0.07008052499824445
526;0.034019251114801266
527;0.0348751889174734
528;0.013494086320717092
529;0.04143038299106638
530;0.002592164736674363
531;0.03818217650624023
532;0.07405148510550806
533;0.059900037488844496
534;0.05684529080676192
535;0.04455315850039692
536;0.0575953757026816
537;0.05497821498001744
538;0.07970213265412289
539;0.007525085125439435
540;0.039047121703375924
541;0.09591493464180025
542;0.08061085445784148
543;0.06923051987815021
544;0.024832735785752416
545;0.08334833814792553
546;0.014339299805006556
547;0.09377640830372734
548;0.0799122918439202
549;0.056596581519231186
550;0.00041840179514940345
551;0.04702757966955491
552;0.0815653161566969
553;0.0063250158988588994
554;0.03614687162759627
555;0.07171324896257877
556;0.0972054139624354
557;0.07590155705293673
558;0.03954671715596919
559;0.006543307575119406
560;0.0010336081740095705
561;0.019250728337923784
562;0.044564690143097656
563;0.08181973892834096
564;0.07321988961964061
565;0.09561546537845599
566;0.06746159005819431
567;0.04608457778386567
568;0.029415780175605644
569;0.06511830339964551
570;0.05395829900663938
571;0.04850097705840626
572;0.02874600280022399
573;0.07003885515751339
574;0.07501406653933915
575;0.03145212710550843
576;0.05694994911067545
577;0.09810208973211151
578;0.0913763603641444
579;0.07433829951933912
580;0.015133692101463548
581;0.0523001123175198
582;0.035341407562837567
583;0.037015724570298184
584;0.094110424871073
585;0.08236844861003315
586;0.056924923398628036
587;0.03815329280989082
588;0.07260704332017338
589;0.01641811624524845
590;0.019728856107666937
591;0.01270527791562649
592;0.09016371639340486
593;0.09018826454548481
594;0.059008513275624785
595;0.008512343849530946
596;0.04873049568992414
597;0.09953332518668853
598;0.014148498462884386
599;0.09124463575546642
600;0.08612020132363585
601;0.04730918079319424
602;0.028932161201988084
603;0.06843327484659949
604;0.05156243139438128
605;0.04290064214509235
606;0.01411500596827846
607;0.0677880458295778
608;0.03689041339523811
609;0.03434462236607534
610;0.0008218490022411485
611;0.06886679074279571
612;0.08546187423682719
613;0.04802228108526794
614;0.02582304692782126
615;0.03545123292621235
616;0.04358053663243386
617;0.02986526100082785
618;0.03238842985242823
619;0.013273413187577389
620;0.026340489976326042
621;0.08112060436570537
622;0.0494702120295889
623;0.012798684544160777
624;0.047101680296261286
625;0.02582498134877853
626;0.03085847878125645
627;0.06884119917309243
628;0.08050741094004063
629;0.01029146410980949
630;0.02346359160421826
631;0.06438712807185171
632;0.053523510829719935
633;0.00964805516306664
634;0.09563773064619208
635;0.006583050450073735
636;0.05213408678170787
637;0.05717519965625746
638;0.07283414335403392
639;0.05270875045650482
640;0.0812923599081831
641;0.06197043591009176
642;0.0641257712660114
643;0.09835749871525652
644;0.061667331775210804
645;0.09501919612782911
646;0.026499211403867653
647;0.04338882064524533
648;0.08973719820114606
649;0.0422639119697355
650;0.09338904727048984
651;0.07880931349017593
652;0.07869692445844333
653;0.01408687823062682
654;0.08325821685026447
655;0.0021332008797166568
656;0.0026565909046642245
657;0.06516030942675231
658;0.047792936499742644
659;0.03603155914031716
660;0.08989493915793816
661;0.053634110729357365
662;0.05844606892897312
663;0.042448996770721364
664;0.035532968563178134
665;0.004850262308929477
666;0.0894654078184037
667;0.014686034496073686
668;0.05715154358073659
669;0.001891895390003251
670;0.025890803704096944
671;0.04116676286782642
672;0.07528502356751046
673;0.04642922794782729
674;0.06494189707556337
675;0.0820832200484862
676;0.01970262895734015
677;0.07089478371995499
678;0.0180600428383628
679;0.09685369923172851
680;0.021448993320790102
681;0.0163148776779535
682;0.05114734700009165
683;0.05220673444483456
684;0.03590229606237775
685;0.08993847893569755
686;0.006022926948545049
687;0.0955598066765838
688;0.040824032769373325
689;0.004988174703125903
690;0.07102887150199405
691;0.07112910141397466
692;0.0177435676833416
693;0.07039987583875516
694;0.06898002709162483
695;0.09137698462288861
696;0.04284949852474597
697;0.07343653136273912
698;0.05952226232898477
699;0.009250620301714075
700;0.025611186034379542
701;0.025616184980578917
702;0.011078242195664435
703;0.01870195822836931
704;0.08880474685714901
705;0.043574896261931506
706;0.051782886924109796
707;0.056012324243969215
708;0.025613305036057545
709;0.04004495071734854
710;0.07763374248618399
711;0.06886215328310935
712;0.021293771889105362
713;0.03425744621474839
714;0.09006353729570024
715;0.08485498128435975
716;0.06916453843402569
717;0.0023564744950278493
718;0.09201874734421736
719;0.09624244623374362
720;0.006149723063521695
721;0.06152164362650893
722;0.07818924186394782
723;0.09346501395424722
724;0.029852408942110633
725;0.08351446272885431
726;0.03775052988093737
727;0.005483295999335492
728;0.07427361287128405
729;0.08514544320319622
730;0.04230158877529083
731;0.021500188275651966
732;0.04631082236688492
733;0.015418033090387352
734;0.010180851015572713
735;0.08014395468911802
736;0.06222817083190953
737;0.023518171772294063
738;0.08810892105902562
739;0.059559567867332165
740;0.01509091580961991
741;0.046553916699911616
742;0.08181661087913866
743;0.07449832601033905
744;0.055981625211340674
745;0.008485120679212577
746;0.09421793570697647
747;0.051337760210420295
748;0.08596428770614958
749;0.08551471467753081
750;0.030572839848233092
751;0.038305324648637555
752;0.09200540967823423
753;0.012933982864474404
754;0.0513711429089443
755;0.020955537629627288
756;0.06667794212642386
757;0.028729307892993883
758;0.06904505910861301
759;0.07363626988459097
760;0.022298916208916133
761;0.012063296193684193
762;0.05279771625202954
763;0.049521265493217864
764;0.06297804846956503
765;0.04427179557438743
766;0.060103184130357604
767;0.09273245966128298
768;0.023632979673495404
769;0.08245110273920572
770;0.06547993729788047
771;0.029462280726125167
772;0.09320316177409593
773;0.08796484470271385
774;0.08544327682651254
775;0.00555093110023881
776;0.06159683274169493
777;0.09644373174587866
778;0.07467985340416326
779;0.04002590910411035
780;0.06462199703597148
781;0.06076739791162472
782;0.080504827567483
783;0.0646624623188716
784;0.012330829600356065
785;0.05776697617091762
786;0.09032748681800508
787;0.05066770389017287
788;0.06960242926639694
789;0.0008657366110637277
790;0.05132159779712604
791;0.04564947201450137
792;0.050327916423353006
793;0.007026460924708678
794;0.0199542708173743
795;0.0023270652459457253
796;0.03538914402064698
797;0.0048053239769143
798;0.005594345214275498
799;0.07261867705264664
800;0.08523335004370812
801;0.08240921074872626
802;0.03794244848856816
803;0.01726878363001467
804;0.007186673649619524
805;0.07461505991011828
806;0.08080017840467967
807;0.05631221691750356
808;0.040752386685352304
809;0.0001804141809606197
810;0.09335415441503138
811;0.06641812224363247
812;0.07580219165302014
813;0.09533061051530495
814;0.06480816364008606
815;0.03791092083816592
816;0.04087906860435926
817;0.04978359929578077
818;0.01783364288535313
819;0.05806130602769666
820;0.09321771168322618
821;0.018701404702322257
822;0.006152617632806956
823;0.03739461213222661
824;0.05575239768880117
825;0.07648072263566966
826;0.061284867561784556
827;0.018571424849626594
828;0.058084926828435746
829;0.09763731603253441
830;0.021552580329527615
831;0.009591401895161101
832;0.025029059479206042
833;0.08713393726321698
834;0.03191348528340578
835;0.04221182572246629
836;0.01529767845564114
837;0.0339650812257643
838;0.08929588445086561
839;0.02684370894456123
840;0.015138218469398768
841;0.011183866855499991
842;0.004771122245260029
843;0.09297582617839306
844;0.013729286194171686
845;0.03468807047985422
846;0.07272069112125484
847;0.0025907322366738542
848;0.09838745529186416
849;0.014954732127838122
850;0.08527373592568986
851;0.06674925312132202
852;0.011861918731738141
853;0.08582762533471326
854;0.016683926839113416
855;0.05733267823732836
856;0.09742013012725179
857;0.015583387058094235
858;0.00028022762213020247
859;0.09774042596622204
860;0.05803367436800259
861;0.022647318357022383
862;0.06375662294395618
863;0.03684810184229368
864;0.024422763237633784
865;0.059942855685636676
866;0.04999732056580822
867;0.06585213547614498
868;0.0474479637767197
869;0.08688901839164047
870;0.015113505697863905
871;0.04683019811862994
872;0.015003916604375734
873;0.024538041818707435
874;0.008970263930159062
875;0.009573431981509763
876;0.06966781586912703
877;0.019651323732935457
878;0.023898331788983575
879;0.06020588088432485
880;0.0428539795310765
881;0.05379405138635234
882;0.0769364381071207
883;0.036142792329818665
884;0.006308165087457418
885;0.03238378759979558
886;0.06557166872124508
887;0.025398969875276258
888;0.0947563079913523
889;0.005301593949897088
890;0.058134397647192394
891;0.016975575964961364
892;0.08761771717807566
893;0.005275915816777665
894;0.09043381334746181
895;0.021476528935229413
896;0.04278439900542028
897;0.04090366015469376
898;0.07520973749968807
899;0.06529461626307513
900;0.07470618452740906
901;0.018412052183924967
902;0.06824569361536374
903;0.07940487879683218
904;0.024483814439972676
905;0.06784982356019749
906;0.06772242439740271
907;0.0809210961082768
908;0.07136144453845981
909;0.04579748996795843
910;0.060811796622844874
911;0.09591477221923439
912;0.06011339770716837
913;0.04384446168320142
914;0.01322852086553794
915;0.07080251037497058
916;0.08379263869086345
917;0.06675837235932494
918;0.09922004644922866
919;0.09329024648964344
920;0.07751842123740305
921;0.06348166043690379
922;0.0623417474391915
923;0.01514275223718329
924;0.05584787672924744
925;0.05997463863808172
926;0.08833552621336847
927;0.06913168977048907
928;0.06814653314621198
929;0.047212220831777056
930;0.017153605619898427
931;0.08597914658858032
932;0.07807947868815662
933;0.006182733168317445
934;0.05933751499198762
935;0.02677323047472885
936;0.048771748881034506
937;0.01191583619764377
938;0.0020719277355235933
939;0.019316379106982175
940;0.07819665668182804
941;0.0832792889137276
942;0.002814082121076889
943;0.06110007699020016
944;0.09947165860249825
945;0.07745228680964873
946;0.09447005128117555
947;0.003964288668599103
948;0.099588475057353
949;0.061543402457724564
950;0.05714405546119179
951;0.08292411618035629
952;0.06254051583269762
953;0.09974012159252094
954;0.028577525636576173
955;0.055675154883024505
956;0.05437792180223418
957;0.013008577401949918
958;0.025807406951092238
959;0.02817556863977896
960;0.03386386117941925
961;0.07782082605323211
962;0.0030343595232859566
963;0.02813767836886352
964;0.015833490533917628
965;0.07764311056875367
966;0.05810786908681603
967;0.04845580256744171
968;0.08403942171934137
969;0.08404749390700235
970;0.06494055282735176
971;0.06859435478888969
972;0.030919216715232258
973;0.04124910036215799
974;0.029450893756046148
975;0.0643058938531248
976;0.09199990592943613
977;0.07265385669492437
978;0.007266152350010369
979;0.09928444525857003
980;0.029277920644440403
981;0.06273750921033514
982;0.02696484952588272
983;0.008506889654428806
984;0.07675037905475711
985;0.09696174244145712
986;0.06947046394844701
987;0.05651069560284669
988;0.00018608078878112888
989;0.03877350244300461
990;0.004014088514063818
991;0.00720803601792951
992;0.037394461691625434
993;0.03596955455274266
994;0.045608560714085894
995;0.015873721236003658
996;0.05583135154751987
997;0.03636442786868543
998;0.0319144968755151
999;0.047290980401440336
1000;0.017484953382662972
