1;0.016772392608851282
2;0.06684731172318144
3;0.02561835202131664
4;0.09944014326656488
5;0.16450990724199627
6;0.15072612994942164
7;0.05086873907301564
8;0.03500110280112017
9;0.043210302432505836
10;0.1482127058540926
11;0.13449028811370778
12;0.019447485249844146
13;0.12951999299228545
14;0.10178546918551212
15;0.09995725275625884
16;0.168643408998441
17;0.14455803458017047
18;0.003945224679732662
19;0.05965170083764611
20;0.1911491806615132
21;0.0877434794947301
22;0.11984614219974213
23;0.032160982259037255
24;0.17305478300338192
25;0.07673999823839564
26;0.1155997316778547
27;0.19433418428593072
28;0.011449097574094203
29;0.15001369742120205
30;0.03811348652532083
31;0.10733733598981113
32;0.15764671140965605
33;0.16115024381111548
34;0.10127315566787154
35;0.06652370151712186
36;0.16110569230909094
37;0.18155439368812493
38;0.15860811352263318
39;0.16947350995849852
40;0.06865953173504162
41;0.1785082220695138
42;0.11971052067102694
43;0.17477302211609624
44;0.019470540914362556
45;0.19989212499244394
46;0.01433123762341706
47;0.12397447752375079
48;0.10214942473475518
49;0.004364291997054859
50;0.05885497690963089
51;0.10381374278446426
52;0.13576774120615984
53;0.13245147659622517
54;0.0028869194891526064
55;0.17295163011421733
56;0.13545062949245398
57;0.17523580662052832
58;0.1224191813870133
59;0.020034516960457327
60;0.080315818247305
61;0.11581045659362091
62;0.05528137929383201
63;0.1201929645461789
64;0.17175630915567075
65;0.03295004474640626
66;0.109938999746628
67;0.03382754907042018
68;0.019727949171322257
69;0.0382709967904912
70;0.1089017844498431
71;0.12655339992563056
72;0.10500653583981621
73;0.1508924128976712
74;0.0025532868369825047
75;0.0292596435237658
76;0.1363665568706852
77;0.02746445952770258
78;0.0728208334818419
79;0.010407275474141353
80;0.15357726582137196
81;0.13097288273746407
82;0.15557892534791318
83;0.19907359460207144
84;0.03959072100606762
85;0.16857844100541636
86;0.09733126141051847
87;0.10630231150114096
88;0.05152603624148893
89;0.05691922464606532
90;0.055875537382548274
91;0.15811683422642864
92;0.15478971419843612
93;0.061085784142745125
94;0.12327953324779158
95;0.03441830727195938
96;0.007452587442782633
97;0.02654594443244287
98;0.11727530809564156
99;0.09859636320222918
100;0.15802660115699488
101;0.15405131179178452
102;0.010026074385501228
103;0.1992017626359137
104;0.167866930747986
105;0.08665513577773108
106;0.12824315352411356
107;0.14635393134169303
108;0.030440083951808552
109;0.11814939945342384
110;0.0013547836963136994
111;0.1875693513771113
112;0.014027392251719296
113;0.06194949027892156
114;0.0393267119753421
115;0.15157066038740624
116;0.02643439982644944
117;0.007742053210082922
118;0.15908100601102076
119;0.17856625065655368
120;8.381136931354672e-05
121;0.03746731123679949
122;0.1884702126531467
123;0.10116289406295345
124;0.11555554446070551
125;0.09348811199524042
126;0.04121143771640445
127;0.07056097249577767
128;0.05477320745272052
129;0.10489413627414126
130;0.015105686530566166
131;0.03178550212797746
132;0.008862816135289787
133;0.015310638862984428
134;0.0993349174461765
135;0.19876979563052483
136;0.12471262644668586
137;0.15261967026918205
138;0.1458476892533841
139;0.05557950004173269
140;0.19279213549353974
141;0.024362634839694298
142;0.051249816141443263
143;0.06227058183131016
144;0.06133969065954852
145;0.07084340192738021
146;0.014761439516818964
147;0.09706639665664496
148;0.1850809176598656
149;0.15089379583906942
150;0.06888699670136277
151;0.020614251733977376
152;0.016724137424953756
153;0.02899372155930966
154;0.0035208475336085733
155;0.06348265792004348
156;0.039601072466901525
157;0.17740815523470516
158;0.0172195152613281
159;0.049505688943438854
160;0.02871415176046346
161;0.027190814015975586
162;0.12599035534996883
163;0.01627199468015812
164;0.005323926428546577
165;0.06094189710858511
166;0.11648288782604495
167;0.12086357479407824
168;0.08476447042731261
169;0.12912438499140708
170;0.05697935357409467
171;0.10598034078092522
172;0.06610470127927824
173;0.1246086253806523
174;0.053071122097712586
175;0.10335430800878039
176;0.1316533823176294
177;0.1364033844596932
178;0.13153951187467441
179;0.034207975424766994
180;0.09741862003769629
181;0.08577352009043988
182;0.06249962026312559
183;0.17763239005271786
184;0.06847308813048061
185;0.18738891746069408
186;0.16168957111264531
187;0.15047216064786886
188;0.16312038591873657
189;0.06765588744448996
190;0.0414228404534083
191;0.09897263963995989
192;0.046486308515474084
193;0.03667327056983662
194;0.16567644167702994
195;0.06947143396070787
196;0.13287743131562332
197;0.1926457896947199
198;0.08364525841087284
199;0.16201613116894695
200;0.11658829352031191
201;0.05818061213022163
202;0.16848359276721536
203;0.06675946713683234
204;0.13233790562120853
205;0.007992942357880306
206;0.18664619302184107
207;0.020550642455021074
208;0.08841854133084902
209;0.18541774654810977
210;0.03597132609732281
211;0.16020278552043146
212;0.07545223324981942
213;0.0814446030691019
214;0.05324698867007041
215;0.1969788667861381
216;0.020454017930249393
217;0.12861577828774104
218;0.1257034227981528
219;0.10049382711707373
220;0.10149238738562812
221;0.086789402521871
222;0.11860399933235233
223;0.13619840824708243
224;0.04969571050981363
225;0.1372767021302814
226;0.05973847252680815
227;0.05092443584946163
228;0.03963578718883076
229;0.11172737937174887
230;0.1256764172964079
231;0.1143982488148347
232;0.13638998102175848
233;0.0765162197160751
234;0.031157114026697786
235;0.10997003227139578
236;0.04225389360158556
237;0.018280467297691817
238;0.0809005993768154
239;0.03220045899858437
240;0.13052884064096934
241;0.14709487316736528
242;0.05695712003290612
243;0.004509426969538733
244;0.1873692324961271
245;0.12645504603451038
246;0.04665103049047237
247;0.03431713724030845
248;0.1567410837247576
249;0.0473067535842106
250;0.11891761165704973
251;0.054871811685020845
252;0.05191117348090471
253;0.099989081140152
254;0.1487920875447911
255;0.11770468476763665
256;0.05955555317066899
257;0.088305293086156
258;0.17730394994883117
259;0.016983378287267127
260;0.1709883277922636
261;0.09180757597733741
262;0.006427201251738946
263;0.13190130848838572
264;0.14265404656512903
265;0.14033405948959085
266;0.03885936512617005
267;0.10731671478109744
268;0.17713207337529546
269;0.03171024901378799
270;0.02316862026569524
271;0.10924073346148369
272;0.06480473879094427
273;0.09170971313083116
274;0.18361959622026144
275;0.007128932143041777
276;0.15447426174213166
277;0.014673409527595705
278;0.004162090268617025
279;0.008016951017641128
280;0.1376291659624375
281;0.12210907802994314
282;0.07418414791523457
283;0.12951185424063408
284;0.13599292635108282
285;0.0920255211961961
286;0.09140855346798445
287;0.00845588031512956
288;0.129114963473369
289;0.044221850052940395
290;0.13038502099291857
291;0.19551322599703796
292;0.014506274445579748
293;0.12008120262469513
294;0.09775936416312858
295;0.1795739374640716
296;0.07512717954343909
297;0.10265648955636603
298;0.006851944796159248
299;0.04545787576353395
300;0.05298558317256661
301;0.14346431165428117
302;0.021799213085041604
303;0.18475321476167372
304;0.18463575521732656
305;0.12963865590691204
306;0.050177397005586793
307;0.1943717635151022
308;0.01763149212800366
309;0.013782354006998898
310;0.0090396725096205
311;0.002927099926892174
312;0.06302762949594452
313;0.13398225425034344
314;0.04414724658082721
315;0.0590451385982802
316;0.15283999407503548
317;0.12133113327257472
318;0.16565069710220628
319;0.07599870514001172
320;0.16958821824161965
321;0.1153911445659255
322;0.10308322476147834
323;0.18149197751252083
324;0.0820512434072289
325;0.1358554309921046
326;0.09808004929526382
327;0.09804775711651958
328;0.054706035069109454
329;0.10088298984528302
330;0.06083281065178439
331;0.08667203084952557
332;0.1421655514483273
333;0.06726239961776773
334;0.045990968308516414
335;0.1861160579236949
336;0.10584409578768564
337;0.1788776002164151
338;0.05912664733690079
339;0.12045264609201115
340;0.11464057351364768
341;0.11757450160651746
342;0.028523714086080787
343;0.10458431872370211
344;0.18144530643244866
345;0.18805096241272104
346;0.1639428035707735
347;0.15053994601567794
348;0.18732453009020372
349;0.1766336983663089
350;0.18704871660336836
351;0.07111240786700894
352;0.07808298766037283
353;0.08330189426319093
354;0.15568909296069014
355;0.007709058789286894
356;0.026172815587923594
357;0.1729019016893133
358;0.08729224974942158
359;0.006187032543527127
360;0.08132619696942207
361;0.000280280475370831
362;0.17509226657822022
363;0.027343411177387547
364;0.18715376110049464
365;0.01938211201428415
366;0.06088489030497062
367;0.05953963131215761
368;0.18135173799805548
369;0.0864517053600346
370;0.013305732162306995
371;0.029319221817466115
372;0.09935486427331729
373;0.02565759217797241
374;0.06038045422262553
375;0.04971884383532679
376;0.04771177569475125
377;0.04267495495474852
378;0.009495639955846081
379;0.15245442682099247
380;0.09246913835339188
381;0.16820300480440897
382;0.13205135982723876
383;0.03913789185169612
384;0.07784112084645389
385;0.12430071463227224
386;0.08731847080107098
387;0.06515353695701805
388;0.0656117536407993
389;0.058127864721162076
390;0.04782640345366014
391;0.1785982684886576
392;0.07782865214120004
393;0.10535185985656746
394;0.1465128261365979
395;0.046413684047570715
396;0.1774310083264263
397;0.05461742699280408
398;0.17500503555806057
399;0.0461288644522196
400;0.12767776031268285
401;0.13316162576540708
402;0.13664877927760902
403;0.025090496364955573
404;0.0916094246449787
405;0.084707995116176
406;0.027340583848433343
407;0.18286206051211112
408;0.025816583540429885
409;0.15114487972944327
410;0.1601004123752328
411;0.12919436310194596
412;0.10871959318251807
413;0.1492201781242951
414;0.03154474552486499
415;0.040004822523015765
416;0.061336029360550604
417;0.09902405225709415
418;0.13392527456349254
419;0.18852761184868086
420;0.005741395381165449
421;0.07742417778160593
422;0.0923644443822726
423;0.16420975719724923
424;0.04878718150107564
425;0.14888967162198635
426;0.06405209148678662
427;0.08644992180596014
428;0.07466909142889466
429;0.057109617793000014
430;0.04517006742607417
431;0.17918351573451133
432;0.16466938562948902
433;0.07541723461160621
434;0.08279717516789231
435;0.04681800944259369
436;0.10382845814015806
437;0.10434326013529222
438;0.14032716048068802
439;0.07729013580997651
440;0.09207919448437532
441;0.1735612929377972
442;0.11537419059695012
443;0.11894329874338859
444;0.13851214155266503
445;0.18910699645765489
446;0.10827556887135686
447;0.18810984160419192
448;0.02604927890954181
449;0.07320215298060194
450;0.18457879141078753
451;0.07184247080756005
452;0.03860913014497239
453;0.1014161292784665
454;0.18443293796861693
455;0.07585384641570361
456;0.1840105469592208
457;0.1806505818411362
458;0.0743662889100531
459;0.10226671417813107
460;0.004918828838370093
461;0.19003818500876263
462;0.01243547076897238
463;0.05440438224536018
464;0.15305872838083456
465;0.15542177177333882
466;0.16062901493403361
467;0.1916779558788878
468;0.13458635170438235
469;0.19773283196149552
470;0.1742368436146548
471;0.002355378468371261
472;0.1104469993499962
473;0.0646216553378705
474;0.1138719424739272
475;0.15727055679287028
476;0.1342623111334838
477;0.13883373607376845
478;0.14464699287764507
479;0.057845929759420295
480;0.13519826753388833
481;0.008964917303999531
482;0.12463168500086308
483;0.020050484154517514
484;0.0809633251482947
485;0.17625432914586903
486;0.16259567453828724
487;0.14220176697591663
488;0.13969041742181204
489;0.08480016569562057
490;0.14704860132003025
491;0.028822936290383617
492;0.09902100737437891
493;0.0785669775602669
494;0.05304170551570138
495;0.19578547582206052
496;0.012201859700319284
497;0.07289951411063345
498;0.04271734128178859
499;0.05178786369991897
500;0.1356426473185406
501;0.1055825784266483
502;0.0030055134698719235
503;0.011227415194353774
504;0.009612621682508161
505;0.025860922290288427
506;0.09472709620564719
507;0.03658111918637515
508;0.14434860207987613
509;0.11232158844775174
510;0.03659787081089325
511;0.011667376988564949
512;0.07960471054795237
513;0.17599589517768555
514;0.04144099024656594
515;0.061572057300217024
516;0.0922726323261226
517;0.14146883668439109
518;0.09772168730144398
519;0.02900362437644033
520;0.1952543122759647
521;0.03087158174073388
522;0.1379664260722993
523;0.11665676938104236
524;0.1499913826012143
525;0.05567690687935123
526;0.09937979533981887
527;0.1820253890741012
528;0.03987518989169408
529;0.1479870311115014
530;0.09418340328794746
531;0.16172560368223088
532;0.014224167300916092
533;0.035652768323434204
534;0.1485936058128968
535;0.04609431205475261
536;0.046083782858690504
537;0.09383559508022354
538;0.13033350014111406
539;0.17347421263608812
540;0.19895396822029726
541;0.003984844508321639
542;0.15735318191436112
543;0.022730758235293136
544;0.14458828690374195
545;0.11368832205908874
546;0.039798995644279515
547;0.10817032082091214
548;0.15223764998974887
549;0.15065885117072017
550;0.17469574259499984
551;0.024846203214366147
552;0.07950937554309778
553;0.04652525558174672
554;0.10938874436376787
555;0.06252517360780707
556;0.19932080200223834
557;0.09146868728032419
558;0.10449434864719834
559;0.04156125351220446
560;0.17553067755131355
561;0.19060871594662565
562;0.1629149251404462
563;0.03788970559365155
564;0.1449282092051178
565;0.16521048370673538
566;0.14606079120309817
567;0.11924945171307269
568;0.10521533031473616
569;0.059747334017711734
570;0.04080279225711314
571;0.13781924592233602
572;0.06036171226269345
573;0.09756198648235544
574;0.12550437178567117
575;0.10677551862479676
576;0.1330736692994068
577;0.02913439340785793
578;0.09027469456244566
579;0.17139894291080984
580;0.16053046884032018
581;0.05729659160590626
582;0.15992801136385976
583;0.03866000555526632
584;0.1087656664643595
585;0.1064430203994701
586;0.005538959263706289
587;0.10519286962566801
588;0.12033015254953042
589;0.06923366648318408
590;0.1783906221107689
591;0.0070969468285846165
592;0.1971317379775965
593;0.19672122076266416
594;0.16934386237493715
595;0.05050050741516013
596;0.09232316986824698
597;0.12327711995486562
598;0.12076765201540168
599;0.10081875039836366
600;0.11899095085690028
601;0.19798980170155223
602;0.15823722342012625
603;0.19045853906487686
604;0.07531615578618278
605;0.09907670319796064
606;0.041569546944523306
607;0.14779203450128517
608;0.17370580185861462
609;0.03426350683642345
610;0.061401755735569746
611;0.131179980664585
612;0.13393674211605253
613;0.012478281103083844
614;0.18963803694700632
615;0.06782400696573976
616;0.03306579644939838
617;0.19400756548760922
618;0.08385797685786003
619;0.06787063929959831
620;0.1648755031574034
621;0.11253764177449835
622;0.1731207582872406
623;0.05217578076897609
624;0.013387161190544596
625;0.06702950724522264
626;0.06177894382856233
627;0.12898574661773515
628;0.149766135521153
629;0.16763579377142807
630;0.1652098572124788
631;0.13035486679450667
632;0.09823402272453137
633;0.1443125823863834
634;0.1657167677479604
635;0.09618501263430626
636;0.09941341913262072
637;0.1320652400864402
638;0.034537357855853594
639;0.031049551140983313
640;0.15691017049302314
641;0.10612415615827907
642;0.0006558634733119018
643;0.1402461043017164
644;0.03986376643057679
645;0.0666626731073627
646;0.09508808560502635
647;0.013641269582789018
648;0.031333524513637294
649;0.14218729575711786
650;0.11869743131569555
651;0.1055080371261985
652;0.023987026378428422
653;0.10778696897745797
654;0.17567072892880783
655;0.06790231728525112
656;0.14977010365917529
657;0.031833749317508424
658;0.06765480877144213
659;0.01021334039954709
660;0.004869099560822332
661;0.18329737053684014
662;0.03634663993828604
663;0.1450035816189244
664;0.14905957090773486
665;0.02287902474749115
666;0.13193198003745055
667;0.04993532579517901
668;0.04578881555565955
669;0.0954055603493954
670;0.15917490638227852
671;0.10669366856612542
672;0.14882607909165174
673;0.1263984949547298
674;0.19072701117527324
675;0.07456993272964367
676;0.17297415057134202
677;0.10602409030104597
678;0.09911028223047216
679;0.027497012391729858
680;0.030016042911485564
681;0.07018227683876448
682;0.14370383353713798
683;0.08280568040163994
684;0.06318082914017616
685;0.1248773727479325
686;0.19441137002457654
687;0.05643082614464421
688;0.013876449306635187
689;0.027203113530298362
690;0.17545538176013456
691;0.16750800800880822
692;0.02758568535153263
693;0.17254433518337792
694;0.18699805586080093
695;0.15339178414548518
696;0.005897492042991126
697;0.14985206713360272
698;0.18535699254839574
699;0.018959846261754888
700;0.07854415267843014
701;0.12126003065116597
702;0.05628159628618828
703;0.03424268360826632
704;0.03532003088203577
705;0.042181004872591334
706;0.10244697482942644
707;0.03107897038990646
708;0.10499299779731677
709;0.016996337167044497
710;0.12335393251967475
711;0.0022850952385687017
712;0.12654603737117542
713;0.06278205388289429
714;0.021777191314823075
715;0.15131685991464994
716;0.005857832372085748
717;0.17417526035588296
718;0.11766456803852753
719;0.13188787970216528
720;0.19251872870685127
721;0.1834782850658543
722;0.14622774418864848
723;0.1733329432258053
724;0.02093082355236402
725;0.17582521631926107
726;0.08469249616935147
727;0.17026700524716418
728;0.14542114207139328
729;0.028621617290952053
730;0.0010740351953485662
731;0.07796854665846567
732;0.0029139137858452237
733;0.041364515784118955
734;0.022004059975834902
735;0.1162971307256673
736;0.17405990443824965
737;0.0929673135152803
738;0.14165321355121183
739;0.11000042674606153
740;0.138814339455131
741;0.09065111106257716
742;0.16506184686267683
743;0.08076156667830565
744;0.09898049738524708
745;0.05311608206186594
746;0.1777963003650143
747;0.033313212005691865
748;0.002881544370535494
749;0.039466674217358326
750;0.0336919219637849
751;0.09047109519488367
752;0.14608210490707102
753;0.07934408062541216
754;0.08034490451891987
755;0.07096365903494047
756;0.005554721530521323
757;0.13486171889132956
758;0.12202487584607816
759;0.12798582111165804
760;0.029937414102897943
761;0.12432828080645664
762;0.14012147201392497
763;0.1835076765720329
764;0.17813774588304074
765;0.06676386539208755
766;0.12268195025050853
767;0.1867335579140185
768;0.0666866325724889
769;0.014329874440021761
770;0.07789174547755039
771;0.019365103992000355
772;0.0039304020064115045
773;0.1839975470980225
774;0.01573675928878504
775;0.1787665176562722
776;0.05651847223133244
777;0.13848025699494584
778;0.14687919600516605
779;0.15337938962438216
780;0.09646198360212775
781;0.1327615558692313
782;0.1854898886467919
783;0.0024873321173993546
784;0.18329084763371264
785;0.0989271938804986
786;0.19475687537552766
787;0.07007184179695339
788;0.10842633210138662
789;0.038796398428013794
790;0.09623901863325733
791;0.04791423782494897
792;0.1055768036569502
793;0.11750125311114562
794;0.012875099875540565
795;0.10857525172127624
796;0.06913728560934129
797;0.1867468090898955
798;0.00815579826135493
799;0.0098603793217098
800;0.14810349105213969
801;0.058986063779386845
802;0.15117946740223692
803;0.18992325459978135
804;0.06421377498298442
805;0.1902830177919651
806;0.0521606872266176
807;0.04813141974288848
808;0.1300779058395886
809;0.17314292807495524
810;0.020939417457604637
811;0.10345771873771213
812;0.06989446902207541
813;0.0019821253946696207
814;0.13005618475830913
815;0.17776091168546548
816;0.13014460934280436
817;0.1525173457654863
818;0.030768784826344955
819;0.18774757721860083
820;0.16459234393001185
821;0.032870657640565425
822;0.18098060143815214
823;0.14458234440355994
824;0.19237782578109722
825;0.11408010192814295
826;0.04565835019489439
827;2.846139011032367e-05
828;0.04503073881400006
829;0.07874409571059288
830;0.07332264403535525
831;0.17966083808822014
832;0.03577356578996407
833;0.1991712423343392
834;0.13075706666645137
835;0.11201518764519863
836;0.030949713605758024
837;0.06342096385387262
838;0.046488032485574586
839;0.04084805163801308
840;0.052786412597839276
841;0.01513816216241335
842;0.07695277206778002
843;0.0492952219393372
844;0.08351443341115837
845;0.12381256154249834
846;0.16962503396396197
847;0.09255990318423957
848;0.1539665007344591
849;0.05884100660297251
850;0.034654575075349595
851;0.1293529673603453
852;0.03009447205612603
853;0.13410098952102484
854;0.18989415583643945
855;0.1568796721714546
856;0.147458906102865
857;0.1879098612413345
858;0.03833079877021506
859;0.06294248319447138
860;0.1505022585198287
861;0.08300490592439819
862;0.018124801667131818
863;0.18835245581163063
864;0.12369994710416606
865;0.05810093774178098
866;0.128998747031261
867;0.11608078011064248
868;0.14617987146014585
869;0.0468592266395393
870;0.015198354962182692
871;0.08308021285654538
872;0.12815297553501268
873;0.08238374356401318
874;0.10821030848078912
875;0.15702971328170195
876;0.11070479407420795
877;0.07702481359954615
878;0.04392226187964479
879;0.022556423099905156
880;0.06852158820291057
881;0.06102390446490822
882;0.1740846699445027
883;0.057323579906985
884;0.1527206525658901
885;0.1717217143070009
886;0.19868037976980488
887;0.052557170721562185
888;0.15861839968422886
889;0.11457885106876152
890;0.014988946487011679
891;0.10541824575461448
892;0.033680832860928156
893;0.19260344728713347
894;0.19473156797918695
895;0.02417374324893338
896;0.1985652915481061
897;0.15554333758534933
898;0.012261527899851422
899;0.035694000336664526
900;0.1729226856846262
901;0.10936316591442544
902;0.049583829743059485
903;0.07843400335513968
904;0.18672877325083176
905;0.008197089406958735
906;0.10141469801366437
907;0.07316782606595547
908;0.027624911233485427
909;0.046642415417400086
910;0.19567600113911546
911;0.12853829296183986
912;0.14194853921469905
913;0.024645107655127552
914;0.0018369359230958394
915;0.10923830012493435
916;0.12015560642919437
917;0.19432103496717074
918;0.11480757836705924
919;0.055639494624429346
920;0.07280653467490426
921;0.07203824308217584
922;0.14819662549328885
923;0.11054096128371745
924;0.1677241207046759
925;0.06727563521342365
926;0.04633840128195661
927;0.0518373091614309
928;0.1525192798929691
929;0.13844297158424435
930;0.16026988231714676
931;0.08618513711551737
932;0.10181867564932082
933;0.11506215345321656
934;0.06359931282690781
935;0.12038536128008673
936;0.14756370119328122
937;0.05660770750788413
938;0.08870376096854893
939;0.020919247717065572
940;0.06493936145679864
941;0.16904069431814286
942;0.021587261274539672
943;0.11202692610831506
944;0.13997855600520323
945;0.0031032952073724476
946;0.010091833447747512
947;0.10675329944857
948;0.13743051218746605
949;0.12699225558025895
950;0.17545598009075464
951;0.024240169241452936
952;0.13569840875365125
953;0.054167695767769634
954;0.13014886447945115
955;0.09950368035028552
956;0.10865381674015269
957;0.07234853671147967
958;0.05122246590367259
959;0.17034226948994569
960;0.17039979749998843
961;0.06696916259337556
962;0.13380232989985533
963;0.09632375330407428
964;0.18734446772912922
965;0.12068254277184441
966;0.16204296155462594
967;0.16443653336988542
968;0.1628658119953292
969;0.15248263069216303
970;0.010550307529909065
971;0.1523200440432892
972;0.048122672556161095
973;0.15838629415737476
974;0.0034858985168376047
975;0.11702056839014491
976;0.07576805492074523
977;0.13980805367390184
978;0.04773646185516059
979;0.14138852034187818
980;0.19968887207743377
981;0.04115854567225912
982;0.1696006359110972
983;0.16508708594476298
984;0.13772615724379425
985;0.12181252870819358
986;0.038387998181629523
987;0.03667178331053176
988;0.1667485081365768
989;0.0657961546016536
990;0.020622405727280982
991;0.021331240233076688
992;0.1383003257548356
993;0.1995564396305718
994;0.10819270132319264
995;0.029815253039111634
996;0.04358862027281192
997;0.012151399808150233
998;0.17777973273720646
999;0.17654884301610055
1000;0.008587839662595331
