1;0.08631957045272748
2;0.03214300649205987
3;0.019447435373666444
4;0.0684971954055626
5;0.06520680208374982
6;0.09372260694937276
7;0.08650517377803707
8;0.03411299149232792
9;0.004354908649844092
10;0.01160765568784763
11;0.08799604090304292
12;0.0614204022092525
13;0.01642299899159565
14;0.09265773840597885
15;0.08815671086815939
16;0.08682448115234304
17;0.09660196653452004
18;0.009193633329314577
19;0.07145057802399438
20;0.06957104749821656
21;0.058144188663909906
22;0.0806527236426409
23;0.09252521302811297
24;0.03318494451836928
25;0.09796586869790837
26;0.0128962535390181
27;0.0024670291823223004
28;0.06632075701185293
29;0.05981341687521355
30;0.02501091938095117
31;0.09292571112682207
32;0.046370930763499844
33;0.09046159274027325
34;0.06709670333833237
35;0.033511812265903294
36;0.02592006118672421
37;0.05667242561078598
38;0.0794957622156607
39;0.05858034066275816
40;0.023356473756719877
41;0.08190962257111145
42;0.06343805086837481
43;0.07831378141321815
44;0.06394575257860506
45;0.04831961824924618
46;0.03579029711096562
47;0.01001131986243189
48;0.02693889700601018
49;0.07893214237052229
50;0.08380741727006932
51;0.0014549089565178198
52;0.08408853098579797
53;0.05356987869427296
54;0.054260437672356235
55;0.052498507277780604
56;0.0671285731051359
57;0.03701820395430866
58;0.05671734936236433
59;0.0793733644730285
60;0.04110879541535888
61;0.0014057261017374812
62;0.013068667020240676
63;0.010484928550026097
64;0.05930460871859597
65;0.05432761789453262
66;0.02127554654755003
67;0.06826493370650262
68;0.013073244031986142
69;0.018059354408318008
70;0.07820126928048586
71;0.058441802266693425
72;0.09430180763714069
73;0.0648025862363765
74;0.097387974455437
75;0.07452169962305315
76;0.03330577842661171
77;0.035231064614641164
78;0.021101433685052476
79;0.02172867607211836
80;0.0635106538931285
81;0.007870971852113074
82;0.02098350420594063
83;0.04969107104118908
84;0.00185957105503074
85;0.06443123873201473
86;0.01864747060451869
87;0.03951720797832915
88;0.07776365907148028
89;0.056530140361176484
90;0.029747904416549287
91;0.09136803789055797
92;0.0019970689312510115
93;0.016179442504164556
94;0.08648083752979521
95;0.017134633911093856
96;0.02965149041108375
97;0.09205696213365835
98;0.09758512620386886
99;0.09954761043349952
100;0.024502231020657683
101;0.008912435449326994
102;0.08873962629003723
103;0.03888444244101955
104;0.035928333020288396
105;0.09585721731183548
106;0.03967948002037878
107;0.05643329286674671
108;0.07228469107851487
109;0.0721553474988796
110;0.040541951502572976
111;0.046512761952611476
112;0.027916272928116093
113;0.03347620322185986
114;0.014768861249437382
115;0.026126127002786815
116;0.06661954636499166
117;0.02249719329227187
118;0.09249451313462695
119;0.05007930663578996
120;0.0027325012550879716
121;0.021125836946096623
122;0.059095157220256135
123;0.027199380729942282
124;0.09259353126979646
125;0.01679085957479889
126;0.03787974776990151
127;0.06008998720227282
128;0.038456348743354164
129;0.04417884588318402
130;0.015733386017827835
131;0.0018034889414700328
132;0.043617032044890425
133;0.08566929521935389
134;0.07365146265727528
135;0.040379839185711246
136;0.03799866560084998
137;0.08556262335606518
138;0.05490726176132519
139;0.07916250474543698
140;0.09279332826218481
141;0.026379709045226397
142;0.08461291202973736
143;0.053654410973458994
144;0.03643117775339481
145;0.0992884674231872
146;0.06021439066580321
147;0.09409684971789567
148;0.09221378252900743
149;0.02577283812043667
150;0.0023113276532971128
151;0.026134975522104323
152;0.07898626482248342
153;0.08867781647180634
154;0.07048558713175755
155;0.060814186258079654
156;0.008633602893661529
157;0.023874648849699687
158;0.05131097108142089
159;0.06336462325257929
160;0.03522688626050611
161;0.03007141346798007
162;0.04388143949621712
163;0.07058169641016547
164;0.007160744999460445
165;0.02868851104642265
166;0.027774325311993975
167;0.09227268227639887
168;0.0896512456907666
169;0.03525933305910313
170;0.06396965994891056
171;0.04159820882351128
172;0.04453981828864764
173;0.09573505873557793
174;0.051040331531168374
175;0.04925571579985366
176;0.027170378918416206
177;0.05532942757228298
178;0.032167553950271544
179;0.07919602691416429
180;0.09752487634484695
181;0.0806641198091726
182;0.09574695850300909
183;0.007617280126033566
184;0.03721482925350841
185;0.04197055142165482
186;0.08478684692819374
187;0.03410160613308479
188;0.09530168449331432
189;0.029475642613007336
190;0.0310235963551058
191;0.010143699177587963
192;0.0015019689279553773
193;0.07276726678637414
194;0.04912675292008243
195;0.0502524184241007
196;0.023977452291414115
197;0.061401565916717464
198;0.08723275059523428
199;0.019025211616979554
200;0.02789103297964132
201;0.008066343669657194
202;0.08537203916547473
203;0.034192930370784434
204;0.042764181588568734
205;0.09130693593410882
206;0.0619996543695229
207;0.08764798166875215
208;0.00432793324508457
209;0.04534632696284633
210;0.01360953693953777
211;0.07304320223080805
212;0.018086033885450572
213;0.07104426542400344
214;0.09110317016185696
215;0.05538313109060366
216;0.08508788252993693
217;0.08060221744836236
218;0.08928896473812215
219;0.01784047380299868
220;0.009878217222890662
221;0.030486437675609004
222;0.05597512639494448
223;0.0382723785406784
224;0.05570996205732265
225;0.06274751850664122
226;0.04333152519753284
227;0.011600452178954746
228;0.02144317273897385
229;0.0320006303321211
230;0.014437650632832045
231;0.0010791957291323984
232;0.049192648465435564
233;0.03638190113710523
234;0.030541550407522225
235;0.0569792022893747
236;0.08771320084897198
237;0.07601370044229344
238;0.09106397081551988
239;0.008760312100174817
240;0.029307967112004164
241;0.03659191812226875
242;0.06495071489024669
243;0.04661335690883182
244;0.0878811956968778
245;0.052568663038393665
246;0.006285897903342597
247;0.03559114277707851
248;0.04877800265392073
249;0.01670409504977859
250;0.0658056880904918
251;0.03810816339838683
252;0.021728788349128184
253;0.010947789362439021
254;0.01780421822689804
255;0.014818986267576374
256;0.049854491918112254
257;0.05799215686158124
258;0.06597737267570825
259;0.017330690735266174
260;0.05816411024637528
261;0.06495120937408641
262;0.0035628536848466563
263;0.02950808371169286
264;0.07348821953549318
265;0.05560238149329064
266;0.07820246134841047
267;0.036957997076256424
268;0.07317219508478078
269;0.05674897514208881
270;0.01685559053824818
271;0.021842721646557497
272;0.060960448758831935
273;0.027182747547401832
274;0.07086581691734943
275;0.0858871464675097
276;0.08609205500715486
277;0.022882124155244613
278;0.02892420635072873
279;0.0446576799846937
280;0.006392972054487545
281;0.044810181595948885
282;0.09387145989014423
283;0.007926414845311437
284;0.039744552154315826
285;0.08323432480807447
286;0.05510137527000584
287;0.005739732477222415
288;0.09527486878259506
289;0.06406654624568353
290;0.037997680442593544
291;0.03084164732215814
292;0.010707464571970238
293;0.08649032262384501
294;0.09603631903713358
295;0.025406904969399326
296;0.04660282953352434
297;0.05443922871937047
298;0.010099603254187118
299;0.009428327530758163
300;0.09001491222289208
301;0.06919389274451344
302;0.05915541619159614
303;0.058695315196752376
304;0.06517680358055324
305;0.08283154528424055
306;0.025858468301511974
307;0.0032732670528620614
308;0.04941544535728836
309;0.09840090850165259
310;0.0874991133634275
311;0.06984027502045442
312;0.05065472806504712
313;0.01082570697120301
314;0.042785532281480035
315;0.06437744521346977
316;0.031420341849196336
317;0.014030264127344361
318;0.04153053856919069
319;0.04052519312503694
320;0.019447705475669954
321;0.0012488726141462682
322;0.01472216651773105
323;0.06500455411777602
324;0.036646119774913354
325;0.0024661947724811117
326;0.08566013844439546
327;0.06791217730497617
328;0.08468943330773265
329;0.08812489857320263
330;0.04212743961632662
331;0.04849224275983974
332;0.08022156804297399
333;0.0973345666375003
334;0.0939567811339276
335;0.0290775454247866
336;0.06188929331138765
337;0.06772571546585973
338;0.05618203491814144
339;0.0433744191215541
340;0.06182849556473511
341;0.05050733510072534
342;0.07544491575168782
343;0.02285485024981373
344;0.08548155593656034
345;0.031312806400206915
346;0.0747157462016718
347;0.01148669671513557
348;0.07112327208865006
349;0.040756692326601535
350;0.028356959113277815
351;0.06719318246075805
352;0.08459332277486725
353;0.05391530646962629
354;0.01851222373944471
355;0.06454602935159251
356;0.06435633287306823
357;0.07102056070569193
358;0.0369480389224936
359;0.010708466055572642
360;0.006142541559841908
361;0.08462867010671454
362;0.0029324220136804913
363;0.04071655293359944
364;0.030157933999393528
365;0.08151960496210268
366;0.06927825299692339
367;0.09475480164010265
368;0.013835256711553513
369;0.015714619006671406
370;0.08728912531776505
371;0.06795834544809665
372;0.0535846535663158
373;0.04678383909240402
374;0.053905178672000766
375;0.032516310568185436
376;0.08526777238812402
377;0.014527071064344643
378;0.08685914828685616
379;0.08085697254776841
380;0.00867713688355899
381;0.013651495455444806
382;0.09692313228378167
383;0.053241609178371424
384;0.011620721917943656
385;0.09808882725211451
386;0.0013729604798606299
387;0.058154337460466776
388;0.08292539892358936
389;0.08937268438398956
390;0.08493589738954613
391;0.06677617198950796
392;0.08432217143118631
393;0.0973202978624695
394;0.05734017959228743
395;0.057763955016236185
396;0.043538934402043275
397;0.09738890366045269
398;0.06329854969292602
399;0.00565129068312118
400;0.025350566732757186
401;0.022444786724715105
402;0.07221567015303214
403;0.07534549276108483
404;0.028203019190695913
405;0.032444300586749464
406;0.04725212456106567
407;0.05481704114037727
408;0.08435276982485228
409;0.03164499880802263
410;0.06818410237641805
411;0.016027228051287378
412;0.06629872903566914
413;0.02831989580630251
414;0.07114903622633195
415;0.06254855475667874
416;0.06188483949463831
417;0.03347762344213552
418;0.09162447279438929
419;0.09415389642965132
420;0.06446666773913254
421;0.01570938789164622
422;0.01939611595809241
423;0.059634127053789066
424;0.04608593641315063
425;0.09009175316323953
426;0.0901589550851497
427;0.0612942539631863
428;0.08071542695559605
429;0.035270656529762134
430;0.08855382122450854
431;0.06537017231828315
432;0.05935162222824635
433;0.02820268489568857
434;0.06297419969008065
435;0.017281083283512102
436;0.07923681295297348
437;0.06901135689851604
438;0.01991510989004465
439;0.099313921362178
440;0.08712099207861826
441;0.09815802582949729
442;0.009062815287309779
443;0.08781412055754041
444;0.06988205328897376
445;0.04155254750058229
446;0.022569717769703446
447;0.09050303142435931
448;0.08357552672969704
449;0.09623885232444876
450;0.01825581323541118
451;0.022691290280115496
452;0.02173914108215226
453;0.03257965502239668
454;0.004277405515372612
455;0.013231595216728743
456;0.028920249723574244
457;0.08238996694849428
458;0.026182611607362762
459;0.03854705786520827
460;0.001479674187819946
461;0.08238777679071681
462;0.08224103522630843
463;0.06347481560798948
464;0.06124395339626766
465;0.023614571800060737
466;0.017954162732119052
467;0.009287202667675099
468;0.04132199704736396
469;0.018593437887591737
470;0.06103248801224749
471;0.07427218009260501
472;0.08072182298452577
473;0.049381504068854824
474;0.059388009628365046
475;0.0261560708752554
476;0.03619495338736047
477;0.057036931843074345
478;0.022716448063161733
479;0.08280833369568477
480;0.011342844786728224
481;0.053026782145646614
482;0.08083234197412244
483;0.0924504870733406
484;0.09569233350536806
485;0.09304244728504044
486;0.027762843442309428
487;0.0020551696605561444
488;0.0366897001612464
489;0.022639408431183894
490;0.07516405380785851
491;0.07601470398477027
492;0.03061265156030081
493;0.09574672858891997
494;0.01623333504143425
495;0.03882730841459631
496;0.09174820732264787
497;0.02060613957747708
498;0.02092709062697531
499;0.07618582196432538
500;0.029187925317690846
501;0.059292959535582807
502;0.0384722503428107
503;0.058911939454326614
504;0.013665689422853745
505;0.05061662740509293
506;0.06602797504772635
507;0.08595053574532818
508;0.011651115574127091
509;0.05752388022135038
510;0.024961959817132173
511;0.06401716972575609
512;0.08410335874808278
513;0.07958352250498427
514;0.09965103055088692
515;0.082085899036025
516;0.005735337797903928
517;0.006949532781189216
518;0.09518588556845066
519;0.08911081059916558
520;0.09244596212115463
521;0.09612136792621392
522;0.05545998568148193
523;0.01589746462649567
524;0.06666080055928764
525;0.03244643564776633
526;0.018336372018742875
527;0.003845721496941823
528;0.09897626728492348
529;0.039932523798705405
530;0.018087692623393527
531;0.06882433141497943
532;0.07299912569086014
533;0.05470255676143481
534;0.06137369536143003
535;0.03380849798595664
536;0.030779158049745417
537;0.030129577499461838
538;0.01627295745667964
539;0.08505997409735969
540;0.05024457188280682
541;0.0383849123320566
542;0.044653408168604886
543;0.03853581630129768
544;0.02543770124136794
545;0.04054773582770965
546;0.030230479287563505
547;0.020773260506002134
548;0.08733063632001466
549;0.029444174724518726
550;0.05278938867775965
551;0.05450516918543703
552;0.017035898018595185
553;0.022096514091338018
554;0.09026396488131397
555;0.040111720501461945
556;0.058594033118331335
557;0.04496642401030814
558;0.061973909296165
559;0.01231610897242106
560;0.03210995773915317
561;0.049608100175111296
562;0.05425119592486447
563;0.011386782658929052
564;0.0479425493078478
565;0.06935273148452091
566;0.09018685313904352
567;0.013069931776741718
568;0.0430359505555015
569;0.055504379106051493
570;0.028342185389826392
571;0.0017979984124479875
572;0.07808908172956354
573;0.07114870835016936
574;0.011511086057402121
575;0.0739554064365253
576;0.0747989930143972
577;0.08985954254098023
578;0.09375752297160125
579;0.059734206374559874
580;0.029610297673854525
581;0.0622055853848902
582;0.058119949250426295
583;0.05497108678941587
584;0.059839421799227036
585;0.09438385220024147
586;0.02975155425950691
587;0.028368129304402936
588;0.00249624279097288
589;0.06334432413665843
590;0.061583993822234485
591;0.0636815413776925
592;0.05213004178392734
593;0.016953119294330476
594;0.014302815317294038
595;0.043453390239471326
596;0.01942987091307412
597;0.016607285632276172
598;0.028598531366689297
599;0.07710924520345278
600;0.050046830565690086
601;0.0831854794879863
602;0.05975806258579938
603;0.09941302070359356
604;0.07284435087117873
605;0.08657805136054941
606;0.028232904513091364
607;0.08422353704280905
608;0.0810347107663952
609;0.09545449645266207
610;0.09189945218607674
611;0.05848493086703779
612;0.007960555252971225
613;0.014530906151250522
614;0.09510978947816386
615;0.06735004117192601
616;0.09657811400568718
617;0.06426218633560848
618;0.08939377518583015
619;0.030556910109874748
620;0.013404637762099082
621;0.04748434987942312
622;0.04339776449281936
623;0.031939879912421885
624;0.007738040185894846
625;0.05650118044634439
626;0.02477479530293555
627;0.07802322125706102
628;0.014289264882197783
629;0.040563546573637844
630;0.00427439751731572
631;0.09208645536766819
632;0.08450251229728911
633;0.08429267867861977
634;0.035270022902320806
635;0.09830809117690671
636;0.09850924079321416
637;0.02904512918943395
638;0.04040424081022059
639;0.023826454015984655
640;0.09287911648313729
641;0.08469642886531091
642;0.07530434845905842
643;0.07086886617785075
644;0.09790615033023436
645;0.08653671477395082
646;0.09466956562449699
647;0.0007927902832479462
648;0.038911731023526554
649;0.055377873127156564
650;0.0051980121646409755
651;0.01480649682592644
652;0.034797177469919296
653;0.08174747084374605
654;0.005809486215211813
655;0.07754218395795343
656;0.0046655153037601154
657;0.07967863191646843
658;0.0931654195967514
659;0.06527036661781431
660;0.005999030696707742
661;0.04617525372470073
662;0.09755159417841613
663;0.05052995975100404
664;0.06988267014322905
665;0.05079821598771416
666;0.05729445495470586
667;0.03444887746881658
668;0.07642325268152567
669;0.03555850009276702
670;0.06422806747334345
671;0.005846315836194782
672;0.0389840272673883
673;0.07955806878197716
674;0.06773226860299365
675;0.02107382759515927
676;0.05199043766509971
677;0.05832177866639407
678;0.021202836083100675
679;0.07165773816623844
680;0.0630570258659586
681;0.0031635216736300878
682;0.07089508318743626
683;0.002463499011533288
684;0.018017086423431052
685;0.07956398934122488
686;0.09749275906887665
687;0.09386007676554968
688;0.09920904552930965
689;0.06991901851959004
690;0.0024981577514245792
691;0.03051578738219737
692;0.012692769535257997
693;0.033022351997895764
694;0.012950391222439052
695;0.041926158098869896
696;0.04228656035641645
697;0.07562833929138708
698;0.028753717721314354
699;0.0010551416765687605
700;0.07497386735412412
701;0.05148246799306899
702;0.04425907279602698
703;0.09624069225985105
704;0.06215047288740581
705;0.010968860168563011
706;0.09867195553182448
707;0.06418633262641779
708;0.05427789372799843
709;0.07574224032239235
710;0.0984327801601493
711;0.07921010208719814
712;0.04193892205909039
713;0.018321034721328344
714;0.0094860229949707
715;0.07988923407584868
716;0.012726520164719458
717;0.014866548024378113
718;0.07864913667924289
719;0.07338276797093528
720;0.02372396521558975
721;0.08661656337587989
722;0.005179064909634779
723;0.0501628763154705
724;0.02055708065070736
725;0.05874972338370819
726;0.01812453237391718
727;0.08547458398419681
728;0.0010577128008580684
729;0.07385608436795442
730;0.09511418175054259
731;0.08748597592267295
732;0.09808799068657637
733;0.06615362103995372
734;0.09891924736548732
735;0.07948962666725498
736;0.000830511110915555
737;0.05875794857933014
738;0.09586272102139479
739;0.026833177244483333
740;0.08338047641956274
741;0.08034248815528922
742;0.004226090504230495
743;0.04829458580688
744;0.07888117881811946
745;0.05748430336623889
746;0.06169230091618192
747;0.0794803336852019
748;0.0030483193241543916
749;0.09560275355215025
750;0.09454727880361387
751;0.04095771436024558
752;0.058615316875734125
753;0.09219110999033844
754;0.030560156745181002
755;0.07651626033166264
756;0.06478510887376077
757;0.042701186685856596
758;0.07860364296988709
759;0.09783373138502377
760;0.03255417203651428
761;0.03719703066153698
762;0.09463492202815921
763;0.012670708542277587
764;0.08261429293181016
765;0.09641678249283457
766;0.010472039382831934
767;0.07081751792072963
768;0.010118933812560594
769;0.026351567252337307
770;0.05185278522790824
771;0.04861463184025703
772;0.06319378868064492
773;0.08196118649124079
774;0.03185252855076037
775;0.07651642698250953
776;0.07366230683649648
777;0.05047649859814293
778;0.024916279493498273
779;0.04542721344481335
780;0.06951644983446215
781;0.09791025779599014
782;0.041136925852793674
783;0.012445523778556334
784;0.08628115649178439
785;0.029528548609256758
786;0.003171447638053593
787;0.047430721749371324
788;0.09114278981259752
789;0.009023932082372578
790;0.06811287202821407
791;0.022044928880525363
792;0.08376004923063124
793;0.04820593842977921
794;0.011022156832712316
795;0.05497364272424263
796;0.033765912668413244
797;0.08216456138115205
798;0.027884309851403166
799;0.027497204346614658
800;0.09852891985365535
801;0.04416309405669614
802;0.022893400709880076
803;0.017063303313913546
804;0.024511666781196585
805;0.08116279113164235
806;0.0987513300684695
807;0.046129979958755354
808;0.028670921880394686
809;0.028253468748578037
810;0.015296262486992496
811;0.02829215216804746
812;0.04938906383123808
813;0.011149381980109042
814;0.09773410767664872
815;0.023905475232952878
816;0.010752617800820508
817;0.04358579196243217
818;0.0876037601457954
819;0.018489766388553232
820;0.056439390438197956
821;0.06164429167404239
822;0.010109021061551482
823;0.06995176884159574
824;0.0964830549625455
825;0.021594026756862606
826;0.006042496399559172
827;0.039069265976500636
828;0.0419897313962211
829;0.028158480117047913
830;0.058097028672409005
831;0.03592783409298307
832;0.07421689894709099
833;0.03835367927065933
834;0.0864197022897784
835;0.030382914558348507
836;0.07288237016909188
837;0.09387121383686856
838;0.08402112423368065
839;0.07274456258702304
840;0.06217547965067824
841;0.08419984428914008
842;0.08824750988809288
843;0.06898473597514682
844;0.044141031508021435
845;0.03959089001643773
846;0.09191197094158365
847;0.06370879176771604
848;0.09639318044171478
849;0.07626631299586667
850;0.0010818591117351063
851;0.02448352156270327
852;0.0626140084945377
853;0.0935976438414725
854;0.03731747949269062
855;0.08287020142363549
856;0.05042043371479369
857;0.08278746446536833
858;0.09691039053563712
859;0.054505796051056446
860;0.08110217901163076
861;0.08830492903015735
862;0.054064416219831296
863;0.006123296263416834
864;0.023529661430030924
865;0.0848690030947874
866;0.05174671007253644
867;0.08967045087208568
868;0.09134745511641872
869;0.01304623226489473
870;0.022683998021196562
871;0.06376971849249057
872;0.08994665971610433
873;0.04139460207176652
874;0.08397945296446188
875;0.01421201549608896
876;0.07084293157562323
877;0.01018224900040673
878;0.00032838830266783696
879;0.015415370891338688
880;0.03080308990468398
881;0.07167629048446755
882;0.016269798228124754
883;0.07230972936379372
884;0.05228980543711629
885;0.07758033391212965
886;0.0894422215015904
887;0.07485462245800227
888;0.019473669049986653
889;0.07479596627200914
890;0.0757163354551737
891;0.06911927033694451
892;0.09353379357834964
893;0.036573521261189304
894;0.08019925618571411
895;0.04314505693068717
896;0.02998162387503771
897;0.01913039112903905
898;0.05841916133225096
899;0.029778087301154856
900;0.058115328569915664
901;0.043360144258923886
902;0.008404333674394682
903;0.032306571330781
904;0.018425520376764492
905;0.09407300969674956
906;0.07655436403505268
907;0.09811130286618855
908;0.0681093052886513
909;0.04141829462164046
910;0.018803957672311213
911;0.0915172995080293
912;0.03145274668101601
913;0.07547607493560012
914;0.027848614328205946
915;0.05192220863208449
916;0.03639581938472092
917;0.07639287034451032
918;0.08784792177312978
919;0.08213358824251886
920;0.09706109999587961
921;0.0659426912733594
922;0.006052134028088807
923;0.0011306248005564345
924;0.08085816233255072
925;0.013485134643452768
926;0.0019397927002761661
927;0.03921496584368772
928;0.032775406031274025
929;0.056707284449874266
930;0.08010799638207039
931;0.0011118054380743869
932;0.07433578729394968
933;0.04872137790137098
934;0.05457159019149599
935;0.03355518867638391
936;0.06576324445836314
937;0.03825903611437129
938;0.08552429918561177
939;0.03109423972998543
940;0.08581822014047714
941;0.049637688982499484
942;0.060523989266646955
943;0.07835519891941467
944;0.017281288309047904
945;0.08687236538310152
946;0.07262686296275164
947;0.057044635558679495
948;0.009700657108860922
949;0.09820366320849626
950;0.0888044040268838
951;0.04606822858187004
952;0.04782479245770376
953;0.05849814925100556
954;0.08828081741560405
955;0.017739849077701854
956;0.09041290450731336
957;0.054140741384635795
958;0.027845221358683583
959;0.07604528138102236
960;0.015838613629488775
961;0.06964796316229589
962;0.07548443092618841
963;0.04827676780577035
964;0.054771985113470534
965;0.041500988917887505
966;0.029247600789019414
967;0.08735573581659517
968;0.04243186695291645
969;0.010262920969251044
970;0.08383533321314257
971;0.08277669575812442
972;0.013520492335066282
973;0.09697869710275998
974;0.08177544654579602
975;0.035489217089669525
976;0.08769279970029778
977;0.09442606065944781
978;0.033330137477463107
979;0.043216567871993954
980;0.04715156249036992
981;0.09232724516314031
982;0.0185945756943121
983;0.028146068972858408
984;0.06354534940373703
985;0.06392636978263477
986;0.038464646142019325
987;0.06912469876456871
988;0.06595257383683717
989;0.058180950469101426
990;0.006764301783120031
991;0.004958943337831201
992;0.07178585571167463
993;0.027184018258527645
994;0.06893992338383015
995;0.02907158977034966
996;0.05104330740782146
997;0.003012566781442738
998;0.09197510958287636
999;0.09641061620571953
1000;0.007919641032906466
