1;0.008256613622769504
2;0.012841636518828137
3;0.07641756298869555
4;0.014020759327478038
5;0.007005120216135297
6;0.0028162709594114267
7;0.014134394133156092
8;0.02690626644209756
9;0.03485711556769682
10;0.09826558712415569
11;0.09220199869541024
12;0.03626389726678625
13;0.03947376866255131
14;0.03602350954042488
15;0.059529484555632
16;0.0015459572601711825
17;0.0486116630300668
18;0.01041546497362398
19;0.02738135176375063
20;0.030718310752184487
21;0.06629546822307324
22;0.09263195810095262
23;0.09964276027107159
24;0.029082981203165294
25;0.04763797801386791
26;0.039900894814698745
27;0.023782610108504312
28;0.03518667439530291
29;0.08177581060853427
30;0.07837992932778383
31;0.0055796500368778925
32;0.08593885383097548
33;0.03293726722715782
34;0.01899854723470175
35;0.04173703753727426
36;0.010545847625840732
37;0.05897537373085098
38;0.054757511933687324
39;0.042881280835644235
40;0.08691261104920002
41;0.013605647201779437
42;0.054314457725926225
43;0.006319789743605864
44;0.002166620171169742
45;0.08469277434626415
46;0.09071587853226559
47;0.06840806669479407
48;0.019669993602120153
49;0.05375019024016891
50;0.0032743885490177263
51;0.0341135505831076
52;0.05330976306937914
53;0.04734018942351638
54;0.09334989328625215
55;0.08721637565321202
56;0.006442215525530571
57;0.026458044829600427
58;0.03285223336018025
59;0.0584097869558417
60;0.0330715955052136
61;0.0861813387285561
62;0.023522694722344507
63;0.022975933378668868
64;0.08370542485483624
65;0.02373999796939441
66;0.0734814399799734
67;0.08751736210329396
68;0.047814087312989396
69;0.04817501444483544
70;0.02085858919609972
71;0.012007251776854022
72;0.01857621588172882
73;0.01254182108916102
74;0.05540624291562965
75;0.027483915217357702
76;0.09497230046568811
77;0.05597934904808188
78;0.09520355083935426
79;0.021489734543053342
80;0.08180184159936854
81;0.033670007770354095
82;0.05188794991847631
83;0.09588531500149257
84;0.09291771798143501
85;0.08957202141771388
86;0.09145055007812401
87;0.05757881867139565
88;0.08308467411389302
89;0.029013456615006816
90;0.08333923121176773
91;0.03898895436143068
92;0.004343086136085017
93;0.09521531574691483
94;0.08480505767802625
95;0.07327608217920877
96;0.02186433929545344
97;0.06601099224201783
98;0.05968014333375768
99;0.03209868464286586
100;0.0043396527937457855
101;0.03819782123020217
102;0.010252752551821544
103;0.09606643053684036
104;0.08065329818410022
105;0.04102332194144051
106;0.014575153777454431
107;0.06500737191454019
108;0.004961906243443792
109;0.05011209791160261
110;0.0817463969619368
111;0.005272876409506733
112;0.07216145851154358
113;0.06463618285264915
114;0.09558178795910002
115;0.06498511831938154
116;0.0244913388268052
117;0.07287149040467637
118;0.06157768171732735
119;0.08433948836931544
120;0.08090264679661519
121;0.09270133050536783
122;0.07462188886986236
123;0.027217090570112012
124;0.08305120537715607
125;0.07504848689278888
126;0.006860937002228807
127;0.04065530331572295
128;0.024273896183693213
129;0.09754867046464932
130;0.00219705096420999
131;0.02047526696350385
132;0.07195752022699627
133;0.025427596927113418
134;0.09872898102917743
135;0.04264535175948939
136;0.003033968257263087
137;0.0790883726450482
138;0.020334151855263917
139;0.03487395502752101
140;0.04635438550399125
141;0.045628329722151854
142;0.025210477405032374
143;0.04026366558370777
144;0.03342365618087991
145;0.02405828148395809
146;0.04274062382428803
147;0.044253995576611575
148;0.007123345887378252
149;0.021154702624854718
150;0.013790499892738796
151;0.04395906059089322
152;0.009783117522358298
153;0.036033925773091106
154;0.004255265921348117
155;0.019439120002526934
156;0.05322854699728302
157;0.019657498879230673
158;0.04143420432473573
159;0.006833698190961347
160;0.030492728770287525
161;0.05891723430291153
162;0.047948436962923016
163;0.05560898008771255
164;0.016603722561735947
165;0.0684590580518629
166;0.01274713515835525
167;0.08215984409296079
168;0.04371607300303346
169;0.0383026144067156
170;0.031125767227198342
171;0.05237638229165314
172;0.04997098261649599
173;0.09845336688580947
174;0.054818282973638
175;0.031742835303751125
176;0.06262163466738381
177;0.04123109284049144
178;0.04091054953778444
179;0.04709015153532764
180;0.024245177061883918
181;0.0242379601813156
182;0.09793028416418667
183;0.07032571695476213
184;0.09376231406738884
185;0.07880701913243952
186;0.004257978112786465
187;0.04623389317011589
188;0.06984328644779438
189;0.010751400663795208
190;0.0975924320407254
191;0.06787143225881818
192;0.02729765121201677
193;0.06579611962970015
194;0.08491159625587522
195;0.04851131103408162
196;0.052448047353529606
197;0.08784033176813183
198;0.02615504414136364
199;0.06278380365452065
200;0.06952755859492192
201;0.08774796960172765
202;0.023484653395631574
203;0.08228189328209441
204;0.09384955107576498
205;0.054880949451977946
206;0.012247060609189488
207;0.05997619703385518
208;0.0887267394488526
209;0.05206370590219268
210;0.059337753559856876
211;0.04267847531263004
212;0.03307627985037459
213;0.07928890619983943
214;0.06898868858535628
215;0.025365523495136846
216;0.03814215854007252
217;0.07910296435247471
218;0.09310405714660845
219;0.06775950486404933
220;0.02085470303149414
221;0.0383016547866352
222;0.03225507975294112
223;0.007397443809846894
224;0.03497644695107112
225;0.002434137395186642
226;0.04588294198818034
227;0.037046882563132925
228;0.03174688346864061
229;0.014650550193056878
230;0.08365781127261285
231;0.05848687130988855
232;0.08147268501833449
233;0.00707840307218175
234;0.06186612427173456
235;0.0378256869928746
236;0.07230326380096454
237;0.08391205210015289
238;0.08175965655648423
239;0.014202257453728752
240;0.09490322999169773
241;0.05344141426299798
242;0.0011831967588885495
243;0.05253462749539598
244;0.019688272702653133
245;0.06685894551938526
246;0.0174190398590507
247;0.000376205502285798
248;0.03760408218254139
249;0.06449097666769907
250;0.09731851055996266
251;0.06107306925526761
252;0.008607955618028684
253;0.08712500387821391
254;0.05955226166906901
255;0.03560710648739817
256;0.016089580923296588
257;0.08193716320968063
258;0.053101751464675134
259;0.0986453876183965
260;0.011969573768869247
261;0.02362580607920216
262;0.04920534193366271
263;0.016440792687125404
264;0.02203659888177724
265;0.030810610471059298
266;0.07505432345823838
267;0.07012497566805369
268;0.025264136226857616
269;0.08175459006728424
270;0.005123657994206998
271;0.04438735609174637
272;0.07224073051241273
273;0.06529622886468306
274;0.009402791215245499
275;0.03911664952809457
276;0.02750787663105693
277;0.05153792289258413
278;0.06967044613647728
279;0.02786461283709686
280;0.002236055236020684
281;0.06460197126075387
282;0.07662964393105166
283;0.06831889709821762
284;0.019203297446224923
285;0.04069549650274445
286;0.06412291833208557
287;0.06209642364296933
288;0.039251083673304876
289;0.025772186359874452
290;0.07641016709100623
291;0.010950857687905435
292;0.019923473641057288
293;0.07646241263339201
294;0.0018543752039965834
295;0.09071743282391748
296;0.006642538893427419
297;0.05678725298224421
298;0.04494620005427711
299;0.00025896825323105114
300;0.09609606425096776
301;0.06603225925330179
302;0.05656734105570265
303;0.015046718308369811
304;0.01371674318253905
305;0.038291750598046174
306;0.0911685214207385
307;0.06554143508696773
308;0.06535291626681093
309;0.05446765054457582
310;0.0041589766783296294
311;0.05575731716871695
312;0.011774267640631298
313;0.050512773143872584
314;0.036874044759230784
315;0.016926712760766273
316;0.010118561697744045
317;0.0849155957036495
318;0.04112252909840687
319;0.03770756633446057
320;0.0561109396870212
321;0.0821889108990283
322;0.00033580313092791415
323;0.03270892025236889
324;0.04647802647435542
325;0.09059110100997327
326;0.018566607007272296
327;0.0452648023919911
328;0.09457226316801212
329;0.06725432965448022
330;0.055461152082389435
331;0.05380044176083935
332;0.08222501958517581
333;0.0793285416558863
334;0.056692568142925004
335;0.018490514187005525
336;0.06228114811850452
337;0.0018459300203784391
338;0.04462442833681895
339;0.0751095828539747
340;0.08559704857424905
341;0.05204752217930491
342;0.0532430136905279
343;0.05604786059010806
344;0.014024618772141574
345;0.04843863324178104
346;0.022652479392396688
347;0.02940163411360145
348;0.04575653654138349
349;0.07830541528295727
350;0.04142889153090387
351;0.021813060830358832
352;0.05940556183924124
353;0.034601872507671605
354;0.02907600167618094
355;0.015129803754940952
356;0.07725753212932286
357;0.08137526674311021
358;0.0018156560398048139
359;0.04572931380019684
360;0.0028156619742266357
361;0.09352220394454945
362;0.04352886309346912
363;0.02798041598809954
364;0.0773589961393767
365;0.06247395724843046
366;0.032319548462409746
367;0.06561689204458156
368;0.04191344104298039
369;0.03890302804977609
370;0.07834984426189436
371;0.02155299485031975
372;0.09047566912962765
373;0.0017798558891429451
374;0.05677730038424718
375;0.09499855416816842
376;0.03647787562312146
377;0.08603501140807246
378;0.09043211206160894
379;0.015726186175081903
380;0.09457334028974342
381;0.003427193070200585
382;0.06362931637216337
383;0.026769127611227062
384;0.07414934433099798
385;0.05029457205036143
386;0.06524518725415866
387;0.054426100698126784
388;0.03550969081078085
389;0.055448090115381654
390;0.015878590399281422
391;0.007453762587026458
392;0.06624140647450379
393;0.048852059784418145
394;0.07282888817074641
395;0.0890280056678983
396;0.056777538340262126
397;0.03965803464023533
398;0.08097362988893017
399;0.07839938501402582
400;0.0930521289643293
401;0.008257614502164634
402;0.06538410972450133
403;0.070247147549787
404;0.09280396333999243
405;0.03201562630003574
406;0.02857672391300279
407;0.08677051618482384
408;0.05744097207018474
409;0.0943059511205254
410;0.027714510206586496
411;0.006955401945320561
412;0.04093257198541233
413;0.0832136492677934
414;0.09058510210963529
415;0.026357421818647853
416;0.06089980915803361
417;0.05079097192738635
418;0.0415212571286972
419;0.0012413301073831097
420;0.04442744514896731
421;0.030122048022341842
422;0.044540133333796576
423;0.06427771442828382
424;0.0036724571404356922
425;0.04295591446909089
426;0.026622952499322575
427;0.03824282240020829
428;0.026035884767692342
429;0.051684485460681495
430;0.0206278936038821
431;0.07072658383186531
432;0.09865810322908274
433;0.03029868602634557
434;0.034554586356133565
435;0.06941185716433017
436;0.07606795917927454
437;0.002275352977222833
438;0.07098777124736877
439;0.0638364320949695
440;0.02181100029454951
441;0.07692915644240837
442;0.07118043101801719
443;0.0243296982358618
444;0.025724734213946346
445;0.08130085426521177
446;0.012912854953669995
447;0.06746137720956628
448;0.02292426560479829
449;0.09944881910418096
450;0.002502646525035446
451;0.03415378723866974
452;0.018653397625186453
453;0.09057324836136538
454;0.04957207963178764
455;0.05756333109473565
456;0.010293843290034488
457;0.06976652605515568
458;0.06886992678742702
459;0.017227061699816172
460;0.07304476312074512
461;0.09719017509406297
462;0.09038396281987736
463;0.007498279351267401
464;0.08010076210813355
465;0.07982976246389774
466;0.08390611392187289
467;0.09396511748770921
468;0.01833157216180571
469;0.08652142141451198
470;0.07562839430474111
471;0.04918890761484376
472;0.010988431243607821
473;0.06693822364017982
474;0.028508714995838846
475;0.09401241485789212
476;0.09796940285944979
477;0.012657652037760071
478;0.02113781944510881
479;0.06334514535035629
480;0.09526961871458073
481;0.099328607820939
482;0.022879202558506773
483;0.0058267176573606584
484;0.03634313474085019
485;0.06927164112329642
486;0.07869499909606748
487;0.05523189980587406
488;0.013596033281006437
489;0.08116194087684592
490;0.03980182999273796
491;0.07287557411261684
492;0.010391348157844593
493;0.021095708561371853
494;0.08595300886495987
495;0.001840072249823832
496;0.020573141623074997
497;0.061654693057662115
498;0.08311125919901309
499;0.0705185173319513
500;0.07752728604915397
501;0.07869670884634708
502;0.03971617594108959
503;0.0772402246250515
504;0.08443849399672751
505;0.08207855176944712
506;0.007979116297868617
507;0.021548425238646564
508;0.08132248877773052
509;0.0026329048734510477
510;0.05411598863615527
511;0.048596218552006125
512;0.034930774946671427
513;0.08079263544021725
514;0.003225096621889889
515;0.037466812532422115
516;0.05371605954795083
517;0.04385201225069242
518;0.08949955041523629
519;0.09344578917101455
520;0.023489213752558382
521;0.041539550298757805
522;0.07592532752276665
523;0.08681230840849374
524;0.06126829846967491
525;0.0035526685018365312
526;0.03563551470867981
527;0.011798361493189635
528;0.04982906225105219
529;0.0875202824696039
530;0.08533574229909906
531;0.04917260448865599
532;0.055309406408522034
533;0.029582112502245017
534;0.02483690699004376
535;0.015094140270412771
536;0.08205912944650036
537;0.020109768160165388
538;0.05559171091043846
539;0.022612417016946763
540;0.0854015027833129
541;0.09757465757088701
542;0.04343361175500961
543;0.08107470647654812
544;0.08006706168075574
545;0.08178364637485859
546;0.0022414545860386936
547;0.06081813864142539
548;0.0454754019565382
549;0.028941677331047178
550;0.011361530937110188
551;0.06873880787020448
552;0.034280187922489824
553;0.02905015695209867
554;0.01356944130624137
555;0.05884731731859261
556;0.09045763423926359
557;0.0053307903998312985
558;0.052147778402572655
559;0.06672113262229244
560;0.09868784434149269
561;0.021882421414918675
562;0.012674235713827742
563;0.09072002919292246
564;0.05623514876379437
565;0.08636140542911369
566;0.02190199537558575
567;0.09778728333070738
568;0.07900028742538656
569;0.06439672012130279
570;0.024054922404264736
571;0.0006588247041953932
572;0.07605904207533512
573;0.08285650571569332
574;0.02607666803335771
575;0.08935989585745986
576;0.007821630478503051
577;0.08189859027715667
578;0.021673405663220416
579;0.07861562957740377
580;0.027543653903175494
581;0.048561679729234565
582;0.0815028097864756
583;0.07527924412523408
584;0.052054542629697824
585;0.05680270619644304
586;0.03672555907088866
587;0.035612405864768625
588;0.036189963119874914
589;0.0696385664963353
590;0.04241989519570576
591;0.01712374242320627
592;0.06724901594181276
593;0.07817477837339204
594;0.09899712782051641
595;0.09144265781056383
596;0.07693495200778518
597;0.07149685430516989
598;0.0880237882694375
599;0.09016014704227786
600;0.058695534344786686
601;0.061281161945538176
602;0.07151031985116837
603;0.03198909042048261
604;0.07010799242924219
605;0.0828842550628926
606;0.05486928409665536
607;0.0035149980949565674
608;0.046159906013814304
609;0.05991502353391215
610;0.026566339924482908
611;0.0838079801851407
612;0.05768332919329087
613;0.014600361823423825
614;0.04020494472585551
615;0.06101275645607504
616;0.0021402723668848766
617;0.08705968350184427
618;0.08939858260499915
619;0.024080082098087742
620;0.044528454340792556
621;0.041089032881058266
622;0.056037149236909556
623;0.010476752629993192
624;0.0050125807896094
625;0.011060646533829412
626;0.04019237734929169
627;0.0909703856916172
628;0.07794178196323143
629;0.06707539154690646
630;0.020085224886706735
631;0.008363214484132353
632;0.04623258990214403
633;0.029732169508086027
634;0.03981198061591448
635;0.08534001404863299
636;0.060122670746593436
637;0.09845095082530328
638;0.08970969691680108
639;0.0071283306893321526
640;0.0842140035947005
641;0.022251217897072184
642;0.008291981086651967
643;0.08943361042000156
644;0.09913881720384127
645;0.03863423274155451
646;0.0780168170819594
647;0.04002000186625454
648;0.003180100567792221
649;0.01517833607172301
650;0.025083432348332036
651;0.05199482169043208
652;0.013490233504486516
653;0.036130550335037016
654;0.07667407694551763
655;0.0367666018575987
656;0.08709226746341213
657;0.055038442932347414
658;0.036874428944446015
659;0.09369018167519605
660;0.09095555095242201
661;0.08913417228911073
662;0.027745164320617258
663;0.027488815640713406
664;0.04911653721626394
665;0.09457459633122137
666;0.012620930328001502
667;0.09171120415999544
668;0.04332414635661284
669;0.044687339147684524
670;0.055709370841984865
671;0.04596494483553031
672;0.0195983886986551
673;0.004628201230633744
674;0.010635230106824413
675;0.003869127592338584
676;0.043028752524541206
677;0.06193639759353752
678;0.04119644244879672
679;0.006863937188253633
680;0.004839393736994203
681;0.04869700886146361
682;0.09267874438428468
683;0.016497502832883926
684;0.09702922314457284
685;0.03254754258564644
686;0.07595806272235084
687;0.02250775498117006
688;0.0342307327548502
689;0.003818539185867687
690;0.049052109548413436
691;0.010198792705473303
692;0.060169383947527535
693;0.08692406500604742
694;0.04532130411699388
695;0.02919781745673762
696;0.04530605488894927
697;0.0011161631877580126
698;0.05493232614126634
699;0.045971234933845334
700;0.05871087010518936
701;0.05702887164855848
702;0.08753412048521993
703;0.04360561455638587
704;0.052791760127239976
705;0.07848986904955849
706;0.0006228996260020825
707;0.09279480496080707
708;0.05354058733502866
709;0.01677067653418114
710;0.06779327891242884
711;0.08806909214314984
712;0.06404241095473832
713;0.004530182465070665
714;0.06320682391988287
715;0.09028961524971812
716;0.04114710788004945
717;0.022160219426938122
718;0.02741549891093874
719;0.0983988150273163
720;0.0001852414223083576
721;0.012165009645253622
722;0.011974213649190858
723;0.09538328021817001
724;0.07890752036503094
725;0.051332133502250236
726;0.0963169829824882
727;0.0450192317950492
728;0.02408142645899949
729;0.004161160637396111
730;0.0037495847229186197
731;0.05586157607461311
732;0.08232104444182836
733;0.020577060417385273
734;0.0757910500967246
735;0.026989004190536004
736;0.062057672445912315
737;0.08710807882663049
738;0.019062395203104487
739;0.08714369786692973
740;0.03373356533498415
741;0.04240324621867961
742;0.02668977189392853
743;0.06523250472775215
744;0.09830787209344155
745;0.07382192757564118
746;0.0045219057069531
747;0.01680398826076032
748;0.04955697137912111
749;0.004594858615572162
750;0.06772681901990193
751;0.09284296742208098
752;0.006173108361654534
753;0.008356383281280811
754;0.061144513227503056
755;0.014818840133337742
756;0.022830862989487766
757;0.0988951443303868
758;0.025309540627499162
759;0.015011939925497287
760;0.06814584645539924
761;0.05676302804752862
762;0.03800531454027794
763;0.039017662826364236
764;0.013588141758219097
765;0.01406376204179748
766;0.047747969933869976
767;0.008232816727172942
768;0.04891597978801934
769;0.010551386636921612
770;0.06456988717418558
771;0.09650290570836226
772;0.09213426148180413
773;0.08542895498377312
774;0.09806442939067406
775;0.02656253682608152
776;0.08026473309459473
777;0.03341224599403767
778;0.0857166962932086
779;0.021633051385029935
780;0.06202790364101706
781;0.03069891090801137
782;0.05885369052634212
783;0.06802657905862715
784;0.02777200796918169
785;0.06775476302986594
786;0.08663581300167655
787;0.004232678258774281
788;0.0013901481926227644
789;0.042820131342967166
790;0.04104111922257419
791;0.03876933510537184
792;0.045300194805731435
793;0.08499282273924028
794;0.055021386223581874
795;0.013566472018915567
796;0.06804446584828759
797;0.08371420804855118
798;0.08203699602177035
799;0.0121511349413314
800;0.07215549623878018
801;0.010308096920545174
802;0.006882918397633487
803;0.0484553139856087
804;0.08589583209470568
805;0.05762959314294413
806;0.033355451729939124
807;0.050877720539573436
808;0.029628050638800307
809;0.00511502910632099
810;0.06025259907592034
811;0.017597633482854227
812;0.07860407872021549
813;0.018967415412687805
814;0.08141873127500172
815;0.009252958233508957
816;0.08442550731646903
817;0.03514478300684324
818;0.003335927825627749
819;0.0886048051777526
820;0.06900344278358556
821;0.06832688359478405
822;0.08938013932855096
823;0.00811462728256106
824;0.05410207928972957
825;0.026290523719902616
826;0.06383984341016878
827;0.0628898012633972
828;0.04770726655711182
829;0.07518290618580215
830;0.022259536415566907
831;0.07696077051328559
832;0.05516452405245409
833;0.016149898769587057
834;0.01371447580758809
835;0.04955244745597487
836;0.026121788814252714
837;0.03357981791986601
838;0.001383146908298072
839;0.01695116963756751
840;0.0935911368535425
841;0.04253749573002015
842;0.0366227977767349
843;0.06519592629371286
844;0.038173101803013115
845;0.0630751578041391
846;0.01636465118774774
847;0.034156731559667634
848;0.00501289555325627
849;0.07739171471441349
850;0.005219828107868108
851;0.04311396825993378
852;0.07941259288816706
853;0.052446654023417354
854;0.007644751805828332
855;0.03118235091207071
856;0.05137973611188476
857;0.039763160427248014
858;0.07202770728820052
859;0.014896498364027833
860;0.09217012905651883
861;0.011271129873170749
862;0.005429678231685731
863;0.08936658267010236
864;0.03811515880321157
865;0.04759979664744125
866;0.09708658708233645
867;0.04197341511102434
868;0.05337724465453243
869;0.04364108976283885
870;0.027478786083635676
871;0.0037523928605117554
872;0.04223701988697645
873;0.08824037286821736
874;0.03649672647166365
875;0.07314486157071592
876;0.07887267223820303
877;0.0943116753100139
878;0.08201227668122735
879;0.005391590234649657
880;0.027544112432390546
881;0.04182446080600027
882;0.02773140591929001
883;0.03942701825593784
884;0.05414415337969436
885;0.058503981808019606
886;0.09412454843266349
887;0.0351249259214075
888;4.3715414452805137e-07
889;0.0234279616913328
890;0.010818963238629221
891;0.006459437296966819
892;0.03746867656291415
893;0.0685455449045741
894;0.08961446307157647
895;0.040090217727362765
896;0.09742940000347936
897;0.027702848279056794
898;0.09370689127450155
899;0.01082031802378075
900;0.0029030359274874076
901;0.011770945290036527
902;0.033238420311953835
903;0.06808924633051089
904;0.0770523662688554
905;0.04789217568125545
906;0.07825807679048485
907;0.05703506434932826
908;0.0304020059884217
909;0.00481398832788067
910;0.06901257296384482
911;0.036940928781737326
912;0.08417234923844331
913;0.08940038238411076
914;0.08060476677977141
915;0.020200647250447935
916;0.04722267216916699
917;0.03419271400278269
918;0.09186700146710844
919;0.0539617006238669
920;0.04515290531960751
921;0.03747479323788089
922;0.021447372072006865
923;0.02774390114402349
924;0.0561954214178593
925;0.004994188911348441
926;0.08161968925678623
927;0.008933919559481819
928;0.03016758239282935
929;0.04339126473952483
930;0.047485682923857214
931;0.021224351618125595
932;0.06817997570883068
933;0.08501078570241856
934;0.09875150997083672
935;0.05889566305880117
936;0.004214118268214206
937;0.06188488937539699
938;0.034653657479758536
939;0.08101430817449509
940;0.08608216665159536
941;0.007997549966395557
942;0.003136828540538661
943;0.008154866977107877
944;0.02210528153405088
945;0.09024467333283681
946;0.09297516465910445
947;0.06374457186357116
948;0.08543797234341736
949;0.045907358329610765
950;0.016906665379650188
951;0.012513122288184898
952;0.05333388486838783
953;0.09341370683392611
954;0.09098400486964439
955;0.08142398790644378
956;0.03329536796593029
957;0.08923221775169903
958;0.012398778791410837
959;0.07572340674932426
960;0.036809300219898734
961;0.08987070626781651
962;0.03796493243539514
963;0.06776832890455102
964;0.04124367481376656
965;0.0045737461363100865
966;0.07973217072694322
967;0.059514707156105254
968;0.016256431966976206
969;0.00594758045447632
970;0.09051888908909261
971;0.07464218495189202
972;0.04265444785759747
973;0.07576389651319088
974;0.010346084911542697
975;0.008009287459605973
976;0.017439991178110858
977;0.051512405379021665
978;0.09271012027266845
979;0.07363462839075789
980;0.03327521825814017
981;0.03590081291373914
982;0.017824437262232696
983;0.09871723853279454
984;0.038540974901992375
985;0.02280275157110976
986;0.08361519235798419
987;0.041795480692856005
988;0.07054229183280858
989;0.05171813210244361
990;0.08742296987286094
991;0.03115890281781668
992;0.0715277969073881
993;0.057091117855762354
994;0.02798201344104986
995;0.04165239681463737
996;0.08925110333400976
997;0.07426599148719833
998;0.005128273439985365
999;0.09862792527330921
1000;0.003752785127606717
