1;0.03730492861649626
2;0.011424576642555407
3;0.18679469017416062
4;0.006383172581908481
5;0.16108374939158163
6;0.10792265330105125
7;0.08417635730479014
8;0.16910457736146892
9;0.06838212605447612
10;0.07822422393575544
11;0.003931755253509262
12;0.18422700975592324
13;0.1008124681254639
14;0.07085147518872108
15;0.13057944033977928
16;0.12025856927025232
17;0.023967540332838766
18;0.12321089827989512
19;0.017416612386561805
20;0.18150441081335364
21;0.022919146975603624
22;0.018690097731504162
23;0.07949146160238366
24;0.15428459040303422
25;0.11410635518654343
26;0.15426635931354757
27;0.15089729485721476
28;0.08175676791168998
29;0.16152830359369058
30;0.09103216308295473
31;0.10436907925515351
32;0.034746541721605406
33;0.1136477496527582
34;0.18944436980326607
35;0.06967536347010828
36;0.08449809446587227
37;0.10833704627173478
38;0.02176735033831827
39;0.1157947299338173
40;0.10352941854085831
41;0.17490847261745235
42;0.16370419189540866
43;0.01130567444369577
44;0.12013286407083007
45;0.04720662991613189
46;0.024804747346534397
47;0.13089603681329712
48;0.055589274634183866
49;0.17693822523252642
50;0.07765527991542227
51;0.0369922545124596
52;0.0749733820749863
53;0.04579727650853536
54;0.029158088198228273
55;0.05891238579305685
56;0.07148528373214669
57;0.170004151959266
58;0.14144273765755971
59;0.14573518747776618
60;0.17452027412202756
61;0.038121338869085176
62;0.1932860902526058
63;0.15497368493488473
64;0.06354466319768999
65;0.18218621251139266
66;0.1748069142108527
67;0.13888630432459795
68;0.01580358757284699
69;0.03561934657548891
70;0.1786627753207252
71;0.1486596515377672
72;0.0564323538145364
73;0.02185775534728305
74;0.029440273758730196
75;0.1888049173260629
76;0.11830639641007451
77;0.15801429432105643
78;0.00731231151013827
79;0.052828266473777766
80;0.011961842868643303
81;0.14118648071878978
82;0.11140262322170427
83;0.061807445934329436
84;0.025674015780443926
85;0.12404545048549216
86;0.12972326185518446
87;0.16362704472576176
88;0.0237672027713695
89;0.06673064328771823
90;0.16787769377435252
91;0.12015727832956331
92;0.09187280061294328
93;0.16582842849752383
94;0.18939705784417846
95;0.1848252946142042
96;0.08885991802364002
97;0.14746164545333326
98;0.049548023003422606
99;0.08906774478886954
100;0.1577775488336404
101;0.16423390637898178
102;0.04632933935621535
103;0.015229948403005334
104;0.09751775974996849
105;0.17854183358721454
106;0.00011236528794646984
107;0.02559173883816164
108;0.015685502028510333
109;0.1214229190386103
110;0.19242843001003337
111;0.13474960117763835
112;0.1524078404444243
113;0.07388126347029489
114;0.08396339880739422
115;0.1681654393323304
116;0.08811704104528967
117;0.00036143493123590447
118;0.00938843502002087
119;0.18895470796581493
120;0.020576874684897217
121;0.10858329096101993
122;0.1490779639821144
123;0.015253985038906716
124;0.12341335263195055
125;0.16636613068695286
126;0.05531580298467085
127;0.0009728185254274324
128;0.009195955984662519
129;0.1663056406465186
130;0.1805966259513647
131;0.06832884526742848
132;0.15907553642991135
133;0.01265879258576319
134;0.019671916534312307
135;0.09145703898937814
136;0.09423891692462633
137;0.031083375248607204
138;0.0004701952414542188
139;0.12201091058905632
140;0.003379369114689257
141;0.13889953011536513
142;0.15917211751103888
143;0.06946722416393547
144;0.13319196955425724
145;0.0527805331977193
146;0.18722588759554598
147;0.11555656462648352
148;0.03570901655740229
149;0.10880736077251879
150;0.13331407875145518
151;0.19223593043204298
152;0.00908909620068996
153;0.06572651575838766
154;0.13302862782813143
155;0.03684615043442343
156;0.17071681735454375
157;0.08746563123323559
158;0.10178943297499417
159;0.06040031508492234
160;0.009132032228267374
161;0.18603758020932382
162;0.014192379186032267
163;0.0423546194525311
164;0.150585369389782
165;0.04509922956128059
166;0.1324584108386868
167;0.08701839980723636
168;0.12015902392015057
169;0.11685622762755768
170;0.10446385499075737
171;0.1575328498217651
172;0.09382497259676609
173;0.16472632352824162
174;0.07054782952028685
175;0.17492247476985345
176;0.17278568632616934
177;0.10283612129474634
178;0.02555650583136584
179;0.1483992697555084
180;0.050032711311810196
181;0.03222285417142719
182;0.03451434454796048
183;0.19075451612988228
184;0.01421305554998318
185;0.0940332532902128
186;0.07911607902378624
187;0.14933386928372847
188;0.0027449631193878555
189;0.10322482625512386
190;0.0507502922954213
191;0.01187276244947051
192;0.1438296400950396
193;0.11743481223212651
194;0.11474656824278294
195;0.17143519223041156
196;0.06304377023177897
197;0.14845293421650235
198;0.16659315227017524
199;0.03561258157090568
200;0.19377364329194438
201;0.16180224075800503
202;0.03232373758572504
203;0.03571904755496964
204;0.12003526374619711
205;0.0655602784574114
206;0.19960059502115965
207;0.0762336249030427
208;0.13205702104833206
209;0.04355485528082528
210;0.1514720301434946
211;0.01078413087110426
212;0.038294518579068695
213;0.157056489439445
214;0.11392621335624015
215;0.08701897880855619
216;0.042163273708557325
217;0.10163620850474844
218;0.13520781613127866
219;0.09245689503524973
220;0.1523394522485444
221;0.08132217390077452
222;0.005621281996231776
223;0.01761304143185858
224;0.09763487092563441
225;0.10545930110867728
226;0.039388262896124494
227;0.1573218231932422
228;0.04000640261345532
229;0.18835335470308867
230;0.14407087376841063
231;0.10369175564647055
232;0.08875959697171504
233;0.15600640295086501
234;0.05761047118384315
235;0.1578193716224394
236;0.011790042336063622
237;0.1998719037253506
238;0.034855094620914316
239;0.16911745844237958
240;0.19995929067999327
241;0.1763085943037641
242;0.17227289491420522
243;0.022514977548793214
244;0.17449046987209482
245;0.08115733993739849
246;0.15522918728555998
247;0.09464944700947722
248;2.7739562419193398e-05
249;0.08717295292975367
250;0.09336813609169221
251;0.17621974770436472
252;0.12166480784907772
253;0.18432889214868745
254;0.14616585400732038
255;0.11272567701184105
256;0.1647926625654268
257;0.1939385626063309
258;0.09670243870092006
259;0.13941499421410566
260;0.180248017187502
261;0.066149692688
262;0.0844768729175178
263;0.02098542707006894
264;0.172420623287868
265;0.05552015139985611
266;0.007109079513715111
267;0.16668564898163188
268;0.17284051434901182
269;0.11221797101605036
270;0.015454738944504066
271;0.12721839415508696
272;0.01449138279671871
273;0.08157979746816785
274;0.18925597642144296
275;0.04166387785419319
276;0.0292621518400787
277;0.1445292947378172
278;0.1830496833710773
279;0.06363704768333008
280;0.14772628935861262
281;0.09941140993210743
282;0.18544222111684938
283;0.19728254553312355
284;0.19419212610829395
285;0.07630199305720992
286;0.13219080000680591
287;0.12793066632604014
288;0.15532861308235268
289;0.1644559203140775
290;0.12070537222477802
291;0.052751750153173016
292;0.13048412772897877
293;0.040470358292093445
294;0.006021747828381452
295;0.13734626224788593
296;0.05897228371689607
297;0.08011180663466118
298;0.12025456719914679
299;0.0774832791639638
300;0.09264123726670828
301;0.10150890587867462
302;0.19745367642226183
303;0.19994833437980739
304;0.04990695664564169
305;0.04128530712037737
306;0.1589820833823857
307;0.07904981234511776
308;0.09815219348714233
309;0.1567145154912241
310;0.12647994986409095
311;0.07226224561844878
312;0.09890964390863755
313;0.09897082883664887
314;0.1600744920046872
315;0.026184299887282284
316;0.043084845902236005
317;0.08471714898344647
318;0.02883885658264427
319;0.0008496813538419802
320;0.12437604681702277
321;0.044172502025483645
322;0.10002467782407923
323;0.01322725381432608
324;0.17993905373120125
325;0.09216218981396473
326;0.050061468293886205
327;0.08301159348787197
328;0.1838919241324538
329;0.048550343155947154
330;0.0963754270561748
331;0.19335536569478806
332;0.17988064945189944
333;0.16292615952242245
334;0.12213835418016593
335;0.07572585285926758
336;0.15535993978568607
337;0.17369193036639405
338;0.06627974928289951
339;0.10002672612237154
340;0.06830265967133424
341;0.16238837293437777
342;0.16018066293201544
343;0.16012862553266516
344;0.1814692305782366
345;0.060241090910214415
346;0.11012597948842505
347;0.08632307565164515
348;0.0994413032327737
349;0.055064611948012376
350;0.06249561139175328
351;0.0874130351568788
352;0.06519174192207798
353;0.10293124533048217
354;0.004714728691874015
355;0.02593387191298966
356;0.06282285692641199
357;0.17714871898649134
358;0.046498918766531054
359;0.10638512452426928
360;0.14590857212553854
361;0.09497825264033188
362;0.11800311499494041
363;0.04979067889113549
364;0.03082560263050842
365;0.15234095303673428
366;0.013320922129728041
367;0.07080273270686817
368;0.0315568527532857
369;0.18997883413469213
370;0.06542136623932193
371;0.14879562211016986
372;0.14621298676379252
373;0.0666026097900355
374;0.04922165323463126
375;0.17908361054100477
376;0.1586998863081753
377;0.17350089140950067
378;0.09734079813075323
379;0.14363557249684536
380;0.06613282182205492
381;0.10694189733672961
382;0.13817405810853278
383;0.1797719679423803
384;0.11638674942867651
385;0.005640934511845642
386;0.0886410871744829
387;0.07354501064519825
388;0.1342952274730557
389;0.16884366773776568
390;0.1386164988008165
391;0.018442218059067317
392;0.044745615036641165
393;0.1909173105767453
394;0.058457992721179
395;0.07457084258178777
396;0.14924936481536985
397;0.1934847811435706
398;0.17450396138325897
399;0.12082906412360013
400;0.020658373319978773
401;0.1538147512440703
402;0.042354923326526975
403;0.04306247541490356
404;0.12043943477693418
405;0.18520606463609735
406;0.006743744431435506
407;0.10146335020705928
408;0.051387003331581284
409;0.06264104909999009
410;0.18008762485689467
411;0.18866760868814644
412;0.13333096398354463
413;0.18798724371120223
414;0.15507168857709938
415;0.16038569785612955
416;0.1321143247897172
417;0.12233042727402202
418;0.06855164390244071
419;0.0663087679306098
420;0.17092854278539762
421;0.18296607787306843
422;0.09250297594399895
423;0.15593292400457237
424;0.06191321399937138
425;0.060440487042187185
426;0.07200325202357448
427;0.12261489286630761
428;0.039424689127951634
429;0.11264243695165861
430;0.03864836808793318
431;0.009594719549200815
432;0.02153191805764916
433;0.04878188707993696
434;0.03164629912721506
435;0.1675595626782458
436;0.09873417319180236
437;0.050229256233990355
438;0.10144956695274453
439;0.07320784174647547
440;0.09962644286811358
441;0.04096556799900708
442;0.1207308627250612
443;0.07870584615807703
444;0.11520115183048563
445;0.0416514726007379
446;0.17900403736256149
447;0.053844995049256245
448;0.14647795060638913
449;0.14550257713682088
450;0.0015453701459376302
451;0.014245552494695125
452;0.07523545932249845
453;0.11409016397580235
454;0.14245386025565232
455;0.0761996809370233
456;0.0782122306500326
457;0.0895777961505248
458;0.03871017934572214
459;0.1461835178240443
460;0.0017782388875189127
461;0.05869677484248906
462;0.15063397962251435
463;0.13990531800060368
464;0.03751150472103224
465;0.17156548108795247
466;0.19338960680687686
467;0.19298846498591482
468;0.011159321157835822
469;0.11840307618040169
470;0.13252616497186334
471;0.14084347965776853
472;0.09827623848341381
473;0.16538235659273617
474;0.009047691321286733
475;0.015585795649635381
476;0.010749396081111274
477;0.0921456457097279
478;0.12234261797806262
479;0.13892660784833188
480;0.06305329807409288
481;0.14586110291492801
482;0.09194081409771152
483;0.1498421163286022
484;0.18947412195070712
485;0.13254082384404037
486;0.12726102426285252
487;0.10108934318684099
488;0.06939636431098105
489;0.16282556307079926
490;0.18333526282764545
491;0.16644344726739926
492;0.020665642020005315
493;0.062292128851382335
494;0.11580262434197333
495;0.11863098895301245
496;0.03780370320756561
497;0.19282301476500607
498;0.18994404896400163
499;0.19035731786783955
500;0.041826164743198224
501;0.07293638575896189
502;0.17907849667296016
503;0.11445230699789766
504;0.14017780566857274
505;0.07897920095361806
506;0.07547114522264474
507;0.06635043627873712
508;0.01309973848678352
509;0.18881016232201592
510;0.018334698224337243
511;0.044583028115290274
512;0.08662975941924607
513;0.05568622620656099
514;0.028209582371474574
515;0.047542669656312375
516;0.16652904279239727
517;0.014964822184516247
518;0.062718816242382
519;0.16863229309264083
520;0.06683361350897281
521;0.08930710328141454
522;0.17668633026863234
523;0.07587651494294806
524;0.1999147052218157
525;0.026037198757694904
526;0.1788524010600803
527;0.03190492595888219
528;0.19454737563172425
529;0.08994563155626126
530;0.059460092184906714
531;0.09569483189470909
532;0.039413077216110676
533;0.0008807697455739838
534;0.15768195267618987
535;0.1464711759913715
536;0.012201581317238608
537;0.15856300923897393
538;0.15572787197397592
539;0.1965146337142334
540;0.1474227227511959
541;0.1631732651901961
542;0.05385159042038539
543;0.13343188181156654
544;0.08740101396256478
545;0.10271983079623143
546;0.12168918982502529
547;0.03353739113917829
548;0.11324922867544646
549;0.1531280041260127
550;0.18369823174762062
551;0.17524121134173692
552;0.17147579544655936
553;0.047416826901995716
554;0.0002464937349804464
555;0.13644028362556693
556;0.00013518096264768522
557;0.16494937642652202
558;0.06816174959477775
559;0.05322864166986523
560;0.14078770918789174
561;0.03482891699828172
562;0.11243794933387126
563;0.11933334744795339
564;0.04645383690871181
565;0.16546794518942912
566;0.07609079515854589
567;0.15868977489303945
568;0.023620302560618867
569;0.04515667725727022
570;0.17173622877227715
571;0.15777791142310332
572;0.140749860395836
573;0.008708484493827507
574;0.10664331372881682
575;0.1462552987982396
576;0.15509601870238532
577;0.1656004721256265
578;0.11369159488964749
579;0.1696546323395763
580;0.1939681526779229
581;0.1100300779005736
582;0.02549077361127321
583;0.16226327513261088
584;0.15393792687954966
585;0.060527801882538416
586;0.1632907140918332
587;0.07003705800361351
588;0.0755000744344681
589;0.14787042630612793
590;0.18340521277534805
591;0.04882908883556421
592;0.0715396276468717
593;0.07819850740386547
594;0.19597059893492272
595;0.027940724640386508
596;0.0486119157264358
597;0.005571483155905277
598;0.006717955833010114
599;0.0484307674572485
600;0.11188836041775091
601;0.12531073191447364
602;0.14702417338588022
603;0.06437668771782619
604;0.1272862000665728
605;0.1402282111834822
606;0.09424285921086109
607;0.1346521948044556
608;0.04961257915109323
609;0.14548368478283819
610;0.08989950861971573
611;0.19245385982003563
612;0.11432901438740098
613;0.027679443361327993
614;0.059258259077144396
615;0.06568637519024416
616;0.1898362550722329
617;0.18193319606722155
618;0.009499312370620029
619;0.1946303417229442
620;0.08133167701542772
621;0.11255319405485145
622;0.14070400165411512
623;0.16662695093789426
624;0.04435800352034805
625;0.11220661109476689
626;0.13357892285750178
627;0.09440381288166161
628;0.1486227008939999
629;0.14388943049920253
630;0.11680278769139213
631;0.07297666266825541
632;0.13642301497217
633;0.13473289964194693
634;0.031783003821050974
635;0.07811232823609573
636;0.02667606355489016
637;0.1349478913233507
638;0.03327095847229844
639;0.08508471296803873
640;0.12139665986465126
641;0.10260327719666532
642;0.0067859140305527536
643;0.1953480210540242
644;0.0638978003537498
645;0.055952657936021444
646;0.06277837182329389
647;0.06630352973325603
648;0.18288294532042573
649;0.1770737623831515
650;0.12080565268918207
651;0.08477161180387585
652;0.038285361015684694
653;0.04174730014165844
654;0.17263812233369355
655;0.15599792259433276
656;0.17872985439320016
657;0.1683736227704192
658;0.16626768043289247
659;0.04318804694572403
660;0.13867284598409077
661;0.14081128596228562
662;0.01480859965300403
663;0.02955890182071215
664;0.1855169988694636
665;0.14786759658011225
666;0.04182069487214155
667;0.06610192834381463
668;0.07694290108203057
669;0.09342081185123328
670;0.08640455629312827
671;0.10367306829683659
672;0.16237321045317324
673;0.16833431319756795
674;0.14749285808560295
675;0.02854112766652339
676;0.1957067241613224
677;0.10412730775974409
678;0.008303629095993515
679;0.06283388404731052
680;0.17941421455645853
681;0.15770715697724205
682;0.1708473608660038
683;0.10854429662117321
684;0.18686374285588092
685;0.06775179055127188
686;0.15078518561763624
687;0.13728110414838496
688;0.03231947390175978
689;0.037394422924889904
690;0.14606761665969487
691;0.10589764101478837
692;0.040188196873849495
693;0.012681810414462502
694;0.1142268322187044
695;0.12299244092122402
696;0.035705998297849866
697;0.17856295304856876
698;0.11773140872530558
699;0.17919595190467635
700;0.06907215096324536
701;0.08590150240397848
702;0.13213545358115228
703;0.18674942050702295
704;0.1863940667936751
705;0.003943153494187635
706;0.12004137637122125
707;0.07630301666497548
708;0.18287966424720314
709;0.09301942813170967
710;0.012237508322167101
711;0.0631990493515887
712;0.10417676411719973
713;0.19064827673102336
714;0.012699983654260172
715;0.09496600767274815
716;0.14860111967147135
717;0.18770515287362927
718;0.03970167012771393
719;0.09952573950345951
720;0.17739290900542098
721;0.03339227264373264
722;0.16602532579095924
723;0.03968808743595514
724;0.14866865887073896
725;0.03835262317377655
726;0.16456666155139704
727;0.17987138173309455
728;0.09737301095330969
729;0.014116463373156375
730;0.1454781881056243
731;0.04667491567426523
732;0.028179262432040254
733;0.16138902058193627
734;0.18585812330573848
735;0.008103452247094411
736;0.11391540796511818
737;0.11236573812346651
738;0.09054636837717511
739;0.02815784947270694
740;0.04432530474874213
741;0.05562419047381444
742;0.13588723543479203
743;0.19065587747496007
744;0.07504668180398354
745;0.01822608161334267
746;0.12110337366303259
747;0.1516645049229633
748;0.11296661790886747
749;0.05363483895913193
750;0.058401751528262436
751;0.1236795266474428
752;0.17110429464232288
753;0.12956156944221747
754;0.1815079635032718
755;0.161559125210477
756;0.09065317236848294
757;0.06031704306216595
758;0.023956126703647575
759;0.00982738839201709
760;0.1263525540351051
761;0.14251747755708083
762;0.1609339936322594
763;0.13676947942810147
764;0.04887663063288161
765;0.03262914184999512
766;0.1956137845207072
767;0.1078327985148619
768;0.15475235436549048
769;0.1835224403980377
770;0.0709090788700264
771;0.1925602492579689
772;0.006144638084675514
773;0.077978253389408
774;0.1686578610473799
775;0.018766440490891115
776;0.030125041773117412
777;0.15854602638072945
778;0.11822169137452454
779;0.05577632647062752
780;0.051711794326586485
781;0.13457241574900825
782;0.13263163417181564
783;0.001960076629731744
784;0.01343864301966713
785;0.12168250352134949
786;0.08692033444963188
787;0.15233676022687345
788;0.05628473451039422
789;0.1563067130858795
790;0.18933778780069566
791;0.12360988139381289
792;0.1768054540994278
793;0.1443951624616741
794;0.029733298139338584
795;0.06894684700026417
796;0.0574273626904708
797;0.12524033396645853
798;0.1971519619869394
799;0.09209013651112863
800;0.005468342340776667
801;0.07313564156693696
802;0.05802268482718838
803;0.12764039668229663
804;0.1469583937253711
805;0.11106062327260834
806;0.17687223130814111
807;0.03418914428698801
808;0.02975981293040162
809;0.13155448679081402
810;0.05155157261545054
811;0.1699100598452107
812;0.16456545284318036
813;0.024756163684549318
814;0.10233155198667976
815;0.02421953231124141
816;0.16173393967501107
817;0.0018196405289633288
818;0.022268553327201835
819;0.14142598108198356
820;0.17469311398161605
821;0.15305753285538437
822;0.16937203901467252
823;0.026255350304651627
824;0.08541715231934335
825;0.0015418073754632335
826;0.1689649920111214
827;0.1707758139972329
828;0.09754050585187334
829;0.1756583754209239
830;0.0756780544068113
831;0.03361062548737186
832;0.07912217405276896
833;0.15532342568462346
834;0.11044004291688941
835;0.14481721679570445
836;0.11998765729474388
837;0.15562173020485345
838;0.06742370361899712
839;0.1928897143784829
840;0.05569931953102221
841;0.17451614453806072
842;0.12352335462214248
843;0.18846550423605035
844;0.07161802163073223
845;0.04344268253841095
846;0.001127915106806987
847;0.17516024331781585
848;0.13252799162128753
849;0.07883113007025984
850;0.1438149641691078
851;0.07498075677512654
852;0.1895070450737616
853;0.1211956537414133
854;0.07273366371447891
855;0.11039363780323129
856;0.02867698408495232
857;0.13592395292660753
858;0.1307297345961751
859;0.15662791906164908
860;0.15544744073009678
861;0.10825221810405455
862;0.0401298815129503
863;0.12072753884441212
864;0.12240010919682887
865;0.12930400214987411
866;0.10114624246276932
867;0.06936162415754342
868;0.026502264450441307
869;0.18082072537388894
870;0.028365000981076617
871;0.05561240443924718
872;0.15962617378077748
873;0.10538174498602469
874;0.08809092241047918
875;0.08427239312158961
876;0.17172847997542995
877;0.14765164943576745
878;0.050069545385392905
879;0.03710725856949315
880;0.07179320379036691
881;0.17129764526135632
882;0.006686835951269377
883;0.12616513627543535
884;0.06476197876099903
885;0.06939437183324373
886;0.09829860813265874
887;0.1834508485665593
888;0.06775972754227776
889;0.11166655043256163
890;0.14691572864350375
891;0.0773614442636005
892;0.09932945748220251
893;0.10913278179241502
894;0.15400930216537223
895;0.14590123643615024
896;0.19114458234607598
897;0.0986360262660968
898;0.1525681469744046
899;0.1303379027122998
900;0.09546017968993709
901;0.031327028650337985
902;0.016019102815262354
903;0.0481246872327324
904;0.08654889435517835
905;0.09359297311415865
906;0.1859396150584883
907;0.031029433167038746
908;0.10417337356298723
909;0.14297364060749665
910;0.040530794948399555
911;0.1468949266472006
912;0.08333368796252472
913;0.19814050365186178
914;0.0628967935833501
915;0.1990455818730289
916;0.1618325285973933
917;0.02027457434143645
918;0.07377127660191678
919;0.14535438736310122
920;0.06642721715881637
921;0.1323634777666046
922;0.05897894776177248
923;0.06372939823525135
924;0.01942959762334309
925;0.03570539104992761
926;0.17273405942706818
927;0.14133482072280973
928;0.18065644532843209
929;0.17071672736280866
930;0.18417610985969982
931;0.16737590252477688
932;0.12350692610350851
933;0.16456712271148438
934;0.19173731688737988
935;0.16345493901426933
936;0.004826313773806335
937;0.031958638485409877
938;0.06832305620851911
939;0.0023682896641733066
940;0.11871553963708503
941;0.08528862512514053
942;0.04677854092653242
943;0.15178120439405648
944;0.09079078555235687
945;0.19274773755205113
946;0.05484656386640845
947;0.0861983408174961
948;0.02524663358951036
949;0.17329164500978844
950;0.0062117127686566855
951;0.002254198795472884
952;0.06613934390216623
953;0.10524202131641767
954;0.12379966933697746
955;0.08997324716332078
956;0.008539058724957239
957;0.19673339448485944
958;0.18065235294326265
959;0.10958519989799878
960;0.0005036662439167561
961;0.17720262045074264
962;0.05482098544023848
963;0.16577027348034376
964;0.07078317482804268
965;0.01909650458925414
966;0.1716308665507211
967;0.0035656485755913184
968;0.024326476040499312
969;0.00772287179737683
970;0.07769849702011261
971;0.06648005577947179
972;0.14914118781025817
973;0.06924863981111132
974;0.028766461494465514
975;0.151123433540082
976;0.08229200541938334
977;0.13013168165556185
978;0.13051323972005022
979;0.04716860161451811
980;0.13896687231942237
981;0.19119918745941686
982;0.005039400075012335
983;0.037688372696247835
984;0.0865697858019332
985;0.10870758479585807
986;0.1743233260449272
987;0.005780790976142147
988;0.10395171798745005
989;0.04618930638948182
990;0.13239492639311032
991;0.0958560204848896
992;0.09556253384226812
993;0.13469963682036465
994;0.026589342531392713
995;0.1496677237238242
996;0.12917382548260326
997;0.12388198098878223
998;0.17999389451449563
999;0.10572940645222884
1000;0.14420687074260707
