1;0.00047889326044188164
2;0.030432547855052075
3;0.08513864141499729
4;0.09883761263062513
5;0.08041188799055884
6;0.0579189559030617
7;0.08665308766406474
8;0.09612243896041038
9;0.04746909561886953
10;0.07163218389235342
11;0.053027449448476316
12;0.09648686060456024
13;0.07589814962322718
14;0.09789801829123457
15;0.085008082653459
16;0.003457930228295947
17;0.07274287595292926
18;0.05319926078157107
19;0.00786243494468174
20;0.08618900838525193
21;0.0786059308270572
22;0.05638335251492343
23;0.020717452253300284
24;0.001469552915542205
25;0.03827821607889248
26;0.06070379299269018
27;0.016689108534919308
28;0.07071000864888057
29;0.03326623685465681
30;0.04874410691292058
31;0.021232275179241936
32;0.08927718794697975
33;0.0827381022923615
34;0.026275388845661152
35;0.015746683239643434
36;0.0625054016640139
37;0.05571310219717124
38;0.09181302000360418
39;0.013544038522015855
40;0.031307428076143375
41;0.0014526129335945548
42;0.044097943921572416
43;0.09289074147100579
44;0.023709799420300093
45;0.011254810742322263
46;0.0786774642692941
47;0.02497228666265813
48;0.0290034853109174
49;0.06334834754424426
50;0.033678787624941954
51;0.005859481307535519
52;0.050647669207273587
53;0.057919337780747884
54;0.04176663860975985
55;0.0027466578261928333
56;0.08100248373284147
57;0.07374889938197345
58;0.061645062701454936
59;0.05839402345402387
60;0.02221405374653418
61;0.04739105131841531
62;0.027173653697989686
63;0.028325885658082386
64;0.08266751299524172
65;0.070719998736733
66;0.015023458204700968
67;0.0572124600329736
68;0.06868591458257674
69;0.0834130302323629
70;0.016286315210729485
71;0.004298406105415864
72;0.06270364668414255
73;0.03367727105479547
74;0.05910125634035338
75;0.019759670005728036
76;0.050454064566792446
77;0.043310437441232086
78;0.056164486621800735
79;0.01101780018718549
80;0.062177165611416334
81;0.04799856825324605
82;0.07111283896466947
83;0.05808395672182638
84;0.047554499872045734
85;0.05441376681060144
86;0.01948233230156712
87;0.08894778124692986
88;0.01798261246529347
89;0.08646680153231037
90;0.04042860395658884
91;0.06642103734717156
92;0.05756555882122184
93;0.07632208125781931
94;0.012363699213719805
95;0.08156115144154882
96;0.05171864544569393
97;0.07594971230602232
98;0.08052530545985763
99;0.010550920312694279
100;0.09936885240100982
101;0.0714722799000895
102;0.09690559900348304
103;0.08640936996634242
104;0.059735733400270025
105;0.01964005608912042
106;0.05399589563035559
107;0.08472323864549099
108;0.007612244852696293
109;0.07107047834777028
110;0.0960072062031696
111;0.0010982951940829101
112;0.06433614030338207
113;0.038150818670799884
114;0.04928712820331452
115;0.032256616077561896
116;0.01145275812480967
117;0.09579169952265006
118;0.017265192271113596
119;0.03262382017421446
120;0.06110049532902785
121;0.07683133346311105
122;0.0802429940220011
123;0.023213101253987067
124;0.05006853405431762
125;0.016531275669117673
126;0.07433479797721308
127;0.006323224843594744
128;0.06159355299193653
129;0.056659240732885675
130;0.0933565206530393
131;0.07167631957184087
132;0.0816464299026311
133;0.01672206751473183
134;0.09512995478519261
135;0.011369657529731748
136;0.05679466295563659
137;0.06862195977643
138;0.04472167971003112
139;0.0043240399913398566
140;0.05635465895545601
141;0.08345477240291775
142;0.0522366424303177
143;0.018422164506326666
144;0.08558352787704837
145;0.06769804228252357
146;0.013728499532449668
147;0.0483324938916572
148;0.04290850856012394
149;0.010954832216755373
150;0.026572385623412034
151;0.092992284314354
152;0.024788196151658105
153;0.06032083553192891
154;0.06981831062220496
155;0.0940264984450331
156;0.061634326352730695
157;0.07053366319821422
158;0.07296517322072314
159;0.09539850299790983
160;0.0032052990610013433
161;0.07133636771374678
162;0.023150525695254665
163;0.0021109466027971146
164;0.08217088542371985
165;0.09929049899666914
166;0.016732697642402185
167;0.0738469134395472
168;0.0541736620337961
169;0.02967708049223137
170;0.012167702900371159
171;0.06853308761242476
172;0.092236285900691
173;0.09564811634008172
174;0.03884477726983246
175;0.008398879873485521
176;0.06266336699750528
177;0.069189703130267
178;0.019363929150319314
179;0.05479388457424328
180;0.04246214865129603
181;0.03699456588643437
182;0.07556032892329347
183;0.054697720357422853
184;0.07347923874987351
185;0.09086455119848182
186;0.06520943724901555
187;0.07845739706055317
188;0.004655665156942157
189;0.05284517079278751
190;0.06090473484582425
191;0.09145421721132796
192;0.07639181252861493
193;0.03700215899843791
194;0.03677175917232791
195;0.05920509707318074
196;0.036715704728019306
197;0.0772507890833588
198;0.09634121876581264
199;0.06191895108803622
200;0.019243480638733268
201;0.08682147466622915
202;0.05645375968367651
203;0.07766812538159436
204;0.05678052409586784
205;0.029332229039322047
206;0.059457069892405234
207;0.04975399048019209
208;0.09343601234335097
209;0.08928498082494181
210;0.040668493198092154
211;0.004176741750804703
212;0.013932359411713025
213;0.09752255469707209
214;0.015672635108204224
215;0.09242779242609062
216;0.015031134665528734
217;0.023662241254751915
218;0.05397087984095866
219;0.062444961572210106
220;0.003863496131350208
221;0.037249871565377624
222;0.060162649655368196
223;0.08546670737447062
224;0.007568582525661849
225;0.08300860960948746
226;0.07908648629139443
227;0.037002240557401436
228;0.04596809400413135
229;0.02886644592965606
230;0.05845210701320761
231;0.051946526492558764
232;0.09706820761773166
233;0.051647983444739046
234;0.019406693290603627
235;0.05603812447445303
236;0.04928683038476997
237;0.021269062269174813
238;0.037449792871510144
239;0.02931437753988906
240;0.036100167082369294
241;0.0842674812353716
242;0.08575306967107854
243;0.06628978317289953
244;0.08060136098586966
245;0.044258968672060674
246;0.06410557577417313
247;0.09082331685389079
248;0.003308446173966906
249;0.08089753843512627
250;0.09359000482400985
251;0.05893083574236755
252;0.06338320449142601
253;0.07692875314854879
254;0.024566850607837677
255;0.06577203332590041
256;0.09081864211041514
257;0.018401323825269256
258;0.03716343813403498
259;0.06347634874455703
260;0.09730787465054437
261;0.09755196134830374
262;0.044935360074386435
263;0.08460503377718546
264;0.06296865474644714
265;0.04551721793243163
266;0.04724865762174623
267;0.06775515804953537
268;0.003746947395178091
269;0.05185067188846561
270;0.0039359065772107465
271;0.06403151348305329
272;0.0940929883802464
273;0.07350390441777108
274;0.05549557347674619
275;0.03919025373668862
276;0.020291439468443653
277;0.03899438439870709
278;0.048596947485779654
279;0.03854038252578487
280;0.08707804146766557
281;0.023761613793516313
282;0.09400748902589379
283;0.027431868716426736
284;0.07293783546619301
285;0.09150861935450842
286;0.0977932599506205
287;0.04696342083787813
288;0.07745393882158765
289;0.08872970828096345
290;0.09383623474705571
291;0.09537863849731965
292;0.0723885935280185
293;0.04339003517196274
294;0.021593066700820007
295;0.02633398828836241
296;0.03639913987004839
297;0.01711013275978368
298;0.045831393424180716
299;0.05563641362939912
300;0.044021008684728115
301;0.019176744825729754
302;0.05934445118736739
303;0.08783988469943387
304;0.06873373050307878
305;0.0012696017763231594
306;0.07532972647353343
307;0.02969622624240428
308;0.07098092727515849
309;0.008961116712027673
310;0.011202144473201826
311;0.08422752024583746
312;0.03256994532150603
313;0.010387975018793594
314;0.07818881517701153
315;0.040809260863780485
316;0.08215073225099595
317;0.08397157414312018
318;0.09864124469451606
319;0.04193222555229025
320;0.06631495204467953
321;0.030923277136910045
322;0.048696938688010144
323;0.09411047235125053
324;0.009484111848690269
325;0.0771690638019538
326;0.06194040252224073
327;0.08351011537352823
328;0.05943734110845155
329;0.025871300313709236
330;0.028498398560154282
331;0.08787202790199072
332;0.023476562413228486
333;0.038677096282192985
334;0.08776134756543284
335;0.09877036189016619
336;0.03912538992183639
337;0.014228364272587236
338;0.019705276395775795
339;0.028676819940825382
340;0.011987516079952932
341;0.006122099691088612
342;0.033769144717077905
343;0.03029315410090975
344;0.0995063920730694
345;0.047650508156784545
346;0.017913434332664235
347;0.09226534111814265
348;0.021557950350142185
349;0.03376306447997786
350;0.09247871538146732
351;0.0169367723983464
352;0.04116788268759846
353;0.04700468583196418
354;0.00038685855440304676
355;0.07849951587651824
356;0.08598968477269014
357;0.04738704114336959
358;0.0923587956651633
359;0.058839762550913235
360;0.09404052954491349
361;0.020031222882499047
362;0.05868623931839047
363;0.044602426453538284
364;0.09739535184757793
365;0.01270376985066133
366;0.009449945528277316
367;0.028752989765745387
368;0.09517784607028297
369;0.06781655863857405
370;0.00914143602389903
371;0.07879337267415765
372;0.03965560817336298
373;0.0782753798407102
374;0.07741177104933204
375;0.06366742659764406
376;0.07537467704448612
377;0.06226746642666358
378;0.06334595072640979
379;0.04365034961284127
380;0.09497060931273901
381;0.03425282389512196
382;0.0973663968935361
383;0.07284759099152044
384;0.020752978032447758
385;0.014998150587877956
386;0.03270949763775132
387;0.008258765089520692
388;0.03519524849274051
389;0.013904117857169563
390;0.08994056844277903
391;0.013747573108725453
392;0.05381865753123103
393;0.07592056350511511
394;0.055451794626777864
395;0.05933703727485762
396;0.04103202290882099
397;0.03139032256448904
398;0.0009924314613954488
399;0.05926190255566269
400;0.08248211497700424
401;0.07652549634608408
402;0.08195937906879418
403;0.05873189217153664
404;0.014292006365412514
405;0.022453920106482828
406;0.06736940512528386
407;0.06648745200676094
408;0.03226010342756649
409;0.06663757658422219
410;0.05292268961329532
411;0.05486048398024617
412;0.051593733690453426
413;0.09936061206423263
414;0.0263502891399557
415;0.06548182964922092
416;0.03533465620343795
417;0.041542049978945075
418;0.015302835648843839
419;0.024334617290259642
420;0.037791121450265565
421;0.07205392691778191
422;0.09444714368462731
423;0.09844942900017212
424;0.022387700132681477
425;0.03022973671833895
426;0.06090926831418517
427;0.025998937564170134
428;0.09357922003148887
429;0.06285713394838381
430;0.007121734014634296
431;0.0950444233657265
432;0.003332743083469503
433;0.011566671958993203
434;0.07712797915380092
435;0.053930918452877896
436;0.06098880155160159
437;0.06095040746573327
438;0.09575651527689077
439;0.08171883058515426
440;0.0707748230285608
441;0.044178238386567065
442;0.04403447159387994
443;0.025922300082866015
444;0.06661328487121941
445;0.03258810507701254
446;0.09941605399898568
447;0.046906762594852026
448;0.08164521871797512
449;0.061712718995049765
450;0.07456997808929176
451;0.07982583082708115
452;0.07331923467233707
453;0.08216302404108874
454;0.03106435044108782
455;0.052375839072479606
456;0.013932025476641286
457;0.08778244068102192
458;0.09379921254406397
459;0.030313802697685258
460;0.08817019914307983
461;0.03801520279621903
462;0.02800884727433857
463;0.08723928614904998
464;0.04384208257211249
465;0.08605609962872651
466;0.006515727331801835
467;0.09794144141851069
468;0.04334720037320399
469;0.05723634676868231
470;0.08781191809725883
471;0.011483553664464753
472;0.005017706396338051
473;0.04661420643674198
474;0.017677288374846535
475;0.07191750998504624
476;0.07736856517602816
477;0.013901882941829058
478;0.00893423374584359
479;0.0953348266742367
480;0.01347218869902227
481;0.0928758107363161
482;0.06641752629700315
483;0.08700300197803536
484;0.0038949312902131442
485;0.04133334696095882
486;0.04341596514616523
487;0.036024938543768516
488;0.043816031305353643
489;0.04257918820341631
490;0.07874601828633601
491;0.022186122718371337
492;0.05800021078826531
493;0.008429822494840733
494;0.04282364798026622
495;0.02187413178754799
496;0.0073542875070645945
497;0.03430981878353906
498;0.008535307778970536
499;0.0656270773742466
500;0.02568726130491186
501;0.07475592210778433
502;0.05857143168624443
503;0.08389575987549468
504;0.05765641421369494
505;0.05288236008274081
506;0.04062521892071894
507;0.03993542456684207
508;0.04345775616815937
509;0.04699690466426174
510;0.020521856046196597
511;0.06489825336435666
512;0.0770050346523907
513;0.07315180950780391
514;0.07244745840386989
515;0.022380746797222607
516;0.0017310288165332645
517;0.04105324515303688
518;0.01744504102402279
519;0.028321163117389317
520;0.019419870992129842
521;0.008154704234819855
522;0.0417854016970268
523;0.06610308382792311
524;0.033038069394560256
525;0.0791606350689499
526;0.0978510152912904
527;0.07174219571061975
528;0.001423484187247548
529;0.04814710800651182
530;0.0029940581681151992
531;0.016873095545140836
532;0.05709329943294797
533;0.03208047463693249
534;0.043714897696771
535;0.016214703644136352
536;0.05644189823588446
537;0.07769499195692169
538;0.07294768151075855
539;0.039387366216543374
540;0.06583067860025257
541;0.012591217459973348
542;0.03787179741880995
543;0.029643609253468085
544;0.021192175204879784
545;0.06781072368723755
546;0.08248571281316343
547;0.017630573954457263
548;0.015396931387955826
549;0.029430204478619118
550;0.044403806176353956
551;0.0940608760741919
552;0.01975214172693144
553;0.02020628877253483
554;0.012727145604370571
555;0.06934451429270405
556;0.04486035481500598
557;0.08429282307373687
558;0.09454037847925745
559;0.0753801751712764
560;0.009160132682338463
561;0.04562554505668773
562;0.08624684432623485
563;0.023573064292124215
564;0.00162842046765449
565;0.08761262688864993
566;0.08562339875762298
567;0.016864855397314516
568;0.009050327142977654
569;0.06601494281450977
570;0.08514314355781154
571;0.03893531912059729
572;0.0017387543541860673
573;0.014138860716644065
574;0.0853182121992136
575;0.061288209628277024
576;0.04868263413299028
577;0.041644139533177006
578;0.07794246515693753
579;0.03969088721592582
580;0.04822714373081366
581;0.00579914817263908
582;0.014414622525408084
583;0.07012227618731989
584;0.005863066552846508
585;0.023104595552569863
586;0.03722131417356439
587;0.026441928475058097
588;0.004534091483529801
589;0.06938612204689969
590;0.0120067059608577
591;0.04929930598303489
592;0.09531966536133718
593;0.0823339127464328
594;0.025356253749204062
595;0.06503288535775577
596;0.07809881533856032
597;0.018000100473198156
598;0.023828706442294702
599;0.019359325633918224
600;0.03384408709328375
601;0.03632897137187352
602;0.004012568161926855
603;0.02563751550388509
604;0.08304980059280266
605;0.05160774328798765
606;0.03584526512862061
607;0.0795956350070916
608;0.06435003837635007
609;0.09896794655805337
610;0.09835058583966803
611;0.050462818803589174
612;0.009144030727611519
613;0.07857999870836829
614;0.0695343123748222
615;0.058560935797724305
616;0.04896303088139908
617;0.0011140928110225158
618;0.024604405237445438
619;0.0069017125217103355
620;0.033181868758069166
621;0.004619968791495477
622;0.09932281957124212
623;0.010966417314527289
624;0.055930648775791875
625;0.05239427427818623
626;0.07606872800720105
627;0.08924439806377728
628;0.07094778887749359
629;0.04697983899227344
630;0.09850380764614608
631;0.0652377375903029
632;0.037744044459201403
633;0.012875285907846324
634;0.0195447824117983
635;0.021536668732837994
636;0.07579600233570938
637;0.01034907275074416
638;0.0004429363925350316
639;0.07355482145657659
640;0.05184865352634699
641;0.024961572160188728
642;0.010872983917091917
643;0.04866333124130915
644;0.05351384664572835
645;0.09782975398212532
646;0.03542775436114614
647;0.055781893004742525
648;0.009118161673110926
649;0.02241169841467148
650;0.09155090510286258
651;0.048699160222302064
652;0.029985946282466182
653;0.07385801817934944
654;0.04797301343988113
655;0.057997342317589934
656;0.02304609116154337
657;0.07566722901463799
658;0.09439833908977786
659;0.09601579642382194
660;0.023681362691700417
661;0.09167741474646023
662;0.0912840366458515
663;0.05407254351919549
664;0.058638818340588254
665;0.04805310808166307
666;0.055064322069691266
667;0.0850234638479287
668;0.05882055547639982
669;0.08320100026487352
670;0.038974404273685474
671;0.01719542519632372
672;0.017480975342727356
673;0.08387242183219266
674;0.07474921138568912
675;0.02831909628673858
676;0.03966326866521944
677;0.037517627293857075
678;0.08494023786183036
679;0.05928235575278188
680;0.006185823047578787
681;0.027000333098148546
682;0.008770718986267202
683;0.04316784037662163
684;0.03572684893177448
685;0.012292661799977768
686;0.041638252106498214
687;0.09627471300253505
688;0.08103261226661035
689;0.06623641416807306
690;0.041502953132536914
691;0.04000168442362986
692;0.06390726332617314
693;0.007114287664115305
694;0.05103715170973197
695;0.0657927884850174
696;0.047985026085673205
697;0.005509434663680923
698;0.021589096746326544
699;0.05339691321273236
700;0.04909690974714456
701;0.007898018915525907
702;0.0012363948153039763
703;0.019606604999692835
704;0.03607399024702368
705;0.013150506244925687
706;0.019258009544108248
707;0.014132296164613867
708;0.057894808059723205
709;0.05182313697114055
710;0.0488961758967037
711;0.0611520923909777
712;0.0039909375092858305
713;0.062381606409139034
714;0.01331704814777538
715;0.08223259935398447
716;0.09918613251841564
717;0.07535301232280235
718;0.008769351733614672
719;0.01415241964140316
720;0.019507291541322126
721;0.09002541218675576
722;0.0021855474154084844
723;0.09110610284417815
724;0.06819026905697308
725;0.08154691064462412
726;0.0017047404125221544
727;0.09374737054618924
728;0.08776093919887624
729;0.0678324222666211
730;0.030706434288607077
731;0.019811453585465544
732;0.032357402809947027
733;0.021960352518042937
734;0.0421977182108019
735;0.07923065749138125
736;0.03150302017746492
737;0.0766398650907752
738;0.002356655323455126
739;0.04163523186558119
740;0.019157314700968833
741;0.06001701498021002
742;0.06486935769456204
743;0.06649894324662146
744;0.08414814611449992
745;0.0902235902924371
746;0.004828192553761813
747;0.02329658135359457
748;0.016963031907114078
749;0.04243307853514336
750;0.09488591498694757
751;0.05706989711228001
752;0.04932384113913533
753;0.0037778131153998196
754;0.058330712982956515
755;0.08685716840113236
756;0.012157446055215394
757;0.0006822769646743776
758;0.0993542723065968
759;0.06457369541480762
760;0.04569438859321441
761;0.05320311235511768
762;0.016118264633023637
763;0.09977170288326631
764;0.00492651428862071
765;0.09226118669746934
766;0.008596338363336476
767;0.07461975583262992
768;0.019204529276770268
769;0.023176460832866543
770;0.015245739620525079
771;0.022218241665742322
772;0.013890080906027003
773;0.022883556294806887
774;0.09164640009814974
775;0.02917292890713249
776;0.031140202942483132
777;0.06807029629320545
778;0.06616577273696553
779;0.008728789393831494
780;0.07372919049211507
781;0.032045837105228285
782;0.029949078800858387
783;0.03954865570894222
784;0.004407639076886472
785;0.09336940888653471
786;0.04887745068592661
787;0.07373568072982033
788;0.052419425233715095
789;0.002853998316120732
790;0.07625536842189296
791;0.0859140334590518
792;0.039916165151689366
793;0.0863642837047363
794;0.0219537755824059
795;0.09062151325041191
796;0.025333092127602142
797;0.001355865146978419
798;0.036069429486920594
799;0.062147116673606645
800;0.04207357825946866
801;0.049634639370079774
802;0.07166592127581718
803;0.006801010888643578
804;0.07773585966985938
805;0.009507745388839606
806;0.03068069607013221
807;0.045934226614866604
808;0.07994319419655148
809;0.09027061770910366
810;0.07244626724546915
811;0.044228960010217845
812;0.06297543431018647
813;0.09408800776869265
814;0.016727344437531346
815;0.09148143172765057
816;0.052856174256772186
817;0.06825928096050836
818;0.09533277811431036
819;0.0638747150242347
820;0.01973901255764452
821;0.08102957037236563
822;0.034128370772505814
823;0.07614796932570257
824;0.04110390993517195
825;0.01637238774916372
826;0.002414651203516183
827;0.03859852477152079
828;0.06661477231412087
829;0.004655149128091241
830;0.07238392323121211
831;0.008660863751961045
832;0.029488233091300733
833;0.00021045005164506138
834;0.06463821083069922
835;0.08770532166055241
836;0.07930751018439111
837;0.04438692548335476
838;0.0780237167981251
839;0.025191904497078865
840;0.033076905926582904
841;0.09257741001837241
842;0.010189409583381394
843;0.06155836315914873
844;0.078342849908148
845;0.0837574736842191
846;0.03243295213276666
847;0.038213872501726864
848;0.05510404715805908
849;0.07801044746779967
850;0.028896001602756863
851;0.07229385947197704
852;0.026907790519972108
853;0.06506614513277147
854;0.09267997849378139
855;0.08625144026359209
856;0.08378112536017385
857;0.08016810121231942
858;0.06328227565521881
859;0.031794444839590597
860;0.08647215323588663
861;0.07105164662037775
862;0.017470568090279893
863;0.028856158089666375
864;0.05000351211857319
865;0.0821506166252178
866;0.03127247016435325
867;0.044419645112126885
868;0.04615591148587103
869;0.02980307346780532
870;0.059619928829484706
871;0.006901782716970006
872;0.07702352953200721
873;0.06482279264955797
874;0.010450173772566285
875;0.01052981935564723
876;0.0037886491351973198
877;0.04007097561856522
878;0.012155752462085424
879;0.016541221966481758
880;0.02951617593698197
881;0.0169105904432737
882;0.016969938797280683
883;0.029839032349034424
884;0.017820138358219884
885;0.008103071635309123
886;0.03079402896984003
887;0.06555590262674475
888;0.029502586973507175
889;0.045180350897840144
890;0.004434260638057386
891;0.07590886956952855
892;0.0008285094061329046
893;0.038495780344942825
894;0.03679763136171451
895;0.07501848696130482
896;0.07839641659535314
897;0.06885460918664944
898;0.013480001033511702
899;0.01285446432400208
900;0.0777090135687526
901;0.09156416537025128
902;0.0051987847539726965
903;0.05088091819420985
904;0.0938460525936801
905;0.045450588765451765
906;0.08291040829751029
907;0.016656611831064285
908;0.09084682336926025
909;0.03947227478124326
910;0.005609905922344094
911;0.009341404555317335
912;0.06617017304673455
913;0.03501497691130723
914;0.03724814846392247
915;0.007323563281071643
916;0.033387503314253573
917;0.06536731689124588
918;0.0588450868469465
919;0.09214306321436633
920;0.05787431184313509
921;0.038599050263916426
922;0.03703151435575319
923;0.051316680439651145
924;0.008726610347901698
925;0.07047864916138466
926;0.09597451461037347
927;0.005831775368888248
928;0.042446604842630326
929;0.06179910819752135
930;0.07443373913981284
931;0.09721873781756249
932;0.06843887296324665
933;0.08100058087707301
934;0.03305919508783156
935;0.013275910663331326
936;0.05961875530029345
937;0.0145301497911559
938;0.08710298968164144
939;0.05137022796217622
940;0.07224399756969334
941;0.0019208022923441594
942;0.04806284428436169
943;0.013872766622296306
944;0.020123299512600657
945;0.06091864862578411
946;0.09444314158532921
947;0.01621307193609096
948;0.06818762815610635
949;0.038325158585505115
950;0.08337305793752461
951;0.028551393566724804
952;0.04266463181772789
953;0.07503156112212811
954;0.012012965571736423
955;0.06642896059970048
956;0.048336529925704225
957;0.07954541385975339
958;0.019241195841488368
959;0.04415884338967017
960;0.058669260663051975
961;0.06844115518314187
962;0.001680161373865552
963;0.01982550303736387
964;0.016269772964399288
965;0.0795756095971311
966;0.00800883021138451
967;0.03285793784777248
968;0.09163743284809492
969;0.054471921301036674
970;0.05165284530044743
971;0.02797041655625776
972;0.08391853182119312
973;0.03643990312111011
974;0.00831500903312339
975;0.08952480832204357
976;0.018969147579054536
977;0.05085299941293208
978;0.06640942609798682
979;0.0035859719957225923
980;0.03180605428221344
981;0.07265250600790911
982;0.005058788145768456
983;0.034920167133485336
984;0.08690631269188767
985;0.0017639297029110159
986;0.06665267712224647
987;0.05744270309919835
988;0.09240618013232531
989;0.033049956193514744
990;0.03692692576413762
991;0.0440879989804009
992;0.058716976620501196
993;0.03257232200888726
994;0.01454726621765714
995;0.03240985607955397
996;0.06776718282261454
997;0.03674486510932675
998;0.09931042983513973
999;0.04711224531750694
1000;0.06726722125284877
