1;0.050444618091997274
2;0.19568317746465425
3;0.1779163303662083
4;0.010314199240808564
5;0.007328561398276446
6;0.09985070706611453
7;0.11196365185254131
8;0.19938614125277396
9;0.036395222944750526
10;0.15369600341346867
11;0.07534198173933955
12;0.012870408557307967
13;0.17524385545710122
14;0.16303712450479457
15;0.0068658581952610875
16;0.008044174706514973
17;0.1462733855459633
18;0.0653191150891279
19;0.04264659348368569
20;0.007898198825483106
21;0.016834304807037095
22;0.0928672266593864
23;0.13190095548258415
24;0.1275138892683867
25;0.15156842263907613
26;0.09929339678342929
27;0.12749683735671755
28;0.022994536147697954
29;0.07074684545818784
30;0.19894259359100258
31;0.024832099534201714
32;0.07598640832064146
33;0.12207935878220169
34;0.15381423851460527
35;0.16789008254017432
36;0.08076444828060908
37;0.10952930506076959
38;0.10041586178263362
39;0.10798333485894328
40;0.029636155273200515
41;0.09658104719561592
42;0.1039618037594299
43;0.13406347551500603
44;0.02581319333924197
45;0.043229943815562694
46;0.1343312832715422
47;0.004644169142785803
48;0.06040093304912091
49;0.03219362327468587
50;0.16297594174581603
51;0.09739214369048133
52;0.056376491083780136
53;0.08185703680498589
54;0.024030702107780844
55;0.09233688042546997
56;0.17333907167636314
57;0.18874292032649098
58;0.11244147671283322
59;0.0008870277781092728
60;0.08959799658410005
61;0.004493522078256107
62;0.09570520901267657
63;0.04359407051924638
64;0.09686508412872397
65;0.07184554571291082
66;0.061722489280548666
67;0.1205435310334247
68;0.1327744857801446
69;0.18208537331295788
70;0.18310965022153236
71;0.10194890826705277
72;0.08152689313843059
73;0.0815905804806618
74;0.10271141645334868
75;0.025065171447412583
76;0.19380136746786716
77;0.11640225032126526
78;0.1411501155468167
79;0.173095420828798
80;0.08088989265959211
81;0.05997970917585436
82;0.07227215744283533
83;0.19228657338522961
84;0.11220428887505914
85;0.01687278935159169
86;0.09975960320728856
87;0.138127864425591
88;0.11821547831974827
89;0.0662321910904026
90;0.11769339399229216
91;0.1360027505225197
92;0.024216537375603944
93;0.11901118776519835
94;0.08548730763302473
95;0.11710334657363144
96;0.05923962163199466
97;0.15463327254648307
98;0.09688744666946303
99;0.10457933651663753
100;0.0937209105337224
101;0.14950468163997555
102;0.12168843063028377
103;0.05825830104773111
104;0.13667502567919484
105;0.0932380431822776
106;0.12809501428548942
107;0.04650329233554569
108;0.05851121293505948
109;0.1574702418615299
110;0.03148033666150076
111;0.15673150123661095
112;0.013866068464736037
113;0.11305805122919942
114;0.0637637020507774
115;0.12708382327221804
116;0.19146085752543926
117;0.1791452928272878
118;0.10912667482712678
119;0.005000310267954178
120;0.08255857644588459
121;0.12350583106260818
122;0.02974780684168763
123;0.18092711579040277
124;0.15581290546632984
125;0.12638629222633044
126;0.026347537529933976
127;0.03758351658676884
128;0.10253488734573338
129;0.13067293115088693
130;0.07324587919929058
131;0.1811152066888219
132;0.12743543708841218
133;0.09313737792767665
134;0.19813955105434972
135;0.10350064215342891
136;0.1515398477499234
137;0.0740356112793454
138;0.18602980432664495
139;0.10203653852198527
140;0.13557673274324025
141;0.10143508622320455
142;0.08321616566470819
143;0.1434442667218835
144;0.06393244628679799
145;0.05866516944121136
146;0.014090282432253477
147;0.0648660881116077
148;0.053225386684936975
149;0.006198794001367647
150;0.1534738980473291
151;0.10624504889574347
152;0.08356978413070665
153;0.07680606197673708
154;0.0028065062380020936
155;0.06246770101749258
156;0.044372716067533284
157;0.1461876836472814
158;0.0811253500411018
159;0.13525370445481943
160;0.11029905738554646
161;0.16508992175205256
162;0.0288498678458061
163;0.0025039882147707363
164;0.16177483586680763
165;0.024152158039719374
166;0.14434039161037554
167;0.0893827877543768
168;0.0323753823990214
169;0.02081251213182307
170;0.09372513222528951
171;0.024157203105143066
172;0.020398617041780965
173;0.05122210338221729
174;0.17305125148430503
175;0.19336964057183428
176;0.03609116030277437
177;0.16161097995802157
178;0.038684393419546215
179;0.016287397449395825
180;0.008385448154156162
181;0.08331634632599412
182;0.1340222023011846
183;0.17436428307727728
184;0.10827826800822926
185;0.06340448566030817
186;0.0995396730132822
187;0.04366240355127311
188;0.12129417942447174
189;0.1926892373104548
190;0.04281473864400882
191;0.019753668263657723
192;0.1910089702254568
193;0.00346066194027721
194;0.00856565689754778
195;0.10876788186339764
196;0.04057860943873762
197;0.1557964571761428
198;0.11807153219655375
199;0.0037470301112600083
200;0.1284723576123928
201;0.14973118761942014
202;0.15601259619351204
203;0.1534342027415416
204;0.17323398767250256
205;0.11794106565414444
206;0.09872569830975952
207;0.09627052100140482
208;0.01743564869956209
209;0.1765286340423041
210;0.13657824076830655
211;0.03605502447131453
212;0.08932426734889892
213;0.07475614843201138
214;0.17995659303779316
215;0.016104707794925923
216;0.07527696207798257
217;0.09195513205591713
218;0.08921603295302483
219;0.1717559383828595
220;0.02173620289688523
221;0.13601467718723012
222;0.13356833467360588
223;0.1815097492275387
224;0.02808662690921662
225;0.10982379026108276
226;0.15191337343167755
227;0.04692996976029021
228;0.0008636828731011904
229;0.05337046401544834
230;0.04688204296154433
231;0.1593168773781169
232;0.1394706516746063
233;0.16788049010481276
234;0.13674170141104178
235;0.05265682667890397
236;0.12239691571941165
237;0.16070638558803174
238;0.04728942982297584
239;0.12854102485294525
240;0.08420520238401359
241;0.030783856270733146
242;0.1988262801477404
243;0.1128040945538643
244;0.11210550761418801
245;0.11585876669482414
246;0.17313366354534093
247;0.12188295765674345
248;0.12315653812353192
249;0.030384218817763698
250;0.12755043248023268
251;0.06714817249975018
252;0.1911667964303137
253;0.1189532976248396
254;0.05409702123286822
255;0.11075101983303713
256;0.06926830887495172
257;0.17215613616512207
258;0.03779757753533517
259;0.020835277699899592
260;0.1593124780061726
261;0.03710638240818809
262;0.09857932604211034
263;0.07543177493864194
264;0.14548619220132178
265;0.010427340087506388
266;0.00580552273868129
267;0.11485266722823909
268;0.010483171695040228
269;0.08231238544295619
270;0.19779500674930867
271;0.059885324228220974
272;0.09432694993953313
273;0.14502720049759774
274;0.15237336962718062
275;0.08987354341187968
276;0.024844987090645976
277;0.055766063476625855
278;0.03247119200313264
279;0.14604601343586845
280;0.13251095065261734
281;0.18173308330775048
282;0.11224988161138456
283;0.07514898109606616
284;0.13834709078379123
285;0.14062434142872313
286;0.05571295941481309
287;0.19970599257343466
288;0.049230318183419455
289;0.17285815609412056
290;0.15553140562939008
291;0.05976672358328301
292;0.08188234037246503
293;0.06362919492404383
294;0.031587916625830006
295;0.08510247772509494
296;0.03906657558747853
297;0.19504052038126415
298;0.12537460866388742
299;0.15749728260387708
300;0.05363984486453113
301;0.11419159699961445
302;0.08162751121811247
303;0.11140027098720764
304;0.1725781105659027
305;0.09386273123935365
306;0.14949063292654913
307;0.10206298584232168
308;0.06457198131405927
309;0.19214080822172605
310;0.15748801600526763
311;0.12485375768077492
312;0.06424743492608558
313;0.14572870788319384
314;0.029343764612365944
315;0.07644854107895903
316;0.0193669109664393
317;0.14255951042547224
318;0.015406055705217315
319;0.021696826658439708
320;0.05356258501568232
321;0.13875288178021056
322;0.1499049135205361
323;0.04297913065046666
324;0.01627557441780163
325;0.13275360243149598
326;0.07905150262821836
327;0.14471900308807983
328;0.02353793406070348
329;0.14203853782768958
330;0.06843677913370934
331;0.08079889340561688
332;0.07069621484209268
333;0.126423317569563
334;0.07286285541477291
335;0.11890608736383211
336;0.02713911561084288
337;0.18033630062690645
338;0.17312689309209006
339;0.19336042621108107
340;0.006762531539574557
341;0.09807073692684952
342;0.09299872804644578
343;0.187378337762891
344;0.08216599705633215
345;0.07969929806220762
346;0.017790861799506907
347;0.10694983669392322
348;0.19301001083558023
349;0.06925632373590052
350;0.003244048888169071
351;0.1408470209470564
352;0.19943649381464168
353;0.0035942427859528615
354;0.14426717920411897
355;0.03489459759496381
356;0.18961760261695232
357;0.03568823775978552
358;0.0837891621808359
359;0.1512519665389299
360;0.10947226274378873
361;0.03280580157293061
362;0.04280925319035205
363;0.14953353816024492
364;0.1708442711566961
365;0.029302658250941582
366;0.14773162070767665
367;0.050067984233973545
368;0.10059906107287689
369;0.02380006085865778
370;0.053740234953853876
371;0.15523539323132696
372;0.12963134126160514
373;0.022382237071293012
374;0.07496623626433845
375;0.13891454767467232
376;0.18065667370394858
377;0.1812856422978389
378;0.15440778478317094
379;0.0658438826338129
380;0.09631029989473283
381;0.12190205822889189
382;0.06626876208420833
383;0.04346299211289322
384;0.16521037804501168
385;0.1403022894501641
386;0.18724910451910876
387;0.044165612005610866
388;0.18265942259031454
389;0.09790319515678024
390;0.07884699575838597
391;0.1731514504334722
392;0.1380905485908914
393;0.16033956026503784
394;0.09659823711435794
395;0.10552681391105956
396;0.014759672660198087
397;0.051986786760301246
398;0.02734181900402151
399;0.11958293411670094
400;0.09799074328306563
401;0.06534506484761218
402;0.0995526088562047
403;0.018887762773478457
404;0.027476942321379805
405;0.049438600010491496
406;0.1458966446603342
407;0.046730129410528926
408;0.18031317283952542
409;0.09736207885206996
410;0.1866163758605833
411;0.052612703800693744
412;0.1149923962387308
413;0.08436781233521062
414;0.02829025826000302
415;0.005327945727054618
416;0.044102750100874305
417;0.000961587816771381
418;0.0256081455836243
419;0.07944394229490524
420;0.03011101312321083
421;0.10476107442959122
422;0.03541647996200466
423;0.1374981403025362
424;0.05784939212914271
425;0.1555138940571178
426;0.04072501677552039
427;0.02086592912093881
428;0.0979278847277553
429;0.08987767040344488
430;0.021042078193935845
431;0.05895462918455596
432;0.08427096039056203
433;0.0785230857475467
434;0.1309397903623246
435;0.1334934054799853
436;0.19087905591335835
437;0.16134509405268493
438;0.12403228041711192
439;0.15485303733054215
440;0.075679245488845
441;0.10563035933865342
442;0.0764943377949362
443;0.19012031665623033
444;0.16844839896628833
445;0.1806165112918284
446;0.17721405435722395
447;0.17950232300005742
448;0.02337064320322442
449;0.05981864291727863
450;0.025716249958705674
451;0.11137575831561762
452;0.033110754816216
453;0.08262707141931053
454;0.10319353958204913
455;0.09688044797463476
456;0.07752941521539954
457;0.0182776500991271
458;0.14703418571362017
459;0.16727979494112885
460;0.07903881256692669
461;0.10499589152088083
462;0.08455176124604609
463;0.009967361704177093
464;0.005862984804284266
465;0.17110469853736587
466;0.05558552184630148
467;0.032069930920764246
468;0.1186031933919016
469;0.024461209901081873
470;0.1895571341641535
471;0.05133477252742276
472;0.15728899735822005
473;0.06314567609821027
474;0.08747274421923604
475;0.16863350254625165
476;0.10034564792643125
477;0.15033546829355715
478;0.17540945404050345
479;0.1343293739349635
480;0.10882944345954515
481;0.01214914582429858
482;0.012543881321087658
483;0.1204122801599996
484;0.08889251001474063
485;0.06758832547886358
486;0.15499970072045172
487;0.060877634078453216
488;0.09367786499076194
489;0.07075443946660982
490;0.1191881812121236
491;0.022393166776662476
492;0.022926296269626056
493;0.19774703833906504
494;0.010946055550136325
495;0.027961059891319896
496;0.09218467914637873
497;0.044109059005110224
498;0.08102089999084101
499;0.16006168047027872
500;0.18243358100893448
501;0.0988000288219507
502;0.1556561931355232
503;0.09215191667925707
504;0.16120848747622743
505;0.14521076785691236
506;0.08109541982191709
507;0.17226904003673157
508;0.1068171205278537
509;0.13244347258315287
510;0.05493724074288231
511;0.12168397915515841
512;0.18500036427787248
513;0.15982649324492662
514;0.04636200682862526
515;0.11282944136865967
516;0.17313682349883208
517;0.19522384873140175
518;0.13920433344839728
519;0.10869224781044283
520;0.043666594659280536
521;0.08400364420649993
522;0.028380447324880254
523;0.15072951701903414
524;0.1287814364810915
525;0.01614195499788871
526;0.1596485470514022
527;0.021878688044191286
528;0.1712489952180193
529;0.001834823439160549
530;0.08233628982579144
531;0.1289358861503894
532;0.031801707526074474
533;0.05671978623213723
534;0.0030347615301496767
535;0.05828258165719091
536;0.0690747694557802
537;0.14132672559888357
538;0.17876757176604688
539;0.0017014009851551882
540;0.12609204879876645
541;0.1371438234251998
542;0.13357613761882964
543;0.02971810037665772
544;0.00206204583370222
545;0.15718283525650467
546;0.06681216408324242
547;0.14464895252340745
548;0.09671780402992583
549;0.10619953688313932
550;0.015370717591937267
551;0.1134270273236351
552;0.002852782683992805
553;0.1519458937856562
554;0.19362588629438238
555;0.09145810234174923
556;0.17553413954565059
557;0.14310424407036262
558;0.04350140287644562
559;0.11698237205062761
560;0.15490895341698965
561;0.028923562132479555
562;0.0071932199952573495
563;0.14936755027942145
564;0.02896007314944378
565;0.14549167753066086
566;0.1434723807872143
567;0.15634168662710146
568;0.0964564196644277
569;0.023975921460370198
570;0.07014365329941619
571;0.07966964328414627
572;0.011018569450971594
573;0.02056038503506874
574;0.11298476284355247
575;0.12203882602021304
576;0.034844395817413325
577;0.19287620436456265
578;0.09848160910355429
579;0.017230425332936374
580;0.06343749638744593
581;0.007546773456567602
582;0.09000212630053561
583;0.08194155252407852
584;0.19764755823036292
585;0.0017977973488431777
586;0.17279891825812785
587;0.035809547358121675
588;0.17753207564012224
589;0.0013497167119564724
590;0.05166215157274756
591;0.11565159002123654
592;0.07559434104945513
593;0.14035755145922807
594;0.12566201756849235
595;0.19652089862029415
596;0.025327478673664274
597;0.03636339266076096
598;0.19557032963277615
599;0.010994430215120254
600;0.11821350009999154
601;0.04629503878102706
602;0.16825618250914803
603;0.19854400329238908
604;0.004137563883994977
605;0.0864507511314062
606;0.13699439881587724
607;0.08318703633003528
608;0.09880496477321679
609;0.13666209221679967
610;0.0841772614511126
611;0.03257160318045802
612;0.0906305006185762
613;0.024496097524925965
614;0.01622104017709325
615;0.02600846712761209
616;0.009967053672425364
617;0.19769618163913097
618;0.12906582134992736
619;0.19096188475546155
620;0.13222997266895348
621;0.05325673941731153
622;0.11671555369161275
623;0.1945785357242632
624;0.12409387897006736
625;0.017499839266124664
626;0.10745487161192582
627;0.19600990651024475
628;0.16969266749832657
629;0.14606123241019162
630;0.06155616426484467
631;0.08797841145558566
632;0.0022742390169075977
633;0.07300371961553014
634;0.016465208250415333
635;0.10730015238058228
636;0.1731705339493781
637;0.0722261077639064
638;0.18608150101603738
639;0.05376425675087957
640;0.03188104364764737
641;0.018052731063320084
642;0.027751173680682098
643;0.17225927483415837
644;0.09779284733273484
645;0.18575993232009602
646;0.08658185631023041
647;0.03903191257535941
648;0.030551448507401636
649;0.18291514340217352
650;0.06337008539323108
651;0.06636195546710258
652;0.0591467506567889
653;0.13527531235901022
654;0.052091210265942614
655;0.06715880341199783
656;0.03706484175327447
657;0.14179560903136576
658;0.18984898578296047
659;0.10351248273268734
660;0.120670961556475
661;0.1802369531912423
662;0.07922303674695917
663;0.17775802341962293
664;0.08706905548434968
665;0.04353140139811931
666;0.043379789178317446
667;0.13298467638669884
668;0.021772702154808643
669;0.07152111056762203
670;0.19836514471454736
671;0.18024580193694
672;0.0020806201523347226
673;0.09757020584477534
674;0.11684649973215666
675;0.11937476089147103
676;0.09826194755075915
677;0.1430727827843028
678;0.16199567047320487
679;0.1813583331222845
680;0.07882527083173688
681;0.048451667842886216
682;0.11926683513204656
683;0.03813348802085528
684;0.027744838968657495
685;0.09464639106363931
686;0.00771177629192259
687;0.14424337210288607
688;0.032586332673935674
689;0.17068355303326968
690;0.12473632803118062
691;0.1181301547291344
692;0.05740746542886837
693;0.08875149599084396
694;0.15044078088798404
695;0.1528289829123378
696;0.07402130376746734
697;0.18774141107544606
698;0.10589682895701798
699;0.1336406066525174
700;0.01225118949276447
701;0.07626661649933507
702;0.06626927307202513
703;0.11168842963096351
704;0.06830603634065091
705;0.036032284060795304
706;0.05604858009117628
707;0.02425026719871828
708;0.09523152366780803
709;0.17505968345060385
710;0.13320087934121974
711;0.026793382575067293
712;0.09337891380996133
713;0.16171023159036113
714;0.04859049088625925
715;0.05780884653638838
716;0.07262470016702682
717;0.032902178794238866
718;0.047312300396224055
719;0.18729469205611848
720;0.11562880264433889
721;0.025802198065113705
722;0.038979186347324335
723;0.19007542719414028
724;0.19029971542771798
725;0.16267467240184993
726;0.18496716491718684
727;0.19131529664590347
728;0.14364238815024888
729;0.08632676861517288
730;0.11247480441910587
731;0.17234850889139108
732;0.024014224404174868
733;0.02149379829266538
734;0.07665329067412457
735;0.08288303010156828
736;0.11914651786897766
737;0.06717313759254222
738;0.09403906311320159
739;0.04558233689101115
740;0.01792386107298747
741;0.09742074570353972
742;0.136889084553747
743;0.08135736954430833
744;0.10395887605991205
745;0.15516845623333253
746;0.037164721358099985
747;0.02657507304408655
748;0.14006695817974577
749;0.06535200233440659
750;0.05745074599000495
751;0.04515705692863736
752;0.1757489307970554
753;0.1137036356523109
754;0.12469700632640926
755;0.015106790442126995
756;0.01903294715653412
757;0.009258972390850695
758;0.18862296268475476
759;0.16574566388496914
760;0.17501361960579917
761;0.018453037019940454
762;0.0713695521266419
763;0.08383979409974712
764;0.009861246605615959
765;0.1243846417289673
766;0.19994611556246475
767;0.18901304518407008
768;0.056217077295500545
769;0.0882096193784872
770;0.005483591019921752
771;0.020214160209358047
772;0.026384324478879263
773;0.002184485901342792
774;0.043527606586564876
775;0.03819178334931357
776;0.07474961566041585
777;0.0839754079497193
778;0.0063430513747831044
779;0.17455652113715506
780;0.041049801856454064
781;0.008484471812617756
782;0.010608771896665559
783;0.029441379361519693
784;0.1879380673064436
785;0.1557291847776383
786;0.11088374100365386
787;0.1802140973530732
788;0.17086364346032992
789;0.02307688873152003
790;0.008802289942112119
791;0.010136702419948507
792;0.18325606014180484
793;0.19876385468364416
794;0.04084882490465232
795;0.1359023169952381
796;0.08948404558370462
797;0.12376197678842263
798;0.05060939225722714
799;0.12318169447932062
800;0.07666244585311258
801;0.014495662942152055
802;0.13631632481059974
803;0.19848632859281057
804;0.06049453321734244
805;0.05528256572925268
806;0.1923908035586384
807;0.10968601530855909
808;0.07880527074653475
809;0.037931457177177254
810;0.15470712474379866
811;0.17618272283897912
812;0.0208452533608555
813;0.1435037102604886
814;0.05789537815840176
815;0.10700164742686842
816;0.020156830256325798
817;0.11546166655472073
818;0.1608395757404176
819;0.1332141230403401
820;0.13966465851689444
821;0.1359832769982706
822;0.02870246404208625
823;0.053123209863949916
824;0.15528273216256072
825;0.00844820607583492
826;0.0007856578552377647
827;0.0978740688514021
828;0.06609198315841174
829;0.10521237891510114
830;0.09280081500101905
831;0.09317787874679284
832;0.19280685127518227
833;0.02749897569018607
834;0.0041923860913933636
835;0.02739677037427457
836;0.19354624289570146
837;0.11224631216541246
838;0.005693315941319144
839;0.09690614548859494
840;0.057330683216550576
841;0.10950748672463305
842;0.15906889340140493
843;0.09604236355212466
844;0.08995019055592096
845;0.06496811777442245
846;0.18714030348631533
847;0.16883113077973524
848;0.11220586640165522
849;0.07233290901196601
850;0.11664701291033826
851;0.11390931105381386
852;0.13266735411611527
853;0.07411560578094463
854;0.059585889821153586
855;0.1981682910441585
856;0.03386674223512914
857;0.04782350162986609
858;0.14711254363115267
859;0.06237161930233575
860;0.199508298914523
861;0.15522180727421173
862;0.06511730083078092
863;0.10661714208679046
864;0.06687962329412393
865;0.10661676189921748
866;0.11746436517928112
867;0.19120421519894756
868;0.027604351729056356
869;0.014477881754637446
870;0.0732945511527272
871;0.17615053564804778
872;0.19202152990191831
873;0.11333591162016646
874;0.12315784633118382
875;0.072222749601624
876;0.19372488716301417
877;0.13498481187315958
878;0.1559240422178363
879;0.1090758390560249
880;0.058992749704778684
881;0.07869445052321343
882;0.1568549419903083
883;0.03551898577811863
884;0.17075577249269486
885;0.0010599280259608434
886;0.18700309095762233
887;0.18597032065247307
888;0.1691601667256465
889;0.15468796111250271
890;0.154138375745709
891;0.03821821029924027
892;0.06761939217607564
893;0.15386007507011956
894;0.16001475920045163
895;0.08479372543523299
896;0.12550592332788224
897;0.12287887699786132
898;0.05701972130955762
899;0.1899436244407935
900;0.0022087138986381484
901;0.1549913457619203
902;0.06930252447366239
903;0.17106353623646764
904;0.09766222992613305
905;0.010344290707600658
906;0.034554877955877354
907;0.008636763667754566
908;0.19745240435842965
909;0.15242864215560592
910;0.1550441139772838
911;0.10125340297139218
912;0.12309506538331921
913;0.03307909753222915
914;0.1867483838729921
915;0.1302354089503826
916;0.05293162929910045
917;0.12127420746833605
918;0.13326767950575863
919;0.08872841288458591
920;0.12971057377570602
921;0.043294361320710566
922;0.08893920545987795
923;0.1248026383978964
924;0.1905718782293919
925;0.19973497709476898
926;0.13471431519907462
927;0.09931943807834634
928;0.07223569394409612
929;0.17793944811510728
930;0.12371639317599613
931;0.010999792736691695
932;0.03091166614212315
933;0.009388785300768365
934;0.1499280548188486
935;0.052108005217005565
936;0.14355492014187785
937;0.014529829229554703
938;0.041582634548927744
939;0.13502962873040442
940;0.09643247830720021
941;0.05529979659297016
942;0.14359462049918204
943;0.0804861968615896
944;0.18876570419044192
945;0.12456776571185578
946;0.11056124558277508
947;0.07088018191226796
948;0.1099048482495425
949;0.04915624821086813
950;0.057465308021298594
951;0.05717287050614653
952;0.06291152211012144
953;0.11898597643879145
954;0.09466863896331537
955;0.006652726042618396
956;0.13614188953141645
957;0.17449517544303225
958;0.12468164645802599
959;0.030043866953322597
960;0.09911932380265026
961;0.1928646779287667
962;0.10048572804484679
963;0.12528010826935992
964;0.044498343520841546
965;0.09555240240002803
966;0.002418167035688623
967;0.12745026218668007
968;0.18724152138209013
969;0.12757307614981045
970;0.1250878984820061
971;0.07469226846128822
972;0.10717380669018393
973;0.08581358023459824
974;0.0233589096462173
975;0.12041514722534206
976;0.09366756688802813
977;0.06847303057889027
978;0.172518808066218
979;0.030995818037800917
980;0.025667646211132933
981;0.15437970417363253
982;0.11914151758373215
983;0.06683152023514098
984;0.137330279902005
985;0.09345669087745129
986;0.01599863820723757
987;0.08746197269866994
988;0.003951551639932926
989;0.09668248150666714
990;0.1120704487310355
991;0.07281600530473413
992;0.12343283279789814
993;0.14186221146434813
994;0.08996694567082045
995;0.0019028959639442401
996;0.035498158288286466
997;0.14989193745668536
998;0.187247809391646
999;0.19373275917613164
1000;0.14195285071844285
