1;0.0021825501626988376
2;0.12322198355169044
3;0.16259734158469613
4;0.09748953205052475
5;0.05615862387265258
6;0.04175522732590367
7;0.055809501836575716
8;0.08006769403488845
9;0.07446920422196646
10;0.042023561191246284
11;0.0842409497180518
12;0.031105407285299536
13;0.06553483536187676
14;0.19596445115262026
15;0.09099198090409069
16;0.05662571387325635
17;0.0036448361342390715
18;0.1713645455496758
19;0.12074446606480582
20;0.12434948333796599
21;0.03781926985891933
22;0.012893346967133401
23;0.16961859317216177
24;0.10207530361298739
25;0.00940658417476601
26;0.09637346729205182
27;0.10322861258021765
28;0.06186938080234468
29;0.10474466448512464
30;0.019499854658898676
31;0.09079017803313555
32;0.1660238874045249
33;0.11687016850393993
34;0.16913858574802315
35;0.07961958151535276
36;0.00763697978457909
37;0.02104798979906517
38;0.06669520646871122
39;0.08172805389396805
40;0.025531247124390456
41;0.029212715843145044
42;0.015408842831772929
43;0.17147244617147572
44;0.18502420090495858
45;0.11449896770337348
46;0.07873072813526281
47;0.14414833081428688
48;0.18982225892365143
49;0.07763314519177647
50;0.10121711509240872
51;0.1780855917695921
52;0.1835306352559961
53;0.12715070612738474
54;0.048811765663590245
55;0.0004024340099136215
56;0.007263422573921697
57;0.07665489052428034
58;0.07360137243019918
59;0.19502266908842547
60;0.041043863786404455
61;0.10757781001655822
62;0.0016877171131251647
63;0.056086790396771516
64;0.07676252529783972
65;0.17243307774686578
66;0.16761391792855782
67;0.013932768045844025
68;0.08519140100963998
69;0.1125083622094735
70;0.16872311471050935
71;0.13028659636237522
72;0.01791091990982583
73;0.13379414088235944
74;0.14459309623744118
75;0.0815777724436838
76;0.04189254661708737
77;0.08801723721336562
78;0.1591824041784103
79;0.17303683085647772
80;0.07448939368285348
81;0.01877766708512714
82;0.10849515349852086
83;0.0909006547574539
84;0.10412119105346812
85;0.024834169836051335
86;0.12188906461979863
87;0.15753119365327586
88;0.08603451513294871
89;0.10549627172936052
90;0.022312670681381475
91;0.17374616551614783
92;0.04154822121336959
93;0.0651490414566265
94;0.1993257703571808
95;0.134419132186201
96;0.1386005374035079
97;0.07833351572421741
98;0.15802913694915321
99;0.04640932789214445
100;0.016218997273536817
101;0.16844703696014962
102;0.12141968340980612
103;0.1977110639156615
104;0.1458170462830923
105;0.05882491546412647
106;0.07699687202201838
107;0.15903545873601302
108;0.04784482603974676
109;0.01596402541159323
110;0.10288470861364514
111;0.16324485382755557
112;0.12911478811480256
113;0.0748227072658139
114;0.16402314050947267
115;0.08818935191533253
116;0.06143079486129704
117;0.07345942783144269
118;0.02278935603051435
119;0.04983644643798897
120;0.19742586895980824
121;0.06769220375978442
122;0.09108316912089505
123;0.11556626945672242
124;0.19631906884646788
125;0.11371683388288818
126;0.059940458552966085
127;0.14403198039020457
128;0.0374438509091593
129;0.15380564004457065
130;0.04558253343877466
131;0.1140715852017908
132;0.028256667476661092
133;0.026583269690473577
134;0.13337011249973588
135;0.0030426572879290736
136;0.037425474297737994
137;0.13002977227700177
138;0.08904423066374366
139;0.1392122569272447
140;0.00880258493770194
141;0.09492947733522912
142;0.11082654871544358
143;0.0840604316188972
144;0.024086261882238925
145;0.12843740814226906
146;0.18078337741292544
147;0.185854979202987
148;0.10485721522558077
149;0.045727629523667136
150;0.025233448421308258
151;0.16432148988323775
152;0.0761107940401523
153;0.009738982477908366
154;0.15284488357994688
155;0.11507675469023942
156;0.09694035532220756
157;0.005668953075354356
158;0.17861917075488717
159;0.03767060899647965
160;0.07011361637590643
161;0.1617584303260351
162;0.07414207915423905
163;0.1262888800152805
164;0.1907235694625462
165;0.11763794325119266
166;0.11854742181403632
167;0.10747525319955718
168;0.11059857611032708
169;0.0784352287618029
170;0.15218013396581578
171;0.033352244719467426
172;0.13589898918142965
173;0.10977669268842663
174;0.0294825555752287
175;0.08933906140894768
176;0.19138509657083014
177;0.11508771273225459
178;0.1266472257379474
179;0.1310221475193524
180;0.008535107321103253
181;0.15648382845238315
182;0.08916897956661614
183;0.034201944932386465
184;0.02764932005472938
185;0.13154738124809032
186;0.13407175917091102
187;0.01407418746457978
188;0.11401689287816019
189;0.0378194575225721
190;0.1965452188061773
191;0.03656311971163589
192;0.05087394347861771
193;0.046421193667671015
194;0.008724490894460013
195;0.055583242708731856
196;0.012639351173857017
197;0.08948563849083829
198;0.09692869331358714
199;0.057710000521509056
200;0.011248647943463898
201;0.1773831093052481
202;0.0842596761984638
203;0.12714290863556996
204;0.07856942157866474
205;0.14130209142040015
206;0.197320413570183
207;0.1480364472026879
208;0.1995978338369631
209;0.02342428551833653
210;0.06132397298347095
211;0.058949798758486584
212;0.06433678573355335
213;0.013103231753393785
214;0.08120582780261257
215;0.16585747280668695
216;0.13176053595882062
217;0.10172196768118963
218;0.12865005994169046
219;0.027259297606946634
220;0.14235997195395003
221;0.06089518685993507
222;0.10210837369644768
223;0.17688374833476034
224;0.1958339561915668
225;0.049975086449269956
226;0.12860771620077557
227;0.14177269561153102
228;0.14053134017789082
229;0.16494541345835906
230;0.199079726660582
231;0.07097463207948806
232;0.14145978043615634
233;0.04403806078508574
234;0.03674533877315527
235;0.015756151152242517
236;0.0820780537139203
237;0.19246696549149261
238;0.027317582402100294
239;0.14621446745550468
240;0.07453887898295102
241;0.11155272353954618
242;0.10989402836497819
243;0.18540608676933756
244;0.12291801620715537
245;0.12430866158760621
246;0.0690828863662457
247;0.029107298557231754
248;0.02341448912423867
249;0.04946037713452858
250;0.15172824505737822
251;0.004862535746757191
252;0.1934356497235723
253;0.02092468189877328
254;0.1498678384583111
255;0.0541183515954689
256;0.0093437746290856
257;0.15085379182733472
258;0.17964240042136143
259;0.07285740153368352
260;0.06998232466463826
261;0.13200185756290847
262;0.06642296104601633
263;0.05712839762520055
264;0.09526280877580628
265;0.07905609914318863
266;0.07412149727977795
267;0.11339490964355368
268;0.01222939173145834
269;0.11244714525689994
270;0.016620985794574782
271;0.059000216893219576
272;0.17364011075474672
273;0.045133218716268075
274;0.15431559175464
275;0.08131676913747583
276;0.14803158366822358
277;0.039551883970722096
278;0.02651337491244812
279;0.04184263841379119
280;0.12815707067777823
281;0.10974436142162834
282;0.13589103283087686
283;0.04578065790689778
284;0.1070431566338817
285;0.16113850823317477
286;0.15998092011431944
287;0.030095033502660073
288;0.00894429398393386
289;0.0677676684510754
290;0.0023591567163020913
291;0.08211512699002366
292;0.11539861085827006
293;0.1853565435535503
294;0.05956199551059174
295;0.18673129072036915
296;0.03669352970325817
297;0.10107514502460041
298;0.16396467326335107
299;0.04971507118795651
300;0.1752188266758695
301;0.046093458917642494
302;0.03774512849444292
303;0.0016235529045226294
304;0.17727250814726048
305;0.035911941497628865
306;0.09749904267780576
307;0.049425856371346756
308;0.03633174282333429
309;0.1395791089998469
310;0.1762904654482191
311;0.02581154661862957
312;0.02622144626924521
313;0.014971003097349778
314;0.10214101734207895
315;0.07714889179381226
316;0.04860187402833918
317;0.04271958410322063
318;0.023885278062850037
319;0.19529316058185528
320;0.1279000549740492
321;0.11508134149148896
322;0.12339480556690652
323;0.12413915673626628
324;0.16656851137318904
325;0.11884950902648546
326;0.0652747379471921
327;0.048346824267662486
328;0.028534945439784656
329;0.08559302978759037
330;0.19948421577308179
331;0.038358623751534295
332;0.05701765025957622
333;0.13109807399045587
334;0.03143016580393725
335;0.19160603698308626
336;0.003164834915643411
337;0.1492580969677647
338;0.15681171122818804
339;0.04330953782804739
340;0.0657110509660359
341;0.08848592998052958
342;0.11132501740149148
343;0.10303212826543616
344;0.10655414352573567
345;0.1755646084348479
346;0.05110816163912471
347;0.17133035905682467
348;0.09820403834832668
349;0.03101041787026353
350;0.18548461132120286
351;0.11001455367800789
352;0.19398981773452162
353;0.09227419581170221
354;0.1681305325750404
355;0.15915411499800325
356;0.00659227885230036
357;0.011580790196340418
358;0.12570478917855799
359;0.12501378182967282
360;0.10716705662483766
361;0.15735269573054914
362;0.14966959835045066
363;0.03299784264883252
364;0.0026025830232101702
365;0.0665369859898307
366;0.10460317826665498
367;0.1080863083213342
368;0.16310447752431878
369;0.1086156140490982
370;0.1519798127940665
371;0.004768938667689172
372;0.010163807495986577
373;0.08049316005221713
374;0.11390792425896497
375;0.07142251200244201
376;0.07693419196011375
377;0.19820823102529733
378;0.15694258134488107
379;0.08218656604118886
380;0.0925322155562529
381;0.12836677117180517
382;0.09359759112156772
383;0.13234556630908287
384;0.03087496375515504
385;0.18446612817823138
386;0.08558186484461483
387;0.007186648346956726
388;0.1111096484053351
389;0.00135662630321034
390;0.050331133171446135
391;0.10460757717681757
392;0.19054886939349447
393;0.11592268197827674
394;0.08456008828157219
395;0.1709971233121754
396;0.0738293952336724
397;0.14040143576627445
398;0.01880121296490056
399;0.13118229752216765
400;0.16976305621793497
401;0.13410445793556347
402;0.06299553394262758
403;0.1817557173136173
404;0.07640933541647554
405;0.00855669316491743
406;0.027062527525524762
407;0.19788902813067266
408;0.13152257171669174
409;0.0262531816953028
410;0.026473309680955227
411;0.1443768000029218
412;0.034093148846957466
413;0.07035619717149526
414;0.005043277556878701
415;0.1472438124279068
416;0.18239992943335065
417;0.15033822259227106
418;0.08520042145038641
419;0.1010374982217369
420;0.19777192542972874
421;0.01644598646848272
422;0.026944605110603218
423;0.07603903110911943
424;0.1809156990801235
425;0.09923758443279779
426;0.13658094222862938
427;0.07969307010362466
428;0.042465917998911265
429;0.034351219127486225
430;0.1557967742827261
431;0.07764589072588664
432;0.09130339243703936
433;0.06832960913384459
434;0.1520774809875516
435;0.15032468002901864
436;0.16883233717713192
437;0.06202547474904783
438;0.18197308440472384
439;0.11392232241633232
440;0.1150974592559239
441;0.13270114906950795
442;0.144691334868668
443;0.07876899145263878
444;0.13255933400658218
445;0.015146899533821935
446;0.07992083136876577
447;0.05425829717011528
448;0.1526424426625614
449;0.03962283797419946
450;0.17139775221029177
451;0.1498435226395539
452;0.19654090566075902
453;0.16180567144430552
454;0.07593074259271748
455;0.17435924276665118
456;0.1781169270496554
457;0.08832043181627261
458;0.05980583647368867
459;0.13303221812969612
460;0.12267602773417825
461;0.0011900745600792685
462;0.13039653062388254
463;0.15696232892492784
464;0.18420985384389346
465;0.10170371349059992
466;0.04963161001878265
467;0.15734706542964835
468;0.18823915918373474
469;0.19808518024864175
470;0.19849595916177104
471;0.06080736460745813
472;0.0769003594195453
473;0.12279034304009978
474;0.13788826305644994
475;0.14849216738202267
476;0.09210006274674017
477;0.0896754621350804
478;0.07305849229772068
479;0.08577613400468748
480;0.16277191603245633
481;0.07966326217794789
482;0.061423043860374255
483;0.14990597465878042
484;0.051691907526378755
485;0.16749350222197815
486;0.16026521672238642
487;0.04648603856830909
488;0.053977093978366766
489;0.17163684208202565
490;0.12410707477422914
491;0.12597330554669278
492;0.00839260211552042
493;0.041624401871587405
494;0.12461910103597369
495;0.06303844857940359
496;0.00289622399012619
497;0.03718589376557533
498;0.10756341192761379
499;0.01620374069286843
500;0.18478863656318212
501;0.16533216161074124
502;0.12950839723692664
503;0.04358103431881777
504;0.014056570431354465
505;0.18364731829883849
506;0.13163082524253708
507;0.15327676999261375
508;0.17310668441179247
509;0.08923042603951069
510;0.023287272623134615
511;0.04803961109020421
512;0.030386470882716333
513;0.024881108590591408
514;0.05574171382628215
515;0.07620481391484422
516;0.06157285316471735
517;0.1877326096074707
518;0.01762160627646836
519;0.19497805542393595
520;0.059718224278903255
521;0.09445226181043737
522;0.13834718794713943
523;0.19966215835834367
524;0.08198241330050154
525;0.1527873399099282
526;0.021137173697440836
527;0.1306389688286336
528;0.04659530618576735
529;0.030000160210597884
530;0.05775462285820141
531;0.05846914803203125
532;0.18839812165143255
533;0.1312462882529589
534;0.0024149552717372736
535;0.09713989765635736
536;0.13429207023120607
537;0.0898455984138382
538;0.09202105497716061
539;0.08228947300838432
540;0.19813404636476484
541;0.040548026550977515
542;0.1210817950483289
543;0.056490746945201425
544;0.08977389524293039
545;0.009507354190521622
546;0.03864160127793004
547;0.18197502184150763
548;0.009166722024733254
549;0.17660490527720396
550;0.1580927816401164
551;0.14742156266042736
552;0.050496369110385644
553;0.1556402304545179
554;0.10141790729097842
555;0.009175286774188862
556;0.004295209115229337
557;0.12088406607889846
558;0.10931479406561527
559;0.1944353044095484
560;0.1479358749561043
561;0.13878721348438794
562;0.001008998927254723
563;0.1728514861372502
564;0.1852176625487008
565;0.07468895405172925
566;0.08093809391020722
567;0.061558483784807286
568;0.19783865469287906
569;0.09054890132371102
570;0.1252670191459872
571;0.0660717477748468
572;0.17694533880699287
573;0.11439838674352909
574;0.1320388137315973
575;0.016849753252354407
576;0.14256150184070154
577;0.13968604569177123
578;0.06120574763863338
579;0.05176199057612474
580;0.02786401604015376
581;0.04821007288299328
582;0.08928762162265738
583;0.15958176904436483
584;0.09530385955472492
585;0.024686057981535982
586;0.06621719870043977
587;0.0027409655079648765
588;0.0833559245734042
589;0.049326435100557876
590;0.10958855526741572
591;0.07220629555651674
592;0.15867621511704721
593;0.17938440754264684
594;0.09924714818162238
595;0.09131969763550836
596;0.05647310071505947
597;0.026717274514831326
598;0.08714401311669727
599;0.17325195992836218
600;0.15647180955207132
601;0.18104915331140403
602;0.08735407705059127
603;0.11177841903592887
604;0.14611015271563738
605;0.16416469005454914
606;0.09528985613878041
607;0.13203105093072492
608;0.0688802113680577
609;0.07822107387370632
610;0.17858898648189925
611;0.18500428947009925
612;0.017220936920513585
613;0.1550425733196936
614;0.019586667660096847
615;0.05510285286622192
616;0.1659373400696612
617;0.14471230923439835
618;0.09758577443108896
619;0.05043555372597963
620;0.0336898078798231
621;0.047695658729708226
622;0.13764066859454577
623;0.07122240845213078
624;0.07879209291298435
625;0.039870536390449
626;0.09510521201634697
627;0.12193596339777744
628;0.040112727252597694
629;0.11977408705447573
630;0.12974172546606239
631;0.16548646168012612
632;0.15709657365811158
633;0.15064131042711393
634;0.07060387191329424
635;0.10390455408675876
636;0.0010335640442313166
637;0.05116157580036922
638;0.13140077556482246
639;0.19769704887099496
640;0.037768757637866204
641;0.04570837817231532
642;0.16151795616233564
643;0.11321068682733866
644;0.013183169827836006
645;0.10970071659231616
646;0.16842076165945705
647;0.03855369340683801
648;0.1818164838055734
649;0.15849498289756658
650;0.169757764190593
651;0.14275803158690856
652;0.12925607070252249
653;0.027750715090814504
654;0.04253423676726671
655;0.09720954539326315
656;0.06799827766038742
657;0.13484851918374555
658;0.06135905964653465
659;0.11618872170129989
660;0.13173921715516207
661;0.06466744791297574
662;0.06915793629269121
663;0.15467979575532387
664;0.026485605911208434
665;0.09796011069620832
666;0.09108422983173957
667;0.026415934161551326
668;0.16002742034939185
669;0.16746668616080548
670;0.16260175260720466
671;0.1692991696494135
672;0.08063027003345716
673;0.08553167298652396
674;0.140660507924991
675;0.16629253749635686
676;0.0706649160533752
677;0.09115230048083307
678;0.14296750533017288
679;0.06216424470873621
680;0.052234959097154726
681;0.08733474186043154
682;0.0988216497213823
683;0.1696199460854921
684;0.16455381021182136
685;0.1028825961621922
686;0.0270194297117786
687;0.0007290276994983192
688;0.015250755352418955
689;0.04479910829428764
690;0.15173471353380208
691;0.09462169248043038
692;0.1688289810204878
693;0.10435175905989261
694;0.17668270398294084
695;0.023180639093460933
696;0.09501801612058541
697;0.16532198466583212
698;0.027907639423323374
699;0.13844476256538982
700;0.025720566209460907
701;0.12442203341625407
702;0.043460701275389306
703;0.13870578894364202
704;0.07292955293518598
705;0.009976636088455849
706;0.031695665606875756
707;0.0006794548361338305
708;0.17316546446213804
709;0.05888101187248829
710;0.1651856293086217
711;0.09244009238643647
712;0.08117943382917928
713;0.016002898750671093
714;0.06679400354180967
715;0.10539828031752317
716;0.04300853865980188
717;0.14965104457383083
718;0.04909476353623643
719;0.15249579213636744
720;0.0424743399491323
721;0.03390346574965586
722;0.18533107149872333
723;0.07091044270473634
724;0.1942157379488308
725;0.1583215731022567
726;0.18503022090114005
727;0.05439510598810067
728;0.010326647860930094
729;0.10288803134898586
730;0.1795131690367504
731;0.09210706792045809
732;0.009142901658259884
733;0.07589478995077265
734;0.1556416721062971
735;0.055525873161339834
736;0.1320429393202169
737;0.1184255481264273
738;0.05180789089243035
739;0.12430150524411071
740;0.021183135867235237
741;0.07298836594852383
742;0.04091210112877437
743;0.17710169449346622
744;0.01260613727066533
745;0.16415966666383175
746;0.010423046916049339
747;0.10754292422998218
748;0.04246031260375192
749;0.004545531602278064
750;0.050567550951584675
751;0.06700315625525965
752;0.0719740358780614
753;0.09257964464149755
754;0.1259739592424445
755;0.018484526168610915
756;0.18982991534557028
757;0.06279730677942923
758;0.1936641585528148
759;0.18633703949392125
760;0.020773040403732537
761;0.065749704010773
762;0.18254987829745462
763;0.13488705782848262
764;0.0706299555784403
765;0.07942221642642902
766;0.04797121125381374
767;0.017706326474107727
768;0.14098041652546375
769;0.023847658221162416
770;0.05711704641569977
771;0.013505392005250472
772;0.14793469930238032
773;0.1291120111945406
774;0.09264621697455687
775;0.13834460579011368
776;0.0591358178000968
777;0.07707133435508949
778;0.02046322264437004
779;0.08243304079615377
780;0.18113181526642896
781;0.1890868559263812
782;0.08479831470694482
783;0.06570533047191239
784;0.02659958709105761
785;0.08923743096061026
786;0.06318505307720072
787;0.04834785311652066
788;0.1346334291407424
789;0.032206193161207784
790;0.08751839617324463
791;0.16533646320871176
792;0.10687947706244955
793;0.1339865221112285
794;0.17953781775269917
795;0.15998462477071998
796;0.1746682872576863
797;0.1764742795551765
798;0.1279354573203674
799;0.19057589768770766
800;0.10651988145422486
801;0.11654819297585424
802;0.08918940710776897
803;0.029965381129442182
804;0.04133302683380707
805;0.1829320176316454
806;0.08252037649403916
807;0.07574442753921724
808;0.07965840758543377
809;0.03440701551721059
810;0.18713286448703137
811;0.005885027652272124
812;0.11315762498673732
813;0.06993218521178012
814;0.10390561651948932
815;0.12078907980593956
816;0.15971803647806976
817;0.11948125848815505
818;0.1490710905165489
819;0.04519738111207246
820;0.026284527415299432
821;0.08028765396670981
822;0.19986516121836162
823;0.14405999648948872
824;0.051197990064637634
825;0.0793312755123306
826;0.03611310853466827
827;0.16371624661798742
828;0.006058471265416899
829;0.12886928855004895
830;0.054354167768645795
831;0.1906260896809356
832;0.07866036507440358
833;0.1360153216968337
834;0.06701122852071509
835;0.010577641451823895
836;0.10084661936652783
837;0.044109496408981035
838;0.18381316714270746
839;0.12412875076472228
840;0.0021094954314295313
841;0.14642676140591307
842;0.12752130232608347
843;0.1908774110716112
844;0.085222517348272
845;0.08025532312913514
846;0.01879777931275344
847;0.037652637300849
848;0.0006860845130988169
849;0.16212243773371207
850;0.18357732418986894
851;0.08163542869098128
852;0.015648952872071954
853;0.04837202098465139
854;0.16198961753213564
855;0.17726271482427503
856;0.17300339825602054
857;0.0259996728685739
858;0.08903582936340322
859;0.11538280427667919
860;0.138327400921346
861;0.040209864466284606
862;0.15040776719209947
863;0.11008499767642076
864;0.1238692430203625
865;0.12352643553906473
866;0.1420110598740162
867;0.037680657628828884
868;0.07268945329186803
869;0.1949805648418082
870;0.07122846579613198
871;0.09923123980871192
872;0.14453030857217916
873;0.037887495246406694
874;0.07454614741846402
875;0.016171175523805714
876;0.04144965289406204
877;0.034060452021319375
878;0.09117947929243247
879;0.1650279094774741
880;0.1668968646478728
881;0.11556620519451072
882;0.14572013123093686
883;0.11673631399284473
884;0.07761547427979294
885;0.03555961253879907
886;0.12879519932321165
887;0.17216697527232483
888;0.07297250415245111
889;0.06784201626182855
890;0.050546330747420966
891;0.13989151553881238
892;0.03292510692578354
893;0.026651550278081727
894;0.19791511130192307
895;0.08773647122073486
896;0.15972279458409827
897;0.07560774705727623
898;0.00017388425274809106
899;0.13543821564319056
900;0.08903596646012187
901;0.07114158869383623
902;0.09558941359946833
903;0.08125089363493186
904;0.18909431410973535
905;0.09771445631912896
906;0.180538407358705
907;0.13055991014204768
908;0.0013648287540980908
909;0.012534514122154117
910;0.010275346128026143
911;0.07815532836210755
912;0.023094732658933803
913;0.09177010728029607
914;0.05505342415091246
915;0.0653416401384805
916;0.014113427363409592
917;0.152506199627221
918;0.15622824104931904
919;0.14994660776099505
920;0.1585990007729049
921;0.02853282313413119
922;0.16359361261724548
923;0.01567652570228617
924;0.05502443415826848
925;0.16092351004873096
926;0.10899232143850056
927;0.14554998406962788
928;0.06417793166648063
929;0.0011524861949210319
930;0.08723941865603402
931;0.033624574661946106
932;0.05547324802907756
933;0.19150044353009388
934;0.00766637093057585
935;0.14509512263149574
936;0.02939685738901241
937;0.07034415884868865
938;0.10343135205931903
939;0.11234956329253745
940;0.16261353177386764
941;0.03943382449594053
942;0.06107682601833662
943;0.12103552888092516
944;0.04717233495455151
945;0.021734231467120592
946;0.09931747207912756
947;0.05025477491515036
948;0.19363920505583676
949;0.1984233800155293
950;0.17529929992253934
951;0.12188055144162496
952;0.06547692930911526
953;0.10223643882069716
954;0.030463870820594142
955;0.09869073386883231
956;0.08134289405156292
957;0.12023589740205504
958;0.024319868974622863
959;0.10284357977015429
960;0.03892065183549496
961;0.154543812349008
962;0.10140800808871414
963;0.1166591381983815
964;0.02057967394143703
965;0.1602025082023042
966;0.08376024288596749
967;0.08727332795036857
968;0.1986121120167076
969;0.17217392719163366
970;0.04573252458156943
971;0.03777633597836419
972;0.14113484041662078
973;0.05693466169753001
974;0.007355950108976984
975;0.12417202616178898
976;0.09144349319154244
977;0.0506687558837671
978;0.07582318992423516
979;0.19175359472995662
980;0.03989035846351239
981;0.1514849176288885
982;0.03766164747413301
983;0.0009616864884141485
984;0.17972221176648712
985;0.14551220784721636
986;0.027186350457473973
987;0.16738657648531366
988;0.13140345737525114
989;0.007368723000968469
990;0.14195461948813037
991;0.0731814533590787
992;0.03356429669994929
993;0.007170899494204331
994;0.15140539267970288
995;0.021195257340812138
996;0.18142458118282062
997;0.0005236057030065134
998;0.04871149579914291
999;0.058820228875066244
1000;0.03392449988992232
