1;0.002928960383752599
2;0.04922954278374256
3;0.09036971022738773
4;0.0010861882497423593
5;0.09241170218576299
6;0.09093572341371543
7;0.08068866429557213
8;0.0322180095162301
9;0.045511406700357505
10;0.06431973233941538
11;0.09800666392286532
12;0.05032867626604333
13;0.08922300545877707
14;0.08287572631565138
15;0.06089057868421143
16;0.03224469250284541
17;0.013028157403654884
18;0.07551404887675402
19;0.06604891695129432
20;0.039991058624059286
21;0.04584480193064651
22;0.0814971470775586
23;0.012099071661464223
24;0.06880968100947692
25;0.01581483699094306
26;0.044898418017885494
27;0.04158450488696478
28;0.04570487477702401
29;0.012388696147805002
30;0.013949202617199242
31;0.0013242527770733871
32;0.0847208394553575
33;0.0046484070970949426
34;0.016861464522808678
35;0.0203789694700533
36;0.060833383181544465
37;0.009273765776618426
38;0.02865177171941993
39;0.023462130010314153
40;0.0018658259406615807
41;0.08491423390625735
42;0.02193035294289818
43;0.07702025091761268
44;0.054671281535825726
45;0.08920900564249477
46;0.08260697079958682
47;0.09570250420591206
48;0.001134171878307344
49;0.026512539816557726
50;0.08760194664765225
51;0.09122800498090951
52;0.06859232664323212
53;0.011973916802438755
54;0.011805895573830062
55;0.07108633683295547
56;0.02519589967011795
57;0.09728192273676997
58;0.08786502697659956
59;0.01652395678744435
60;0.02231314744274504
61;0.041599448282919865
62;0.03284364503126776
63;0.0304871136925558
64;0.058212216557163056
65;0.07396993329871646
66;0.055832149489841956
67;0.02933110084869364
68;0.061230541316528254
69;0.08159230296171724
70;0.051641642051454065
71;0.02058447940796806
72;0.06286517799352641
73;0.03404384870059109
74;0.0621171797711942
75;0.028014356219198545
76;0.034078962388837675
77;0.0393467570863703
78;0.04632261461416168
79;0.025978571486515056
80;0.018258469768052978
81;0.0788206435580589
82;0.01056386392975638
83;0.08877790512467554
84;0.042977252025095836
85;0.031448690681269646
86;0.08697788787041111
87;0.06046443591985004
88;0.06753860595865922
89;0.07019074427404093
90;0.023313813163872345
91;0.024972790418790983
92;0.04055277252267771
93;0.06291438070577518
94;0.08775890365642997
95;0.062459029498122244
96;0.05859942708485735
97;0.046429935557619144
98;0.015513364544974484
99;0.07401670822759103
100;0.04451663170056456
101;0.0026116156782885927
102;0.09975740202265289
103;0.03203666994861345
104;0.004957068160065948
105;0.051355698872620925
106;0.09561217215910867
107;0.05779622897730916
108;0.019978849823977265
109;0.09747256320069025
110;0.025814998054875284
111;0.061546180221604775
112;0.08457486817786676
113;0.08617207110445682
114;0.006300094055115235
115;0.047281202561856674
116;0.025065328126280796
117;0.051150214638835345
118;0.06925193965807916
119;0.09060167450588284
120;0.049352478854284634
121;0.04423948979791449
122;0.038203722817466694
123;0.06833018462121138
124;0.08213967447863715
125;0.02365838222601443
126;0.058139058800315
127;0.07785796438396149
128;0.004846937059385859
129;0.07399254333655421
130;0.08055265352732849
131;0.013755210595950907
132;0.0011726908736404808
133;0.013825243955373268
134;0.07280938467095067
135;0.07979171663511786
136;0.03730000653335901
137;0.09210023798691204
138;0.03901839982100002
139;0.03683429335799992
140;0.013518459619584366
141;0.0745591536328634
142;0.0378703415468312
143;0.015297943799657954
144;0.018453593609236374
145;0.031160636285712043
146;0.04642799743941511
147;0.09863166755433025
148;0.06712821902940269
149;0.030445780157100068
150;0.06326099520559143
151;0.09595446504408688
152;0.05718713707583101
153;0.017918526855175667
154;0.05070993350460663
155;0.004561721898728744
156;0.025063152804310474
157;0.0720593328620259
158;0.01902931752991769
159;0.03370120225890171
160;0.006724387995465375
161;0.0039702904612678004
162;0.08945295205053189
163;0.06765008773519036
164;0.07845176047263588
165;0.018826772453179354
166;0.03761121195710609
167;0.025578790442212652
168;0.046678010802583964
169;0.07285667797051351
170;0.052688659575058444
171;0.05581369625405208
172;0.021414071620620468
173;0.0939276635974428
174;0.04094716523126688
175;0.05368856930730742
176;0.04887780956815151
177;0.023398050357716728
178;0.0030182843814967166
179;0.005517889954830591
180;0.08737477355778236
181;0.009658947922712713
182;0.0060685282428307626
183;0.06271718698804774
184;0.090339445370416
185;0.045791331884801015
186;0.028725135308080452
187;0.07896820011993753
188;0.06807054416638683
189;0.025085121721675974
190;0.026988356736867104
191;0.03439018431801904
192;0.07874279283486098
193;0.0997116605060665
194;0.04088220499576495
195;0.016858978284366312
196;0.07108615173560029
197;0.09262909489501502
198;0.02398823049217065
199;0.0037530259296449375
200;0.07609608816893931
201;0.04433824455473612
202;0.0163953964466092
203;0.005258858286928814
204;0.04748152689373474
205;0.0017277912379167093
206;0.08019393691733898
207;0.08125795860141118
208;0.08635126910223626
209;0.0999800722119563
210;0.0636816639254974
211;0.09773387137733575
212;0.06333465988262421
213;0.025250152724716247
214;0.07345309594009718
215;0.02475358134491199
216;0.07579036801336622
217;0.07467583336811222
218;0.039122976052757746
219;0.026308571251902113
220;0.04811877982221657
221;0.011616203137493331
222;0.05133282063790217
223;0.00873050371095262
224;0.021131969789046568
225;0.08264053715664064
226;0.07911159548045696
227;0.08539084021664889
228;0.09951681788880799
229;0.05241581190008746
230;0.0037991124878916983
231;0.005069226995013776
232;0.07792543059918634
233;0.016260301195908034
234;0.08889372930924755
235;0.08798937727028566
236;0.011119614295963531
237;0.07708548042733307
238;0.03918682539114792
239;0.04005174009734498
240;0.030598009479555002
241;0.05579494549889291
242;0.03291047581878883
243;0.06159273923511924
244;0.039495758163285793
245;0.03830837240118265
246;0.07042017912029679
247;0.08513013155058946
248;0.062383070163177824
249;0.06469484255387821
250;0.02261833717632581
251;0.043606205632807954
252;0.01594097458156244
253;0.04696858655409189
254;0.006954563095775801
255;0.031301244550829346
256;0.06787161239446947
257;0.06306334500355475
258;0.09336265966516999
259;0.06298686622040271
260;0.04676534066890258
261;0.06137553597936745
262;0.084699006802949
263;0.09016391132650327
264;0.06276551904667642
265;0.02046142048420807
266;0.05418380544977228
267;0.02636251400422203
268;0.01726672936383905
269;0.04335883513495238
270;0.0899730581285164
271;0.07733063779271285
272;0.07182101707085485
273;0.015497360140271378
274;0.07780957718093093
275;0.025322344369113382
276;0.03354281757182697
277;0.047077685439372956
278;0.023395634078028495
279;0.023060450936239665
280;5.7780395854623026e-05
281;0.04196300476502161
282;0.07375418083244809
283;0.018202043947108327
284;0.09684432940493973
285;0.07419446319389342
286;0.07154843686537447
287;0.07392524607742278
288;0.07895018164861073
289;0.07166270337973721
290;0.009336753339829473
291;0.061137646362450684
292;0.04776238921891388
293;0.09120194521319108
294;0.09831891569606145
295;0.09259836960684392
296;0.08414778121598854
297;0.0834278395077023
298;0.04231361437339503
299;0.06199492288397643
300;0.04694842196217589
301;0.06404078518096372
302;0.062014663331292824
303;0.027632205886937034
304;0.012221472335600725
305;0.06764858941362221
306;0.0036057963622226907
307;0.0020446901834364375
308;0.06416384848206534
309;0.07994167327373616
310;0.047980038568652676
311;0.010461645135354237
312;0.09010825240174908
313;0.026299948917179163
314;0.05571474600622849
315;0.09107676187357833
316;0.0578413883882985
317;0.02805716509577172
318;0.052400653784107847
319;0.01670779295045055
320;0.009916281690903929
321;0.08082131029056172
322;0.0424058455621702
323;0.03027423059034917
324;0.0494117120681474
325;0.04385839705092438
326;0.061627107105836
327;0.030540727011232185
328;0.024274439753791677
329;0.059194893539121975
330;0.02635035017376749
331;0.010048284932505293
332;0.08782642425684063
333;0.005469348062195612
334;0.07263981985641345
335;0.05587292539952176
336;0.07344456714905886
337;0.018532885471522587
338;0.09075834252619128
339;0.04335009392294773
340;0.08476979464750795
341;0.05394781494462512
342;0.02789684183700244
343;0.055849164764996795
344;0.048094830257166536
345;0.008425980008334699
346;0.05879769951048397
347;0.038063779793011114
348;0.03771432353817381
349;0.008266221084197911
350;0.03382144416769735
351;0.07987789348456736
352;0.07041258479064187
353;0.03985759436147346
354;0.028008681789035306
355;0.07041582008798354
356;0.0939615755232534
357;0.02667087158042536
358;0.041126369209507865
359;0.0904626499294645
360;0.038709283532597005
361;0.08803834125230428
362;0.07842206995507423
363;0.02242783044795035
364;0.06402889684143966
365;0.08167485185997325
366;0.09123074276373558
367;0.03267295660766072
368;0.04931951544362191
369;0.007649126949168006
370;0.08946474919378097
371;0.09382206692235334
372;0.0705589637097228
373;0.0862668100408865
374;0.019447638141756055
375;0.08195376079864587
376;0.06893476917861784
377;0.08255951401872297
378;0.06967632094981992
379;0.06406701543411683
380;0.09210068432186935
381;0.0727897171584115
382;0.09674033257980483
383;0.04393331309129357
384;0.08655308042046217
385;0.008063079711838783
386;0.020309368332152702
387;0.003852578869992185
388;0.04080174046720419
389;0.06058567210573809
390;0.0033786451537580753
391;0.023314535686383198
392;0.013211276640204252
393;0.08850286887609948
394;0.07859294496236414
395;0.01094885397208072
396;0.05078452812806318
397;0.028196280594232015
398;0.06387108022172788
399;0.02670676624235522
400;0.09547408253121932
401;0.08065481450808576
402;0.07435253739992545
403;0.05893196517663568
404;0.06743694264546611
405;0.044290571529170965
406;0.09878845923446901
407;0.016038415418472052
408;0.012782352646751717
409;0.012388529067018206
410;0.08258236955446424
411;0.0615954207238464
412;0.0046709396789038965
413;0.004779899489389794
414;0.023865576615690866
415;0.07975100617151332
416;0.06338807645977489
417;0.007008593777903205
418;0.04628015677646672
419;0.07962161637306593
420;0.016882318295621757
421;0.033948683602886734
422;0.09163881859783268
423;0.025068836700603104
424;0.013897021323232306
425;0.09769232475306622
426;0.061948664605046
427;0.0535478079671117
428;0.0543359847328411
429;0.019138924629614987
430;0.07082736581377799
431;0.053800787839081134
432;0.06458460874530612
433;0.03678498165549317
434;0.05637585330032635
435;0.027044932452933212
436;0.08213216298831616
437;0.01937577604113966
438;0.07392675227406292
439;0.07546117299759929
440;0.04957881798489438
441;0.08459719648342957
442;0.01219616591721532
443;0.009416869635667735
444;0.08253882778093152
445;0.022825158069959463
446;0.0797148761589914
447;0.007155796656117108
448;0.04254485281211256
449;0.017554836074946845
450;0.030160757683167085
451;0.01307592790104295
452;0.08687538350559404
453;0.0009987301545989148
454;0.021973896167141373
455;0.07002876740572876
456;0.03486961680801847
457;0.010485556202307256
458;0.0845496132106466
459;0.06325037852227557
460;0.04542008960324442
461;0.0005297555229104578
462;0.09867408647151092
463;0.05155050469440306
464;0.06480797836111932
465;0.0033732996683119246
466;0.0237999278853796
467;0.0049410238228684185
468;0.033536590364216266
469;0.005400001371068142
470;0.07181503363559487
471;0.07503984351763703
472;0.06170266052665198
473;0.07404371096190464
474;0.0735266338727276
475;0.07997150359358392
476;0.08146861157057703
477;0.08358167199603778
478;0.033045656144564874
479;0.0357686073032491
480;0.00301966331270247
481;0.015949423372769767
482;0.09694567233916876
483;0.05956088333372677
484;0.07806403146924275
485;0.07229604343240113
486;0.059835206169029244
487;0.02604655691128135
488;0.027989478669311355
489;0.03549267577488318
490;0.011346242093414805
491;0.027873604921611995
492;0.03900245706894298
493;0.03281352235536638
494;0.08944282815484905
495;0.009473960332681898
496;0.05895539272448391
497;0.004262080871530694
498;0.049807917777186295
499;0.08920611236644518
500;0.05415491226632906
501;0.08691003322850246
502;0.030652096213475224
503;0.010139863554926376
504;0.05635792982896808
505;0.06552105987955224
506;0.05429721492653096
507;0.020332329918313075
508;0.08986630680989226
509;0.08446688770962299
510;0.019516338917424617
511;0.05752335711818837
512;0.03830612817963472
513;0.024328390506357746
514;0.04354094402448584
515;0.025732542869159693
516;0.03397413035472322
517;0.022318780721068555
518;0.05544901824656043
519;0.01066439997835269
520;0.09751010816260064
521;0.09282359793885653
522;0.05229227318221435
523;0.04232697128942813
524;0.04936223735315805
525;0.08557146665360227
526;0.08462262376841641
527;0.08064243284308094
528;0.023716333047554883
529;0.08118204792305611
530;0.05465161689622427
531;0.06457122295735122
532;0.0035488099476043925
533;0.07488309887327743
534;0.014118019169864993
535;0.019020802913902582
536;0.06842500194478705
537;0.0216985781031709
538;0.062282545526783334
539;0.05113348090029355
540;0.050125980763012036
541;0.034285416453158114
542;0.08187783868869734
543;0.014740857300692224
544;0.022065648789745696
545;0.027838502826688663
546;0.020779306844785295
547;0.03260356823993645
548;0.0370629069725996
549;0.0707057030723851
550;0.0004999862948169342
551;0.07683049798575256
552;0.017168812017661773
553;0.051084905934792604
554;0.02367257962731333
555;0.03837575600249882
556;0.05498223501509231
557;0.027917109821804977
558;0.031425337014638746
559;0.0060273886277847355
560;0.05111686518375498
561;0.06848344675344016
562;0.09243154608529314
563;0.006551787456374947
564;0.08891550885071457
565;0.07801444807665281
566;0.06964288501037362
567;0.08374279992126375
568;0.0767700569984064
569;0.07241655900286349
570;0.06246559108037132
571;0.056279854172636014
572;0.014930812788622506
573;0.0666561875686856
574;0.03893589268893405
575;0.08300722853225632
576;0.051839135980383845
577;0.09938249039599208
578;0.0007285492309217823
579;0.047916616761360754
580;0.07312951702364094
581;0.03080421608228097
582;0.03866708355196851
583;0.0660679209437026
584;0.09198299401132037
585;0.003716203557636011
586;0.017363692122046304
587;0.008109460427164972
588;0.013445026421530615
589;0.07016860916262325
590;0.08122522605152736
591;0.07181038482681804
592;0.0760227434599448
593;0.06288866465591253
594;0.017559445340380543
595;0.015673309237980805
596;0.05468585090570487
597;0.09378948830846841
598;0.02873052075361221
599;0.06680283332905147
600;0.019885252058078062
601;0.05896825058526631
602;0.07817194344297043
603;0.05630492717960455
604;0.029829222303643523
605;0.09533682688883416
606;0.010112003344779241
607;0.06543752387429914
608;0.08223672071752412
609;0.06901601603573199
610;0.07394244159131905
611;0.026457225709065803
612;0.02763369904454495
613;0.06862597393372374
614;0.06590935265042246
615;0.09767980470299105
616;0.009575536769324511
617;0.033113716799712416
618;0.0618063645848968
619;0.07000762771314263
620;0.07507720615816071
621;0.01170056535820746
622;0.0921732435127548
623;0.06321689239654135
624;0.029395384142695394
625;0.0713791353575053
626;0.0581169826321982
627;0.056935988352678914
628;0.057897221808604696
629;0.07659047458773052
630;0.06235570592602903
631;0.09141724264559131
632;0.0343942585007812
633;0.01210289310015269
634;0.07900382596938336
635;0.06587932765821274
636;0.0007232189291339953
637;0.09433770051541046
638;0.015735731797368535
639;0.05462070650114975
640;0.09142325431930869
641;0.07735649770490421
642;0.08930728009819333
643;0.02714163614876504
644;0.00739263948695591
645;0.02393765234870251
646;0.05226493103089186
647;0.008347945534464508
648;0.05253095590527236
649;0.0989982750138873
650;0.0052938834904344145
651;0.028416144520205213
652;0.0662085039557809
653;0.026745165519598227
654;0.09401700549069847
655;0.028935971400042837
656;0.04666620335493941
657;0.044584754761730884
658;0.026001574929550398
659;0.04063322307724199
660;0.03609512347983729
661;0.07895800723408142
662;0.021910852695767136
663;0.08400693532183413
664;0.004163764280341542
665;0.02520080134549091
666;0.005066510714180395
667;0.0722328345901328
668;0.027044197154937333
669;0.09211587839279256
670;0.07247452235297115
671;0.011648654952824123
672;0.01167476990620342
673;0.09397370185699189
674;0.055417103172806376
675;0.09424237751639106
676;0.049846645695824525
677;0.052602810909628796
678;0.06529241007407548
679;0.07868414212349632
680;0.045310120885697816
681;0.07155440985048085
682;0.05008822597473705
683;0.052345013915831906
684;0.013859545974586052
685;0.05645931202484838
686;0.0008936563757616978
687;0.08794834483669366
688;0.04184390793384281
689;0.02573307506339937
690;0.05033752253052392
691;0.020998286352335818
692;0.032743271847447
693;0.07204450287401447
694;0.005513671565971945
695;0.0913375596616865
696;0.016984307595512727
697;0.023696316067012325
698;0.02956045096885107
699;0.019874176647687605
700;0.09690948572002119
701;0.07073762995720101
702;0.01649625071307854
703;0.04482392334471996
704;0.058781304216957576
705;0.04790505530968145
706;0.008381309316015462
707;0.03184791954258315
708;0.035250260590818594
709;0.005280310900538288
710;0.03199820640860891
711;0.07416879406669982
712;0.07378272027409108
713;0.04620455897164536
714;0.010369580316360351
715;0.0827528485307728
716;0.024380239266304105
717;0.07111400397532137
718;0.09995159432607943
719;0.06889554080729242
720;0.049180219870480706
721;0.0021138887051632806
722;0.09076434972971112
723;0.07693906366812221
724;0.0408848282964655
725;0.05147816493651735
726;0.07738975011564875
727;0.014481327421882295
728;0.04197607059909393
729;0.09471447016442733
730;0.031406177608741946
731;0.04855508195679629
732;0.06147403603501555
733;0.09631792634725758
734;0.0518199297521652
735;0.0819075836158637
736;0.09174232856686347
737;0.09820848491321045
738;0.07737284890602263
739;0.09016398137007231
740;0.03535912918792935
741;0.022433197030029585
742;0.04746241022859132
743;0.08266734863678477
744;0.03301259323141642
745;0.07592525128456762
746;0.05704202058654622
747;0.0875795978380089
748;0.06965130884353603
749;0.05068262478229042
750;0.05722723484396306
751;0.08327621052507661
752;0.00692261728598671
753;0.028576696195575638
754;0.003764130177214975
755;0.02990738495306742
756;0.03879952269361341
757;0.051093600414557364
758;0.001092979202547173
759;0.04381465059587585
760;0.04899625135500581
761;0.08486842321631809
762;0.02108005807138994
763;0.04076833662630555
764;0.037734927773840105
765;0.014890239983331999
766;0.05868969200324499
767;0.06679059198793261
768;0.06674537277575036
769;0.03761793261166185
770;0.011269182009824763
771;0.04839737555519959
772;0.005939176323331019
773;0.006313457066475381
774;0.08451427950433758
775;0.003056132454952043
776;0.02143251142348254
777;0.06885653117055618
778;0.06787082260014092
779;0.08320417004420792
780;0.04345717588154257
781;0.014578673131709453
782;0.020253737587084944
783;0.09384705065915484
784;0.08864799504895707
785;0.010641607227107065
786;0.0128121759814535
787;0.0007604141629881212
788;0.07563439784511991
789;0.06636965404967417
790;0.01354042966484792
791;0.09212661223910595
792;0.0545197422317248
793;0.017572854609961452
794;0.04425480109633498
795;0.09534094362092987
796;0.050020828351213
797;0.010682706603885284
798;0.04530408190719784
799;0.06408015433158985
800;0.012621671747374542
801;0.07849489034292727
802;0.018842532196907825
803;0.004608341487508805
804;0.04738462271232152
805;0.0062831638191656386
806;0.08552563891959576
807;0.012062792928815215
808;0.028063935459040748
809;0.07581514506224643
810;0.03574993384272416
811;0.08525891162363233
812;0.025319296421063876
813;0.010094404951881287
814;0.05618705866891025
815;0.07014011703173632
816;0.04422462154560533
817;0.0927565542356844
818;0.09359295182421284
819;0.08341300579533151
820;0.035669134932700124
821;0.014533123455779862
822;0.06343877276977615
823;0.03805139576433041
824;0.009700990101848207
825;0.05956803243919754
826;0.017675911081934382
827;0.023939886776538324
828;0.03531347667125735
829;0.009086236169017792
830;0.055945098883425484
831;0.034654890454793634
832;0.09336825069860961
833;0.04724394952915559
834;0.05842973848296987
835;0.08967304932019296
836;0.08044540470562406
837;0.00822531865397237
838;0.08243349513062004
839;0.07849007715826668
840;0.07908065035580973
841;0.05459052234317846
842;0.04943730756319442
843;0.09260601446281057
844;0.028989434373892644
845;0.06223982878332325
846;0.062316566961342634
847;0.08258531403414986
848;0.03543331754057055
849;0.027247162146022144
850;0.0728633418408631
851;0.07574451201306093
852;0.020065122465304064
853;0.025054248556841033
854;0.03399603670199304
855;0.058329879027306214
856;0.08829159749441222
857;0.030563511971329085
858;0.09526874384209175
859;0.0972398980458276
860;0.08873945324204902
861;0.09091868449073458
862;0.06708553643295302
863;0.07083840093335667
864;0.07890255245134944
865;0.04057521367743805
866;0.04953628975455807
867;0.08459749822294446
868;0.051943574602898036
869;0.06148049372698086
870;0.02276326424056633
871;0.060425863940398485
872;0.04715473416218949
873;0.014919245043797892
874;0.09052944362084617
875;0.017374962399048243
876;0.08341371077146205
877;0.04840980031818859
878;0.08470468807979818
879;0.09953410799351547
880;0.06421945239283826
881;0.06149818935605661
882;0.020255495572220374
883;0.0604439345435905
884;0.01348201766307502
885;0.0105040775457938
886;0.07798530292630179
887;0.029714217300067215
888;0.011068654712454318
889;0.018957591985845148
890;0.04075280568578509
891;0.09863214793663995
892;0.06390396932792201
893;0.06588805334086736
894;0.05081725872706925
895;0.0688677544976256
896;0.019669653990075975
897;0.023303240641863534
898;0.06585120702251929
899;0.012540509906109755
900;0.048718446790609805
901;0.08653235498726364
902;0.05077189004662165
903;0.07992545687589371
904;0.0208356421884788
905;0.005541265363326631
906;0.06509249316948561
907;0.07573301866323347
908;0.0737479975476144
909;0.04006011285186653
910;0.044414562330979596
911;0.06522961052154418
912;0.08392502704935374
913;0.047019578256330186
914;0.09174358399403904
915;0.041520128862564926
916;0.010616682592555627
917;0.032346102411424486
918;0.0855099809750004
919;0.05972260417878838
920;0.07761276352826328
921;0.03586055314037158
922;0.057827870001424954
923;0.03275997106671713
924;0.025603800609462116
925;0.040312637940572243
926;0.04831832468054961
927;0.0736196175781218
928;0.08257121521970318
929;0.018595119333629905
930;0.023070583265494583
931;0.05747716173570793
932;0.08362366500041922
933;0.018153840958828882
934;0.0686442163824456
935;0.01877904986689584
936;0.039635332632130926
937;0.031142960036897805
938;0.054841727612822445
939;0.059273718138423206
940;0.07270219589578578
941;0.007903052244573749
942;0.0434508307115004
943;0.061190475902640755
944;0.0900963911333744
945;0.06465427066843797
946;0.06391348855031696
947;0.04104649940496246
948;0.09199400483394075
949;0.0376633802308736
950;0.0035200233343076095
951;0.01805615635262059
952;0.004422654644850521
953;0.05652700524723591
954;0.04297972418935128
955;0.08201166747227336
956;0.042890054488483036
957;0.09412336209206935
958;0.07649775513610092
959;0.08081770094309722
960;0.06078853359777419
961;0.06032057507598432
962;0.055782382532553534
963;0.07929572810535544
964;0.024133410567190552
965;0.0162662361791757
966;0.08034630224146933
967;0.009348870433098589
968;0.0928831587147948
969;0.020634880302520545
970;0.09646035334031988
971;0.03797063090874391
972;0.0429770982285651
973;0.022697263405139147
974;0.008343377147427555
975;0.0027697834057699767
976;0.07184947354040462
977;0.016156644714673162
978;0.08148781559758891
979;0.03433069861048512
980;0.07644147289650959
981;0.07169352483204537
982;0.06903702070215612
983;0.09813410106580087
984;0.005477787029601767
985;0.036064366513921496
986;0.019072789032130832
987;0.07967245385583539
988;0.04360998563701193
989;0.09753499265526067
990;0.027359478280745888
991;0.06566328772082827
992;0.08955077402634672
993;0.09329651148990875
994;0.04926918498312342
995;0.0680371196599057
996;0.08596933725655098
997;0.04626659860514753
998;0.026553553539218212
999;0.052613399073149485
1000;0.05166993114718457
