1;0.01878043479084023
2;0.02977188713865483
3;0.09753319048776081
4;0.050042186045214626
5;0.0867219755832348
6;0.07300326247090143
7;0.028355879057028036
8;0.04785540340868525
9;0.04406558564832428
10;0.0367094942084794
11;0.035040345250648156
12;0.040778868019537555
13;0.013385955215349422
14;0.06687437333977907
15;0.030044789518405737
16;0.042918085877316006
17;0.006753978517443327
18;0.09734573801190466
19;0.04358105601772902
20;0.08980942307618324
21;0.019094762165843538
22;0.06185965146313649
23;0.014258321507825822
24;0.012793796505870992
25;0.023999459067831675
26;0.07022356232384357
27;0.00989570772286369
28;0.09373230075410828
29;0.02422821143393348
30;0.021207235648802305
31;0.09461362327031726
32;0.08209808837110551
33;0.004988646447580181
34;0.0061310514835617004
35;0.04138593850523034
36;0.08892589695691275
37;0.010597938086327176
38;0.050658009947193154
39;0.06872956806319301
40;0.05029148225642552
41;0.09395127976796308
42;0.06932784714236857
43;0.020030233973758416
44;0.08310369251609073
45;0.08043285467779401
46;0.018762055322094587
47;0.08173518233386656
48;0.054644876580427396
49;0.0012748312287165775
50;0.0725855204682631
51;0.010742156864517982
52;0.08997911512815882
53;0.04102314261790986
54;0.03097041473063742
55;0.060246816462159195
56;0.09447233218567688
57;0.06357847802614366
58;0.01798394603971387
59;0.039871622604579604
60;0.08708618659601775
61;0.0052877963423773825
62;0.0987918679229054
63;0.08691632661381703
64;0.0711024088544315
65;0.062667839226938
66;0.027133316125342012
67;0.04376402349636466
68;0.00888377715154326
69;0.09898706080192726
70;0.06884600013830872
71;0.07793087672292731
72;0.00783439230611479
73;0.09280381211973024
74;0.04288354500831485
75;0.051165704713897656
76;0.07258474591382592
77;0.020990517498910802
78;0.08429582229058852
79;0.05966340482828919
80;0.054901624085212763
81;0.0018979630653101266
82;0.043040050674168995
83;0.04205893225496157
84;0.014216561672009343
85;0.01099951223635527
86;0.03437538978104787
87;0.03638736962815483
88;0.06327844455727936
89;0.05566893143534773
90;0.05447941729995931
91;0.0019343949603066403
92;0.06921709962977615
93;0.07591019919199975
94;0.04131861121117736
95;0.027092698632802316
96;0.08196091027549354
97;0.020570060792907487
98;0.025530444934286148
99;0.013497450342015983
100;0.04995344581497871
101;0.04772831403700947
102;0.05181035261595786
103;0.07507656510651754
104;0.016415782388346355
105;0.0315222921876032
106;0.04938200322806368
107;0.047120468414895436
108;0.03589354269994567
109;0.09335067620773031
110;0.04797053080186005
111;0.02390649301362857
112;0.04429210252734485
113;0.04942241753178642
114;0.009622528915038365
115;0.014723989162839969
116;0.04670585291733558
117;0.017698412892763617
118;0.05216783041417558
119;0.07696453533813162
120;0.024051318864093143
121;0.035945592932050345
122;0.037856308458936505
123;0.07565966977796895
124;0.0068655346798889745
125;0.0026797888698151698
126;0.07389024490288798
127;0.0701048249363269
128;0.07292092060678877
129;0.07866572282669736
130;0.07764981584053199
131;0.0720805728736891
132;0.015222446958674685
133;0.0022281154064415555
134;0.06169764320973325
135;0.03597534789927911
136;0.06222705438865325
137;0.0067083607216732455
138;0.07272823760261608
139;0.005676212873238518
140;0.09801621395140506
141;0.02411596141967868
142;0.005486578395952624
143;0.013508488560348676
144;0.018416511092164977
145;0.06601818884326248
146;0.010560041422968604
147;0.036819238447707806
148;0.09365950206652572
149;0.016245799359715762
150;0.04176554180994488
151;0.07136668078422247
152;0.07890919251019622
153;0.04905744545891201
154;0.09911487405313711
155;0.013936689385914736
156;0.03465746100771955
157;0.09711831671387797
158;0.060387998789356426
159;0.050718252733726425
160;0.022918478447821758
161;0.003501635748551446
162;0.056320164830618226
163;0.066016223055202
164;0.03617189306805676
165;0.03206206093746794
166;0.05708757286801397
167;0.051718640805747985
168;0.05622139479313048
169;0.036636041093650186
170;0.00406028415888543
171;0.00679911098659013
172;0.07376676053355094
173;0.054074026184230066
174;0.0835582442946693
175;0.031220779608047634
176;0.08496903820809451
177;0.08619330183205443
178;0.008129186876585115
179;0.08996206422056317
180;0.0897420018692631
181;0.022695153680729788
182;0.012427210890564934
183;0.007594358396350954
184;0.044378594656575246
185;0.014034495114148083
186;0.04573627487327551
187;0.08088472932884677
188;0.05560999077804475
189;0.010018778818365449
190;0.008708893643793292
191;0.048022281013812756
192;0.0470210497025105
193;0.03759127359338528
194;0.09275739301947392
195;0.02385110445900406
196;0.027703299672209792
197;0.011795379616443136
198;0.035291828650054514
199;0.061982401202810844
200;0.009623485849886804
201;0.011197849660789417
202;0.0636469629844441
203;0.07114515353650928
204;0.02137091991317649
205;0.04120299436756413
206;0.08583905739621861
207;0.05568338851133581
208;0.07860594111587754
209;0.07621447213662193
210;0.049551237288352604
211;0.05995377307923958
212;0.06574592850650722
213;0.06142904506650604
214;0.07284813151709639
215;0.09929645382438221
216;0.07891903914561675
217;0.09137347283170426
218;0.0855879017795908
219;0.035196461660584724
220;0.060646042304484726
221;0.07045890665115068
222;0.08750996768206781
223;0.01161418994557263
224;0.08536515873882439
225;0.040590193864471526
226;0.03787633875902441
227;0.06806073528650118
228;0.07921348381245163
229;0.001733094716295558
230;0.04860603913824022
231;0.009453730067194278
232;0.058313078392176476
233;0.04250161082985568
234;0.05521191234029015
235;0.04178473119583262
236;0.01008781106874762
237;0.01480136576120521
238;0.07882358641827329
239;0.07807887826780259
240;0.027635323080624854
241;0.09743126942549678
242;0.06259106368102567
243;0.0294304419668194
244;0.0028932049687308784
245;0.004067149442017926
246;0.0976060513888893
247;0.038598609564437815
248;0.05728390597470408
249;0.06232112150486592
250;0.045967773423604155
251;0.0020602046723685154
252;0.015098730954702733
253;0.007214422502313401
254;0.005820884493616719
255;0.04027172001386299
256;0.08624964372380245
257;0.0719683070056721
258;0.0956220339325771
259;0.012351280379808495
260;0.049906294004463364
261;0.058043851559600936
262;0.010577001106756313
263;0.04389363496393144
264;0.009982330903851578
265;0.08607739428902056
266;0.04956263824412021
267;0.07724767085897849
268;0.0052681468844278274
269;0.02044645077560139
270;0.010474738113381643
271;0.09441417030310119
272;0.09122409156647728
273;0.05455484960661631
274;0.0670132335555944
275;0.09992931017893382
276;0.041552757157195544
277;0.06579760591868017
278;0.02772998075538735
279;0.0003643240092200073
280;0.025647919683283216
281;0.08304215990521858
282;0.009771632638833495
283;0.08214322807516701
284;0.09747000255313076
285;0.08540325640285962
286;0.08791806603611733
287;0.04866518451934605
288;0.006167365407208136
289;0.01820191103167861
290;0.095882786783959
291;0.09998434073902257
292;0.07357300604460741
293;0.08293096275422907
294;0.0974497902834642
295;0.03300009352845377
296;0.0687558281063851
297;0.013891327739711069
298;0.07350471144177304
299;0.033743301008584185
300;0.023416058437605847
301;0.08374791539336349
302;0.0601317901483332
303;0.04087721341391777
304;0.0710047953979454
305;0.08957684030093511
306;0.05006591089663687
307;0.05654132169980103
308;0.032143130468951696
309;0.06249263277474668
310;0.012949802906573271
311;0.09867724541003473
312;0.052923202443366624
313;0.00807381200604249
314;0.06645844748754616
315;0.018501586414421966
316;0.07545202485945657
317;0.04528815441202238
318;0.0163817901098245
319;0.04247628616991761
320;0.09136779717915591
321;0.04205855494640018
322;0.08536837728060975
323;0.006891466179384032
324;0.027357576115673545
325;0.048411549977835006
326;0.07520219822229127
327;0.04143686916903227
328;0.06244681398647356
329;0.08465547851093395
330;0.07075579020653566
331;0.013891852853445998
332;0.0321976317982959
333;0.05638050940269618
334;0.08541806453674858
335;0.012266357437933473
336;0.029920138273284547
337;0.026045974981539013
338;0.025938075720518584
339;0.0621909188028755
340;0.06674936758864052
341;0.023285345411207938
342;0.0742812519951744
343;0.026443691874259313
344;0.0933303617090489
345;0.07368012075910461
346;0.07732143830674727
347;0.009014276577626134
348;0.04904649480950664
349;0.04312798646697147
350;0.08811154391009983
351;0.037187901452780184
352;0.0603609106010983
353;0.014733955146373191
354;0.027477753452735044
355;0.07179477677052654
356;0.07907883469996847
357;0.009622764151960795
358;0.011562769114534766
359;0.046372142540179365
360;0.0974348443256539
361;0.08166699435247199
362;0.04922136523181399
363;0.04685605554417948
364;0.026142879006419407
365;0.04202601623771536
366;0.05851184111933924
367;0.05890030458417748
368;0.09631297941259721
369;0.054476371925610736
370;0.04729084991868924
371;0.019491974949134253
372;0.05509220923151055
373;0.047071131811088456
374;0.04091394367238822
375;0.037087277789363604
376;0.039318179012140936
377;0.06785558752280905
378;0.0766489571329086
379;0.04396163265721767
380;0.07266009887578967
381;0.0719780675931835
382;0.05535795279627707
383;0.016152400545969326
384;0.025271956060200607
385;0.004437140151605279
386;0.070857058083471
387;0.02052390678379469
388;0.01747537306382758
389;0.05429390286570429
390;0.034311452791458245
391;0.037419371663900025
392;0.06944397727630855
393;0.07008150984324404
394;0.09705913125633374
395;0.06943812535551495
396;0.029093732725881484
397;0.03181529013484604
398;0.09989494493324552
399;0.00015763174362112278
400;0.07040845559925046
401;0.06108700821730211
402;0.03161913052210557
403;0.0803990467514909
404;0.08113814561155401
405;0.022565472502817388
406;0.05058796981645239
407;0.016198905931610007
408;0.020088134366945655
409;0.0907665711128813
410;0.07450301508904691
411;0.08683404122089913
412;0.06586306747366658
413;0.0651776602988272
414;0.026252001064558907
415;0.09209932721647128
416;0.03106604273526732
417;0.025509019639787037
418;0.09152578828827089
419;0.060951629435022026
420;0.07671180520637345
421;0.0835248244769803
422;0.051523097403929276
423;0.07335260072846084
424;0.06817108756232947
425;0.003619633398039057
426;0.09368294571260877
427;0.09663373632052662
428;0.03094915675869854
429;0.011272961367439239
430;0.07567810148171711
431;0.04172137157082814
432;0.04382711681927457
433;0.07905945414637727
434;0.06986212386079457
435;0.05481124784051925
436;0.014811032250993695
437;0.0010740127124062027
438;0.09399822296442947
439;0.08672911426751835
440;0.07717331128805145
441;0.04212546236204238
442;0.006929861628603218
443;0.07271990149182415
444;0.09516609054663806
445;0.012427289617216553
446;0.022728247613317522
447;0.08669385622685895
448;0.09518691171520977
449;0.005030987366019569
450;0.0897672577855587
451;0.0006920141441549622
452;0.056571378553011954
453;0.014399319847032478
454;0.05634126974776038
455;0.007706156589059099
456;0.037733918357345624
457;0.02795828520031123
458;0.05656994095600304
459;0.01178832725328597
460;0.03295623044980559
461;0.03682548177322114
462;0.08940970087034539
463;0.09657321389018568
464;0.08488218994402348
465;0.06112611073417282
466;0.08282896254149713
467;0.06729195263354641
468;0.08472413894456257
469;0.05848229482076263
470;0.007938177982939299
471;0.0437907581478492
472;0.044053795804245025
473;0.03865183846711158
474;0.03257614920111586
475;0.08020969975425633
476;0.05949852290087825
477;0.03986819468984794
478;0.0906113803572841
479;0.0950272450243834
480;0.05931366561342364
481;0.061824286924356
482;0.08269057440066051
483;0.06478131885518262
484;0.04133259233233753
485;0.09851145016026808
486;0.07953405913657546
487;0.010730358368864002
488;0.014521145160859217
489;0.029713585242014097
490;0.0064440757288034
491;0.06488892523535726
492;0.04321253318946601
493;0.01839274648612249
494;0.08685677350945795
495;0.09881694630226495
496;0.03172093960465413
497;0.05572315293241156
498;0.0075791570166472534
499;0.01565938578087103
500;0.08996537749319967
501;0.08191239433672358
502;0.06874793474912107
503;0.04770562095245604
504;0.016145696189602966
505;0.016187696852842094
506;0.041078697755176
507;0.037869599482187294
508;0.05546272567418853
509;0.058986594152527584
510;0.06064454979466401
511;0.029554406181025873
512;0.023010317600163078
513;0.08766498411091578
514;0.05615010824964936
515;0.057693531642781404
516;0.026068328029331136
517;0.050323101265690506
518;0.05316728112102851
519;0.07916348949140761
520;0.049388516554870414
521;0.0004517418866542111
522;0.08194222159433671
523;0.08081591811510155
524;0.09643038670353078
525;0.09853379455302219
526;0.012831338065720866
527;0.032021822833916615
528;0.026234504461097066
529;0.035486746998122556
530;0.06478562570676588
531;0.09418936833711379
532;0.06559152026669855
533;0.008653525115430494
534;0.03619690397368241
535;0.08107605095397245
536;0.09494863607574548
537;0.029534942200117376
538;0.025359040982658232
539;0.09846481514474718
540;0.021692779444493483
541;0.001598204380884505
542;0.09899392725879168
543;0.042324587409057604
544;0.052747594659043474
545;0.09635127295149781
546;0.0920692811953863
547;0.018911887768638627
548;0.00917863191417495
549;0.0026681999979019213
550;0.0782170974192849
551;0.061874609736559054
552;0.04404118850405073
553;0.03749226374351579
554;0.039799439429254714
555;0.01652035515418985
556;0.05897322061053798
557;0.06846165442801308
558;0.028290726024575587
559;0.049631923056914565
560;0.08461171617882393
561;0.016255405427575177
562;0.09873899082790888
563;0.08946531850190378
564;0.03315658452006361
565;0.03817086132456077
566;0.08733936018741419
567;0.01834098353621778
568;0.06398055684980812
569;0.03837349410045804
570;0.01814594356367846
571;0.041322330697783675
572;0.09617200384408209
573;0.05509323326625777
574;0.029231643684086685
575;0.04972863551485991
576;0.08818439160016114
577;0.06303576657004806
578;0.03004665032042979
579;0.027563078029390998
580;0.07121070496287356
581;0.07027896738806115
582;0.007499823096941117
583;0.0652100015252821
584;0.03563226757917206
585;0.049903957337549744
586;0.07991812512846917
587;0.07599349666445006
588;0.022711307027142746
589;0.06337353529138388
590;0.015421850759023682
591;0.03349039865711019
592;0.07926499127796915
593;0.06515747659088178
594;0.08873042481473703
595;0.09406438160139191
596;0.024849089929114165
597;0.06450454147582099
598;0.028747302435329303
599;0.08851523403976708
600;0.024251219940272507
601;0.004116657449558625
602;0.015256538033571432
603;0.025548751012583262
604;0.09932145990658466
605;0.05277433716589991
606;0.0663037654460713
607;0.01062805142306339
608;0.01557365141400976
609;0.08735708492799604
610;0.08841247723868338
611;0.035969016477271534
612;0.07418478874064288
613;0.027501291910577732
614;0.06130832117185406
615;0.07266732990781635
616;0.03831969629801536
617;0.0860250580584493
618;0.07568173466321441
619;0.09330192480304086
620;0.0717027735060975
621;0.07654108626116501
622;0.07785784328128326
623;0.043872652986782404
624;0.0041847493987344
625;0.026144072924280892
626;0.09152672530227222
627;0.013231897555542127
628;0.06556190733601477
629;0.05201341127299013
630;0.03505651871680049
631;0.09746796947490367
632;0.04487679605495019
633;0.0101044593881089
634;0.0320416618950623
635;0.06100186963911
636;0.07248146770755144
637;0.016758869973960155
638;0.05411772838942135
639;0.0682272371812347
640;0.07823305533186442
641;0.07778327651362024
642;0.09035587970348301
643;0.009843621735565989
644;0.01827314726884217
645;0.03324652652369647
646;0.03977043052533892
647;0.021181923143702354
648;0.05781796514699007
649;0.0487932400000785
650;0.08250173780711585
651;0.03781343141000228
652;0.06711471157409622
653;0.06680418088179356
654;0.020004220219357185
655;0.01209296513877063
656;0.07100744878553554
657;0.02103287382655851
658;0.01229009809123507
659;0.044829317395483397
660;0.04456749066514337
661;0.012227059855764201
662;0.06918370045048654
663;0.00011330033987132504
664;0.04580213162837407
665;0.04372510118720733
666;0.043640510480533024
667;0.08764105350888159
668;0.05530456914632879
669;0.03720460140443759
670;0.03507231590949287
671;0.05714653790313526
672;0.05580234639132571
673;0.04871721750354674
674;0.025536296550933136
675;0.06738551179775787
676;0.00876155032827084
677;0.027992017739399622
678;0.08582720928561705
679;0.034848670096004696
680;0.023030606331256566
681;0.025835427408831935
682;0.04449555679586018
683;0.02197990145231036
684;0.09316650218656955
685;0.0037529369848573915
686;0.08638913514009267
687;0.011069111433058887
688;0.051085906167128686
689;0.039122751191176544
690;0.02593348627830532
691;0.009018808778142517
692;0.020833932430807747
693;0.01842897784306131
694;0.003103965772307882
695;0.09809854539156365
696;0.059416594081709274
697;0.0543246652147951
698;0.06288296355900062
699;0.08613306270469245
700;0.04094440034349842
701;0.07598179000515794
702;0.07803442705073244
703;0.0607886286378809
704;0.09133120626603569
705;0.06935986194918686
706;0.022121185237642685
707;0.04754299081920528
708;0.01420163892359605
709;0.07925417597089175
710;0.04535754890028903
711;0.0815160512663619
712;0.06422945605762267
713;0.02592836421954472
714;0.08986723201313768
715;0.018706684374649264
716;0.03311218431954354
717;0.030697659799535572
718;0.010502820389084566
719;0.047404422477779144
720;0.05633442910408575
721;0.08228735544566067
722;0.036380248114097825
723;0.032389419073350204
724;0.08612860298967918
725;0.027112982501692185
726;0.09552681531619708
727;0.03288739621580916
728;0.08837746077207335
729;0.05008596696935021
730;0.053152987554622694
731;0.08799138767199086
732;0.059816302288145044
733;0.05613603530019573
734;0.037649103462010364
735;0.08974152281734796
736;0.026254024118269572
737;0.017589908539705556
738;0.07459572100174991
739;0.01667570958057002
740;0.09564701387213824
741;0.048718051461600624
742;0.09292385156777574
743;0.016208883844260814
744;0.07551606399448568
745;0.07941068179227995
746;0.09293002594338737
747;0.054366925833696234
748;0.024506125448491824
749;0.035988514409324726
750;0.06576113157509812
751;0.09929928389846555
752;0.05103396272204778
753;0.08091299437449367
754;0.04163266843689929
755;0.06278301745354307
756;0.08734966204406275
757;0.05027310622012219
758;0.01336706991400416
759;0.0750518867699533
760;0.07870305184021296
761;0.0028004943840981844
762;0.08318630869572545
763;0.030500974288509033
764;0.06074347763700976
765;0.06320731187913287
766;0.07567447742567446
767;0.07197714426383295
768;0.012430352188694727
769;0.05621965020630037
770;0.05625585255785376
771;0.07531868707558897
772;0.01743704457484433
773;0.029418379499756
774;0.03503138232221733
775;0.0018984208973275242
776;0.0013762274676925148
777;0.067588751857025
778;0.0228342884288416
779;0.08769290002845725
780;0.09599130131419685
781;0.00019536002480771144
782;0.04524952737924505
783;0.06484797077425451
784;0.01827893631543741
785;0.010260312419711893
786;0.016551722743168695
787;0.07067085207373298
788;0.061714300369794466
789;0.06848028794256211
790;0.090203413357066
791;0.0352451282484637
792;0.08397062435168118
793;0.09831543375291342
794;0.0817946228429368
795;0.014353945026115422
796;0.04402939813645784
797;0.08418348329818028
798;0.05715916759743486
799;0.07688919968901921
800;0.016852819611922365
801;0.002787257724491765
802;0.02573793711245207
803;0.01827724104337598
804;0.07149970341097459
805;0.005084634387312737
806;0.0013824011731420672
807;0.013021040721418464
808;0.05300784521103148
809;0.09315003348964764
810;0.009789747355076229
811;0.07473965006058622
812;0.04026321443177198
813;0.06295949939745064
814;0.06267355969070007
815;0.07967186051016799
816;0.08494808832750576
817;0.05134148451019047
818;0.062483488546574685
819;0.09371056342515993
820;0.099686068601464
821;0.009651975172192441
822;0.0996504423710622
823;0.05869304928189302
824;0.03641418215533857
825;0.07442797835406412
826;0.009648987147401767
827;0.09036568824981456
828;0.037499283123602525
829;0.0956088441569805
830;0.07516550012714028
831;0.0975711831237415
832;0.03807143381049504
833;0.08673917079441723
834;0.09459920319870978
835;0.047740194408436576
836;0.061446175584103396
837;0.08908304476675448
838;0.08759421868509348
839;0.03673868206583746
840;0.07768119479390438
841;0.0881876732614767
842;0.08624894757074086
843;0.09288366336427915
844;0.04457610996472308
845;0.015659741845076992
846;0.007640418494192303
847;0.039863138804608095
848;0.08911777397836948
849;0.026765678800642647
850;0.06989726980188113
851;0.06402431980718451
852;0.07288365712716675
853;0.007299469664819869
854;0.05944387205205542
855;0.0183636511918036
856;0.07112831763413664
857;0.057433925455082524
858;0.0027961016105405912
859;0.03370660413868728
860;0.007350621118398304
861;0.07264644664433145
862;0.07237412227852734
863;0.07477254334130241
864;0.07715508890933313
865;0.009136680465632796
866;0.09883882293724959
867;0.0449515259522447
868;0.027299363052874306
869;0.06390338005161045
870;0.07300125456989444
871;0.09318523688107913
872;0.027329417957658864
873;0.007934837189795164
874;0.060961529257468595
875;0.02222018887403331
876;0.06827595850368957
877;0.07462569573857987
878;0.015888866795069814
879;0.004481285452425987
880;0.009759046120185034
881;0.0866065722862099
882;0.06648742076045504
883;0.019614287754086114
884;0.0508083432360926
885;0.0383455035404478
886;0.010021596585274151
887;0.00439458452178817
888;0.03668456240276892
889;0.09052870763013682
890;0.08331853380613174
891;0.0889860837012999
892;0.04745445792408098
893;0.07550844711189209
894;0.049949381226126445
895;0.08520751527859571
896;0.06737877773693093
897;0.046108339999119424
898;0.0254365129285824
899;0.017687733667686913
900;0.07383450625465025
901;0.010751301485393784
902;0.004067331611151847
903;0.07038001162391226
904;0.029977359110301673
905;0.09390189572025498
906;0.0022501835062134546
907;0.09267698571064152
908;0.04359006894982684
909;0.08437661869110585
910;0.04439010075002281
911;0.09874259128794532
912;0.07678926168056499
913;0.08155415508209138
914;0.036334471907864985
915;0.07203718014290904
916;0.006403389581231322
917;0.012474318737267332
918;0.0146877175553218
919;0.07903813817478028
920;0.029232271794387456
921;0.07190333136079767
922;0.038271617968594754
923;0.026459146856458206
924;0.09758675018469054
925;0.07916960438656963
926;0.06630849358966008
927;0.023047949896146593
928;0.07640100898235373
929;0.03611613069883889
930;0.03791105665129899
931;0.011153268732771705
932;0.04674960243382427
933;0.039365254865349746
934;0.08410903787045299
935;0.03706448439927793
936;0.04859575132248472
937;0.05302756562605063
938;0.022569553184633252
939;0.02560932355617698
940;0.00246802478037107
941;0.07660040579986081
942;0.09100870485496168
943;0.020989352665153328
944;0.060802307017860935
945;0.02694112851687809
946;0.06969572760725007
947;0.024324701360216194
948;0.05537984179687932
949;0.06546472459545838
950;0.09466981947502595
951;0.05610197532038261
952;0.04440378004547521
953;0.027272723788948516
954;0.011266491120153932
955;0.0675465873494933
956;0.03453271631504103
957;0.03858735656328364
958;0.040656706735836295
959;0.044757992344326036
960;0.03238635699233385
961;0.042607279365371724
962;0.029023281576927264
963;0.04444159757660095
964;0.031836602287796
965;0.06399217451847193
966;0.018100116822027692
967;0.08775177278096659
968;0.025386584435438477
969;0.025188641807540782
970;0.032911418441212884
971;0.0018738277136612137
972;0.017082131291145608
973;0.08001516582937279
974;0.06888801199674363
975;0.03572847193636306
976;0.011403581867960401
977;0.08769571489057366
978;0.025329869070857637
979;0.0623501802936189
980;0.037927293077994556
981;0.030457779699573154
982;0.09984463799760772
983;0.036587084377435686
984;0.055128343604108926
985;0.05137320594790752
986;0.0910770186181859
987;0.08375777198418727
988;0.0646858068975851
989;0.08570542899776332
990;0.08119787783787913
991;0.059186780423038904
992;0.07793806805024932
993;0.05473009773592531
994;0.07343133011250194
995;0.08790608547849443
996;0.001813657180397177
997;0.0813905029906904
998;0.09660719812204244
999;0.0029849152914828373
1000;0.09653923210862758
