1;0.04051856232717417
2;0.07264681171066309
3;0.012380689925787669
4;0.09455239237922941
5;0.053152677322354784
6;0.008795242547963822
7;0.09801664142167818
8;0.040429436985322746
9;0.015016099140690598
10;0.012197699210898484
11;0.014805007946130256
12;0.020167727168636507
13;0.0061316427294223486
14;0.055615403476617614
15;0.09397666383030245
16;0.02638204921030639
17;0.06602631831550461
18;0.04627005250987265
19;0.04761352901856354
20;0.01868881319213005
21;0.05765787679457621
22;0.07578432252936536
23;0.061525105958789995
24;0.004473632312368337
25;0.06310103957765871
26;0.051157360127632084
27;0.0350677141652842
28;0.022287351397077305
29;0.03868003514502515
30;0.08124322138159541
31;0.053064357877986905
32;0.013653786298407446
33;0.03527328561263884
34;0.05853567310187255
35;0.013729847174755151
36;0.09890542903778353
37;0.0577083410751603
38;0.018094170715716784
39;0.03517837039082723
40;0.04884556446883834
41;0.09626165448160817
42;0.027493831537890746
43;0.09498937447903785
44;0.08693437561682782
45;0.06231949990809552
46;0.0123742298389398
47;0.05888110280979365
48;0.02332145073171975
49;0.022326151653389026
50;0.0178627470535609
51;0.0763489985721532
52;0.0115991996369055
53;0.05692289053626344
54;0.05700372115743788
55;0.048793183220204976
56;0.029705109560992083
57;0.019042288946006104
58;0.041300432180948546
59;0.058757590917515826
60;0.012003290137844225
61;0.07821304888870659
62;0.05863305329732759
63;0.020924955737454145
64;0.09552152861267121
65;0.0979249084922252
66;0.015213234098081474
67;0.011436698267442081
68;0.08292490184988235
69;0.008069676409493631
70;0.0010062679107003425
71;0.012760106630046465
72;0.00023058178458795764
73;0.013110682867255986
74;0.08400928463210508
75;0.00572492126195332
76;0.0974166342998348
77;0.06208439629046158
78;0.03792234459320968
79;0.09886476638067408
80;0.06987058011698037
81;0.09790790054193808
82;0.036012627930403274
83;0.06338053607860074
84;0.08304862480360597
85;0.06279367025892603
86;0.03371224433868303
87;0.016223296144436072
88;0.05893939982681921
89;0.026371322428834477
90;0.02441725904926062
91;0.02556696385356194
92;0.07995701132570326
93;0.06591023827289465
94;0.03625392980184661
95;0.010431405018657337
96;0.007468640082067924
97;0.09043000211792807
98;0.014563605893753674
99;0.020386599878747382
100;0.007097156097895296
101;0.056039878537450453
102;0.037866064314190685
103;0.049597146468114986
104;0.0592050594161295
105;0.027141992350858114
106;0.0644214677269044
107;0.012857354418382073
108;0.045130704430748195
109;0.010158748563761933
110;0.026385119465472753
111;0.06258718488382166
112;0.0477346171146161
113;0.07695236558893331
114;0.056320433030687005
115;0.07006505590361939
116;0.0528650946052459
117;0.03246298933288405
118;0.083697188567464
119;0.08893872724001153
120;0.04180742928888697
121;0.08776683488779213
122;0.0740329111771303
123;0.03805734427901578
124;0.02415285932679531
125;0.06629407258009319
126;0.011683517864796468
127;0.01799563880077788
128;0.08210178257930825
129;0.03958272038693102
130;0.0331963797232259
131;0.03957025903443068
132;0.02681095077647394
133;0.012391310104197329
134;0.06947320558547698
135;0.08911883273322316
136;0.06253873829220129
137;0.032825049507241875
138;0.08234149488999437
139;0.06217335591385991
140;0.08502543855413985
141;0.06025173437369438
142;0.07755937264835003
143;0.012825591507713487
144;0.047983086915838524
145;0.0902399729347977
146;0.022642132339863976
147;0.07535195756814056
148;0.09267251449113781
149;0.0004375854533604562
150;0.02116796720683587
151;0.05460855708408705
152;0.05690669920794739
153;0.008325180700022083
154;0.009316829336381305
155;0.02838217774293186
156;0.05081740919083153
157;0.07628411518510582
158;0.012358908201734343
159;0.06770582958722103
160;0.05803680902781269
161;0.09769416045265605
162;0.04153248414423091
163;0.07265394789127272
164;0.096707157348353
165;0.03814089869060229
166;0.031055428918464523
167;0.06430807600694735
168;0.003877915220835193
169;0.07626979029309736
170;0.0837965866026188
171;0.00813827800860023
172;0.05357071970371455
173;0.010409961505663713
174;0.0014472687817217668
175;0.07515349864921271
176;0.03124282840669772
177;0.06191092393738055
178;0.027842091293157692
179;0.0762292026980083
180;0.07435218144976982
181;0.04031232312829767
182;0.03930940732349353
183;0.09680662237969674
184;0.032812560721584706
185;0.09258241811505097
186;0.004405182741825287
187;0.08862095396581848
188;0.027960235637098697
189;0.08830552096257496
190;0.014368971981362678
191;0.08195563072656761
192;0.07649029035492981
193;0.08778718195624206
194;0.03409672387374523
195;0.0861815152464363
196;0.08589574478377537
197;0.08747877929092321
198;0.002935022069348492
199;0.027134713535240485
200;0.013337962164164042
201;0.02836071993582211
202;0.0907223423452568
203;0.07999928345030838
204;0.06007610162480701
205;0.08768715495860979
206;0.021534865040860787
207;0.08092044805160818
208;0.03067771491160013
209;0.07518920842193642
210;0.08598066805971248
211;0.05568358419765318
212;0.058384406443096316
213;0.0554272019965998
214;0.015539938098035711
215;0.04878565428343678
216;0.0008214186829833326
217;0.09759476830594464
218;0.08350742608970724
219;0.03632032882019801
220;0.021360517592191944
221;0.04809071993684
222;0.0575901931490943
223;0.061460212528050645
224;0.04143994811385272
225;0.05316272836379913
226;0.008419859984731982
227;0.0054309302190478255
228;0.04012541640535164
229;0.010604978235524165
230;0.04089865238621119
231;0.05952292467340969
232;0.01965642933978823
233;0.02379672897101892
234;0.010834971555296592
235;0.0186411409156761
236;0.00515733569069814
237;0.06160912704435006
238;0.07444237552697928
239;0.0025600060512574576
240;0.007621326152168962
241;0.07183497165844492
242;0.08134678793487769
243;0.027881706539345342
244;0.099072149294476
245;0.020777331925152243
246;0.008085847501378963
247;0.05446850128573366
248;0.09730108876289385
249;0.007599606398274139
250;0.027338034725929494
251;0.0704425291979855
252;0.04625255912570482
253;0.08132828149897081
254;0.08267112700887395
255;0.06761721544342214
256;0.09734241051402005
257;0.0035953762300874772
258;0.09767062294769137
259;0.07785892613630602
260;0.060857164785565576
261;0.020317203897183656
262;0.06634105978600512
263;0.007012677376742649
264;0.04885201276478379
265;0.09214348735548358
266;0.008541079738211456
267;0.061709114438876805
268;0.030268848091236922
269;0.01975357556727554
270;0.041670140234619214
271;0.09429410806531445
272;0.06969069599363033
273;0.028772744099959294
274;0.037546526965543114
275;0.05518397003102067
276;0.021531258283721755
277;0.07525156987691574
278;0.0436631108803329
279;0.005506875858698424
280;0.07876688178867473
281;0.08597224430485122
282;0.06279586713257536
283;0.01753027605967902
284;0.007586607029988402
285;0.03292797196461783
286;0.027621136922953107
287;0.03736492313863865
288;0.05190954777384376
289;0.09731565946899287
290;0.037921563720185104
291;0.08539681074948563
292;0.013866084971583448
293;0.02156241001421131
294;0.030949551644362985
295;0.05742408657339966
296;0.014987289438852126
297;0.06495975881962877
298;0.004415177664908199
299;0.026245546035117973
300;0.043937711807730484
301;0.05317601469969785
302;0.0025521752147317223
303;0.06569439820660641
304;0.017895777573174575
305;0.03321944400548676
306;0.08373219020032868
307;0.06609882868694426
308;0.05226141835772174
309;0.0984856915031877
310;0.00501589154633384
311;0.044526348372784796
312;0.023998233362754764
313;0.026105280284584833
314;0.04046563037193673
315;0.08030422533972129
316;0.013514744005850232
317;0.05653758904253691
318;0.07224777836915859
319;0.0924898019028908
320;0.011761476811916617
321;0.08373160312119939
322;0.05053416273657401
323;0.021089698750932296
324;0.04230810176193827
325;0.06123430918940418
326;0.06979622898770532
327;0.013677408742843289
328;0.06329904956788378
329;0.06075419369463036
330;0.08416368195176196
331;0.0993192673583963
332;0.09688189355745633
333;0.06300243817251402
334;0.099936021243732
335;0.06613796720908326
336;0.03284156963963993
337;0.01524207544995162
338;0.07175705238624223
339;0.036956023852867316
340;0.04452491509034856
341;0.09096734093002433
342;0.09204417816145961
343;0.04743870658037278
344;0.06931942398537379
345;0.06016151372408225
346;0.0626865216891648
347;0.04154713108598084
348;0.09854903992876439
349;0.012546111865803278
350;0.026387775987981824
351;0.026786895700595104
352;0.010965147729206226
353;0.011624059789445286
354;0.05984889863157394
355;0.08921950007555692
356;0.054422848055170225
357;0.0006346534160006301
358;0.015421756494407725
359;0.08991677914721014
360;0.0741861153457616
361;0.09513920281121298
362;0.04375512973475324
363;0.07666728778839392
364;0.08462635085723214
365;0.08235144196506117
366;0.025181737293257345
367;0.08987227278370274
368;0.041914654104775795
369;0.07054962954052589
370;0.02398337125291802
371;0.045220446323576725
372;0.08552804375691862
373;0.04309372882477524
374;0.04568706472362521
375;0.04824513345710987
376;0.07738392715933198
377;0.03152701530153212
378;0.02554021876492666
379;0.09111062025175092
380;0.09803034481768436
381;0.07336712893270207
382;0.09912187731287707
383;0.08450520518817839
384;0.04701902488337772
385;0.007841192827939847
386;0.020114991679712924
387;0.060426193627248694
388;0.025861745920470993
389;0.0898147913940718
390;0.04897023025390318
391;0.02928185919908226
392;0.01192368488688146
393;0.0878416206669682
394;0.09914353626336317
395;0.04436677083853753
396;0.0028948306671742643
397;0.004286322127218001
398;0.07024277381789272
399;0.07148920843853956
400;0.028217111425446695
401;0.05848997859148877
402;0.0694064424475972
403;0.05553429467522152
404;0.09156754575886267
405;0.0943536155837412
406;0.035401015216726776
407;0.08431961020349832
408;0.08083496728962808
409;0.05323763257342778
410;0.01944773096284228
411;0.019060994486022664
412;0.052976015500411394
413;0.03361439007480389
414;0.09180367777174664
415;0.028340132075170422
416;0.08029643245057658
417;0.010185234097525498
418;0.06751320407995048
419;0.08064683292739767
420;0.037162903213892665
421;0.05931998238476197
422;0.05024690196390488
423;0.0994086730783825
424;0.07333941421045999
425;0.08723659225516575
426;0.0647078431764475
427;0.0020640988455121858
428;0.01724369106201774
429;0.06263127769460129
430;0.09635089682251152
431;0.09518670637419141
432;0.09232302555445691
433;0.0650218969386186
434;0.08445699546086685
435;0.07431182944713287
436;0.08629120383665329
437;0.03145715284708497
438;0.06461606629749665
439;0.09723323480510725
440;0.06500603558395496
441;0.029678724558629823
442;0.09653504302389751
443;0.058639933631900856
444;0.03031440284581525
445;0.04770693140005662
446;0.06402023025856506
447;0.05797324467813312
448;0.01338583995536994
449;0.06305643313924784
450;0.0008781798267433306
451;0.01787483702646493
452;0.08084757960279385
453;0.007678235447721027
454;0.06379486681490368
455;0.05260112762527844
456;0.037683565776359985
457;0.0021652133552011454
458;0.0075411224810180595
459;0.017629594840379983
460;0.08158176961017155
461;0.006179997387933234
462;0.005696794969802577
463;0.018514767759826068
464;0.08014325881496304
465;0.05235444124647609
466;0.07474323797113087
467;0.02705872513061529
468;0.040420212872198394
469;0.026536835793330417
470;0.05233373137998422
471;0.05585664986303869
472;0.0100585567850933
473;0.01665178848698159
474;0.071895509663093
475;0.03275127460092355
476;0.09526620776500044
477;0.039807074282771415
478;0.018593115681220664
479;0.0869372621224859
480;0.0017718994009809142
481;0.009335562145180831
482;0.039430661693881
483;0.04466437691928607
484;0.06812404837854864
485;0.019896198839856064
486;0.05906782825233825
487;0.08089769124880536
488;0.028497057101014512
489;0.028792561819226216
490;0.09313920930225245
491;0.04259614734031617
492;0.08047040787859278
493;0.06827111599638234
494;0.03632526664689295
495;0.006835390476284309
496;0.09204999847710656
497;0.0759599050118203
498;0.06727242095178844
499;0.005781949655175323
500;0.05925466488072955
501;0.0016865757161857676
502;0.08517037397476
503;0.015944692457539034
504;0.002492550664356208
505;0.0033170561924037558
506;0.056213121571961344
507;0.008938814477075707
508;0.03995824438157036
509;0.09652177134603514
510;0.09696031091943608
511;0.06271140513568937
512;0.09918668275434628
513;0.032400779082169866
514;0.03766920942854915
515;0.05620301655166276
516;0.0670638885573896
517;0.05414318940430262
518;0.06463564256104973
519;0.03831589639872242
520;0.05302531083279786
521;0.07417241496503442
522;0.06441080365197381
523;0.09276760565371783
524;0.00996204764763311
525;0.08741336692950104
526;0.09727711547183092
527;0.028442183286811553
528;0.03042160194604242
529;0.030596612873929032
530;0.07088358839919087
531;0.09055730787662988
532;0.018338352724338657
533;0.023821493689066643
534;0.09123291298791446
535;0.09215630194729939
536;0.06710940262325514
537;0.02060828853323339
538;0.07715607140525427
539;0.09165301127367607
540;0.025117641921675562
541;0.05126365657114386
542;0.02213542061488143
543;0.052610964968572704
544;0.02748581967234376
545;0.008352851868838518
546;0.0754862382757347
547;0.06581096483359303
548;0.04162163032654455
549;0.004062434663231251
550;0.03998221411439732
551;0.056690277300034925
552;0.07116106908811991
553;0.09909043094376009
554;0.022326861890235916
555;0.06636642476185836
556;0.05590175608544823
557;0.09454514621181845
558;0.015051061191899896
559;0.061561830285911646
560;0.00032979605277297933
561;0.03163704067178954
562;0.03797037162525993
563;0.001235389630945505
564;0.03883671596303761
565;0.04193293364044796
566;0.04799429544655862
567;0.03852534348422365
568;0.08672286374981378
569;0.06906721297939743
570;0.07752587326959395
571;0.058741653111710715
572;0.014332654730160056
573;0.008560006989161517
574;0.060349488791792597
575;0.08910225117291913
576;0.08080886727364281
577;0.002072350158712244
578;0.04979270052527854
579;0.0923933815024573
580;0.06802602017879784
581;0.07931954192952327
582;0.06255551234716462
583;0.020325228863017422
584;0.09337434101916078
585;0.04736670122295447
586;0.04763867142743579
587;0.09221658586509421
588;0.018373648913760376
589;0.09485756541465057
590;0.02601511571749565
591;0.07734377944906173
592;0.07390261391981982
593;0.09199702506762089
594;0.05347376524949751
595;0.023482599177859765
596;0.06036373658337657
597;0.08369985179401557
598;0.07633397820815452
599;0.051312716914623614
600;0.01986563069141698
601;0.02178790685599127
602;0.017331110800160265
603;0.039448313433678085
604;0.06398795450131638
605;0.06993916875487095
606;0.0510212527172032
607;0.0575511549878794
608;0.0995187713100963
609;0.07573951583602129
610;0.04872625401758654
611;0.011847562623495057
612;0.02268669772156702
613;0.05395944947980102
614;0.018816780019808035
615;0.08025176705704823
616;0.07423115603702245
617;0.03932654055549154
618;0.09843408487388455
619;0.08019362322676199
620;0.007704118927662829
621;0.03649336546181086
622;0.020108934461718676
623;0.033668466028863246
624;0.06714497377197681
625;0.07514667583059663
626;0.08942681343586503
627;0.015520726620796644
628;0.00037079306043483754
629;0.06863082872502695
630;0.011326720184448857
631;0.05739416076123414
632;0.041574599246752365
633;0.04111414505434766
634;0.0014323741374402067
635;0.06715320566640971
636;0.055080483733400576
637;0.0971949746223079
638;0.008814170339963224
639;0.03295524459755066
640;0.06109274872226322
641;0.08603099422005692
642;0.038688913183084477
643;0.05098031717332098
644;0.08451951344507809
645;0.002164890023305921
646;0.0809450944759761
647;0.022628340689888893
648;0.009706012881770466
649;0.0493011366675584
650;4.913412491930336e-05
651;0.09771102542237842
652;0.014832287675006507
653;0.03410517669632075
654;0.03694294285094546
655;0.05138344907540529
656;0.04228915137749542
657;0.09482748649526587
658;0.022179170467603884
659;0.08979067554468045
660;0.065373143346367
661;0.08827880251967282
662;0.00613704723426779
663;0.006450583875002858
664;0.06213136282605443
665;0.08882768946486168
666;0.08528977012364086
667;0.04968437041509835
668;0.06476398939648464
669;0.08990669646057903
670;0.0018424981078222437
671;0.04287862167883344
672;0.042603827340047834
673;0.09904164487060568
674;0.0011797803992327216
675;0.01457013657413423
676;0.0901432820428918
677;0.06463978316420006
678;0.09729208816868679
679;0.03995175252304306
680;0.03707808647079014
681;0.096596488144572
682;0.0680505972714131
683;0.09211371055758638
684;0.052014149274909965
685;0.02278114335693551
686;0.09668166928810473
687;0.04232201799000254
688;4.769478383989112e-05
689;0.05562753008491105
690;0.06637481325663525
691;0.003824201474646061
692;0.025940806119936956
693;0.07580064799952718
694;0.018522487425965083
695;0.014543559194419665
696;0.07470866493762442
697;0.03579713221991924
698;0.05410080042737289
699;0.005577930259676201
700;0.02856685992896504
701;0.004096080147918335
702;0.07032320219117423
703;0.019858347889236627
704;0.06661898213967309
705;0.01718253522334723
706;0.08612093474578059
707;0.0695941415361651
708;0.05228820550827939
709;0.06947673273579684
710;0.002795272936233473
711;0.0629312578402353
712;0.0466454886238471
713;0.04173702057883925
714;0.05861419159228041
715;0.0424181154151708
716;0.0042073265595776515
717;0.008295134733954357
718;0.09786706747250236
719;0.017384142000324367
720;0.02167976297566069
721;0.06803064359001736
722;0.011518966505451611
723;0.09646021167782556
724;0.0030760281746671225
725;0.019957214658566994
726;0.06003881885567104
727;0.010714669495957608
728;0.005129493886822045
729;0.07849316675916418
730;0.022322527100922352
731;0.043234153855562986
732;0.07604869755821622
733;0.08372410227981036
734;0.042400560218115224
735;0.041753026074331734
736;0.018419350489539354
737;0.05579373104384111
738;0.08625068592207287
739;0.017049704917922716
740;0.000713361600136242
741;0.05398668443663323
742;0.00016698626977064147
743;0.060392401621761654
744;0.0028183437884674034
745;0.05186542780847523
746;0.050449446928207776
747;0.09033779113817136
748;0.07623785127964741
749;0.00576063029603704
750;0.06487931648936744
751;0.04397541072325548
752;0.03022152727180351
753;0.04613627030601423
754;0.08956033286097163
755;0.027712476333679206
756;0.039563969351129616
757;0.09411075779360462
758;0.019452217156914267
759;0.008183511682025246
760;0.005272872703885357
761;0.02004717405951625
762;0.04820374122362614
763;0.015368627587939455
764;0.04217751516072321
765;0.02134198649474709
766;0.007237289117392066
767;0.06976186710143942
768;0.02803717769131364
769;0.058603859629789826
770;0.08046438964150796
771;0.026172231811739666
772;0.018637264690893142
773;0.02336640301301035
774;0.07390302316124196
775;0.08594360868737237
776;0.012595941958863033
777;0.061249365925176116
778;0.03259180015577358
779;0.06234077783643574
780;0.06879287517046655
781;0.09559820208136095
782;0.07758802575633707
783;0.0625997371015863
784;0.04685950491232585
785;0.0008665427681040172
786;0.004028030504242541
787;0.0749305912137234
788;0.09354057839350291
789;0.09951995917339226
790;0.021874091800717976
791;0.00250599215014421
792;0.008415211628132213
793;0.05530217282223365
794;0.08640093552662839
795;0.030284133134305904
796;0.07889311055918019
797;0.07872828232704863
798;0.029873888860107212
799;0.0886165469506339
800;0.08755257029932241
801;0.07845439083798857
802;0.018070236639211725
803;0.03255742828270375
804;0.00012271578229620106
805;0.019909841642310355
806;0.08271900090195135
807;0.03144035185967207
808;0.03104109347184132
809;0.0651890237762711
810;0.03503263400247998
811;0.09931833286976874
812;0.02459233000959712
813;0.04885185238815015
814;0.031081205882175025
815;0.0802894903216534
816;0.009097623649708564
817;0.03511196727157576
818;0.04330370075315187
819;0.07263408147922795
820;0.026166206021278317
821;0.06618556599228761
822;0.04178712940650595
823;0.09497515266189063
824;0.022361223708531875
825;0.0756593096034627
826;0.006153683611303074
827;0.02197560304640106
828;0.022724722971985058
829;0.09195922798831224
830;0.00804003986208911
831;0.07825474676033983
832;0.06063938885227552
833;0.05977304467310082
834;0.06143471586887799
835;0.009302969187475085
836;0.07066583234762103
837;0.099138391937659
838;0.010570450316014036
839;0.023090256931535214
840;0.05669702873417246
841;0.002500999619610511
842;0.0018219224689642766
843;0.004371848961939018
844;0.08481840647498033
845;0.09382222124707296
846;0.05372290301986439
847;0.08679592573157197
848;0.08152860330920259
849;0.0663329874762522
850;0.018326440727053372
851;0.03170761816844654
852;0.09450568388309197
853;0.02363455781862015
854;0.014836534430966709
855;0.028643069178154224
856;0.02486127026637014
857;0.07195943894361327
858;0.014010679964676677
859;0.05041771199827127
860;0.017492696372213744
861;0.07861736999065072
862;0.09534865688060518
863;0.052321845822404525
864;0.025045379255715084
865;0.06208203205014371
866;0.047805736122599043
867;0.029638541466056323
868;0.09397761321921996
869;0.0647126220438242
870;0.015289028218785517
871;0.05141327492560893
872;0.02648243527756762
873;0.049994824866415766
874;0.04970126444081272
875;0.0923894120076927
876;0.06552977956869609
877;0.09561017228816443
878;0.0071986231690029275
879;0.051085290910239604
880;0.06570250326012267
881;0.04752184765611476
882;0.016583893701070496
883;0.03620163188077218
884;0.09806323465439168
885;0.022833636294202677
886;0.08357430788408376
887;0.09789317039210607
888;0.020021954545737297
889;0.029664811381445555
890;0.013882535334982737
891;0.04042730148866102
892;0.02512818249728025
893;0.02587061256571709
894;0.010704551518845029
895;0.060707741828362416
896;0.062196614811169684
897;0.05270786215604465
898;0.08121964884663309
899;0.0324592215265859
900;0.0468047743921066
901;0.05261858715836816
902;0.07986895983430012
903;0.032585574335871226
904;0.026798678479570015
905;0.07641258065279861
906;0.0443327903935781
907;0.0743739779257419
908;0.061010744678145684
909;0.01485057486461674
910;0.058866001705165844
911;0.02564469361198044
912;0.08303965401853813
913;0.01288980154058349
914;0.0873492209434718
915;0.03810594219325432
916;0.06096550736607264
917;0.030524558548684133
918;0.03358402607033472
919;0.025536436475468084
920;0.03197754224455567
921;0.09995367956072361
922;0.048655805952713564
923;0.024846605773564914
924;0.004249637484800939
925;0.055548849660050414
926;0.08049467462565409
927;0.0013233626666006805
928;0.05308210436268806
929;0.06368330315057978
930;0.013005810908944482
931;0.007694329476838358
932;0.05131833895196608
933;0.07652083151056674
934;0.060033869727759065
935;0.07584469866174964
936;0.040611994431049014
937;0.02472737121747607
938;0.025679192598247372
939;0.047122652269338566
940;0.05777035154118785
941;0.037023629591576526
942;0.023495340685127566
943;0.0218614570777399
944;0.08153486959270596
945;0.07837778151756272
946;0.09334369282142896
947;0.07152847495260474
948;0.055527345555182864
949;0.023455634452239894
950;0.0846626708011958
951;0.03419806746851367
952;0.046876186016742
953;0.04753881031627615
954;0.012085090746398686
955;0.06713632060844686
956;0.07413152100088083
957;0.07323144725465505
958;0.06619883716434836
959;0.003951484436985853
960;0.0618984039522154
961;0.06554248448638018
962;0.04428530975113293
963;0.05365804953322548
964;0.07792281118941798
965;0.05733031378295427
966;0.023234087671352734
967;0.034338844433361236
968;0.06697347701584234
969;0.09623274377183832
970;0.0391058195549563
971;0.0690565281625076
972;0.06651420866749408
973;0.005257731687643041
974;0.08776717657919053
975;0.06252244782186872
976;0.08036425142045256
977;0.026587002522255633
978;0.0994125011626038
979;0.029520058919975768
980;0.07573023960803969
981;0.014779789599996951
982;0.0033565656727224894
983;0.075713670753098
984;0.0037597895149208307
985;0.012533156866877582
986;0.09263708961119381
987;0.07578341258189439
988;0.028975178969060312
989;0.035654181399631994
990;0.010582743250636895
991;0.06936384295566146
992;0.027236755318323192
993;0.019858816833104666
994;0.05385254921719911
995;0.07309251701751888
996;0.04137871645911556
997;0.011588090714127941
998;0.02045493779237293
999;0.09286983704230808
1000;0.09887529292359348
