1;0.07491024223068117
2;0.06247091587966822
3;0.010513537198949041
4;0.02166648358417659
5;0.04846386740190506
6;0.05483139983638106
7;0.05121143509301516
8;0.06534545413204056
9;0.032142515185180645
10;0.05902507768699007
11;0.08921761691643619
12;0.04752288608515723
13;0.08484602994189668
14;0.07934609077894803
15;0.09667142888529646
16;0.07653081230735836
17;0.019273583849136133
18;0.07677100241271004
19;0.04562811116075149
20;0.08027192574154784
21;0.08680000097260532
22;0.0030130590399224944
23;0.09871713085181633
24;0.05988760376988336
25;0.054053261965571864
26;0.004864466431282299
27;0.042498454671173
28;0.0181734906341561
29;0.011240057429485207
30;0.07024001676765178
31;0.02462414314407818
32;0.07047118074304594
33;0.05725783302653459
34;0.012699566300068011
35;0.06694653327761768
36;0.015129175439772546
37;0.05362197332537064
38;0.015562254680118626
39;0.021253949911450676
40;0.02880829331620882
41;0.053665135111787825
42;0.01449125890649401
43;0.01315873307237363
44;0.08222644343235831
45;0.09122083170048477
46;0.030353551113567814
47;0.006588773167009222
48;0.011156635005748296
49;0.05091928572668623
50;0.014579734091540742
51;0.08949410400422442
52;0.06164014235645862
53;0.01966642382744306
54;0.0505081226716727
55;0.029887512791936813
56;0.09840068057056528
57;0.08952315552815615
58;0.06630221414999234
59;0.09850021071987491
60;0.08835416427929493
61;0.04546652971230131
62;0.02668729221149172
63;0.07051168317570088
64;0.013594488256907867
65;0.07366463067404971
66;0.08123531811315489
67;0.02004697914416126
68;0.062498020435106855
69;0.034028258898085306
70;0.08150114760189213
71;0.06343819750396117
72;0.03249999969988248
73;0.0013509304973321368
74;0.03112330505485751
75;0.025942916875579838
76;0.09561404348699452
77;0.07764161066812858
78;0.032117671466062404
79;0.06644044874844907
80;0.07582235664630534
81;0.008714942646432312
82;0.03421392627217578
83;0.06978933100554215
84;0.01106735471664263
85;0.054093655900298854
86;0.09947656402266757
87;0.035603204889923155
88;0.09927285999248993
89;0.09725814170024094
90;0.03158683223866276
91;0.01325834259820854
92;0.07809183850946655
93;0.08380989295356073
94;0.07229092520080187
95;0.011175248170085118
96;0.04035624909975305
97;0.04243293397324421
98;0.002530587234146964
99;0.08224846256565647
100;0.03006898896054601
101;0.06815507374618905
102;7.108506370763212e-05
103;0.032204375003444155
104;0.029197534233007527
105;0.033049845578784154
106;0.06932281321167942
107;0.08432412360079014
108;0.04302234733977744
109;0.0029652634614928067
110;0.06525415064188839
111;0.06793805459233863
112;0.028856307140142104
113;0.09274993811067446
114;0.03356554546484736
115;0.01112064021601762
116;0.019893598537538627
117;0.06974609353888638
118;0.09479259819638253
119;0.08646424536189994
120;0.017794493988550153
121;0.049446931877848765
122;0.0018817692896053507
123;0.058869290569898015
124;0.021346058815458004
125;0.03702794594065328
126;0.05116476560663094
127;0.0003172371382216488
128;0.006080527064734032
129;0.09879152008745595
130;0.09250963261526834
131;0.09948265791657596
132;0.09792234843591235
133;0.06933557282847096
134;0.010741362353477269
135;0.09216444220578715
136;0.040536026940103054
137;0.086919894072496
138;0.08174511493149333
139;0.08185951556185038
140;0.0624211747513477
141;0.020821513981721298
142;0.09657242617552249
143;0.04011661947813783
144;0.0349458778750714
145;0.07450465780856372
146;0.07807775920787219
147;0.03714393104602739
148;0.05524649065041265
149;0.08790542804479158
150;0.06025385139408021
151;0.0902709326561339
152;0.0741180208114468
153;0.09758490503020106
154;0.0209553609132517
155;0.004151835673544602
156;0.06189525891207795
157;0.011198083665451454
158;0.0812551524328281
159;0.05087560599721577
160;0.0933119128140827
161;0.001876714063021734
162;0.04841381757319818
163;0.06895939606617907
164;0.06683240551324368
165;0.0034804734255440284
166;0.001105205060179859
167;0.024097165939762577
168;0.06105781617326861
169;0.07928378589497476
170;0.08571860630693134
171;0.040248149639530544
172;0.01107951315556548
173;0.028100681483994916
174;0.08578103707623598
175;0.023972799935530944
176;0.09493388938035979
177;0.08705087817372253
178;0.09850472222812662
179;0.035599578966201896
180;0.03958225442831298
181;0.0778794400798748
182;0.07032290612165037
183;0.03228904022239167
184;0.033459551101536644
185;0.050634977270728326
186;0.009102523586464585
187;0.09826456997480822
188;0.05624022947385801
189;0.039248931804425874
190;0.08872492273847182
191;0.011679192892955825
192;0.013398252919209675
193;0.06411782147190741
194;0.03447669614945518
195;0.08590975406673738
196;0.05599536373384926
197;0.05944706674834639
198;0.06594317350484083
199;0.04790469415949405
200;0.007182462710258431
201;0.04056560469076309
202;0.02912790590826745
203;0.070367470038915
204;0.0369480176609069
205;0.05878513843589825
206;0.0305001539863634
207;0.014270790694766267
208;0.0591147821345445
209;0.03438674155810754
210;0.05949077359827986
211;0.011029326755752578
212;0.07095249846403696
213;0.06459189914471629
214;0.0375407444446359
215;0.03509669867558767
216;0.0622642796188905
217;0.06061825996228645
218;0.09130994948585484
219;0.08279104571842671
220;0.07284207203264698
221;0.05814696862309551
222;0.01408809675382019
223;0.08313642002544186
224;0.07203859927440853
225;0.0387825986629956
226;0.024452883462374154
227;0.09489172045745285
228;0.0024020074723237975
229;0.054863603635907865
230;0.09439064792670429
231;0.06709826058281654
232;0.047254828733946645
233;0.027985406455603414
234;0.010717408610846213
235;0.09941659603076969
236;0.08139880504442364
237;0.06255686361914341
238;0.01764476448000798
239;0.09819981477828217
240;0.09664098970561008
241;0.03946176810482809
242;0.018952740174656625
243;0.06982177451322076
244;0.08220602364637836
245;0.06975641785247495
246;0.03730673575083609
247;0.008904770302787668
248;0.003709334833495104
249;0.04530732848006489
250;0.015974875484984132
251;0.08888504991990387
252;0.08604734241355888
253;0.05464876965226232
254;0.003065111376160723
255;0.07022936059049192
256;0.08132360775131303
257;0.07850127180221161
258;0.003271057452103765
259;0.07212745171898759
260;0.05766089522090848
261;0.004409272719550306
262;0.06460559396554359
263;0.09778185674367677
264;0.07114686695734955
265;0.05417974473122059
266;0.052207436243873175
267;0.0391647269703867
268;0.039550320917988435
269;0.08909396535256695
270;0.013047457690997077
271;0.05463393072067452
272;0.01014400368990337
273;0.058500459939513305
274;0.03383657072121678
275;0.06361409948392577
276;0.00031943909759156734
277;0.08904082957839667
278;0.027168054004577582
279;0.09959696990420329
280;0.07054990320793778
281;0.05595353939329056
282;0.06288241145902926
283;0.026998467031838683
284;0.02452957010939301
285;0.0651729369244119
286;0.03904378289053966
287;0.09572240833544163
288;0.056650176585448034
289;0.025449062354373032
290;0.06438656132508365
291;0.09937534478919563
292;0.011982410174699577
293;0.06605517693223781
294;0.0034046543932893195
295;0.027157419134173924
296;0.06162702588207937
297;0.045671113422495906
298;0.010826266970612876
299;0.08535314322399676
300;0.050694783461420714
301;0.045550970566600804
302;0.08269187927364222
303;0.016472603988705405
304;0.05294590679500032
305;0.09279699409417423
306;0.04325399148397982
307;0.011486755816521333
308;0.014665241198856893
309;0.0285645223900889
310;0.05527511703170103
311;0.029185510421493567
312;0.04531364640406921
313;0.04821246408933097
314;0.05286900455608989
315;0.027929462093419833
316;0.08967719540670875
317;0.012583173261076186
318;0.08695336562879132
319;0.07837632212200488
320;0.06253296252454461
321;0.04848052224592049
322;0.01798195926685243
323;0.056694723318501034
324;0.0017476060933607096
325;0.07445907428192318
326;0.029886804295323532
327;0.07485665550902494
328;0.03543492335190306
329;0.03637303392140876
330;0.06381081391396108
331;0.093719334933551
332;0.08241237233437754
333;0.04116931864092871
334;0.05353970311775626
335;0.009464422281516727
336;0.008614765945711467
337;0.004280605038793262
338;0.056546421916362714
339;0.033668975211419906
340;0.0027823298762049034
341;0.09030280900884376
342;0.05226342907657805
343;0.07094653823223492
344;0.09120864470278978
345;0.05849161517079554
346;0.06499900212940367
347;0.002444745632532108
348;0.0320917705593343
349;0.01788076075409786
350;0.06125866631729463
351;0.0195261982093358
352;0.06546446549838598
353;0.03960019652786361
354;0.09087863737704546
355;0.07317413392421755
356;0.06976662456519542
357;0.059747435889340055
358;0.0220325715884249
359;0.02601498295792928
360;0.09079268953396256
361;0.024836442933113746
362;0.0453858068898381
363;0.07664898238200857
364;0.027249277350039104
365;0.09244580578559314
366;0.0816981469441278
367;0.010408388822659709
368;0.09343952919588795
369;0.02601823071722187
370;0.009547047142791166
371;0.01528418983069435
372;0.012796056029116088
373;0.06123794931383904
374;0.04931004499631997
375;0.04905363920488202
376;0.05520754356088619
377;0.016858139106241978
378;0.05393939774072807
379;0.03945276413335504
380;0.09349618976368584
381;0.005438943926635098
382;1.523260792579695e-06
383;0.0442240035272993
384;0.02259717471882332
385;0.028265855727419156
386;0.001689383792055188
387;0.02029370816578148
388;0.006595266647231113
389;0.09560498347571639
390;0.040583193295292065
391;0.033641599643903085
392;0.02822825318220339
393;0.052062617207206854
394;0.04904294803994898
395;0.022024039623958748
396;0.0029715515408680337
397;0.09438935805046034
398;0.011518248091818718
399;0.08727957775848333
400;0.03450088817051973
401;0.006798443775259156
402;0.03491160438095388
403;0.016365386374023305
404;0.03659276941981635
405;0.09775163600481164
406;0.0504799512129679
407;0.09308478433477768
408;0.029012285456101163
409;0.02134751313894208
410;0.08086980446112148
411;0.04669381840539277
412;0.04595338135240994
413;0.023666713193812052
414;0.05543943677004803
415;0.0357619081316761
416;0.004391767902286126
417;0.0022269609025344027
418;0.06148099850516554
419;0.013417373332960803
420;0.07360053796723816
421;0.05086039331692578
422;0.030004526534064713
423;0.06329431386922431
424;0.024185094144066423
425;0.017144719028971835
426;0.015264769849207993
427;0.047525434744441854
428;0.017055644132922754
429;0.02977551049716213
430;0.029480454832195316
431;0.0789438680950218
432;0.08348324833216315
433;0.07631423591081268
434;0.09072842955722576
435;0.056174467219301416
436;0.04274550182845574
437;0.011181532597895262
438;0.07563970925613384
439;0.055547999613973
440;0.05517900581454859
441;0.09087765361947069
442;0.06824398808240054
443;0.009054216816099848
444;0.0960759961476827
445;0.03577482904891088
446;0.06764287554222767
447;0.05371108615802728
448;0.09429102917472672
449;0.039956757713900184
450;0.0040375056168919675
451;0.03418793192398215
452;0.03443377837535179
453;0.09147081269968557
454;0.07301903108781961
455;0.05685062898451385
456;0.09497456041048069
457;0.07184571949526873
458;0.0706519907554221
459;0.04645886057070832
460;0.06608301825857969
461;0.029524755268535242
462;0.061216430465860644
463;0.06017951335150146
464;0.01216116350851767
465;0.025222667313495206
466;0.06838227817474828
467;0.07987169691866623
468;0.08151551788503665
469;0.08361364081582512
470;0.009003789464486723
471;0.01266251569395639
472;0.04885608415502937
473;0.08582151730478277
474;0.008753660119560592
475;0.02035988606588538
476;0.09976613361593507
477;0.09734228532017818
478;0.025362146070567804
479;0.08822803570172066
480;0.03593504199357824
481;0.046336654051007835
482;0.09814624642211905
483;0.03556698551666039
484;0.01617399758882957
485;0.0716532992397907
486;0.017358017822254334
487;0.04477264177334846
488;0.05416582092902894
489;0.09024558279214262
490;0.011067562801125875
491;0.05482503492192419
492;0.0008145245622068087
493;0.02290401853423678
494;0.08868273110251484
495;0.0762697617436075
496;0.014102979609104139
497;0.0564291123293775
498;0.06162542642219644
499;0.004949404121765245
500;0.0995580926735804
501;0.03965294799157411
502;0.03461447668552994
503;0.09555912205464107
504;0.0906781587154644
505;0.021125376210606752
506;0.04098380256391139
507;0.03938818180776537
508;0.0822308604344903
509;0.03009108314272735
510;0.062496198876608025
511;0.0973879001974124
512;0.03178634447217262
513;0.0050416627449240805
514;0.07738911385715591
515;0.02202152813931703
516;0.09589022500954925
517;0.019834282897525715
518;0.07386809055913135
519;0.06814037346951576
520;0.04559449232924152
521;0.021707825003113912
522;0.08240237750737077
523;0.08433787754155744
524;0.03910534530096689
525;0.048315648889436014
526;0.05657889976987998
527;0.029036387205750115
528;0.014861015301956382
529;0.061478170265445824
530;0.0737756750536439
531;0.027410558506124075
532;0.07863252260291122
533;0.06766407905094847
534;0.0511555188166267
535;0.07088752245108419
536;0.020920485188675654
537;0.04951352918217636
538;0.0713967992269999
539;0.08263616755525752
540;0.0004543706310623952
541;0.0933646059745074
542;0.00579910009800656
543;0.08878143125922665
544;0.03527736744007966
545;0.009566127419926485
546;0.027871360506463574
547;0.02810476108790677
548;0.08121906218981453
549;0.05354798167425995
550;0.010714180929373719
551;0.012808991684750026
552;0.02759936686582866
553;0.06592325307060172
554;0.06733436469134053
555;0.06017792898941371
556;0.04607842281718402
557;0.031771723740188176
558;0.025532857663630806
559;0.07785902914759525
560;0.04052944783148441
561;0.018374722043104096
562;0.07162434799608788
563;0.013556265240916432
564;0.06774933231349788
565;0.02223916394660034
566;0.010169032223870812
567;0.02175519130444741
568;0.006406656599215555
569;0.04414712757102998
570;0.04034287163519076
571;0.07301706504285713
572;0.006975402615433935
573;0.05873159735185371
574;0.07826986855151516
575;0.05709463070339085
576;0.06498367252876969
577;0.08526526745934143
578;0.06466526109867247
579;0.044693872980876154
580;0.039302097608319764
581;0.08349270538078135
582;0.07497838037458829
583;0.08869788867596334
584;0.045619937331074105
585;0.05615097937797341
586;0.09511317113167261
587;0.07353366200614568
588;0.09409900691581666
589;0.07795902807053083
590;0.023368045782632508
591;0.017664900425731347
592;0.027345010003050986
593;0.04576194913637747
594;0.036347894500728554
595;0.0962948491222671
596;0.0712572936761301
597;0.03831101257646102
598;0.03958800787837852
599;0.003158821334966344
600;0.028966149166208034
601;0.07686668109043293
602;0.08422961403990177
603;0.07257437085327247
604;0.04775953928770402
605;0.00639705048696837
606;0.015466808296172842
607;0.004122448625398601
608;0.08161311011926436
609;0.021181873071304414
610;0.0207053486099123
611;0.09166536782412132
612;0.0762013950744654
613;0.09773870168388227
614;0.03855693261770618
615;0.0817368272490438
616;0.057862135582940226
617;0.05394302775839105
618;0.033093593918393525
619;0.08362205621366137
620;0.043036572472065396
621;0.07978531193137538
622;0.06296920032314242
623;0.08382136757460629
624;0.08300304407577208
625;0.06815186376655402
626;0.0005294198657987082
627;0.033237099357229107
628;0.06060537523455093
629;0.05216120448611059
630;0.0722791846531338
631;0.009345737561649371
632;0.04373666272450092
633;0.07610164238198144
634;0.039614489381632506
635;0.0520659312772936
636;0.06844264876126309
637;0.010746679778975544
638;0.004940365286635995
639;0.04517830493839878
640;0.05376324104100449
641;0.01075518890311248
642;0.0574824728298538
643;0.05959523002611858
644;0.018664801056845592
645;0.0658745265954536
646;0.08980530783362409
647;0.017057536111786432
648;0.044821792221585
649;0.0018965392320525187
650;0.0350815092018949
651;0.024120655643197056
652;0.0033377901237687025
653;0.09663090134800822
654;0.07397238711887755
655;0.0060832052561744406
656;0.08428821552870439
657;0.010178662875923838
658;0.03797927384989852
659;0.04245982133129781
660;0.07787535561697331
661;0.0615153940371552
662;0.05889170651289112
663;0.010210159573336753
664;0.010827646881919019
665;0.07980432240864435
666;0.040830877247187494
667;0.0061138768951025995
668;0.08720556833482163
669;0.09760073324173882
670;0.048219032259683076
671;0.09433548525622087
672;0.007829857436203803
673;0.07299698766795207
674;0.04044014178339647
675;0.08617453879825349
676;0.0484385408253499
677;0.030987213087429823
678;0.06770097340249026
679;0.05584645742536483
680;0.034952698118967916
681;0.0835154767666728
682;0.00558179848713728
683;0.014234545346110562
684;0.0369176329598656
685;0.07743004106713713
686;0.0982479878197008
687;0.027747807442130446
688;0.01579169493057203
689;0.01437480981914937
690;0.0538530225750079
691;0.06972335592614785
692;0.0018548905786775595
693;0.040554198393713915
694;0.024571578370348315
695;0.08926855775861794
696;0.09914711772442579
697;0.09690738393494391
698;0.045947921852624245
699;0.0805351417629449
700;0.09881091989120164
701;0.07976236338623931
702;0.09678097744422798
703;0.05095979951618238
704;0.06180407814133591
705;0.08755942092902534
706;0.036647115358957
707;0.06510750953823878
708;0.09460628835600449
709;0.06344561272333597
710;0.04761240277041156
711;0.016626368675190472
712;0.08527334886929133
713;0.08493539066807805
714;0.0734735759153957
715;0.08546304353399099
716;0.07206953820869458
717;0.007592952962669652
718;0.012660792014405831
719;0.05845421898304243
720;0.09005532822455803
721;0.06875351467775012
722;0.01849879530555888
723;0.09460773904006359
724;0.02082271384811926
725;0.08406475383912279
726;0.06405651886191645
727;0.09134909583229517
728;0.03686273685369645
729;0.08541910416818616
730;0.003554856691185038
731;0.045955534300827085
732;0.029013419980053426
733;0.058014630964091755
734;0.021400149904094057
735;0.06775220525003625
736;0.09634011278358055
737;0.06610625426812029
738;0.08612395753738365
739;0.08307114875964283
740;0.050402473030699925
741;0.05583562615152285
742;0.01327148275466632
743;0.059610568476983296
744;0.07287029001510462
745;0.06737584061226505
746;0.020474913673834097
747;0.06924311426037243
748;0.03357791661557307
749;0.08338813199211847
750;0.07400705946548779
751;0.07848972185059888
752;0.060896335688484085
753;0.07826619862998253
754;0.07171183046123507
755;0.026364613042316222
756;0.03848124759505013
757;0.039166322655468294
758;0.009717161726641022
759;0.01796272581151337
760;0.05275175799127912
761;0.05328066101332958
762;0.04093702665613476
763;0.0030429399688587603
764;0.02317329105858439
765;0.05745718766341645
766;0.05347378955231002
767;0.0408494122584494
768;0.036755924065926315
769;0.050408740131160396
770;0.010144912258717187
771;0.019229877601263337
772;0.005380228742970861
773;0.03216503723466903
774;0.010229621355872876
775;0.07135435423956775
776;0.09093084201101813
777;0.007535491071494782
778;0.016646041734954754
779;0.05363884186952142
780;0.046528531425675826
781;0.014010420269726542
782;0.062125441021342966
783;0.044156768275837865
784;0.004744379034447854
785;0.03578436814538438
786;0.09483143406858238
787;0.05902103111667143
788;0.02185535763861477
789;0.06996558636226179
790;0.07885667544309514
791;0.037140911928598655
792;0.002615200637701598
793;0.06133442288629244
794;0.015193368742124957
795;0.031411582060422216
796;0.07195012734645412
797;0.057723513379493045
798;0.07465706467959765
799;0.0161015119476702
800;0.019315840007744323
801;0.011288635798463287
802;0.039022854157711076
803;0.008302547493779821
804;0.051935860670742275
805;0.09186537617163798
806;0.08056543927708949
807;0.02513322858454069
808;0.06532677808494683
809;0.030989706189450995
810;0.03709837136320199
811;0.0587949971143632
812;0.08260850523693648
813;0.019195346735527453
814;0.00951041701073705
815;0.04398566369076097
816;0.0057453824938345725
817;0.07874289830948673
818;0.05584652624199904
819;0.021967438682044517
820;0.01432962935704779
821;0.0435539695168101
822;0.022758145670395292
823;0.0029949613744665207
824;0.00526695758602721
825;0.09397668477903098
826;0.056289848121652566
827;0.06478597406856727
828;0.06880951173718945
829;0.023974546670554753
830;0.054623364080224446
831;0.07703830554170608
832;0.020756770462853538
833;0.07282107132113966
834;0.08487984560301516
835;0.03589449712533129
836;0.06669864635391566
837;0.09849660347986607
838;0.025711582810987246
839;0.017880689932596717
840;0.07479851688234027
841;0.05192205926170124
842;0.0060635766453720485
843;0.08295663575952222
844;0.05369052515123038
845;0.06416997419206572
846;0.049437610963471684
847;0.07619600409999218
848;0.04802451248983339
849;0.08198661404625349
850;0.0049709800457384936
851;0.09298069986388997
852;0.027349352479312306
853;0.03054514046295881
854;0.0019118518367284177
855;0.026095386911605636
856;0.06993009639340099
857;0.025922726788631657
858;0.0626350593652149
859;0.05385071044467761
860;0.005514575112255305
861;0.08098006839899215
862;0.030680117077262092
863;0.04603279625778925
864;0.07759010788793572
865;0.035541697383118374
866;0.0865282830301244
867;0.09156753106498527
868;0.06921363511719901
869;0.08094925226635444
870;0.07322461995712509
871;0.01330878883375849
872;0.07850524923478058
873;0.023881367966892234
874;0.08268747071187729
875;0.033626732953045226
876;0.015033422919607277
877;0.018222724889438015
878;0.030093774924824204
879;0.031202160906446452
880;0.03399333780973655
881;0.09994121553366458
882;0.09447951827718132
883;0.006548434198579756
884;0.003105273373820716
885;0.06294686586311021
886;0.039092147500162225
887;0.06034099810381132
888;0.032568525751065225
889;0.050932275156760735
890;0.06339951407817801
891;0.008730916115500698
892;0.06534116782370623
893;0.08641078397803711
894;0.04722009111414584
895;0.08994670558062194
896;0.058657008117381754
897;0.0697904651227406
898;0.011273738946681844
899;0.08447041860103516
900;0.08560736522490496
901;0.058985982683525055
902;0.060030273509236065
903;0.09924870811893506
904;0.002504207993161656
905;0.09495883285612884
906;0.06795988264347341
907;0.043927288879522235
908;0.007839842961292398
909;0.0032066228614346494
910;0.09075326373230677
911;0.09766945054213368
912;0.09126247575407051
913;0.06156886214946305
914;0.0011210841089112412
915;0.03736238632062019
916;0.014350160577327709
917;0.08647017926408061
918;0.049916319331295415
919;0.005518236648751518
920;0.027548737574908402
921;0.0028681298135552983
922;0.062038441799589644
923;0.08125497555658574
924;0.05562540361351377
925;0.0356816153959083
926;0.03408650245657444
927;0.05604939511298616
928;0.042739825049344315
929;0.09301888253467572
930;0.09214655159122664
931;0.04050497078249926
932;0.01880425709555178
933;0.08504742157169336
934;0.07953929655383257
935;0.09343607853708699
936;0.05149812405204338
937;0.08919134031626763
938;0.07366307704701824
939;0.013493614309404923
940;0.01392305462795499
941;0.0910561400034058
942;0.03911109893605296
943;0.02398526840439863
944;0.09059359742797249
945;0.035992963538328
946;0.008259787727261337
947;0.013152377033217689
948;0.05493973076186144
949;0.0064512867550847175
950;0.013731825270087828
951;0.08095398177203911
952;0.017249832349026575
953;0.09124039823521862
954;0.08023373326420116
955;0.0938229208746546
956;0.0018150638974382628
957;0.02795008433429701
958;0.08020283302885545
959;0.0007107929727640628
960;0.08743309535009547
961;0.035290232751536164
962;0.03079702026386777
963;0.0735832170630895
964;0.05518044686425458
965;0.018917166838559197
966;0.06757961993056401
967;0.07669501438011415
968;0.013189369522382623
969;0.08704690864028986
970;0.04296542402860968
971;0.07102278514121424
972;0.021380648808955596
973;0.019104224542250095
974;0.06583030907797234
975;0.017165349555202804
976;0.06339783826476018
977;0.01556889165174219
978;0.03278730195932272
979;0.0014830838286357118
980;0.07066781351196713
981;0.07105638165455987
982;0.042005926995316294
983;0.08604247200397203
984;0.09666449439484394
985;0.060631947338145344
986;0.09179246256972101
987;0.03785830133166347
988;0.09926567598336528
989;0.08693235485360895
990;0.08951234136037273
991;0.017832160399034538
992;0.0953604281788234
993;0.022461432410856876
994;0.056427556070021014
995;0.09093346252899315
996;0.09374880618052864
997;0.03764593945424617
998;0.028840732114727707
999;0.08034163989675491
1000;0.09390730106467998
