1;0.08138059346639073
2;0.04570108176233045
3;0.08639157276753118
4;0.0746756386702849
5;0.020338289075892524
6;0.027880953524337993
7;0.018093625172263206
8;0.0011046594177613557
9;0.017690644109092258
10;0.09577060837616208
11;0.03462206911435256
12;0.07918519972074681
13;0.045521982376791906
14;0.03545684206523799
15;0.009466244097570221
16;0.020921263529030544
17;0.06969019983674377
18;0.04939902571674457
19;0.07801108987434785
20;0.07257484301054704
21;0.028828840802740865
22;0.05861348020416543
23;0.006775538865423248
24;0.07288089495459388
25;0.07550271034029642
26;0.09996785818172083
27;0.07488653606882294
28;0.0063294030664254215
29;0.018417126129816355
30;0.03214314125565383
31;0.003975166394952956
32;0.09220050326068832
33;0.08895223351220083
34;0.02003241594534746
35;0.009616789621827982
36;0.057714050940662266
37;0.03378238925769973
38;0.06252365093767984
39;0.026466802989382976
40;0.08289619419163102
41;0.06334243792104767
42;0.09884749397517764
43;0.026755299366691455
44;0.015265458632424213
45;0.07428689541021634
46;0.055598401380839005
47;0.05354366239671683
48;0.04339692949888663
49;0.07832589240582366
50;0.051388471934180516
51;0.02231217126502725
52;0.03163334105349591
53;0.016600251989870907
54;0.03034011385996336
55;0.08302804476395122
56;0.02205671261295923
57;0.027910917908666025
58;0.04581373531500126
59;0.06934621172385953
60;0.08008475340807465
61;0.08850664395919029
62;0.019522223780286674
63;0.06309030981110862
64;0.03296185285420111
65;0.04831103921498178
66;0.0572351036444507
67;0.006458849122199396
68;0.014462847900428101
69;0.05503209372476561
70;0.005471936183486204
71;0.05829855698738771
72;0.05794956609318913
73;0.05193507981587186
74;0.07957451361195356
75;0.07066375698130527
76;0.04368771807651836
77;0.02045084243049732
78;0.06176459179355581
79;0.09232392954014057
80;0.08581911406969982
81;0.03800431583049566
82;0.04444159476372957
83;0.09881309298727495
84;0.04577060988756587
85;0.07642279604959529
86;0.024568272175890415
87;0.06677728852723253
88;0.08531812271459145
89;0.09364513896993254
90;0.013391507998203945
91;0.0414806508375957
92;0.006251769879393566
93;0.037879913454469866
94;0.0912447480275832
95;0.012766457297613942
96;0.053046119198890664
97;0.08903762387329296
98;0.018175435583188636
99;0.09016766173097407
100;0.05485472163888773
101;0.06161355301384566
102;0.01971545951277456
103;0.0025924792332984396
104;0.00736470822195311
105;0.04792438686332034
106;0.06930058337640102
107;0.05935340538317823
108;0.08725373302373524
109;0.02851620483482863
110;0.09239765677538592
111;0.09418464112787672
112;0.05408307636803636
113;0.0726722897309113
114;0.08306490749356614
115;0.08527167465364589
116;0.07557709392556855
117;0.08030921133836547
118;0.03723768019629444
119;0.044484849986679065
120;0.07096869271787164
121;0.05525592242585325
122;0.09898649045740412
123;0.06446520016219506
124;0.008368727434306267
125;0.013699015168146667
126;0.023016631150553427
127;0.09035119282855734
128;0.07503430670618143
129;0.07134003713289863
130;0.047606292851272373
131;0.06308915094823879
132;0.038264812133298076
133;0.0015986019991507507
134;0.028654296066236585
135;0.09075356596653268
136;0.04797166195429205
137;0.047391492263211356
138;0.07008243514723744
139;0.05757936766004493
140;0.04308770496528372
141;0.09731876877840367
142;0.044373650972506035
143;0.008082970498302089
144;0.013187779356760987
145;0.015006789550698552
146;0.06291021303440508
147;0.00514503803397608
148;0.04350568269169225
149;0.029115314100763758
150;0.06340809666545096
151;0.030440793521003186
152;0.04618655247188652
153;0.072616033327896
154;0.07573749101908883
155;0.03841642047225831
156;0.027864108738161277
157;0.006084710721217079
158;0.07957804865178622
159;0.02648420172064312
160;0.07594869280576075
161;0.05697491377349221
162;0.004687123064486299
163;0.07761173374103454
164;0.023215269810490838
165;0.07057319342658118
166;0.05757990610305119
167;0.013517516767367366
168;0.004246047639577
169;0.01964098419885183
170;0.03699514141264141
171;0.08385094614545151
172;4.8427762953351385e-05
173;0.07540455440267163
174;0.025353211303603573
175;0.006506558289295961
176;0.06032584844516136
177;0.04403335017390014
178;0.043648308539405836
179;0.031759754316933245
180;0.05640945840539884
181;0.089716559493282
182;0.09823506772366099
183;0.00411727158462184
184;0.016933082755247044
185;0.03466201745762605
186;0.09240572103568562
187;0.09490795417592285
188;0.05271783464669827
189;0.0635240445091559
190;0.07184874252784143
191;0.02966180436684427
192;0.04603943655815121
193;0.03135566314581674
194;0.03419342626728472
195;0.05332070870126202
196;0.05039948544547029
197;0.025837582319541964
198;0.046710702612447336
199;0.02255219759172984
200;0.0030274838501108017
201;0.05701989428872755
202;0.050940796779548325
203;0.011186701055815797
204;0.009750858579193323
205;0.015136996152505489
206;0.09507254106225665
207;0.09374515812129876
208;0.008427091054292624
209;0.051394182035071435
210;0.06961338890998629
211;0.09071462300062236
212;0.09117289316607513
213;0.07379656238956582
214;0.01220071154215503
215;0.014706569137995252
216;0.07935298771717103
217;0.09811701787938482
218;0.039521470392838376
219;0.007595824965272458
220;0.057987597588854904
221;0.05389830770224063
222;0.045114083513790815
223;0.045629154222286375
224;0.04630948228960824
225;0.045867681239535975
226;0.07374133955865476
227;0.01212859771284034
228;0.012305326789561212
229;0.08724919606548015
230;0.05758062950191778
231;0.09489135397249547
232;0.06551644692132964
233;0.08714385133865962
234;0.021705245325040326
235;0.08727919231173398
236;0.03241287724481874
237;0.05365870150582317
238;0.045725442422341056
239;0.05538209268081132
240;0.029056584476466352
241;0.04359149687926775
242;0.08600784893124935
243;0.09852418134576289
244;0.08349902947747334
245;0.03765367905824173
246;0.0770036340671017
247;0.02202751997387269
248;0.06681809009291441
249;0.04086027740813008
250;0.038775180869361076
251;0.004608041188959189
252;0.0923244887757701
253;0.04769959256047578
254;0.006556758316692013
255;0.06859604516463945
256;0.010814607772050955
257;0.0610996973667757
258;0.026961704579987922
259;0.06951460911389747
260;0.08665134333836894
261;0.0805142288656528
262;0.04341270710143722
263;0.0726106699669362
264;0.08790674659266645
265;0.06936808259086379
266;0.021294422946718718
267;0.0013380685389145276
268;0.07319446410426739
269;0.04486438243486804
270;0.08360074582252841
271;0.06652494669901998
272;0.07878149419130026
273;0.03193420991382491
274;0.058753481819008815
275;0.09525236563448257
276;0.01080514375730729
277;0.026314027013806664
278;0.05370151401476095
279;0.06762727532288941
280;0.05559735744497717
281;0.07807896015693963
282;0.01958270266175263
283;0.09357367230879793
284;0.042569582027096126
285;0.03207536634604167
286;0.006699669765518679
287;0.037125857912872255
288;0.09583985993805431
289;0.00779725612360479
290;0.061752484013411206
291;0.029724608297937796
292;0.03425271170649024
293;0.03833439025244322
294;0.004558255814085854
295;0.0695059898567505
296;0.07656898170006521
297;0.0523695675239702
298;0.07968677872280797
299;0.055146163759497324
300;0.06367609233662717
301;0.009335845929333576
302;0.09013155116382908
303;0.021335049193091305
304;0.02738605467740628
305;0.06317348581389445
306;0.019546294156578117
307;0.08899320311444148
308;0.06340088655984552
309;0.06051370135875383
310;0.07330713062763919
311;0.0005430052296791943
312;0.03903277669455302
313;0.05259262854098806
314;0.03984777964264841
315;0.015414763747137428
316;0.08436666379388597
317;0.004054434835583709
318;0.008092849087875742
319;0.06714165263417486
320;0.006049981723651465
321;0.047231170554496264
322;0.06411262389203713
323;0.06122802264514812
324;0.009863078928638759
325;0.04365999401547123
326;0.01723437245551316
327;0.08819496350985678
328;0.0024289650265670315
329;0.08557766137081588
330;0.00891279197915681
331;0.05428278435321379
332;0.09763448133946478
333;0.02315713523409111
334;0.01956644254354403
335;0.03748632791488245
336;0.026836355945953263
337;0.006817175736692261
338;0.05255198930478697
339;0.04598934446011386
340;0.03312120733977125
341;0.03564090498199295
342;0.08675693592657739
343;0.02944079468574591
344;0.07379153040812039
345;0.07280134625762398
346;0.006083247831511107
347;0.006962825485291125
348;0.07770476477394272
349;0.011951798512767354
350;0.08763949193205899
351;0.07784028246131597
352;0.05663374590537488
353;0.008877338788306533
354;0.09198849059669681
355;0.024591419476867063
356;0.09026725345616135
357;0.04358439474026892
358;0.09001544264174521
359;0.042359589511805684
360;0.08458802744530895
361;0.07124906945090499
362;0.007291447846100529
363;0.011817162803668702
364;0.072512765104537
365;0.0265527739041736
366;0.07859436616281831
367;0.06368288112266117
368;0.09669684062342149
369;0.07561447446426309
370;0.05624915044583502
371;0.022537788315175125
372;0.05326436791156243
373;0.060314453334303034
374;0.00258419922035672
375;0.03119169156617534
376;0.015062668571989636
377;0.012437678438293055
378;0.029787568223334473
379;0.02915267515228035
380;0.019514668892222777
381;0.009355759900508853
382;0.04130393715994923
383;0.08232491087887471
384;0.09080096033829232
385;0.010088389295342538
386;0.039765803045127494
387;0.0666786763055093
388;0.02204417134216015
389;0.05057997065665877
390;0.07073867727724154
391;0.02564312057962961
392;0.05757986195715632
393;0.06571759612106448
394;0.07395851589862443
395;0.009984850443958172
396;0.08873493674765048
397;0.05555403554142988
398;0.09119520094667208
399;0.05173197350828947
400;0.019843788139354737
401;0.0828517047397627
402;0.07411832367401576
403;0.03739549574140318
404;0.019368909915462786
405;0.09643132324237956
406;0.09771176241712726
407;0.04636954178815327
408;0.028311150500898254
409;0.08586790002275121
410;0.06292053841037958
411;0.03633386803912486
412;0.09412973673758801
413;0.007246941933941886
414;0.09995967383653347
415;0.08063147854225632
416;0.0692359762932745
417;0.03068656850079803
418;0.015546674304100283
419;0.02543530290898125
420;0.04144351427895805
421;0.04783152694402525
422;0.03197297893194897
423;0.02996244542067074
424;0.056270753488776776
425;0.07711121563284472
426;0.031231264539659256
427;0.046823954266105194
428;0.05176262835097143
429;0.045623911666678965
430;0.014621997250622742
431;0.0638768268509214
432;0.06684402045757981
433;0.07878059111727571
434;0.06839609003347293
435;0.01793274749051751
436;0.022656874233293257
437;0.021495576168189246
438;0.08863238869620584
439;0.014089502266701715
440;0.05040373009586251
441;0.029169129866641597
442;0.02691457341225514
443;0.059454421928163775
444;0.08303771762346568
445;0.05345475413923093
446;0.018350656897745145
447;0.041149946427255016
448;0.01683516724547841
449;0.09207773853289318
450;0.009350370080483283
451;0.09583152543043201
452;0.05466330991708797
453;0.034824042938117916
454;0.08112336270924263
455;0.02379001167082209
456;0.0938041765298091
457;0.014076519540018862
458;0.002066145086239457
459;0.0032645324417796663
460;0.07133635560223005
461;0.0019415987710286076
462;0.0013094000603305568
463;0.07580727193383273
464;0.07436083249989849
465;0.0228243315374445
466;0.07468783136282439
467;0.022646058783803293
468;0.057278357940003355
469;0.0883277536289157
470;0.0928227564235644
471;0.011772464407902007
472;0.022650510828118676
473;0.02591299702722072
474;0.09392780727351172
475;0.07211278335554268
476;0.07501477218587276
477;0.07502314869791038
478;0.06462378237002923
479;0.011891740813528041
480;0.09106788200343574
481;0.012861285173437521
482;0.09535040847935553
483;0.01690862432553022
484;0.008090671193608756
485;0.05089621020726185
486;0.024524351069521857
487;0.05669970403825743
488;0.07174995991577787
489;0.0710962944770268
490;0.05319225417714405
491;0.015118382909406548
492;0.011229961205815975
493;0.06531448864552637
494;0.05535246181590314
495;0.03633428148476763
496;0.010534423438151742
497;0.08109565423783215
498;0.023238860430090904
499;0.06992184679984202
500;0.07224573018706984
501;0.017597909995619332
502;0.02685328069861307
503;0.06600828681416124
504;0.06563737644832202
505;0.06118627480866145
506;0.07882549801918728
507;0.018196642211395254
508;0.0769195622369939
509;0.050589544965684456
510;0.005045738766761044
511;0.034872900277068186
512;0.006687866156703715
513;0.056576532097335555
514;0.03612853274169904
515;0.02658907276544248
516;0.011865324674771372
517;0.05530521941720534
518;0.034256905693067434
519;0.07194849782353856
520;0.0302134439097281
521;0.09528515037241037
522;0.08524558066762661
523;0.07349701235044144
524;0.087746726149773
525;0.03359274703849383
526;0.033436393143200425
527;0.060393636576008804
528;0.01951033491315496
529;0.06917627400575359
530;0.011259321747807693
531;0.06923621198714534
532;0.020370784811446576
533;0.057163118856098594
534;0.0045313916783227826
535;0.04078519699504129
536;0.06378033522661364
537;0.03368782070137111
538;0.0824925860905739
539;0.09535193875522638
540;0.07829081655338686
541;0.06718046393493853
542;0.06044053234785993
543;0.07899188094755721
544;0.08952732924473933
545;0.09939361943176364
546;0.07373673411205493
547;0.056000139039078314
548;0.08510381608834493
549;0.005486047553737817
550;0.026529388403265786
551;0.03558442795586242
552;0.05221770025989839
553;0.030579479290836556
554;0.07865968225196922
555;0.0791818246837476
556;0.022720476857341923
557;0.03210451068100032
558;0.03088899537750587
559;0.06356091098409593
560;0.057200953401232296
561;0.085722511183482
562;0.0883367746341298
563;0.07330011290644636
564;0.034267329026810345
565;0.05082375474657899
566;0.06431095941420921
567;0.04186770785831313
568;0.017434568620350855
569;0.09751903484025902
570;0.028938345002536437
571;0.03475443043356426
572;0.011078170296525825
573;0.0056399044905364295
574;0.04870627362959429
575;0.07560001995957888
576;0.06917821301406214
577;0.03711285086404562
578;0.05141964648612027
579;0.09442474039988799
580;0.06305932077485463
581;0.08083413481803639
582;0.03142488537542474
583;0.058070498086863404
584;0.04570521870572783
585;0.021872881817071324
586;0.047498640676182424
587;0.024293155040081928
588;0.02721540911248893
589;0.002760372942791667
590;0.009088511038175552
591;0.050398286213253096
592;0.055949389721737075
593;0.014266028733150993
594;0.0532700129553385
595;0.07676119750572585
596;0.023555751781656822
597;0.09611398327123032
598;0.002542188453741501
599;0.09550482537846663
600;0.0331172468039236
601;0.04519092939865739
602;0.01678219356398806
603;0.00829082680865082
604;0.06171181313235315
605;0.07032398425229633
606;0.05406194463030084
607;0.0226572073119648
608;0.08307559503820969
609;0.02298026932909597
610;0.08384056932519246
611;0.04606698201423555
612;0.08612385030985242
613;0.06618579563259445
614;0.06655069135288065
615;0.034741324441069754
616;0.06213098959382665
617;0.09125983246765768
618;0.04874659100437326
619;0.06629585644314688
620;0.028561230421638908
621;0.04791213741506015
622;0.0911644679894593
623;0.05626411389197094
624;0.08828445915504901
625;0.0006678954545440985
626;0.0002934903760579144
627;0.06690507139226524
628;0.007628838394298976
629;0.06416201284701616
630;0.010557167039915738
631;0.05966875501309572
632;0.008803756918212325
633;0.020323350612286607
634;0.06883034782299507
635;0.019881125379587708
636;0.03416643112294223
637;0.012791958740694422
638;0.016178013304038907
639;0.018640286956865395
640;0.0046028520559631475
641;0.0025516178972633144
642;0.08682512001254988
643;0.003612498943303444
644;0.007608340389633983
645;0.04375992848464736
646;0.022130279567562375
647;0.008330532354760157
648;0.016774006381854167
649;0.029635857335273397
650;0.011829806345447625
651;0.06824429086202503
652;0.06569705267608354
653;0.09836848114976732
654;0.023988076742838982
655;0.047189909369775795
656;0.03595872670478025
657;0.05810511679685552
658;0.0917843126955653
659;0.0739619648468293
660;0.051643846296086926
661;0.039389798938873545
662;0.06070714117845023
663;0.06937437302451918
664;0.03285644760560461
665;0.0120732649898186
666;0.029109010262303472
667;0.060863673712786115
668;0.07331938118010604
669;0.023863306651268148
670;0.03592060711990439
671;0.03000872278249449
672;0.002165652593421241
673;0.02957215032754326
674;0.02286643343988235
675;0.05288112331436237
676;0.03447933336510713
677;0.09577418558172485
678;0.06025951848209143
679;0.018529239014416367
680;0.08870785406807646
681;0.05181445704211695
682;0.028498824926365563
683;0.007780048643890336
684;0.02319611696443077
685;0.06660232076969318
686;0.0023770997257521187
687;0.08576165322666869
688;0.055454055716858214
689;0.015461009024543738
690;0.004804020849397417
691;0.08412601199767161
692;0.08107211128426504
693;0.03025289652997659
694;0.055006795231480866
695;0.0023154285062142346
696;0.08746220275673056
697;0.056822949496933596
698;0.04174639213310405
699;0.003280103125187428
700;0.06078341270399709
701;0.08820920029864751
702;0.09656986871612039
703;0.07003085118942985
704;0.0757248774634926
705;0.09976023378008575
706;0.01888063729877805
707;0.050608347177097
708;0.043388805584747114
709;0.06431285353443307
710;0.033108407020350464
711;0.013076826424967027
712;0.08610697524368158
713;0.08419635635178237
714;0.04388448876249729
715;0.026857640979787878
716;0.08235554683965383
717;0.0630022028884704
718;0.02087228003905808
719;0.03941491285162461
720;0.09945135109898909
721;0.09189652377946837
722;0.015957686962865338
723;0.08785227888573822
724;0.0973000545986616
725;0.04345739425336306
726;0.034977037277802527
727;0.05836682525729058
728;0.02368024270701066
729;0.07206812373474894
730;0.07962007418569877
731;0.08210930525632226
732;0.06414503487359456
733;0.07382162407123384
734;0.034029255961535686
735;0.03626569644689157
736;0.038408788753019965
737;0.056965582479727384
738;0.04166373038644018
739;0.06888472389948473
740;0.02379779040907505
741;0.08650746994396372
742;0.07475429573429739
743;0.08815143315775209
744;0.008061231149147708
745;0.09373363968043764
746;0.09293570127647309
747;0.03292393854612039
748;0.004591475331233885
749;0.08895432932677086
750;0.05384273557664315
751;0.057006746170110784
752;0.08069795019533264
753;0.050787224006119194
754;0.09113210262331926
755;0.07170293292360197
756;0.07522392113445368
757;0.012502311061349648
758;0.013637640480440317
759;0.08944125269349776
760;0.04483005976216871
761;0.010173334645494659
762;0.06203547638931062
763;0.08368858760058472
764;0.06549334509697402
765;0.061043487106365125
766;0.05110220322689503
767;0.0842331870619808
768;0.04686605745102537
769;0.022131429929404003
770;0.005023595636146816
771;0.09009177413297301
772;0.03960210320838351
773;0.0637382823210344
774;0.08883091985349623
775;0.09101797546013943
776;0.037289328899411514
777;0.08178885916377021
778;0.09127743036298264
779;0.04798145070711493
780;0.0899659388428451
781;0.04450151282992437
782;0.08893317733033512
783;0.0352656209473323
784;0.054800995693413415
785;0.015258424715564246
786;0.029607536382761923
787;0.05217650564582791
788;0.09117110265525281
789;0.026094436382644207
790;0.04558053588081278
791;0.037922063868960944
792;0.04843196158627289
793;0.006128308264543281
794;0.08643249394146628
795;0.04618612796013907
796;0.03586223026844998
797;0.003164383758118705
798;0.05079895345281389
799;0.0009280153826718984
800;0.030479984417283258
801;0.010955758522836756
802;0.028996798104284828
803;0.014791007188685113
804;0.060478688652700535
805;0.030810616169016248
806;0.06725407795835367
807;0.005825624281062692
808;0.0836897949707023
809;0.013037650386589474
810;0.06878928248482022
811;0.0743541183382431
812;0.0630614550857093
813;0.08367601634831999
814;0.08123841081034593
815;0.019081810017814827
816;0.08133197519216462
817;0.03596785213056434
818;0.09065175389169186
819;0.06742531028572245
820;0.03970693533425294
821;0.05809256974103785
822;0.05213516557615197
823;0.03686555135318327
824;0.02918559589393075
825;0.04213699247971715
826;0.08913586508141141
827;0.07455498091375333
828;0.05340262480376018
829;0.025437617936723257
830;0.02464350582725935
831;0.0142305751811476
832;0.021783068007011075
833;0.09335768005859779
834;0.004880911521929943
835;0.04614195034037786
836;0.020777537427678208
837;0.08884069292563262
838;0.09342461068125818
839;0.058657925829824625
840;0.054239645773738555
841;0.03254620112393171
842;0.07129563443435206
843;0.05297829830584973
844;0.06545896159960442
845;0.03509476250023452
846;0.0460314623401705
847;0.06050685098073444
848;0.059250466548252424
849;0.06736184703833963
850;0.04153197855280749
851;0.08622406110370603
852;0.03163532245437881
853;0.03233050021509322
854;0.001367445527472
855;0.015025371527617971
856;0.09856043062548864
857;0.020526504948987813
858;0.07866633726660043
859;0.08178759330102206
860;0.044989218337978615
861;0.07168858045163283
862;0.017914682339032595
863;0.08372591155949355
864;0.041300755906782664
865;0.08642699792042172
866;0.047867108673838414
867;0.05847932039874744
868;0.028294893301692804
869;0.09826311717973786
870;0.019755647761398622
871;0.02927284791813477
872;0.01704146112111119
873;0.07184421146590099
874;0.02248002292930028
875;0.016211231474414344
876;0.023997404057437912
877;0.037578587139418355
878;0.009540143543573298
879;0.092539793585427
880;0.08906594193950394
881;0.04918438331786398
882;0.0960008212848499
883;0.049708634371996574
884;0.05706056137820488
885;0.06459381830587907
886;0.07742410757300724
887;0.0392244190300125
888;0.020424511692506878
889;0.05065075994080536
890;0.0035796941761325864
891;0.08925901346266227
892;0.044207418504860034
893;0.07073537221114741
894;0.06228973477793029
895;0.046654435762155534
896;0.09778703450872088
897;0.09086412525024933
898;0.052467514597304546
899;0.013057885030919392
900;0.07169395874090988
901;0.07828132316915071
902;0.0973227469854605
903;0.0748173625014149
904;0.07144535705547539
905;0.08336794395682486
906;0.06613904407881596
907;0.03911194389699174
908;0.03747642061997205
909;0.06096609242870521
910;0.0010876053342640524
911;0.06790786825955496
912;0.08324886937037251
913;0.011146956573558298
914;0.023697120618449898
915;0.0585078348101466
916;0.0035074744527830663
917;0.04234673862601088
918;0.07206240527914827
919;0.02453282360573693
920;0.05512164799838987
921;0.05685945542790172
922;0.007669609705814074
923;0.009202881414228438
924;0.0756111051738902
925;0.0383171962081979
926;0.03577496208342439
927;0.013979046084702651
928;0.001823693398989146
929;0.08789937346682977
930;0.0795480000726989
931;0.06895844361321123
932;0.00886374234454731
933;0.08074276078700804
934;0.005118529785980375
935;0.02218273441430282
936;0.0747941480434866
937;0.035318508164281
938;0.03582924878861138
939;0.03157088315307554
940;0.08786390016745366
941;0.04432769175412459
942;0.09322687206117924
943;0.05188583573648922
944;0.012133720651559344
945;0.08411608102464085
946;0.022557706240015563
947;0.02105215367793696
948;0.08002587380145935
949;0.08861167718648652
950;0.04041425710770069
951;0.04808581887150805
952;0.08831331476639627
953;0.049874135478611706
954;0.03001764759880914
955;0.031717946784603504
956;0.07543346301987557
957;0.0820579593629826
958;0.06532081169317532
959;0.04026396363344797
960;0.023723202941134305
961;0.029939203578745233
962;0.033191251761984085
963;0.03797536664426426
964;0.025621996535190917
965;0.04201304227229661
966;0.0653687553326508
967;0.07701491897939812
968;0.07275400177312961
969;0.0265795164536628
970;0.024984459581592233
971;0.09193016364181007
972;0.05240313801965129
973;0.09473384695066045
974;0.05684117941951286
975;0.017496240004969833
976;0.03614351033152507
977;0.09040887650490725
978;0.0896434497733606
979;0.059967881186827
980;0.007513951465396085
981;0.010085396804431636
982;0.09791301717290624
983;0.07998315266324596
984;0.030329852622414777
985;0.071590510048594
986;0.07334013401775333
987;0.07146378038793798
988;0.07969767448747161
989;0.0913798361875103
990;0.010280339227638657
991;0.09166320379503202
992;0.03271215162216499
993;0.07827662572028128
994;0.09965944458662594
995;0.02490566138749536
996;0.08062217044857317
997;0.09989755122327257
998;0.021144551943543033
999;0.08954318106472094
1000;0.07764868667539022
