1;0.18784342039607357
2;0.1012673486707012
3;0.14530539577133844
4;0.13791501509032297
5;0.16616667364960516
6;0.03977394847870428
7;0.1556248112250026
8;0.01517439676740191
9;0.011263677469859946
10;0.016483745619618694
11;0.11644589403255275
12;0.0865250952377419
13;0.0335908679692164
14;0.017884517219269713
15;0.05483324950051496
16;0.004103872150079369
17;0.03962796002500044
18;0.1318101292097407
19;0.06353441179418447
20;0.10666667396768559
21;0.015254570727997165
22;0.06449480152637913
23;0.08974588358302041
24;0.07724235352791771
25;0.1968929725990674
26;0.08687377513131285
27;0.14261402667329978
28;0.004176538143862807
29;0.03287940824940063
30;0.02610144115773674
31;0.008346728740288278
32;0.08194729594942801
33;0.015781038348008637
34;0.10909913024576634
35;0.15182212353621827
36;0.09786591244656564
37;0.021287843073998516
38;0.1419788732199539
39;0.09487145815613274
40;0.012931983147614635
41;0.06735517198960027
42;0.13543700231702832
43;0.03198242569291872
44;0.12618036809160557
45;0.08103731966223622
46;0.1998157657925149
47;0.04913378850273218
48;0.09502466203718321
49;0.19078030339719157
50;0.05928589737816861
51;0.09208575153994192
52;0.0016157090259795838
53;0.009555572825796377
54;0.11535407915819139
55;0.16745736972125294
56;0.04142527923414601
57;0.1619694958447444
58;0.0652870786740333
59;0.09317814279536321
60;0.1497845091535053
61;0.058831459711253746
62;0.1672028737864406
63;0.15061719099983728
64;0.12459918576522672
65;0.07378203715460945
66;0.017525604549690165
67;0.11722074572594687
68;0.15696108740404346
69;0.18521722900991
70;0.15492882707490546
71;0.17904460809311717
72;0.1484512987252427
73;0.15293179762944875
74;0.08287774738966347
75;0.1459328467998699
76;0.07192929187066244
77;0.18761624927826848
78;0.08725285237528178
79;0.03979325811473407
80;0.020199158658927765
81;0.19806975950334385
82;0.018382497039691328
83;0.04675808371641615
84;0.11559209368957252
85;0.12962567002863132
86;0.15098056929335066
87;0.09028091619825514
88;0.018006168362437847
89;0.10021097116709683
90;0.08723029177523481
91;0.0023384586824848562
92;0.055914946889450805
93;0.11648377594100462
94;0.19786321305988352
95;0.09626964928562565
96;0.02071271633906633
97;0.040931270524528565
98;0.17188800339018648
99;0.10168367383230709
100;0.09864640675385013
101;0.13114023998493937
102;0.13199301986763418
103;0.09486422968016944
104;0.16224639820096687
105;0.1682823748322236
106;0.07362554507496002
107;0.0978427347002383
108;0.1253094039901633
109;0.1259761436979741
110;0.17538465361175237
111;0.09782558045889103
112;0.04597141737598585
113;0.1491410020878617
114;0.13209672849421833
115;0.09970787751160488
116;0.11778251749817384
117;0.037613694308766
118;0.19708086534013958
119;0.05449545352579086
120;0.03627979293468791
121;0.13461991878391497
122;0.16712632237276848
123;0.033882440490322276
124;0.0070725947864605405
125;0.125384319405144
126;0.0112342864378854
127;0.14603870551132583
128;0.1870330266293194
129;0.0056700897656825735
130;0.03505034695537033
131;0.07998505848273388
132;0.13597857620388973
133;0.004704166032300683
134;0.03642064912464058
135;0.011391519022438025
136;0.18288539625700462
137;0.10795670839623135
138;0.035586945120720026
139;0.14640309041939525
140;0.025763216603593445
141;0.11373032267136951
142;0.1923537780401206
143;0.1518310613808547
144;0.1722760268592832
145;0.18901860173947507
146;0.038559882155604464
147;0.08884116945354606
148;0.16379230933140745
149;0.18498976942925371
150;0.11740649178786225
151;0.04137795918689431
152;0.08363431939437022
153;0.08186842951112264
154;0.07370391561331449
155;0.11725156959968755
156;0.08074006380095651
157;0.1823337232988746
158;0.0033473644410846105
159;0.047390766791972495
160;0.10097189201506623
161;0.03095171789028206
162;0.0979211562903414
163;0.06748974742606864
164;0.19086280416829346
165;0.18069121321072282
166;0.049150576430572815
167;0.025501710054928097
168;0.13578672274282347
169;0.19771460727142498
170;0.032597933369308475
171;0.03794651052857594
172;0.02835230602848271
173;0.038970852935003
174;0.14413449373552303
175;0.19918944224026497
176;0.0652377685532716
177;0.08350357293366906
178;0.025746757861386672
179;0.09588276256081436
180;0.07436904822555011
181;0.16582194533273717
182;0.09528337492197288
183;0.14264250547065535
184;0.13039839843780987
185;0.1233685860276229
186;0.19266208653821604
187;0.06512000634885928
188;0.0391776505590683
189;0.05201038984907369
190;0.11793213448238211
191;0.10917815058179021
192;0.1095580763363578
193;0.12502363385052148
194;0.0704799756036795
195;0.17692374328960844
196;0.14257600999342496
197;0.14305976830494668
198;0.18896763407220085
199;0.17306520456449834
200;0.09678532673332363
201;0.07308312846940034
202;0.18409552470730825
203;0.15125136985956222
204;0.15270835685213746
205;0.15111887357851295
206;0.18173610169152848
207;0.11878866943794275
208;0.1685652100235803
209;0.11673540365926237
210;0.06964404285530633
211;0.12498399618171335
212;0.09607593711215641
213;0.030674870958418102
214;0.09226129400357493
215;0.19062707619610503
216;0.032883879444533484
217;0.14633582207108256
218;0.0856003740180603
219;0.010548707007391479
220;0.07304978528374471
221;0.16731289915136666
222;0.1253731738820167
223;0.13544597303140987
224;0.004797122160921031
225;0.19043449492735154
226;0.11526246602769269
227;0.14725375153835993
228;0.15107033726360353
229;4.935460642352397e-06
230;0.10423804883837973
231;0.1338063639524637
232;0.07890043444055904
233;0.05469841467763781
234;0.0527623340648554
235;0.14091969982325123
236;0.14955150579600232
237;0.08867711728226771
238;0.10363980500761677
239;0.05658457292803443
240;0.03830974026189729
241;0.11629049310816422
242;0.16843475811166161
243;0.03032660683668209
244;0.19600259628304506
245;0.15848802083380295
246;0.10179656948732296
247;0.10136468563659154
248;0.06728688338820121
249;0.10855775378947302
250;0.09244180023531556
251;0.12071812868771481
252;0.012798192643544249
253;0.12498892459993
254;0.1589386507914149
255;0.02711720544030365
256;0.09180130290424358
257;0.003979222012051764
258;0.14747799762016126
259;0.11812409507433182
260;0.04640309631718018
261;0.013579054601342344
262;0.1966083074767464
263;0.1716739339725279
264;0.19907113153710806
265;0.002241150730914643
266;0.12174216403126988
267;0.10510374713450665
268;0.0031641658277494103
269;0.17355131872252247
270;0.1367302685990706
271;0.15964008162487264
272;0.023522804234211072
273;0.060721780772155
274;0.07352119101316101
275;0.012346502197697774
276;0.1641514250956218
277;0.039221489209971795
278;0.11554626525440059
279;0.1989771611199282
280;0.0818084739995785
281;0.17343537137885146
282;0.020495058121463572
283;0.024076397972942965
284;0.07937155142959018
285;0.15494695909837308
286;0.046429927983665326
287;0.1921607033227635
288;0.1067778495670613
289;0.02257836768952919
290;0.03924019439292881
291;0.02920203884861188
292;0.18514816178937443
293;0.04744010247684858
294;0.0245497712555536
295;0.06889696045132383
296;0.03992309019012437
297;0.038777419211410806
298;0.1357159706385658
299;0.09395718781944572
300;0.08737992823811634
301;0.01183091304242443
302;0.1988951007423892
303;0.09223032439135065
304;0.19252533657738358
305;0.00973483109354314
306;0.028192353587072505
307;0.09659992862618016
308;0.021956567590625076
309;0.1658405779160809
310;0.014493386794384323
311;0.036364484163315884
312;0.0022385407357575107
313;0.16828509451902673
314;0.17511059625400688
315;0.12772122376018122
316;0.11381030381248643
317;0.14991818074506322
318;0.1395384415246355
319;0.1587694321801937
320;0.09663842553613802
321;0.16153415449499003
322;0.08342555325740825
323;0.09850714640971832
324;0.161490323088613
325;0.07407411965058533
326;0.19175152095577105
327;0.0952259467230443
328;0.018549113210639148
329;0.05437821284972939
330;0.05959627745567349
331;0.021719199459213523
332;0.14746167526231788
333;0.18801556389277907
334;0.11982031985835362
335;0.021728712302973574
336;0.017015562070285383
337;0.011364735793535787
338;0.11472946673551963
339;0.0070341102653992855
340;0.12190723314854866
341;0.003703035604292482
342;0.0005257571300486319
343;0.048993198450468324
344;0.0775589002561949
345;0.1607731766735908
346;0.1988813330302667
347;0.05541532677967891
348;0.095004653427414
349;0.0334580493263301
350;0.10982320063545109
351;0.16681592410222962
352;0.10736147856039172
353;0.06831577668348572
354;0.11854083142637202
355;0.006105426910975553
356;0.16779246572665532
357;0.09581165534917131
358;0.03340605219696102
359;0.15150732055754793
360;0.0005099754164913817
361;0.09738765380853476
362;0.04150612938278633
363;0.06092834632849016
364;0.03942179346436858
365;0.09584898568822076
366;0.0583308252688991
367;0.09746103028729852
368;0.0435214830065281
369;0.012267382391784288
370;0.009989418171662724
371;0.026055622286747848
372;0.08971590244728281
373;0.10529940185940719
374;0.15219845893379674
375;0.17510589877688232
376;0.09209699487056651
377;0.03614335923565717
378;0.14983338969401508
379;0.16604108560402717
380;0.03472352609961935
381;0.11653577989913087
382;0.060833052042274474
383;0.16851212088798606
384;0.19180245289841832
385;0.059646632085622736
386;0.019320290127691653
387;0.15513585352871756
388;0.08836893522768413
389;0.054268085783963804
390;0.16814032901303505
391;0.06745180835708837
392;0.10305449431929695
393;0.13113884492266242
394;0.09539490648950702
395;0.032942383613231985
396;0.19651647227348656
397;0.06445121097753499
398;0.07623187630371452
399;0.02794229354461755
400;0.09551022770424011
401;0.0828044870704806
402;0.1323158436015853
403;0.02089362603842775
404;0.01775588993593127
405;0.07237438686949274
406;0.044504104777740916
407;0.15418519170290823
408;0.03878095315983898
409;0.173687779191398
410;0.17675964831345226
411;0.04848400785490643
412;0.0709071280868193
413;0.08930351263946501
414;0.16078898958531945
415;0.09843195747878186
416;0.016814917634861027
417;0.14740292486472184
418;0.10729642315216747
419;0.07445044798713665
420;0.019981277154256284
421;0.02826009308014741
422;0.12447917733962542
423;0.04003574116953271
424;0.028234029408396633
425;0.059710620192069255
426;0.00018893240192539019
427;0.16917113225485103
428;0.17526044358748025
429;0.14884028744163852
430;0.0030709637370697433
431;0.026872135363832417
432;0.1026835879690319
433;0.1734237756573712
434;0.17413160696877267
435;0.05941879163728832
436;0.0687577937439835
437;0.11787754813944651
438;0.11750703120979689
439;0.10212886195548299
440;0.008016314019794036
441;0.03617462831359968
442;0.11940650610592314
443;0.12013505245276673
444;0.009507450906333115
445;0.03532780245525859
446;0.1725352709301968
447;0.008216353927799314
448;0.17815533510275122
449;0.11184699428902208
450;0.16327873194868897
451;0.014747198964455244
452;0.16030732975858997
453;0.07827946474212573
454;0.08790052717395994
455;0.14726466676511993
456;0.14852291923069827
457;0.15352292829149164
458;0.05028582782719735
459;0.14432533061917155
460;0.043455423382676675
461;0.026932937666075164
462;0.11570630507165823
463;0.04554036955614343
464;0.19862086442392746
465;0.08375823867431942
466;0.10022364010124662
467;0.06927941477634166
468;0.1873684305143726
469;0.13578934168380483
470;0.025796134071515486
471;0.023721582736909143
472;0.15069051043694226
473;0.0006280438410540602
474;0.11934736747632338
475;0.0928300724869773
476;0.1512185704887244
477;0.10352746896022953
478;0.11602528579530512
479;0.18067152713361978
480;0.13350170692609148
481;0.10057591456849846
482;0.13548453781236788
483;0.06507464602342486
484;0.18988180379693037
485;0.18567085433688868
486;0.169622095457691
487;0.03053701133055653
488;0.10234754550852161
489;0.049819724007508184
490;0.03825492083155007
491;0.08173487725604951
492;0.06768009974999585
493;0.06459639676154474
494;0.040002705374570825
495;0.029523786743808025
496;0.0453350266999774
497;0.15180327695329218
498;0.06651893098681597
499;0.12382395874762353
500;0.14013924573909617
501;0.13376971505113538
502;0.03877839421487779
503;0.07499818379965827
504;0.022237569952821803
505;0.06543800015652952
506;0.10101723241828164
507;0.04232550258418575
508;0.042504401577041495
509;0.1426552965456981
510;0.06205640523593492
511;0.04835690760720366
512;0.15228712020032575
513;0.10010087674462956
514;0.13496074805478472
515;0.08297760749606548
516;0.00279393403367596
517;0.13528360554004257
518;0.0010482886250734013
519;0.08298638652825399
520;0.13242832906297183
521;0.13449491941515437
522;0.016941733764804037
523;0.18129136622241648
524;0.16535069509024097
525;0.18452267324707272
526;0.06700173402744425
527;0.14372485857462652
528;0.035618118595022286
529;0.19403156047248993
530;0.060613626800325185
531;0.09884471733903802
532;0.1608594885938711
533;0.17790408953964199
534;0.17043174307341868
535;0.13957093500295
536;0.029110376739674006
537;0.05815004966869
538;0.05824264536888879
539;0.010062119657179049
540;0.004694009393046806
541;0.17457836051507813
542;0.06302406347352744
543;0.18224494566556948
544;0.00388750660235071
545;0.05772723012381831
546;0.026061945204445425
547;0.07501728819195633
548;0.1723928262061436
549;0.06334800333349003
550;0.15690823855506683
551;0.02800318944504634
552;0.08743991999004486
553;0.052710554246155075
554;0.10190640761155739
555;0.12214051329964788
556;0.1519807186049222
557;0.08177169253661981
558;0.04568826499003862
559;0.05864423490657487
560;0.0850864004184972
561;0.028400757797365242
562;0.15513895885543738
563;0.17320953500427527
564;0.14187865660651455
565;0.03723408333287128
566;0.10242933696823282
567;0.1735070770082673
568;0.02787597124896568
569;0.18147403002260418
570;0.07760801287247501
571;0.06012974600676935
572;0.19767985771377816
573;0.04467594121692691
574;0.05581191339804022
575;0.15557153683519315
576;0.12494506322274886
577;0.06579311522384733
578;0.04883673694152706
579;0.024847662645285817
580;0.04957721734679175
581;0.0964788350065125
582;0.1571945433428824
583;0.17965659308822882
584;0.04821444045869479
585;0.1750316149536562
586;0.11973672572414194
587;0.013787423211040829
588;0.16814391260581163
589;0.09470504397477451
590;0.10379648778245898
591;0.0710197059629447
592;0.1414143409499996
593;0.13789084456318407
594;0.12590058659851378
595;0.03325959199110347
596;0.14813422743520807
597;0.10947746149855123
598;0.12110170041420246
599;0.10598856928391148
600;0.05060613361624442
601;0.05997912436268493
602;0.08508224355459558
603;0.046183245111824416
604;0.061999190814138766
605;0.15446833531550266
606;0.005794182127728243
607;0.06501576917684569
608;0.13076942374054154
609;0.07498253702726042
610;0.006283891661400087
611;0.053466943712041776
612;0.0020027329450909015
613;0.1499671889290456
614;0.17742931456811595
615;0.12872165081497772
616;0.05802928345862977
617;0.02523058865878607
618;0.02644523634541758
619;0.0495864254800058
620;0.13740572248990843
621;0.07017660855954429
622;0.15804774841692454
623;0.032741878194005515
624;0.18426154502076805
625;0.05378852434479944
626;0.019068166198581694
627;0.036868781203117366
628;0.11836758470772642
629;0.19493673148818558
630;0.07039850471307492
631;0.10434948516697971
632;0.1722158104503494
633;0.022525074944849233
634;0.19709357174225542
635;0.1859853502323491
636;0.17780702885656874
637;0.002878960963279909
638;0.019355278198057404
639;0.13608263563763717
640;0.14963623521968059
641;0.06177695317054208
642;0.09901225534479126
643;0.10275467582546666
644;0.036370598141293085
645;0.09172950645456127
646;0.1533560433695437
647;0.11956154334185237
648;0.0017406593857293374
649;0.11186033342760304
650;0.09966995992241057
651;0.14579509917002131
652;0.13841979218963602
653;0.03249618170906084
654;0.10308361147967932
655;0.11850444387528161
656;0.07221087142868736
657;0.18471942981999223
658;0.14510120824718964
659;0.01785918796365966
660;0.1297041682065264
661;0.06701251692809194
662;0.11808381626253224
663;0.09354003721880699
664;0.002869659629153376
665;0.16879354458322016
666;0.14320403461476522
667;0.005471535710653952
668;0.19242819278053497
669;0.1281125808654884
670;0.004326285614987824
671;0.13554063850649337
672;0.11165438422383639
673;0.13997550473032053
674;0.023991231247726088
675;0.05117822161765571
676;0.15477635402096684
677;0.18714279220011895
678;0.04132796693830252
679;0.16385899528422895
680;0.026542896556057707
681;0.06673495487368845
682;0.016266611939057585
683;0.012250088605062182
684;0.14210989534491092
685;0.011552380703788657
686;0.1149478053632205
687;0.12189679431174845
688;0.03340234491521188
689;0.1868266586918135
690;0.12925770055333466
691;0.10927441697105356
692;0.1697545593120404
693;0.19813392461210372
694;0.033077852002017294
695;0.03429324661118267
696;0.16532775319098947
697;0.07965839549435512
698;0.07909403512531957
699;0.1334522998443304
700;0.07632175098278729
701;0.0354355080334098
702;0.10885216599964949
703;0.18959466342073372
704;0.1529006185034319
705;0.062469358753087456
706;0.18853241748199676
707;0.05340625663283538
708;0.14898238032688568
709;0.012332047008022685
710;0.056477908363303846
711;0.15205656938790266
712;0.15562209713647474
713;0.01676435734229247
714;0.09140579586224051
715;0.07572421469985498
716;0.08091550250987152
717;0.018200447992865465
718;0.1592237772803086
719;0.05440717953657464
720;0.00429276829691323
721;0.056013784374104536
722;0.1669082964760043
723;0.18318510329090784
724;0.003904054175492888
725;0.18814490881887316
726;0.09274316516009742
727;0.13002002995540457
728;0.1648591093690087
729;0.18219815723736002
730;0.152395660814361
731;0.06095844298125404
732;0.17094699842661965
733;0.07683787729581165
734;0.049912689004088545
735;0.02220812223502935
736;0.03936554656557323
737;0.03802225988924939
738;0.07196069827898595
739;0.11574207122301483
740;0.05494119249739087
741;0.17103925730510208
742;0.15885672090822972
743;0.18080270846951296
744;0.06504080005092179
745;0.06872160766865885
746;0.17812394983623214
747;0.07587662289492332
748;0.013993099485183591
749;0.0700886134755767
750;0.134075676057935
751;0.06987091588208105
752;0.06654867096161968
753;0.015691299503851907
754;0.149606287618619
755;0.02802380002296119
756;0.12069941525198609
757;0.13045319004079547
758;0.05104479978453036
759;0.024402247497438315
760;0.14375774054274087
761;0.1534213775499928
762;0.13526386734032197
763;0.10280165758118094
764;0.015912883326488082
765;0.15741962888457725
766;0.00949477596987729
767;0.1438019006494282
768;0.06353566260570824
769;0.05575855861853185
770;0.10698872101400986
771;0.14003736510377315
772;0.0072144024712215375
773;0.12819638030417604
774;0.02431871650175237
775;0.1485305232571231
776;0.09636300770459372
777;0.0784289263135203
778;0.1742372934062599
779;0.12572895608145038
780;0.029116731195915537
781;0.02819175848436295
782;0.038237461968974956
783;0.04617449850913205
784;0.13337731151193402
785;0.08989980548385318
786;0.15894918323609075
787;0.09480959518543033
788;0.0010955173162091158
789;0.09267697580969436
790;0.07483868093303014
791;0.10434227902962286
792;0.160695294367923
793;0.0977327222371257
794;0.1463372873004918
795;0.00801978021864016
796;0.11429175113592166
797;0.16622421346394967
798;0.12926375389917666
799;0.047887604688656875
800;0.1688095690619173
801;0.09349170420892393
802;0.12309271724818327
803;0.1127582801028213
804;0.17347046244243458
805;0.14331027958333048
806;0.00838098910064149
807;0.19524201573119782
808;0.12503379903171583
809;0.1492543570559373
810;0.07710830257127557
811;0.016496542721717588
812;0.1971541706444418
813;0.09951551815194773
814;0.06892473888083428
815;0.033723340840983586
816;0.00939188259509185
817;0.1495596472872293
818;0.1876040248593679
819;0.12199240354135826
820;0.05495695768366396
821;0.06221952598688174
822;0.0990939125117613
823;0.17597320047471554
824;0.07345964728679892
825;0.15120039041661182
826;0.0678038672384135
827;0.17264375624646988
828;0.07231078340327009
829;0.13790917639066025
830;0.08367282787031492
831;0.009460934545750211
832;0.1983429597954562
833;0.07260846913171051
834;0.1262582451226907
835;0.015000626290000187
836;0.10387883693783327
837;0.16614902877271345
838;0.09823606239851804
839;0.17953936544176488
840;0.10812800480702055
841;0.16847831495113097
842;0.13810022549107634
843;0.09040817179411338
844;0.004793089246712401
845;0.07766880288160677
846;0.04777180226036997
847;0.15055912196378476
848;0.11103726593394335
849;0.08515830712703171
850;0.000990367390576985
851;0.17037099652497328
852;0.09169041400350741
853;0.07344047662231
854;0.12494718543464883
855;0.05388600624124085
856;0.14739282763832887
857;0.1268566123370588
858;0.06369062985096399
859;0.0004886186193345133
860;0.10603902727789485
861;0.021329772454649665
862;0.17889102022938716
863;0.10955140195336202
864;0.1417193759279654
865;0.18372205616206735
866;0.10091100596495384
867;0.00011518959614706948
868;0.09801035504219102
869;0.19891986942902928
870;0.1335460730319379
871;0.14659099566398312
872;0.12440756681814101
873;0.03834093823983007
874;0.15124899967536534
875;0.17168494173307244
876;0.09404776292702466
877;0.18717779265138787
878;0.055913454131692714
879;0.09388594835471534
880;0.02420786220868716
881;0.07501142295128521
882;0.16458966443761114
883;0.19171189194640945
884;0.11032298734118312
885;0.008889370841017775
886;0.06640414863548282
887;0.0039000900107837968
888;0.10964070572752893
889;0.015633635543435356
890;0.1859711217181188
891;0.01409375404925577
892;0.15860986641017366
893;0.06325838971083352
894;0.13984571262713436
895;0.030200456701651324
896;0.1395079935438064
897;0.15011164514261174
898;0.17016842774209281
899;0.0900139387695585
900;0.10270138076893412
901;0.02864814354114913
902;0.05416237299039772
903;0.0863843925272043
904;0.09799508470216355
905;0.19035362495221786
906;0.0701229876250737
907;0.09870611385434867
908;0.02988859565492008
909;0.18908403355006906
910;0.04439419841536834
911;0.15551189472449814
912;0.1673717029474854
913;0.1918528220600204
914;0.15914342322970276
915;0.04839734110940237
916;0.10502270828361902
917;0.042364622451342274
918;0.029824618743825672
919;0.014303226709520845
920;0.1150168306281135
921;0.08352795539738278
922;0.1571957694626198
923;0.14732934715160134
924;0.027900088338133535
925;0.19664101423738356
926;0.13844892644862059
927;0.19568192527478057
928;0.13562116912489994
929;0.13824353829436156
930;0.03826972984445658
931;0.027693796288176364
932;0.03871002252995115
933;0.04425640528072956
934;0.18494927497431646
935;0.1276542107694629
936;0.13498513422246658
937;0.1996728474686098
938;0.013065908570316531
939;0.056766762259555084
940;0.13919733720862293
941;0.19859635087398358
942;0.12290577857418986
943;0.19199701936913785
944;0.17543713903824532
945;0.023128912073667164
946;0.03313598653391221
947;0.04466084388641929
948;0.020609158270122774
949;0.09807655140941951
950;0.18964459691244784
951;0.13681992683503555
952;0.19523746118742075
953;0.006277994559527178
954;0.11847925695636595
955;0.11824667876196798
956;0.15233390925135004
957;0.16425088196388812
958;0.07052541574530723
959;0.0663015221682307
960;0.060394402681862386
961;0.13215613608451737
962;0.0856918557735072
963;0.11730375328467368
964;0.1770852919903914
965;0.041606491551097614
966;0.17100303961942767
967;0.18319383398593436
968;0.1561476103685579
969;0.03303612287706401
970;0.04624788374306883
971;0.07240988293872773
972;0.11429052716496979
973;0.058997921319308526
974;0.1904119689767212
975;0.019712938188357843
976;0.004994535586142624
977;0.1982130258034921
978;0.009006239843448527
979;0.15004755236808687
980;0.07718514843785432
981;0.18506144359769286
982;0.033715478527150226
983;0.017231526298548162
984;0.09970622516313432
985;0.06789895715087062
986;0.0547056476169326
987;0.1759968477156869
988;0.16286508089694884
989;0.18497980593589597
990;0.10943089879722097
991;0.07469208871714726
992;0.019893980979753503
993;0.1846049991936051
994;0.1614338537431746
995;0.09212294745082941
996;0.1684096354427932
997;0.1626354086676488
998;0.06190249601727003
999;0.021496612300945062
1000;0.14320061045070423
