1;0.03716788220595825
2;0.08782273408796505
3;0.07530971483585913
4;0.0991760211991306
5;0.07680694223496416
6;0.07778375430553489
7;0.016238244009368775
8;0.07691532582041738
9;0.09550053338143484
10;0.050380647029799844
11;0.0574097283256495
12;0.07076298609787698
13;0.01822698954686126
14;0.0527008349683477
15;0.04073868916311213
16;0.060520812160624854
17;0.004134951835199019
18;0.09972820063538317
19;0.04396820543773068
20;0.0716644236080544
21;0.018269494362236082
22;0.06562551359283875
23;0.01797728745721139
24;0.030443837346547986
25;0.010356229827361252
26;0.0866258412988636
27;0.070325847542428
28;0.0027731160773711073
29;0.09304668909296959
30;0.061906648573606386
31;0.07873955968450837
32;0.05523209350008699
33;0.01483969656987565
34;0.08377262564129033
35;0.06827465977812143
36;0.007288675578877502
37;0.04507354458619829
38;0.06828147212820976
39;0.03419670550070183
40;0.05200877972192264
41;0.03976236800429999
42;0.053648817203405634
43;0.05394300021817508
44;0.06515322772588973
45;0.02835187856906082
46;0.07479484169975126
47;0.08424359684709527
48;0.03719079478417978
49;0.02049737793246581
50;0.04870349556732241
51;0.09787065942545481
52;0.04287935086955257
53;0.07842131950010019
54;0.09719748367244056
55;0.03695478149728806
56;0.08956490965184323
57;0.06450694207181382
58;0.08509723856651498
59;0.01730808202691523
60;0.08048086210188964
61;0.0981065107953928
62;0.01739253638706646
63;0.06369063683450872
64;0.04666902630720963
65;0.05569816809309304
66;0.055756741826759805
67;0.03974294975928797
68;0.07626392942563141
69;0.08172123701206876
70;0.05850430900171012
71;0.04588739179854128
72;0.039732666460511414
73;0.05881181830412158
74;0.049511582002505564
75;0.05387653949189295
76;0.09862994864954384
77;0.05810943517622455
78;0.09585582958212928
79;0.04858773316496126
80;0.02708613210414107
81;0.044323128123177014
82;0.005129354283615073
83;0.010582559752654498
84;0.05259152744025724
85;0.09969396718313586
86;0.08015859920432118
87;0.06488213355153684
88;0.07026799008063311
89;0.09408710080401135
90;0.00023481488050829393
91;0.051542255353387946
92;0.07241336781402143
93;0.08440774726169009
94;0.09436598064320526
95;0.030421785607554864
96;0.023660267964841577
97;0.058035875585954355
98;0.018038193597880416
99;0.0121530592819467
100;0.0787001289023331
101;0.08653451043467593
102;0.011550976426906334
103;0.028315087826583343
104;0.02109051205264925
105;0.021619276965899905
106;0.00433970430202747
107;0.07947400049082183
108;0.09586879964295171
109;0.0034389610006086094
110;0.05340425078665302
111;0.02045045359250244
112;0.06959855920866383
113;0.08000065307463593
114;0.024153448714924808
115;0.003737166450182339
116;0.033683173995332695
117;0.02792100851229741
118;0.07310812025915697
119;0.07453994051241199
120;0.00474615543126008
121;0.09710291417417584
122;0.07313087365916947
123;0.00731246892888171
124;0.09085331969798205
125;0.06334073646450868
126;0.022834816435840666
127;0.025837163107847696
128;0.007426392631073409
129;0.02192564822584875
130;0.08204110204385999
131;0.017377572664023466
132;0.03507902395367423
133;0.09060460955041488
134;0.03115952299120709
135;0.06283927633090237
136;0.062250891155875454
137;0.08013617888993735
138;0.08688832537280797
139;0.00864503527991163
140;0.04629048195895816
141;0.048160674263284714
142;0.09486452113576886
143;0.018696943823283064
144;0.08966626557071575
145;0.01232108517848567
146;0.08120613510626223
147;0.06731289890794766
148;0.021872178886244577
149;0.08133619810489529
150;0.05799941265444798
151;0.04595756521662134
152;0.07134837203456355
153;0.034138543717884565
154;0.0077630902969026755
155;0.039494276979854775
156;0.08033388736234937
157;0.09288484296766675
158;0.072992121765648
159;0.05145091128806496
160;0.027335078722733764
161;0.09048115395194414
162;0.016503054717701793
163;0.05026160753200203
164;0.08483479252315293
165;0.02056005953450665
166;0.06446729527976429
167;0.03771606206177174
168;0.0009794877616304265
169;0.03502497525465608
170;0.09403641760504519
171;0.02274851713167393
172;0.005195079222665933
173;0.02028039111787322
174;0.04263798565732461
175;0.09243411978265785
176;0.006037016537914719
177;0.08845642941898821
178;0.005381375139618661
179;0.05138382372197538
180;0.050359741086580125
181;0.07883224912680564
182;0.0781144552423664
183;0.09468119639115444
184;0.040962080573009735
185;0.04792583890472485
186;0.037418851109736175
187;0.02458403289286817
188;0.06205966581965847
189;0.04568776397820506
190;0.05438851709488271
191;0.04780425815073559
192;0.06913928638334949
193;0.025623059528679784
194;0.007843948243039245
195;0.02116111820152924
196;0.007403861170013903
197;0.06756857120036071
198;0.09393523364800752
199;0.08609452144368655
200;0.004064458722051567
201;0.04422812286548379
202;0.08721036951624012
203;0.021892973589489363
204;0.05602063883064112
205;0.005229743490168415
206;0.003929482092942638
207;0.007992103518427473
208;0.011059010780844881
209;0.02531704830194458
210;0.05412368550936032
211;0.09846013976779266
212;0.08705467215210519
213;0.048097700678955094
214;0.06530403739459498
215;0.01768266136580531
216;0.07302577055220254
217;0.02846971834349761
218;0.03193968657356505
219;0.03237425652991399
220;0.08647031487198108
221;0.09876013796262291
222;0.08073586367798241
223;0.05766219725992893
224;0.04437392969562831
225;0.07864444282730021
226;0.08840567270084339
227;0.03597555815154884
228;0.06347054698909925
229;0.017031352943398147
230;0.04002114588006459
231;0.007478664210316699
232;0.004869182955231344
233;0.0741382161197386
234;0.01879497201773961
235;0.05169779863127786
236;0.08366273962897769
237;0.0846761817030538
238;0.08169922994380983
239;0.02844674352725837
240;0.07048422145357362
241;0.07587544490197357
242;0.06038821394412566
243;0.03366351197780503
244;0.0398725621459271
245;0.023834181548513148
246;0.08327924762709712
247;0.08009922739478663
248;0.09133249045038447
249;0.09738218527269137
250;0.0629590559472692
251;0.06371317756584366
252;0.0388398286820405
253;0.05936289947207012
254;0.021568644946054018
255;0.022783631862508858
256;0.07391960936673717
257;0.04236292945306627
258;0.009235728414604029
259;0.0599224365479248
260;0.07902026965723709
261;0.06889148437885616
262;0.07961892996903691
263;0.05209537137566093
264;0.06953660804533811
265;0.06436741894803423
266;0.098344068773999
267;0.02267075418497566
268;0.05080832943582016
269;0.04362569448341446
270;0.023271461875747936
271;0.08157215547920588
272;0.027762529833168115
273;0.0968026462642746
274;0.07510658436400863
275;0.04653672759815634
276;0.0992580096371635
277;0.021756226407379245
278;0.029303555290352445
279;0.04732027836695207
280;0.09773537620410334
281;0.016550549185694707
282;0.0007857004250990452
283;0.008561922280654055
284;0.05199063240326368
285;0.08616194862246496
286;0.04241622443910825
287;0.07526572947410332
288;0.07650787814505502
289;0.02268097883060698
290;0.09561135081017086
291;0.05784438312037115
292;0.014878808593901838
293;0.07443129554366126
294;0.09417264060531239
295;0.01968074841387567
296;0.025422935902963087
297;0.052230486451924296
298;0.0318785072463045
299;0.09970170002568209
300;0.03377995781277161
301;0.047312930182328086
302;0.05175868929694517
303;0.0766663367363678
304;0.03232508862586569
305;0.0313094144888927
306;0.03871285441403521
307;0.014201993773207789
308;0.07784212375998883
309;0.09683474536860981
310;0.08263599330002254
311;0.04759911289538241
312;0.0011369856945534496
313;0.04955712807569889
314;0.02253554715647942
315;0.031540362061391235
316;0.0722251664183614
317;0.04158344848142279
318;0.02806629100030249
319;0.0674806513590725
320;0.03938297628837442
321;0.085427087814885
322;0.027782979591052727
323;0.016379094779620598
324;0.06870082969092323
325;0.051979700716624305
326;0.09629867106790863
327;0.024901948255254238
328;0.04183933853994416
329;0.016107987224519938
330;0.09624852327706611
331;0.08986872260861539
332;0.019268402794377283
333;0.04711813354619059
334;0.04347060869287997
335;0.08814907683187506
336;0.07068135631748633
337;0.04456858224837307
338;0.019489080383104797
339;0.07918129094691967
340;0.04417387551786857
341;0.005468617044902247
342;0.006984146017677851
343;0.04710981362814927
344;0.08698283347736922
345;0.011683099117104124
346;0.002291692991388783
347;0.05634791309754655
348;0.02921503198368236
349;0.012776559814207646
350;0.0006534338787237194
351;0.048255558851776154
352;0.0005975721477147977
353;0.028056340708660067
354;0.07270141882457948
355;0.0322241120194846
356;0.07419065406848623
357;0.06862288780749408
358;0.07804006150912918
359;0.01327298922460083
360;0.026686507853951092
361;0.0423044471446711
362;0.050000667118563547
363;0.03625525169931493
364;0.03717782056680896
365;0.02676406061871227
366;0.051434832475224436
367;0.036903933863665174
368;0.00782311091695469
369;0.007435992431395588
370;0.04542390182858991
371;0.05109556721861235
372;0.09174802726058505
373;0.08345036038771718
374;0.08020158862212805
375;0.08666548750341371
376;0.04978602143119293
377;0.0936772660134037
378;0.02760815959147337
379;0.013795636509599897
380;0.024555339626888807
381;0.09748137104310571
382;0.01289581012910448
383;0.014060295178527183
384;0.042161519438248474
385;0.024647597451603956
386;0.043417721836427274
387;0.0399510519158279
388;0.01055172228843907
389;0.062223976485400435
390;0.016759519851524917
391;0.017610285610298326
392;0.08947759922452836
393;0.007909926445828497
394;0.08304267024953756
395;0.061724889738665634
396;0.05531437339988088
397;0.067159337822411
398;0.052914655182568174
399;0.08886180048493388
400;0.09573780914110723
401;0.03324390050803029
402;0.07538694364935612
403;0.06859242137885421
404;0.09145354083159772
405;0.06513953161530733
406;0.0703525461208938
407;0.06794896767874266
408;0.06536257809995648
409;0.07166040777938877
410;0.07962621107858804
411;0.0777004472277519
412;0.021519455067912176
413;0.039011182463397145
414;0.03083806697280671
415;0.015029095969430518
416;0.04130483887096884
417;0.08697356190978206
418;0.0525619019610428
419;0.024575619138754137
420;0.09503017917376272
421;0.054445717022370665
422;0.017339168568763632
423;0.016184007554926615
424;0.013212100499285229
425;0.017348652779789153
426;0.04138610347820888
427;0.0782831085674384
428;0.07592476417067244
429;0.06776991627354932
430;0.03080292279291338
431;0.03098799779177415
432;0.03452199790553786
433;0.00044841225540876995
434;0.011293105617033629
435;0.08988705498864717
436;0.0134785573905023
437;0.07272344922254848
438;0.05739142601925007
439;0.047572040552740384
440;0.05920884757205807
441;0.03771706234258614
442;0.0016308493236843582
443;0.061818337577092514
444;0.06679907449122537
445;0.04901400338983739
446;0.09847133847647341
447;0.023617212672046653
448;0.010121989727619374
449;0.08969449885400607
450;0.021838143813024027
451;0.011510383994713203
452;0.0005428188970907577
453;0.06437600547429463
454;0.00010893908847519063
455;0.05462665210373066
456;0.03945355517499225
457;0.046503739729338904
458;0.04757169860994464
459;0.08124870029618537
460;0.08996934154851322
461;0.002757311468484547
462;0.04473593906422371
463;0.05990953912812478
464;0.022805998024917198
465;0.044944394042061714
466;0.0984986981214307
467;0.0372608741959593
468;0.03314895555587029
469;0.057038605900289724
470;0.08689226620870227
471;0.03756862604777283
472;0.05377212671674906
473;0.08296307082311695
474;0.0381117150595735
475;0.03984421066126137
476;0.08489427071590601
477;0.07749921357744445
478;0.07072256629873346
479;0.02163661370512583
480;0.036673279944693105
481;0.09998584336516254
482;0.09797625022136994
483;0.06377054430189855
484;0.027450395136507058
485;0.06502081964040217
486;0.05799611785609912
487;0.010253310337635458
488;0.0034004969927962426
489;0.09163596773756855
490;0.05081045738483844
491;0.03667660792449057
492;0.02560609802208329
493;0.03676620955575784
494;0.09450749364448569
495;0.00947963126130762
496;0.012256277390513094
497;0.07119732002555211
498;0.09254841754328702
499;0.07941258256832678
500;0.09242068467193314
501;0.09344378958793415
502;0.05220905612387591
503;0.07233559766553684
504;0.07461959360897322
505;0.08280092493782741
506;0.08790309475440926
507;0.0329326170925193
508;0.06757030441229007
509;0.04497669643302624
510;0.05070282247132734
511;0.03926292633348935
512;0.07534761078438218
513;0.06700136453523539
514;0.015291031108016606
515;0.0609505559154785
516;0.07408804806902915
517;0.07038798129595017
518;0.07817939564928889
519;0.0329358540701453
520;0.009472530733437658
521;0.020938222362309057
522;0.008011455663218925
523;0.022370455264998312
524;0.04157297485804828
525;0.022931268096327964
526;0.07335993163605269
527;0.09277915114420586
528;0.040172984859175656
529;0.016770093307213074
530;0.09768506868033969
531;0.03435849260803563
532;0.09383483702102176
533;0.04006150377066658
534;0.03697303580861786
535;0.0489492191082275
536;0.026428118923130895
537;0.03347776424346255
538;0.06532644863653002
539;0.010013816071533566
540;0.02589036865549943
541;0.036733573876270735
542;0.0958081940163723
543;0.01120178948469567
544;0.04409402796812232
545;0.031224349716518208
546;0.034886888705357236
547;0.04741515530677365
548;0.06132554434548611
549;0.09009325793703649
550;0.09396497537779835
551;0.05004438091758539
552;0.007483310511583219
553;0.03832275169768634
554;0.06540149080697231
555;0.06849239238007057
556;0.053316544039935576
557;0.04917063030193847
558;0.03174014994379505
559;0.02150666587630551
560;0.09085297287217897
561;0.036957879749193394
562;0.028814383739223848
563;0.056370344548073575
564;0.032529556232786264
565;0.04283789904391987
566;0.09447858148793876
567;0.034426973542176886
568;0.042135309922093495
569;0.009884642517241894
570;0.0883633843927764
571;0.05025874250247279
572;0.04854548469719364
573;0.05841809624687877
574;0.059779660854929986
575;0.04389651337244127
576;0.08363577405584634
577;0.06591773836767555
578;0.018671556422820146
579;0.024596872592458408
580;0.07794440851310658
581;0.006169965142808953
582;0.022782142853560994
583;0.08981065056110032
584;0.02278436541535648
585;0.06094667046672251
586;0.07748546475418508
587;0.05245996471118526
588;0.026504069450170455
589;0.0055715658782706234
590;0.09526232410607163
591;0.06527785313673808
592;0.07588302396549129
593;0.06698620225809752
594;0.057382050551976586
595;0.09898149150864738
596;0.02330260602280511
597;0.03464936985193499
598;0.003870619828807287
599;0.028068110916673574
600;0.08630709926919061
601;0.025104617871271218
602;0.08030089237558048
603;0.024799144617822202
604;0.022217927358233514
605;0.04819598014354546
606;0.03794988964585503
607;0.003464171872540856
608;0.0891597579299011
609;0.09819632664111239
610;0.06725850921977122
611;0.028338243310975477
612;0.025236098797442565
613;0.05231990805464795
614;0.0634383081727501
615;0.024182928402281867
616;0.05617300602913719
617;0.0024875768398071488
618;0.08920284318918639
619;0.016052097842127244
620;0.062383669623308324
621;0.030609858333736074
622;0.027916071686466083
623;0.09501020174410535
624;0.010947698431721553
625;0.07982346702946368
626;0.047218297993721015
627;0.010037223052842837
628;0.05333527511821447
629;0.057452854903613564
630;0.07813543189817895
631;0.028610612941361826
632;0.09648292987164825
633;0.019866672432390976
634;0.00045492728001955696
635;0.031749268728376225
636;0.08921855216442225
637;0.04716642071453863
638;0.03663445592037419
639;0.038275160452042434
640;0.09253016732695533
641;0.007110461969384663
642;0.04734412024262594
643;0.08004624489735071
644;0.08839094535861491
645;0.0802764425509482
646;0.0351438326065514
647;0.03636916803824596
648;0.049873312469995046
649;0.07522241748843629
650;0.03194194806808261
651;0.04879410373442186
652;0.08046407367741476
653;0.011229463522268824
654;0.0773883220824007
655;0.0438343755016448
656;0.0715692648890912
657;0.09099798489895385
658;0.08116598647767846
659;0.03487773783800863
660;0.060655852398417545
661;0.07588094780069565
662;0.046073178390797144
663;0.07263481469581688
664;0.08680571219199495
665;0.08631033008098955
666;0.05756257229195358
667;0.0963554106710517
668;0.02178410253938934
669;0.08234916806851217
670;0.06568095127932921
671;0.03584178558560628
672;0.07480532958507327
673;0.01695681998669595
674;0.01568447346980514
675;0.03749734897233275
676;0.0683299972866768
677;0.0921519047042868
678;0.030356694103275517
679;0.049920571408229766
680;0.003372617289946156
681;0.03282996017946115
682;0.07581345439197838
683;0.025353217194039657
684;0.05789389727723813
685;0.07793192821616632
686;0.005097352384941201
687;0.028047446226716177
688;0.009141264394484195
689;0.0003006966873660866
690;0.03772216047378677
691;0.06430552534781718
692;0.06899767006900268
693;0.0795910961711622
694;0.026909832167233128
695;0.0494104694623999
696;0.05772738779822624
697;0.031168693787919224
698;0.08774550923873928
699;0.05564006175667552
700;0.07785502686219657
701;0.010001297886041172
702;0.032170230716916284
703;0.049495606593282754
704;0.0672405279791035
705;0.06417242227585594
706;0.05477521521195849
707;0.05676314411599223
708;0.07441656305824038
709;0.024302288200297974
710;0.003420790878351787
711;0.06903145294576063
712;0.00787588500609604
713;0.059670611222666085
714;0.039765923678025984
715;0.07931861912741976
716;0.07313963933309774
717;0.07230956466239367
718;0.029318891638116153
719;0.07605551782701908
720;0.035001056417377566
721;0.0002489402863054435
722;0.0644490198004979
723;0.07693530058087147
724;0.022448776535180848
725;0.07998213086337301
726;0.05372567649132845
727;0.07030142200111428
728;0.034443652988438316
729;0.02045980362231601
730;0.07718212750366772
731;0.021253409836773762
732;0.04820096670385418
733;0.07401072260542281
734;0.069529801729438
735;0.02472453483062145
736;0.07173166520971652
737;0.02433466732103976
738;0.09597155410676717
739;0.054713308344961825
740;0.045636194439171524
741;0.06655511825361131
742;0.097456905892699
743;0.08512438263852642
744;0.03956084943789824
745;0.08586461682759564
746;0.013757488458897849
747;0.011092119284790081
748;0.035380049182956286
749;0.051006366182606115
750;0.03638934694272124
751;0.04331917437582539
752;0.03909071061131558
753;0.004552930400186184
754;0.07434463604725058
755;0.04361618162320953
756;0.06644841564386837
757;0.06121374007282333
758;0.018684205344985196
759;0.01857850984211077
760;0.0976387331457213
761;0.0736339637732334
762;0.0332972201933619
763;0.04694715123327819
764;0.002299684768072663
765;0.07908180960946898
766;0.038823668996895724
767;0.010314055007715851
768;0.06798045476403601
769;0.08078928237842788
770;0.07987801982486706
771;0.02871855675957016
772;0.012727327539907308
773;0.058055219727168456
774;0.008609152159733346
775;0.08027495941363533
776;0.02888853659226718
777;0.09679493132400574
778;0.050207728801512586
779;0.029968252652349273
780;0.06383757948196926
781;0.027973034888171558
782;0.04280926153403052
783;0.047651142320715024
784;0.018995842384014496
785;0.010466979995610293
786;0.02353249801269741
787;0.010783148074829774
788;0.016866917164745334
789;0.02475395376656188
790;0.06488646406594081
791;0.03408915606001344
792;0.05131147021977667
793;0.0634416082213105
794;0.039220464763859354
795;0.051192183716847084
796;0.07492788105425245
797;0.07687001765264662
798;0.01636928795714151
799;0.08483838635304587
800;0.013182819580178662
801;0.05621987862909259
802;0.0038432162236177406
803;0.08018170758906404
804;0.026758977423438246
805;0.006327159844221376
806;0.016652419839643228
807;0.010465180533233809
808;0.09872218953548925
809;0.0672662167867818
810;0.042013481317605676
811;0.07682121438463962
812;0.058656686121802463
813;0.01113618625716526
814;0.0828485352939653
815;0.010195356211752616
816;0.007554962716577718
817;0.028918989811506368
818;0.08789622521299224
819;0.08400677259646971
820;0.09367598046004696
821;0.030529133298958
822;0.08935073448377819
823;0.0653156318214595
824;0.0855551201905781
825;0.004601122527677049
826;0.06571677212180774
827;0.06496510396374482
828;0.019240628058341383
829;0.061763990948477836
830;0.006051493918112061
831;0.06618407907987249
832;0.06298633390191564
833;0.049007534087449456
834;0.0337210688536992
835;0.033379102124553195
836;0.07214922565408989
837;0.06520104263954972
838;0.03113882466657804
839;0.032330193945301934
840;0.0746626754141676
841;0.010386476292599589
842;0.05017932082796104
843;0.02476522765031656
844;0.029139337213527818
845;0.010598803075695962
846;0.036421165374729815
847;0.06293556150503538
848;0.03399683162298094
849;0.012435897760214955
850;0.04641439298816485
851;0.09925059809646357
852;0.026685430868734775
853;0.040953817123798655
854;0.057135577128693715
855;0.0731160363192883
856;0.025883017142096787
857;0.05886042128147239
858;0.008995714786642128
859;0.029694249551071684
860;0.0516993648187826
861;0.041529693395828474
862;0.0068874945571710255
863;0.09878485446764203
864;0.08664813872302236
865;0.008240289977078475
866;0.06144417420540467
867;0.03495953745145645
868;0.04033663620406293
869;0.08810494926248429
870;0.07728336715908035
871;0.000519014327359757
872;0.036159543644397045
873;0.06794146131622054
874;0.005619272741222492
875;0.037435448887621826
876;0.02495565715536251
877;0.07810599244737815
878;0.026729819040581485
879;0.08416219015977006
880;0.04636532491384737
881;0.052190200549365774
882;0.04870207944778104
883;0.02731955980210883
884;0.09205597695172539
885;0.05862380396052143
886;0.04332071590625926
887;0.08833597690202466
888;0.0643469284053655
889;0.048485458373396885
890;0.022923588332830272
891;0.006306318848930637
892;0.009321357558150755
893;0.09522817519979712
894;0.019457747253241422
895;0.06457302465254622
896;0.05904192270132953
897;0.07237595797123063
898;0.004371825766206295
899;0.03838652074817597
900;0.02613647381798867
901;0.00194622327211631
902;0.06454171832714771
903;0.039076193163788256
904;0.039037991149804586
905;0.002933052217231169
906;0.07975160927767072
907;0.08880816645637048
908;0.012703689141484743
909;0.04629828048733745
910;0.09970260240900164
911;0.08309343271793397
912;0.08348646932940505
913;0.05216918495892906
914;0.0692073573655658
915;0.003617768931103671
916;0.0032407639528459265
917;0.07691967948800975
918;0.0630096134758442
919;0.004339521829612236
920;0.02576457467227873
921;0.004831710967946035
922;0.07970033052119432
923;0.04359444594261173
924;0.06767442979957558
925;0.022882710909370718
926;0.008409844163132651
927;0.006646845932447909
928;0.04029022126661911
929;0.025600403399405593
930;0.04041501594876772
931;0.045212603480495675
932;0.046676638935957464
933;0.04596992501590433
934;0.047499588605028356
935;0.09889099813013408
936;0.007700506538335161
937;0.031146608976116333
938;0.09971268551705224
939;0.00253654735891824
940;0.021196044533337656
941;0.09865943102922511
942;0.03932074518412962
943;0.035450318215856216
944;0.00031306801964130497
945;0.05629869058141723
946;0.07919310652797086
947;0.03415930555917808
948;0.08752022626746508
949;0.030690616757408154
950;0.054882700008955065
951;0.09887713046897689
952;0.04654357479870156
953;0.07821191324457183
954;0.04634018199336072
955;0.057101636451637953
956;0.0711283675250738
957;0.0013711525280074245
958;0.056374798903477824
959;0.0578798423948974
960;0.0852720911051856
961;0.03123809531272035
962;0.007400783812052525
963;0.045499132877986626
964;0.03783043504471728
965;0.0011307827432931795
966;0.08754551559889501
967;0.015786289388881724
968;0.023933568795477658
969;0.06496079395370163
970;0.03919898408081714
971;0.02023868163917807
972;0.09583798971123136
973;0.09526234635747245
974;0.05186161995515446
975;0.08883038635936484
976;0.08871437093833058
977;0.029733974295355216
978;0.04545691099402665
979;0.040907328249603504
980;0.022211817229339504
981;0.0788979572556261
982;0.08006149263070014
983;0.06850545257708997
984;0.06922741736703501
985;0.09286741216513514
986;0.04313816624484115
987;0.09095763440787841
988;0.07818835182840521
989;0.062729316549905
990;0.09209625345037975
991;0.09782991503928046
992;0.01933855849242552
993;0.009525630567136168
994;0.09878792869057942
995;0.023186089310828852
996;0.018770872214015556
997;0.0341797296095056
998;0.006518768330551084
999;0.02590219391187161
1000;0.09895635686754628
