1;0.12352915535520073
2;0.0581096431432808
3;0.17000353583863892
4;0.043582404128750966
5;0.02450488851725956
6;0.03691645558285555
7;0.13249042061201183
8;0.009944598595492793
9;0.1490731930545471
10;0.04261844855619912
11;0.06274595379938029
12;0.0312791419952716
13;0.16757799360120734
14;0.09294498313855537
15;0.0724550247600918
16;0.036126784401348845
17;0.16444078299978127
18;0.15690299302087785
19;0.00380670932579239
20;0.0994601107531563
21;0.013740081650900083
22;0.08320500832798564
23;0.1807342622136007
24;0.19203463666245998
25;0.1814972229182831
26;0.015096232113629227
27;0.18812194656502826
28;0.12445767949756213
29;0.12905044748186364
30;0.01641439393456421
31;0.18242655514820072
32;0.1511800961125015
33;0.06640401581926055
34;0.03434903240863054
35;0.19888049883442438
36;0.15678412276739834
37;0.0464089151966854
38;0.07073168879914707
39;0.11441401305196529
40;0.17483845131371348
41;0.07524518265704205
42;0.06995331136133198
43;0.03748708593816432
44;0.07519269369275122
45;0.006455194403464759
46;0.15009347149616653
47;0.0984964568330291
48;0.03558066476205326
49;0.15514052999265135
50;0.08182730187435674
51;0.19066083713089838
52;0.18786135101713244
53;0.07962627448028488
54;0.1332185899031075
55;0.1975047430648696
56;0.12165826729826286
57;0.13047100866448544
58;0.17010848889426702
59;0.16688866700473273
60;0.12860645100965448
61;0.012909684663430565
62;0.038272400994486436
63;0.1152781909050805
64;0.12815334061664638
65;0.03963023523284129
66;0.1701141423083789
67;0.19655242532356973
68;0.10137357849191675
69;0.05079941353439532
70;0.011500625611576876
71;0.007900983251657601
72;0.11522088478944621
73;0.0006439305594901912
74;0.06545246037240922
75;0.010881915610093286
76;0.13550052642324056
77;0.05682479800773541
78;0.14229524915804803
79;0.09945667501382192
80;0.05548413885146935
81;0.12006452785558558
82;0.05815757468841807
83;0.0700317904450614
84;0.035225381543767136
85;0.08048346391109024
86;0.040836162334842885
87;0.18247904029392717
88;0.003923943893693349
89;0.15205886792543755
90;0.17880988964403022
91;0.07227357784946664
92;0.16356359724368572
93;0.0017208348271994245
94;0.0006896397422889501
95;0.19870394906233577
96;0.06655389448854257
97;0.07326839118509387
98;0.057487490679879086
99;0.16392130042190603
100;0.1671681203799923
101;0.1760509004099704
102;0.19228653001104803
103;0.10513593602740366
104;0.012786579514341923
105;0.12303488707407624
106;0.14227906854390196
107;0.060144606597556674
108;0.13982808178004108
109;0.059336946496310494
110;0.08076880238707658
111;0.06375852659639183
112;0.10556124478781859
113;0.129140272257392
114;0.15535920257033545
115;0.09544750976645147
116;0.0408189835688467
117;0.09233272569590428
118;0.17847903416088165
119;0.010081485054845097
120;0.12459092677205386
121;0.03932503294189265
122;0.15440877802517938
123;0.18447487117325084
124;0.06856635677822931
125;0.1110496559520323
126;0.13024474144181378
127;0.057828647921440046
128;0.05950146580555356
129;0.12624285905462726
130;0.1905144566971488
131;0.1250945672063972
132;0.17215309296506331
133;0.009759592064430889
134;0.0750289466317077
135;0.08429206598765329
136;0.18445394125456713
137;0.05910759761596529
138;0.08055692017854853
139;0.1384634842294284
140;0.12588989490869487
141;0.11858762091826276
142;0.15536082164914103
143;0.013940832857704467
144;0.015563319454437563
145;0.02851860266621982
146;0.0755346173906722
147;0.0737948328664108
148;0.06074469970121568
149;0.19725987295001982
150;0.17172774595825446
151;0.17573227014563286
152;0.13707147107140222
153;0.18566488670838743
154;0.07766711274746894
155;0.17358691858589506
156;0.19944408710421688
157;0.14355601010585908
158;0.0496897248645499
159;0.09462189322444892
160;0.1499031349585913
161;0.15866991824438242
162;0.0011113454263311118
163;0.09113340794397934
164;0.07017087874846849
165;0.1224949799240544
166;0.13484221970049934
167;0.1615089066629149
168;0.028470359021473792
169;0.17262926447666294
170;0.14729012914565995
171;0.022203186751682293
172;0.07827621381764438
173;0.07140669314840711
174;0.1496628222330046
175;0.11071306101720331
176;0.08493993476576747
177;0.17194279447662067
178;0.08901695918573721
179;0.07792516110597712
180;0.0850030072117382
181;0.02441274423002935
182;0.15107145787946427
183;0.07035779183809891
184;0.17581336027144903
185;0.08795552075688165
186;0.19508734017896007
187;0.03802591135686309
188;0.1716180179161058
189;0.006637557721198806
190;0.06514540087118985
191;0.0322038832634221
192;0.057439969314140464
193;0.054164659590578174
194;0.06079701365819545
195;0.014112197141369976
196;0.1993640691804418
197;0.04818483691853475
198;0.15590045344826353
199;0.03501954234078817
200;0.16434625269469438
201;0.017092163899463397
202;0.14817269276693232
203;0.09075832856697477
204;0.028615242240023788
205;0.016484163126080652
206;0.19546504139679882
207;0.12092782961799001
208;0.10583787631191979
209;0.144635561012771
210;0.17547762230610897
211;0.011025422086419169
212;0.03222544718781872
213;0.019306209368096197
214;0.16900617410326468
215;0.09814760608820323
216;0.059321759757381326
217;0.003830290150472027
218;0.19262741365701397
219;0.19717839843434717
220;0.09896618540744609
221;0.18277569996694026
222;0.18108508159782918
223;0.15749555819201344
224;0.19254858935892566
225;0.03953197677420639
226;0.007859172016679317
227;0.05872473317266483
228;0.029361206894811122
229;0.0801768632977235
230;0.016828251432827936
231;0.1618784244032694
232;0.0073370462041136624
233;0.11631210122068195
234;0.06011172364436899
235;0.1082201270033532
236;0.09886587782343884
237;0.1347411239969432
238;0.05812794227839857
239;0.0698954808106687
240;0.1492839543296388
241;0.06461061509745898
242;0.03994304975674434
243;0.004011495876052562
244;0.07640446123248322
245;0.10105846463713182
246;0.006834502981579772
247;0.1697818947286538
248;0.12886485224196761
249;0.17544652913793912
250;0.17788962556540386
251;0.0815585576977575
252;0.019353739318469843
253;0.1347383976346776
254;0.16805708812835982
255;0.13622931937665633
256;0.00732098496864555
257;0.14876799259729928
258;0.039001520085395085
259;0.031007941777902583
260;0.1069321068907228
261;0.06536033576414897
262;0.05500941634988983
263;0.189051665912185
264;0.05346244977810526
265;0.18341533602005597
266;0.15086635987405364
267;0.0510644067142789
268;0.15637564561473205
269;0.14503579631135682
270;0.02914688386390787
271;0.19417418040174791
272;0.027734174155910354
273;0.1840972462561926
274;0.09251209934688719
275;0.1306517898155873
276;0.05175210679497666
277;0.02191270613038805
278;0.0809958709140724
279;0.1328401651372447
280;0.19936810973035476
281;0.1193375097964926
282;0.008037149840744462
283;0.12223233855077227
284;0.051784529874948394
285;0.15453919079634496
286;0.10951396195530486
287;0.05067269594862374
288;0.0929983637049642
289;0.1759547959445951
290;0.07337695126247042
291;0.162345256480696
292;0.017363789669145202
293;0.1769036615339934
294;0.07643913540252141
295;0.11443648663455619
296;0.15840248091918294
297;0.15445529721686202
298;0.15742102089270843
299;0.15397765420917742
300;0.07405988578289179
301;0.10710030186544822
302;0.13444329244880604
303;0.09683827204054163
304;0.18217187147681754
305;0.18629081665749891
306;0.1858704312727615
307;0.028954094139382103
308;0.018676345624336354
309;0.15601592791342977
310;0.03250331889726226
311;0.03592421725499684
312;0.0634774997176583
313;0.19960157961942737
314;0.15720673588272063
315;0.12951982529592918
316;0.19450897408970058
317;0.16306400425620515
318;0.06878449710833852
319;0.0372112478758182
320;0.18592691462767158
321;0.03394461021904958
322;0.12571639119222552
323;0.07963490761684905
324;0.13378566471370515
325;0.1703903951560096
326;0.006686115364870138
327;0.17138853734920026
328;0.16424744028756266
329;0.12496691672851756
330;0.07926000344974282
331;0.0699725743324493
332;0.055018518711058055
333;0.036642775843367885
334;0.008471457433752572
335;0.17372880889383208
336;0.007940902609615464
337;0.018980959106953167
338;0.11654751385913527
339;0.04328271833212352
340;0.07815823877168085
341;0.047606430333181265
342;0.126926752589718
343;0.057053907124135765
344;0.04195818963419909
345;0.09820980729173351
346;0.03596181267497849
347;0.10006392901083697
348;0.017765364850824007
349;0.1261695920438803
350;0.16556391937865492
351;0.11099509231395566
352;0.046542923516399354
353;0.17576893294677032
354;0.050510603822320956
355;0.09548984136145289
356;0.1927963517701041
357;0.05002055894154376
358;0.07117738400744976
359;0.10101722772606825
360;0.15017530585913216
361;0.07208003504067029
362;0.0702288069120233
363;0.05909648547114943
364;0.031812288950516486
365;0.14641783385852825
366;0.13870522143391698
367;0.033626951961554276
368;0.15737740744434797
369;0.1575929960558923
370;0.04412533758815967
371;0.06162138241793383
372;0.013968599931324044
373;0.13880887322494456
374;0.1110333134779457
375;0.02729732583533924
376;0.15397406983695477
377;0.11235015878109794
378;0.015059433350605268
379;0.17496760572826048
380;0.1484952266852285
381;0.17866077804346475
382;0.11358351091211918
383;0.0844282405254915
384;0.043422964886744735
385;0.19682696472428904
386;0.07660578283064015
387;0.09315780472149998
388;0.16257399932811523
389;0.03721381149197829
390;0.1733006779445056
391;0.16817080509055116
392;0.0557383660607836
393;0.12312876690183801
394;0.006469888892720089
395;0.027188875323665564
396;0.12583476411234445
397;0.06957508948125206
398;0.06903561119935837
399;0.0011463436865859712
400;0.1427574578777878
401;0.11868400319276594
402;0.037533142118231534
403;0.15076535793173382
404;0.16633544971997075
405;0.03463709834312443
406;0.13022702606350064
407;0.057789110893543244
408;0.16578481309658463
409;0.03402939715700717
410;0.15596990489987697
411;0.14325278726311882
412;0.08492537954636868
413;0.017825439017832845
414;0.13316319562517984
415;0.10328339773713002
416;0.02983860887830956
417;0.1327287381550164
418;0.17737785631333985
419;0.007006228575137108
420;0.0495004936240149
421;0.17141674292614476
422;0.13740518483545247
423;0.1904511755855913
424;0.11810259540454458
425;0.09563313969735579
426;0.01950018210368805
427;0.025218964961644153
428;0.09816875627733651
429;0.07143785933244749
430;0.008599894241927353
431;0.16401526056567572
432;0.025132343797313175
433;0.10246782149665817
434;0.11976021154351424
435;0.19961893882662268
436;0.17562146188370187
437;0.00853762604824575
438;0.006920541587691909
439;0.03569211211529049
440;0.004364135203741681
441;0.04482566208975017
442;0.12107255010998248
443;0.15776279718440664
444;0.11563867134746984
445;0.15362872308437775
446;0.1360330400589027
447;0.07029639896144142
448;0.058049923454277175
449;0.09137271369911426
450;0.136178905266601
451;0.028824752596688333
452;0.12833745048375925
453;0.10724793946688012
454;0.006356004430353846
455;0.05083063385079818
456;0.19566477559023696
457;0.07245844739692489
458;0.1419293368304594
459;0.02202174360815732
460;0.12643199684817386
461;0.02470139027059788
462;0.17000331397396362
463;0.08747688857011585
464;0.1861329888489147
465;0.15083701325100932
466;0.14489543931688356
467;0.03566428815654956
468;0.0694713976006963
469;0.053306290125652224
470;0.19878574232038582
471;0.17751189916653387
472;0.02171799016284011
473;0.1297126015942628
474;0.0786421262468366
475;0.05887491579548754
476;0.13944324259173427
477;0.16052562563125009
478;0.1612838976696498
479;0.06176962922485914
480;0.1570840843280376
481;0.18555772385478245
482;0.178624473166689
483;0.06779404466168433
484;0.013660140498270468
485;0.06577953945952895
486;0.08800045869020996
487;0.1513468003005393
488;0.14547152138530176
489;0.08195490599205596
490;0.10375719320605947
491;0.1728194096927776
492;0.04300023470956585
493;0.11692131234416812
494;0.12208019031797093
495;0.1355572124256715
496;0.043006745388137674
497;0.11234047521293383
498;0.10131480674623886
499;0.03559778418543267
500;0.12123701843882716
501;0.1494668764277929
502;0.0554343659685425
503;0.16368234764285125
504;0.15835403928011021
505;0.039686919973371995
506;0.18957855693502387
507;0.05802268617023268
508;0.03683384284845988
509;0.12094294811120457
510;0.040198534029656924
511;0.1953091498421789
512;0.10976218477745368
513;0.16667678871237449
514;0.045959755837994304
515;0.10868336632199987
516;0.03919072128169441
517;0.04017868400915197
518;0.03837550830673069
519;0.10559030278196009
520;0.03877934645951369
521;0.032428841541234446
522;0.0035823786225879007
523;0.018819821425265906
524;0.1920313564497711
525;0.023942927518258973
526;0.008126132895784677
527;0.07676404412147704
528;0.16270696266460366
529;0.1189854473145732
530;0.06629085811427347
531;0.13293994819518087
532;0.16688801545596554
533;0.060748611785009725
534;0.11034947731843128
535;0.08106485772112403
536;0.1102474429012122
537;0.08840549743067083
538;0.1523014164199159
539;0.1368009713220065
540;0.06874110946836534
541;0.09746618649736707
542;0.17161722691010373
543;0.0664128745116378
544;0.14197259669359866
545;0.13885134128446375
546;0.127725124133108
547;0.18884239553498733
548;0.12554384558574683
549;0.18649686620220976
550;0.1751139673064821
551;0.02621714174483334
552;0.15954056312855103
553;0.10849070027111503
554;0.020709194071809423
555;0.19295466517048468
556;0.17472735161825048
557;0.025326416071588233
558;0.0764123071375555
559;0.14045242511143122
560;0.17138567904077912
561;0.15851392583459037
562;0.1676980150760799
563;0.15952105590554955
564;0.1694257877276517
565;0.12102837351451988
566;0.18812287482483359
567;0.09115602134002276
568;0.0018884838758396639
569;0.0073005789389203775
570;0.010255589449955839
571;0.05231512265422181
572;0.08810581894126089
573;0.01476892387772797
574;0.13423186383262425
575;0.03274088367814148
576;0.19527151607698695
577;0.0676897631876155
578;0.10813173494321207
579;0.1423517340379333
580;0.19834799792849656
581;0.0013380745485365164
582;0.04766913657326746
583;0.13844735119806634
584;0.0654143305975297
585;0.05517828983341862
586;0.1456223675108406
587;0.17491787827368235
588;0.08817970629242518
589;0.13849150604753457
590;0.10258541491427164
591;0.09864841066254851
592;0.06647012587885684
593;0.04973281014166551
594;0.10458753270965966
595;0.18322682276633387
596;0.09320649277224079
597;0.043869390494259
598;0.07154617417636569
599;0.08337208072186222
600;0.06703668106986374
601;0.0754180632540673
602;0.14366069048241187
603;0.07298453683207388
604;0.07648582367063542
605;0.17669982545660456
606;0.07348846440348736
607;0.02916431691280648
608;0.09685762650737391
609;0.025245520857167317
610;0.048366942889425626
611;0.18359048645290632
612;0.14617549393440063
613;0.1155063776184821
614;0.11648576329007108
615;0.039383275386186606
616;0.14109561007455693
617;0.15373178303669555
618;0.12828777928611285
619;0.14223561931437811
620;0.16068099602339425
621;0.17935403175269637
622;0.10827972929511098
623;0.09403148142823155
624;0.15997594336935905
625;0.1842428556971578
626;0.008719829507292753
627;0.16207766498729959
628;0.06977857497077433
629;0.1604958392187838
630;0.1477096763293398
631;0.033672522055399924
632;0.05308062317675033
633;0.06339249772959346
634;0.19461086174289155
635;0.005776412086145522
636;0.1113526916313094
637;0.19809009297712848
638;0.10556293781694928
639;0.1526127572841054
640;0.12315325454107716
641;0.08041290395327416
642;0.05648350657033274
643;0.05089828366692746
644;0.17288679184018999
645;0.1405794790314838
646;0.1619183949305626
647;0.03204857368696395
648;0.01913499604155715
649;0.020901436668661025
650;0.013367024919241355
651;0.007578241800816366
652;0.12007721560506535
653;0.0925855447699226
654;0.15998767592775776
655;0.18359672132525007
656;0.10956870930670799
657;0.05923184693500971
658;0.033561459591953315
659;0.03969676096114916
660;0.03836442629615951
661;0.19058331821338162
662;0.04354817956755013
663;0.060528025073329064
664;0.08143091545292028
665;0.14673539562552787
666;0.1060946616295505
667;0.12087441467520597
668;0.14981715932155928
669;0.06263306434379261
670;0.1081862502062244
671;0.14583344585485056
672;0.08198666413534364
673;0.0005858994632797377
674;0.07917953049183282
675;0.07212710594318632
676;0.13424714894612952
677;0.015551534962388924
678;0.1499090687802504
679;0.1702101675357208
680;0.06949321704076375
681;0.018314096923014136
682;0.06519538768504889
683;0.1579324713958006
684;0.12875938007652632
685;0.04906237165411656
686;0.16981622966990603
687;0.18161764104906566
688;0.147502283577553
689;0.13878595667628757
690;0.03706045397915503
691;0.01064662221882684
692;0.1469847863995778
693;0.046340479008274454
694;0.027825277975157305
695;0.03788481580441101
696;0.01795866647647424
697;0.17646891682072585
698;0.06510477402450479
699;0.0733236788078098
700;0.1460753051778807
701;0.1944604802095796
702;0.1193807527245371
703;0.03215091716310261
704;0.1722263882989934
705;0.06456145203467965
706;0.11012224481805909
707;0.141848458064154
708;0.19384575287657557
709;0.11755590375083032
710;0.07536585128647831
711;0.11385335865432272
712;0.09272464526772017
713;0.06074674635738242
714;0.09343907100498086
715;0.15452321942315717
716;0.14353387701989473
717;0.05538008428586876
718;0.04904868944555312
719;0.1764144248416895
720;0.046083989120736774
721;0.11814142857264283
722;0.05546407851490198
723;0.13088146576737908
724;0.04871368446595195
725;0.19175826824881936
726;0.062472546758251805
727;0.15028798499229726
728;0.19752539802015912
729;0.1509218383171128
730;0.12746785267989824
731;0.005934742030145657
732;0.1765063626376583
733;0.17139387787362503
734;0.1293720544295219
735;0.045631373475383444
736;0.18811026381318027
737;0.12406212538470388
738;0.02509629872666499
739;0.0880731634436013
740;0.04947864153438655
741;0.163935018096224
742;0.11158886644924221
743;0.16730896269117884
744;0.16221897236484625
745;0.1467137393403613
746;0.15044857543310375
747;0.18050352761406124
748;0.15546505899400742
749;0.05019746489860229
750;0.13699646266416504
751;0.12046296995983208
752;0.03276914510158085
753;0.1298976467169909
754;0.18605062022701316
755;0.07009332280951856
756;0.1979870783422458
757;0.15652798200889106
758;0.18067690372947567
759;0.13483803730846963
760;0.04159102475006147
761;0.07451172029839581
762;0.08292817679504452
763;0.18963199846121215
764;0.03511841409067704
765;0.0705503171156292
766;0.13129953816807038
767;0.040785814035162286
768;0.13027721947004106
769;0.09889134668785263
770;0.02470692035640525
771;0.1931593812430676
772;0.0007833587764816797
773;0.000358291174175962
774;0.1634239489309185
775;0.13178896637277127
776;0.030631469914949652
777;0.10921848268819934
778;0.04692606770441635
779;0.054582475116709994
780;0.011859367696560041
781;0.12509931028986804
782;0.14790751244482417
783;0.15800670359807392
784;0.17764885825853727
785;0.13589526065634838
786;0.0037686771220796222
787;0.04575398047155679
788;0.12026294752661555
789;0.13380968845794775
790;0.10018787009601463
791;0.12200973584395758
792;0.09484062709634988
793;0.15272251804082673
794;0.1463395266048094
795;0.1587175708524797
796;0.017676191031616374
797;0.014845836477212826
798;0.058632874190151354
799;0.18931098827195425
800;0.09518027764437886
801;0.0637282882490682
802;0.17470650448992048
803;0.1664577841919499
804;0.16178921517804612
805;0.06201457518145233
806;0.01823615626700863
807;0.017981487943216835
808;0.03237653503940004
809;0.09200575875257438
810;0.024367877438970377
811;0.12045265223184304
812;0.04337438268756686
813;0.028971336406137495
814;0.07812967801463518
815;0.15446316047178812
816;0.045281978272313596
817;0.07912414966779363
818;0.03004634219388527
819;0.0799157593186767
820;0.17468885601301387
821;0.09534459809124007
822;0.19182746935744452
823;0.026564298000933007
824;0.1070552270388741
825;0.06231250513122571
826;0.11773771640293032
827;0.0923491891114201
828;0.07499641098359158
829;0.18537690956566893
830;0.09818714789024868
831;0.18299123800686057
832;0.16529537830105467
833;0.11944337114103004
834;0.07236371807245086
835;0.022105145930366388
836;0.1328469968286597
837;0.04639058263202474
838;0.11008055298330853
839;0.16586291974345888
840;0.17405220162640495
841;0.14212969975879838
842;0.17188617808407425
843;0.01063468729699717
844;0.09778083042392245
845;0.11709644317247242
846;0.021644322895686366
847;0.12303374427432562
848;0.10933856082051813
849;0.061119708846124526
850;0.0635814565949692
851;0.06643990667115818
852;0.018621423834323636
853;0.041369170755819674
854;0.1198847858913058
855;0.006429641103568451
856;0.0245238921758856
857;0.1904472630638617
858;0.12137940775274102
859;0.1971376781210503
860;0.1052700092704526
861;0.12570834660127125
862;0.17717629584443884
863;0.10570464019302224
864;0.032654417187432026
865;0.08632131847254357
866;0.02507266788909115
867;0.08839478070895157
868;0.1280507318507952
869;0.08775622157586405
870;0.10101447797523902
871;0.05837552598854517
872;0.10420918155453235
873;0.11513682889235191
874;0.005781543264163669
875;0.11971279249730293
876;0.16149934054252993
877;0.13656955599393655
878;0.18124815026253335
879;0.1186014682608425
880;0.013340553417116175
881;0.011790449417691251
882;0.1626007863218945
883;0.06180028201761441
884;0.10491316985829538
885;0.13792524404852677
886;0.175173688675475
887;0.05232908171452311
888;0.06331657404256108
889;0.185192926228372
890;0.00797718854862004
891;0.07774455622910222
892;0.0984793857871415
893;0.15465147990555705
894;0.14273326779982545
895;0.1661321622767334
896;0.08025054703878845
897;0.09312083867070549
898;0.030193908115040483
899;0.005992681014667878
900;0.15496903189418063
901;0.17501760705623653
902;0.1606617059155094
903;0.11568511860149258
904;0.1282475807783285
905;0.10463950558074185
906;0.01881889292191521
907;0.14326488469613455
908;0.0722111158666098
909;0.06877298944380471
910;0.14457730872910998
911;0.06679096678924186
912;0.13868592133975458
913;0.10932808399937735
914;0.18812370698688138
915;0.1817769003778453
916;0.11172111753373432
917;0.1924923327043358
918;0.07404875027373517
919;0.03693931274716598
920;0.11446552544870257
921;0.16125664184788363
922;0.11114464016684007
923;0.11822021551865519
924;0.16298975306965727
925;0.07756287440054868
926;0.03330158228607501
927;0.15017357717712443
928;0.15013804495444477
929;0.05718462435054335
930;0.012629806283343804
931;0.005894969578180387
932;0.09987104375632011
933;0.04653032157326518
934;0.019414231832759657
935;0.18958579177249257
936;0.051405677909752014
937;0.10999211624968096
938;0.19193111365215634
939;0.08248796574101597
940;0.17119335895056653
941;0.0699562084926607
942;0.028288321655095094
943;0.16741640702512153
944;0.029386434223749248
945;0.0386732837071149
946;0.05092925099731441
947;0.15565951433649416
948;0.0252739412902286
949;0.0009576047482147799
950;0.018670536472110855
951;0.006345345762103616
952;0.09495691752663636
953;0.13827975047428717
954;0.10244026236738438
955;0.07812694100308744
956;0.022677484198491405
957;0.014273822028061512
958;0.03662853561855983
959;0.09931403552584438
960;0.029190981422523833
961;0.06618124525219893
962;0.15884288074651468
963;0.01766035354044031
964;0.10129702582895349
965;0.16789081808940196
966;0.16587662379400198
967;0.17101870752965745
968;0.06671713409548503
969;0.1026237651267604
970;0.03501319815451218
971;0.014318435558184062
972;0.14702206362911627
973;0.18793947853242865
974;0.15010260537308884
975;0.15550766432751123
976;0.12623567777084027
977;0.002873656331561825
978;0.11146635884746976
979;0.050447078193759536
980;0.11150252499828527
981;0.1828447893723763
982;0.15010022632699552
983;0.035581387230345145
984;0.024857973626841303
985;0.06533419975739499
986;0.19627387679600214
987;0.16752827159644168
988;0.13689783202923675
989;0.1575703662320327
990;0.061682194829527554
991;0.1326849856736327
992;0.13469787057533314
993;0.19935537471405343
994;0.12025089170673889
995;0.1616971077397711
996;0.14332795423915098
997;0.08211122848453561
998;0.17930329144764934
999;0.09290685621750301
1000;0.05647976808561877
