1;0.13780626276595995
2;0.02897050171722364
3;0.02249974959664205
4;0.07302519230528473
5;0.08038878056031654
6;0.09055135950095282
7;0.15509436964453105
8;0.049295366082829674
9;0.18585776724591646
10;0.11668086381637151
11;0.00997326907150371
12;0.10960742660255665
13;0.1204804312251202
14;0.07230428278840728
15;0.06178284877519842
16;0.09015833163040254
17;0.07542564989976455
18;0.058761210683833755
19;0.017052818577442366
20;0.18734974206537117
21;0.16710875763753005
22;0.07477230242740665
23;0.06798640936429727
24;0.15927840082442696
25;0.051010447819423745
26;0.01787281954643547
27;0.14621790390682873
28;0.18631537021261949
29;0.15285260777322685
30;0.00847829021541091
31;0.16729172262077469
32;0.10874486555763947
33;0.13813692008964268
34;0.16119862247410838
35;0.04087907679372496
36;0.06437391251790725
37;0.19224429976063048
38;0.008356796012427026
39;0.0019457408082811378
40;0.020784245908714662
41;0.15060452261415203
42;0.052545062178037005
43;0.10826315685797255
44;0.03001952411581581
45;0.015196195915423894
46;0.09540884735730806
47;0.14113172434096977
48;0.1346247051630409
49;0.15512806501060616
50;0.030727884975825927
51;0.040993587276347124
52;0.13700282746105982
53;0.14930251247091017
54;0.17889133818979763
55;0.15000927096835548
56;0.14374987972477266
57;0.01163986574022189
58;0.02050785484869362
59;0.17731919275166252
60;0.10978615584848468
61;0.10606769671186755
62;0.15405951628788153
63;0.16480567228349197
64;0.15511134856695502
65;0.04875162593466545
66;0.03899180026160092
67;0.009461037581228716
68;0.03519885897254498
69;0.10763827376103888
70;0.028483637060896762
71;0.16751610677693302
72;0.00930168689974178
73;0.07210691751011114
74;0.052121477152712696
75;0.1261311016065984
76;0.1288552616056607
77;0.07799939636337526
78;0.04138495243051739
79;0.1707709077133791
80;0.13678054175041215
81;0.16343386293556486
82;0.009341694093835074
83;0.08731204007894858
84;0.004161127129586428
85;0.07148643141346177
86;0.07407456329920528
87;0.17416750063964212
88;0.11644645295663632
89;0.16584467631734984
90;0.11173059074850206
91;0.1013768588652866
92;0.1076751052808524
93;0.11583767093610119
94;0.17158768489702858
95;0.09626395046088941
96;0.06429729574160932
97;0.03535888167884129
98;0.10571834177060109
99;0.13175281746673373
100;0.10926855429017107
101;0.021316177004307615
102;0.1632520529114509
103;0.013136773143286385
104;0.10082940284862617
105;0.06318310071838676
106;0.06066162799869151
107;0.0393325337646399
108;0.11507628335996659
109;0.022398510359662917
110;0.17190178156873023
111;0.046532185917827665
112;0.08942715652772976
113;0.14463706076404043
114;0.04886253572787922
115;0.16612977414372387
116;0.11124896348804965
117;0.152664376009919
118;0.047478441846144186
119;0.18558365250526018
120;0.0087660061709397
121;0.1896952594176757
122;0.08432192395832326
123;0.02095613669093246
124;0.052289182535375844
125;0.18185625725808505
126;0.09060014702811199
127;0.08850258529615412
128;0.046846263204242435
129;0.11408051447955775
130;0.0027747457542661724
131;0.19803248289078357
132;0.011285621364315924
133;0.012044580020902296
134;0.08207945077968953
135;0.06841844518720551
136;0.19805039334190588
137;0.014019099948917991
138;0.1726652604405258
139;0.007876158676310863
140;0.06249510301968611
141;0.14542875476829595
142;0.14900710954886215
143;0.18628599301980175
144;0.11514300621057146
145;0.15037592262368332
146;0.07670150098321592
147;0.059173841747074366
148;0.02330006745175881
149;0.1120016969665141
150;0.02935097580547441
151;0.19917615936179087
152;0.047875969592563995
153;0.11601567445376533
154;0.037742022309559434
155;0.07579113277231471
156;0.19853165303567366
157;0.12986217718912377
158;0.006157225886286467
159;0.08565195590410134
160;0.016654622767078076
161;0.009043907665601059
162;0.000809772113844609
163;0.12703374088670763
164;0.07556459336230058
165;0.16553912626814737
166;0.0017883374363419692
167;0.14305443756909547
168;0.02427092226211911
169;0.1668651414791486
170;0.11286782072749989
171;0.09578466759523983
172;0.07022691556137942
173;0.06013020086014842
174;0.19649998034070715
175;0.005078823757998375
176;0.0406830254040117
177;0.06446521024287914
178;0.14524901120043968
179;0.051477442456458404
180;0.10596255859322322
181;0.15112627779436738
182;0.0032967219950408746
183;0.0446322763269053
184;0.18186185048373316
185;0.10060776992154626
186;0.13333450794901047
187;0.06430324841946931
188;0.1845539651166277
189;0.06387973095808518
190;0.09853545604652479
191;0.15089590307274958
192;0.14908843468010077
193;0.1849835593450616
194;0.08188053610144662
195;0.16446069544096012
196;0.18190245789441448
197;0.1282305405511294
198;0.021811069213559287
199;0.16496976895836973
200;0.019194127273215858
201;0.12651971839341386
202;0.19446826340599546
203;0.15177594695570482
204;0.08370888636143115
205;0.05637205673090254
206;0.13240445010252885
207;0.19468704453213295
208;0.12547909002358146
209;0.18577187434366216
210;0.052746118785087975
211;0.03151345729692086
212;0.03756055576529225
213;0.17808908068552354
214;0.17961428884996472
215;0.09728262209874519
216;0.1098789067449713
217;0.05270182718706498
218;0.09920220854786875
219;0.11541340677395902
220;0.12380299139469378
221;0.022593566983387683
222;0.11455597904815973
223;0.02325317015657027
224;0.18293797411182566
225;0.17635768581337782
226;0.028465772713174322
227;0.09068537980044984
228;0.035286558978500686
229;0.18607707650365532
230;0.11297187343208151
231;0.12029588703897472
232;0.05373446177820418
233;0.07597643736905922
234;0.13822229508255107
235;0.016304258837827136
236;0.1272404633243775
237;0.18860491331315066
238;0.18718564574081556
239;0.1592934015999547
240;0.12762199337359803
241;0.11936420164420106
242;0.12655175769954827
243;0.09841700377632186
244;0.1329055038728972
245;0.13473678714366674
246;0.09833675075823355
247;0.004432287080272857
248;0.14638549267821382
249;0.04212974909687264
250;0.06676811045600506
251;0.19579725091446065
252;0.08289913108637935
253;0.14692291285326592
254;0.04391191430507533
255;0.1955597859919282
256;0.17650009021961666
257;0.11641353761208756
258;0.009233792605027259
259;0.1833487458951751
260;0.07650809782656041
261;0.1513596491465814
262;0.016820550818642734
263;0.0324747591287224
264;0.1564277558888558
265;0.04315062025388514
266;0.08622031113419273
267;0.030417793070846223
268;0.17870292121519524
269;0.15271841013530038
270;0.05468799356339604
271;0.11315251479675421
272;0.11538895777564487
273;0.008478430951705996
274;0.009531398357484467
275;0.09558382966771886
276;0.014048445131362075
277;0.17165515957340843
278;0.16972110666111295
279;0.14899785414695219
280;0.1845764900166631
281;0.10593599760107762
282;0.15243273503372312
283;0.03899834348621048
284;0.030087312333425743
285;0.1797935069313128
286;0.16732354829771973
287;0.15342032890470791
288;0.13112244804647588
289;0.06295858022473384
290;0.19422069353981336
291;0.07005028567686515
292;0.053225097781315726
293;0.06991122944477283
294;0.0345309517894864
295;0.19605657335261986
296;0.08699174642192553
297;0.17030285222485553
298;0.0184116494753896
299;0.09660272326929598
300;0.04655691136026712
301;0.07277653040276677
302;0.09864426500010359
303;0.06252348045382537
304;0.07138817232623561
305;0.13439092899757396
306;0.13629675026142724
307;0.07389304481405234
308;0.19553644645601176
309;0.1462171538181379
310;0.1004477822526782
311;0.00034097710335274646
312;0.13972558430736637
313;0.1908025974463684
314;0.08064329525969527
315;0.17678482469180062
316;0.020651431466603334
317;0.08830505064976107
318;0.09887148379032672
319;0.026754869254824468
320;0.15038268397040166
321;0.05467446664992122
322;0.1539395517386366
323;0.09321932549145938
324;0.06889025402566096
325;0.006267024672798317
326;0.1816026730052958
327;0.03973911075443455
328;0.03587281952256747
329;0.014359072727189526
330;0.17125078457686438
331;0.009630470590789475
332;0.02574043449972263
333;0.10916449910483482
334;0.11221735170771592
335;0.05244091628864547
336;0.08400726661820751
337;0.0298236870694655
338;0.06425534223236766
339;0.057271339248384213
340;0.02832657513842185
341;0.10746201171448906
342;0.1348983747197536
343;0.04699731761240085
344;0.1078440725590141
345;0.08774045833754684
346;0.0723856781794594
347;0.16806754172283056
348;0.031930518566232635
349;0.1979926016023726
350;0.13914566843554332
351;0.17030310197566015
352;0.016591154908341798
353;0.12516523081115472
354;0.10539595664885873
355;0.07687796500987537
356;0.18113427156461975
357;0.061330553549090276
358;0.15575244648290745
359;0.12935645673354493
360;0.06682514044972575
361;0.12455322131183662
362;0.1147491356745255
363;0.008041439363786962
364;0.11315138251156565
365;0.16374925970717494
366;0.19782137146067713
367;0.08685171618540427
368;0.14512384231915162
369;0.02873283792342103
370;0.19013658493086136
371;0.1574543965670797
372;0.026500396752944647
373;0.007876764326890218
374;0.004684834348087552
375;0.0017192371915336182
376;0.05458382379152574
377;0.19870246306945774
378;0.06608482753925803
379;0.11899379304647839
380;0.0006075166638080054
381;0.10568350021501441
382;0.059398594885052836
383;0.060489389039160235
384;0.08031382414133768
385;0.0393492942548797
386;0.1179951143300949
387;0.1476564655947384
388;0.049660923186566654
389;0.0786526395780639
390;0.07082725516864193
391;0.16046939210402844
392;0.12370279631367481
393;0.10247684479576434
394;0.10744609998476849
395;0.03726635376325547
396;0.08800291514967946
397;0.01204208346632878
398;0.10436076787909077
399;0.18734203542395672
400;0.19019506432302835
401;0.08465137424648644
402;0.1722536152009183
403;0.190320350241464
404;0.012587188020930196
405;0.18647715397517386
406;0.1801779750554472
407;0.11691268960777189
408;0.039248386074340384
409;0.130646783562417
410;0.1972793091104682
411;0.1723676398394307
412;0.02038940258295301
413;0.05418901337743418
414;0.11368055228892358
415;0.1083851892498067
416;0.008523814499121296
417;0.1854033789366938
418;0.0036889360389067874
419;0.041705491591337254
420;0.1909981978312204
421;0.1997290886768604
422;0.04871106351377857
423;0.060156373572761004
424;0.047277494264562715
425;0.008190762765993153
426;0.01569872999875197
427;0.12074148001372483
428;0.07958963585712536
429;0.12132301894449532
430;0.08478761724143243
431;0.011535349523532502
432;0.1532532953556514
433;0.043404008372287084
434;0.06552885970608711
435;0.04751759773610342
436;0.09717899858614275
437;0.15104334075362058
438;0.07546219930470655
439;0.17681054112650885
440;0.1946006206360641
441;0.18841484697894617
442;0.035399859564354146
443;0.01361218626327585
444;0.10157546568679399
445;0.03717293947420546
446;0.030936450759091308
447;0.033076968005955124
448;0.00562528358747052
449;0.05641833726012979
450;0.013849327907651254
451;0.10992508065028442
452;0.1655510681811013
453;0.09907913616050078
454;0.07583298112265367
455;0.07385634079076002
456;0.06349453907588028
457;0.06776930665697532
458;0.13443151820141874
459;0.09810968845954392
460;0.1807269093732018
461;0.14770264339300396
462;0.11056730679652181
463;0.10030075779260841
464;0.17120363485713763
465;0.008371130415506235
466;0.08799578579607388
467;0.040995782147749106
468;0.10878570429903285
469;0.1701629575124074
470;0.05669103352066845
471;0.17932508731872868
472;0.14019066357273277
473;0.031326966592340647
474;0.13538658746366836
475;0.09579900959814103
476;0.13804496187599055
477;0.1606494836199
478;0.044316967950849384
479;0.04170980439180512
480;0.13006617259995823
481;0.05766893518601024
482;0.11076653963831425
483;0.011825820875721038
484;0.07592456988259709
485;0.030964158341643056
486;0.051407541478978525
487;0.08364822609757042
488;0.16655050643475489
489;0.156826429775615
490;0.13342188423014073
491;0.010235346816891823
492;0.08809683611877424
493;0.11217283880412206
494;0.12748375239313936
495;0.1386015656667058
496;0.0348848544779027
497;0.042701092279326995
498;0.1921697248847768
499;0.1628443228546614
500;0.1725840144363257
501;0.13098543855980627
502;0.0632805160972214
503;0.1529597335052278
504;0.12279551191249632
505;0.14529893197484886
506;0.12795612508214693
507;0.01077832065081732
508;0.10459756179079722
509;0.012199593198462822
510;0.1343706507270134
511;0.16113427831537525
512;0.051924671333781716
513;0.032638433121734624
514;0.028749594798069447
515;0.19274923162838312
516;0.10681480292145998
517;0.011156557582774607
518;0.1013255466504554
519;0.15043110253454972
520;0.149239256871799
521;0.10834542659282097
522;0.019293815287543616
523;0.1915564104420829
524;0.01980643536400555
525;0.14305250527135174
526;0.11127961742185444
527;0.0023571485503857126
528;0.1710022446133143
529;0.17927353510356603
530;0.14953646443819898
531;0.15807931383564652
532;0.07884063375376349
533;0.046927822497068505
534;0.18522248960009435
535;0.1633010206875104
536;0.13406366666062006
537;0.02370137432747803
538;0.12756151728995233
539;0.196877711266022
540;0.005527038218726643
541;0.019724436340203245
542;0.07255865120881609
543;0.08706730249873325
544;0.025557222446371843
545;0.051163970842127586
546;0.09459795583592807
547;0.020890968006524194
548;0.16095319384088302
549;0.008858181004929522
550;0.19782847041646925
551;0.053357445189185795
552;0.16951959956536852
553;0.05827781822304745
554;0.04820533288406703
555;0.14598874681154536
556;0.012413386047722264
557;0.12107723610171868
558;0.04358275935667116
559;0.13292718138648094
560;0.055284598506336075
561;0.03832873185592505
562;0.15813875571227726
563;0.16509498884320978
564;0.1953683456901315
565;0.11625110431611002
566;0.0775790940079048
567;0.01384522941661952
568;0.08892570140205987
569;0.0854933090218044
570;0.06193000600522345
571;0.14694325886934262
572;0.11887427483468682
573;0.07290669964226835
574;0.058928984314860135
575;0.1657821771238061
576;0.0031995961935085363
577;0.09638475070652695
578;0.1556643765109189
579;0.013326325724594447
580;0.1715716795961536
581;0.03043780286120168
582;0.14264395904699376
583;0.06458125531949802
584;0.004506617946727265
585;0.06041720594132334
586;0.03205632874936533
587;0.16243544894134818
588;0.12451121407704072
589;0.19872059019345692
590;0.055298154298216565
591;0.1959434402091875
592;0.07804576875321563
593;0.18520966052388954
594;0.09845148869950349
595;0.08710574801716629
596;0.0499772554122276
597;0.13583300836531229
598;0.12693784037439326
599;0.19770288204775793
600;0.115292065734931
601;0.09239295129083303
602;0.044202953066343365
603;0.04842960328893018
604;0.025314887416525923
605;0.05160609219359935
606;0.05766184333031763
607;0.15040064296097377
608;0.05021932267155363
609;0.134221460376408
610;0.10260903309438951
611;0.002873348074086235
612;0.11914335758646635
613;0.1162957612306229
614;0.16232167524815663
615;0.16835831601251217
616;0.057715291848740025
617;0.06552359398212936
618;0.19780807204617945
619;0.032007117262053034
620;0.007720168847513498
621;0.11262858012192008
622;0.1896195802273054
623;0.11893628518904382
624;0.049182038488665696
625;0.10607898090092836
626;0.16492406613288027
627;0.14894543461831686
628;0.10309769064706027
629;0.08471237706854087
630;0.027111836422320915
631;0.0416306173672248
632;0.08723631244481314
633;0.06837062289718805
634;0.10060951354717979
635;0.17198660785556158
636;0.0036132060899970453
637;0.11832226145941671
638;0.12267113905660915
639;0.06812354035025339
640;0.15992212079187895
641;0.0738227991505721
642;0.14095929910501623
643;0.16711659920687283
644;0.194319617568083
645;0.015000997074434676
646;0.14754823975614578
647;0.17626881218037693
648;0.16201529689598346
649;0.05569036044794904
650;0.1576686767385801
651;0.12411468203470817
652;0.15730274644252673
653;0.1353724294967731
654;0.053808363818735175
655;0.10475292671785415
656;0.1412577551760226
657;0.03672133108667402
658;0.09618422595536809
659;0.12068279961288984
660;0.007342599357330149
661;0.10199849931551497
662;0.14393846220897694
663;0.022607330572840034
664;0.023068595301717766
665;0.18744774619020146
666;0.11835168681590316
667;0.16376299459281884
668;0.05294396685904217
669;0.067523881922569
670;0.08499268305620117
671;0.06152555790957333
672;0.04948583441051895
673;0.04063946419272111
674;0.10533494699761457
675;0.028907056530690103
676;0.11607840953128051
677;0.057103590590387304
678;0.004244030409850374
679;0.16354192924009203
680;0.1843280909730468
681;0.004585722913997126
682;0.07311427744635002
683;0.12009574439216034
684;0.00611849546403489
685;0.02251097878496207
686;0.09309306049791762
687;0.17288049356193613
688;0.0002973761126967123
689;0.0021650577176189237
690;0.12912465793311614
691;0.1620024227927987
692;0.017698542322330615
693;0.1504538211819926
694;0.11945239976276859
695;0.03589766015140479
696;0.09189444084629789
697;0.17242855688034978
698;0.01687142580365073
699;0.1781340161995305
700;0.11354659394829406
701;0.05052280383071657
702;0.014063747033723284
703;0.05916972444456652
704;0.0007796284692344724
705;0.057578502197287884
706;0.07198681930105266
707;0.0015254596234739017
708;0.10431563667084971
709;0.0006368330810301082
710;0.14215965616095755
711;0.1912469060171682
712;0.05599486309625195
713;0.04677369469469124
714;0.022531228018821705
715;0.047828875182728915
716;0.054042499225197285
717;0.04088194761714079
718;0.02277833508056637
719;0.037513674853889324
720;0.12651825525317553
721;0.16575049469243042
722;0.008631839972662614
723;0.05822767906052304
724;0.03591756624000071
725;0.03574476425915132
726;0.02158909836423011
727;0.01975257412438356
728;0.16602927876131754
729;0.18216556191678518
730;0.1902077428398727
731;0.0554566289152934
732;0.12417191548047227
733;0.07705900595196816
734;0.18118090939809534
735;0.027402299444466996
736;0.16192119100544128
737;0.05320886002022516
738;0.044153649694952946
739;0.17544657411894687
740;0.05282945736541627
741;0.13207676145687458
742;0.14721704237025426
743;0.05550358864124372
744;0.1759892521316162
745;0.0058609456456925725
746;0.10401129032427281
747;0.05996943478408945
748;0.11130609580436096
749;0.08980103890982204
750;0.15597318657027848
751;0.14551150083962344
752;0.0008536575430582616
753;0.0034336516511691787
754;0.13892753018083887
755;0.07239123010490921
756;0.03284713303369626
757;0.12477706552708814
758;0.10002803529361495
759;0.1331383849627316
760;0.17670755884375777
761;0.0970326941115993
762;0.10766863788460793
763;0.037999979850016796
764;0.14836742639618836
765;0.06557729450480963
766;0.014105381265655215
767;0.15776048537948772
768;0.013029560446782563
769;0.05578585500304292
770;0.1046054070841434
771;0.19370216552981287
772;0.03724518096444023
773;0.10272154680530346
774;0.03128388681566381
775;0.030203880740162427
776;0.03641174120307871
777;0.17286365448663824
778;0.06489544129361238
779;0.017947137108308954
780;0.13633979201845076
781;0.03799829698277575
782;0.182070530770585
783;0.19993882684305342
784;0.011593848267627483
785;0.15003003548321736
786;0.058089183394274185
787;0.08766215481660787
788;0.15334943972048765
789;0.05223640919187764
790;0.15161072975524756
791;0.008197564146857395
792;0.16583925437708213
793;0.1391947386481673
794;0.07439720184079705
795;0.17994597879904414
796;0.030342630520317604
797;0.17982116501198508
798;0.053055971685581495
799;0.021341271236583914
800;0.12724839205986518
801;0.022901371031099706
802;0.13733908485083762
803;0.04853527725389344
804;0.08356055932791871
805;0.02177709525549947
806;0.06522999602802682
807;0.12538240461465866
808;0.05813553192047414
809;0.08306162332938322
810;0.13096206482765788
811;0.16354048941086702
812;0.051271089607372033
813;0.17836094304541678
814;0.16501073167663655
815;0.11826045021268486
816;0.14119910712542658
817;0.07162914623433272
818;0.14523986246203174
819;0.1422442864692348
820;0.08616595007152406
821;0.11878803887507453
822;0.08058113164097079
823;0.14888024480772363
824;0.0749238359018722
825;0.0990756850026501
826;0.14283508109503965
827;0.06575160652600572
828;0.14393189246037505
829;0.16935439437866828
830;0.00687230077119112
831;0.1971820977029399
832;0.17051545603502677
833;0.15136322237529576
834;0.023943779154165325
835;0.1971986114027856
836;0.18150782250913086
837;0.14861438034578964
838;0.16152902292887422
839;0.15997601556905203
840;0.004386639315315866
841;0.07018815327986427
842;0.19504040381942014
843;0.08723864202840324
844;0.021510667404199515
845;0.10846416551749267
846;0.1811935881218346
847;0.11893164342902705
848;0.12306900729793253
849;0.1931057437929121
850;0.015499451942441622
851;0.12148497730295266
852;0.004938126394030818
853;0.01737596165088815
854;0.16510623496261936
855;0.07180805309398686
856;0.02430097307985626
857;0.11602660239508188
858;0.03639877744171303
859;0.18485376295155798
860;0.05909192495586473
861;0.04864407900378742
862;0.08431310659054095
863;0.06981010894784305
864;0.10047016978361628
865;0.16981555017984815
866;0.1167299537010314
867;0.1664622237304796
868;0.1321749747506207
869;0.09492750607547096
870;0.07813032480330068
871;0.11588604374076979
872;0.1375484952254813
873;0.10761482737305395
874;0.13560385470909633
875;0.04082903627588219
876;0.17680699696944108
877;0.0246334933180993
878;0.10376429188943842
879;0.15889462208627772
880;0.0651334547373726
881;0.11441338728991468
882;0.16826267257488034
883;0.11601509239941186
884;0.1282808966646082
885;0.14141436185752596
886;0.07772442158274047
887;0.16529661959616573
888;0.17130805497882717
889;0.15165859923342384
890;0.19931216378594807
891;0.05355460062812123
892;0.09583568057810404
893;0.13682775698803992
894;0.08214421478611252
895;0.019292463275682084
896;0.18017808230562193
897;0.021131054084402124
898;0.18659025982584893
899;0.15640862618364548
900;0.11838898529257846
901;0.10744536307048512
902;0.05636726231261968
903;0.06840120525695836
904;0.026477614903927416
905;0.08221891773935833
906;0.14142177319578783
907;0.02741415748383791
908;0.13000559469899078
909;0.19219848052456345
910;0.12194096694460568
911;0.1563434139897851
912;0.09587374141047225
913;0.10732661982322407
914;0.028078041470235293
915;0.052441735100023236
916;0.09761968887869213
917;0.0479794615959859
918;0.06886212144203155
919;0.08468215995336988
920;0.04165319016666631
921;0.027786523654938458
922;0.14721285931121256
923;0.14762843081765856
924;0.17667438275768244
925;0.1526724385524964
926;0.09742627108441122
927;0.14622996981333372
928;0.12831923211766613
929;0.1710262959555143
930;0.1872879342478616
931;0.1948023061971974
932;0.06795081644385292
933;0.18530008182174196
934;0.10971243948674432
935;0.18082246476013855
936;0.14291868243378714
937;0.13746402431196156
938;0.04660288977053178
939;0.027176476898832472
940;0.12138691949610654
941;0.1735593854722563
942;0.06163728769326713
943;0.11960232923075986
944;0.1179220578449664
945;0.009119866796613585
946;0.06906106481193344
947;0.03529528217411453
948;0.17030476541668477
949;0.06586086678906418
950;0.17912231426198683
951;0.12820024814648853
952;0.04254457992849741
953;0.10745058095400042
954;0.1588143552102472
955;0.16077073239083373
956;0.0326491722798969
957;0.14934941779402303
958;0.028786268619684696
959;0.10978276567310197
960;0.180254749471338
961;0.11641399802384521
962;0.14294637486050962
963;0.16704031438129108
964;0.04630783140946593
965;0.16179024520039834
966;0.009717557983957638
967;0.010106655532588538
968;0.15277187967644776
969;0.14439338069163873
970;0.023510450684666884
971;0.09906916884132122
972;0.06165273291464284
973;0.03313218706962984
974;0.08206164788138676
975;0.09859351334731384
976;0.033664260810890294
977;0.12449224232329169
978;0.15708445432602858
979;0.09823219893664997
980;0.1603436875036877
981;0.056047184272730456
982;0.1049840808718881
983;0.18427777292836783
984;0.03218511425793087
985;0.11112620893520474
986;0.1987764483834083
987;0.020884509562633727
988;0.036478373921297026
989;0.18312004326006992
990;0.03061584020304442
991;0.03620202556353196
992;0.09755803653812133
993;0.11679418038619234
994;0.10321071314406736
995;0.08390852132425408
996;0.11910422772471126
997;0.012368601077690111
998;0.026842204953292526
999;0.053302093791072806
1000;0.032766980243382225
