1;0.19120309671459554
2;0.13902901007331844
3;0.061684210333028046
4;0.021889120189606138
5;0.10056487459993808
6;0.03405725157400581
7;0.07019109545951618
8;0.16342688328588686
9;0.09871752697694997
10;0.046605517958475964
11;0.1681494438377028
12;0.16112763774216995
13;0.12386634286794847
14;0.18465950598196323
15;0.0929228804940367
16;0.0085721875446638
17;0.03314048485684134
18;0.13243552241845294
19;0.19520668548424405
20;0.0815006136011067
21;0.10772682772568781
22;0.17381213255211375
23;0.1537960065836786
24;0.017257709839339542
25;0.15963380260335192
26;0.05600015406314503
27;0.18513382328335792
28;0.08650273160950375
29;0.08672647800254035
30;0.06259289747482066
31;0.08092122399483964
32;0.07201923795275993
33;2.8371508268532077e-05
34;0.16205722316081814
35;0.01591090055961988
36;0.06312556186159295
37;0.18059055234489557
38;0.051102914466000016
39;0.1713203470424615
40;0.07485673603724351
41;0.07615836854313851
42;0.014109528878999989
43;0.07818424010455066
44;0.11238422810924929
45;0.12527437359407742
46;0.13001277020821825
47;0.1188964593131616
48;0.05508279060242747
49;0.022596889225594843
50;0.020729877475002725
51;0.07952377568090573
52;0.12184838862397757
53;0.12368985612851491
54;0.15744226105258521
55;0.12263933781314439
56;0.01867237911187074
57;0.07278641872886125
58;0.08642599504277225
59;0.14654117458456636
60;0.09736778044813524
61;0.0507585745900655
62;0.0403882045743498
63;0.09295507589221477
64;0.17749720771628102
65;0.09749081290839628
66;0.10054888383027705
67;0.022089884666257366
68;0.10283675038202533
69;0.04151172432105621
70;0.15963476916280556
71;0.02974252514445357
72;0.12012300122303565
73;0.05990658475127249
74;0.16556481566465509
75;0.11271223795141401
76;0.0007977124424210392
77;0.13709708540287735
78;0.05205620823429278
79;0.05205107095506265
80;0.08098164386640086
81;0.19575930677834086
82;0.04813581791608188
83;0.04822432584815009
84;0.08575005516717163
85;0.168213372433345
86;0.18718647305824007
87;0.11553507532514468
88;0.18155538742962843
89;0.18530482725875974
90;0.058999540681572406
91;0.10862586193047448
92;0.16272085763150468
93;0.03901263043831507
94;0.1754662457320023
95;0.11060859937882367
96;0.10084904587387833
97;0.027482515261968234
98;0.10581215051193119
99;0.05760641229654744
100;0.02632318556654716
101;0.1487078876816531
102;0.05669044694294115
103;0.03483103596583075
104;0.1755249582240857
105;0.01002660388026655
106;0.1918204568566574
107;0.16798813506160287
108;0.15817672406603026
109;0.031140621712047213
110;0.015542459681663524
111;0.08237422889928409
112;0.03503190562717147
113;0.06283723897684382
114;0.1384192128289666
115;0.035208699851613415
116;0.1234656602306671
117;0.08952687816061562
118;0.16702741293761608
119;0.1605409789123349
120;0.026347890064747248
121;0.1257286417320229
122;0.008846937628999619
123;0.04162978787645884
124;0.19758966963972346
125;0.18413926505650483
126;0.061371488941303357
127;0.001927544974834583
128;0.04298287200358675
129;0.12566249592699594
130;0.06623116158900795
131;0.1547058364017668
132;0.021947387653317364
133;0.19650700553108938
134;0.15606552869753787
135;0.06658669375154005
136;0.06307342155584537
137;0.19276371315616592
138;0.00163039496362547
139;0.047610898258215496
140;0.11389983051740521
141;0.01597403710792795
142;0.04851760686161242
143;0.0728059027341921
144;0.13401768682697765
145;0.06517070823366258
146;0.10567599912203168
147;0.06906792036332268
148;0.030159539146060135
149;0.03831396174484556
150;0.07139872977703042
151;0.18714614746776187
152;0.051692048632535625
153;0.1386441204143598
154;0.06629272518916822
155;0.17910514621221857
156;0.04447095210470391
157;0.03396905883413559
158;0.1371362299029153
159;0.14940790113629587
160;0.06541442473393828
161;0.11417827108666123
162;0.020954763516880682
163;0.05344873367285696
164;0.13696523389055978
165;0.10425197453622043
166;0.05597008542847044
167;0.151615836782198
168;0.028875531770429896
169;0.022673498542177817
170;0.15037639781131035
171;0.024611674875575987
172;0.09181320221881491
173;0.020483936179716822
174;0.02730086712459974
175;0.027748486027812925
176;0.04360831830604561
177;0.07150424407279969
178;0.17996785677111082
179;0.06836289862641938
180;0.16213628874533545
181;0.16451577428248465
182;0.12884950351050478
183;0.04177985031778533
184;0.018283443367396957
185;0.023444892704818334
186;0.1699339399428652
187;0.1252439056686542
188;0.16232736765383285
189;0.058184697516263165
190;0.01903026554884051
191;0.16532589722297653
192;0.010374825265979904
193;0.0440605737830863
194;0.03266921280953707
195;0.05766149714971569
196;0.10509037976328368
197;0.0017910160895359796
198;0.09809252403961428
199;0.08409977921906218
200;0.08980836825460277
201;0.08478455336881507
202;0.11172564431208165
203;0.1339831386298438
204;0.04690516733721657
205;0.1511020958601409
206;0.13576442916397147
207;0.17993622493128078
208;0.18757141686715462
209;0.12544750338601077
210;0.14464009648455387
211;0.15082751111569817
212;0.08747612230150606
213;0.04703518376519167
214;0.006967617180308561
215;0.16654008394498698
216;0.0753613991858694
217;0.1876901626400675
218;0.17474832496657466
219;0.13696501509994408
220;0.08834662117728767
221;0.0058720848047101315
222;0.11639517191917868
223;0.0926500391499108
224;0.19456564012551708
225;0.09995023968864065
226;0.12957081167457923
227;0.1355829381573354
228;0.04929330270535906
229;0.008638331294440915
230;0.10351356743322611
231;0.06098706061853579
232;0.19766145576267102
233;0.016542558913873573
234;0.08625557750621732
235;0.08071646525914632
236;0.1302160009609947
237;0.14101907855318882
238;0.15338236695721635
239;0.07311183496951526
240;0.12265604177858476
241;0.043750451975798105
242;0.05789379389737908
243;0.17947693588579142
244;0.020442499687444673
245;0.012455449471003945
246;0.05841283123120176
247;0.1912800939205083
248;0.1380142190646768
249;0.12572299277392293
250;0.06947743478078112
251;0.0485918652805776
252;0.11874694287332258
253;0.06561860148003916
254;0.09360785787433162
255;0.002312814356701898
256;0.03441847683556176
257;0.15618730973059536
258;0.015109381791920408
259;0.12022675265046055
260;0.1575799225832013
261;0.08357478453801513
262;0.06188477897802354
263;0.1484556693846532
264;0.06494528959230182
265;0.16942216999476023
266;0.1024360994782348
267;0.01890092657356617
268;0.04521694951244524
269;0.13852088797507683
270;0.014174448723902234
271;0.1681098890629053
272;0.18547091984773179
273;0.16230797217513118
274;0.066704517616897
275;0.03714139002726076
276;0.0748439729527672
277;0.18562661460446228
278;0.0035722411260012965
279;0.1719153333682781
280;0.02234242887031217
281;0.1635836711466601
282;0.07289398606192635
283;0.0652036377076017
284;0.09188132614116123
285;0.17855688978965867
286;0.14385525547609454
287;0.11321677356774561
288;0.10352275535348675
289;0.12756791315751226
290;0.12192919269106528
291;0.04641590154665716
292;0.07059545559417628
293;0.08816518825809416
294;0.15609663161537682
295;0.14026032282321482
296;0.012340366270883307
297;0.04580956042184403
298;0.028827805933771947
299;0.016939320392470703
300;0.1948900424189135
301;0.1026115846189904
302;0.057297129874704616
303;0.07376051201137575
304;0.11963676096656928
305;0.14994955617385358
306;0.16564891060093806
307;0.19236357700995732
308;0.16313696622900464
309;0.08164213373055405
310;0.023019042143386504
311;0.017086788958260792
312;0.04007470672757172
313;0.1495061832197497
314;0.19417494692817863
315;0.1928774142895526
316;0.01976552643573859
317;0.1855979881862963
318;0.17099963609622515
319;0.10798428075376226
320;0.1747652581246739
321;0.1831493299778558
322;0.013753665228545953
323;0.1308911510449353
324;0.10398611419756397
325;0.16383877867344498
326;0.0015895087550807708
327;0.19129735560148006
328;0.05468572534423018
329;0.16832161107601298
330;0.03815557364215219
331;0.1672452887823413
332;0.17650953563781524
333;0.13300689594980922
334;0.1593707398002305
335;0.06311325483957012
336;0.13025086226786958
337;0.19708727485830446
338;0.16065482112218765
339;0.09018939517981038
340;0.19653382794934007
341;0.08884744522733279
342;0.006504254621545425
343;0.026888736959355942
344;0.18472204454737629
345;0.15768868033414898
346;0.06585927682702626
347;0.18976548006822277
348;0.11106886125905478
349;0.05068127155305013
350;0.06674702055340558
351;0.010099566760427359
352;0.06139988032317925
353;0.0675918013299663
354;0.1973440700770348
355;0.05937384537546231
356;0.09683318184361481
357;0.09170961131423719
358;0.15532403985509674
359;0.0025143533043155974
360;0.13387980053538695
361;0.15861801914864168
362;0.16530959495944106
363;0.11792038226614528
364;0.045814194240759304
365;0.19480042982034942
366;0.017271304012914657
367;0.04132749846386474
368;0.017055969135288996
369;0.03583815643657706
370;0.020727778815689036
371;0.14439354013499492
372;0.18911580917920273
373;0.020662471779243387
374;0.15541564213425407
375;0.015101630390395027
376;0.0007011750468907341
377;0.15098608733526875
378;0.1353415008447779
379;0.16713648861757802
380;0.14873046103239237
381;0.14187901839058611
382;0.039802995193545826
383;0.08060834053357951
384;0.07275329483715168
385;0.16772405956570605
386;0.1888173667824186
387;0.10910267215120123
388;0.06432838754529589
389;0.17254716882483384
390;0.18976066363093166
391;0.16684998625046135
392;0.056177622087642744
393;0.1745852041672946
394;0.010603836781476517
395;0.040784921394690324
396;0.12020695266677028
397;0.1450154586985239
398;0.16776107774997262
399;0.07231448787483599
400;0.07933493959852872
401;0.1668968877129866
402;0.04365755428988299
403;0.019923785484575785
404;0.023748165182934634
405;0.14981094484604132
406;0.07835930676615331
407;0.11003869450223869
408;0.0965470739677991
409;0.11672394420608462
410;0.1413066362001459
411;0.07632242420764641
412;0.1872939037478374
413;0.19406275769244685
414;0.013894646897335883
415;0.19963292869347002
416;0.09656745547364615
417;0.029606881309973156
418;0.08966327428501855
419;0.09184853953934001
420;0.0020704461846467125
421;0.08610994695136903
422;0.19102433434707483
423;0.034886425297227144
424;0.06113700471755215
425;0.11485011395294316
426;0.09212069557525995
427;0.011276629872418842
428;0.16357857146456728
429;0.0338813400109236
430;0.06932374063022849
431;0.009014357753572066
432;0.16513344467303454
433;0.1265891743124318
434;0.04019843533308479
435;0.08291875566841252
436;0.09628661840741888
437;0.13316066388703948
438;0.1478956690628743
439;0.18272709808056478
440;0.032938720249235234
441;0.03919797945299193
442;0.11751486182804377
443;0.020707145936685746
444;0.0006477447714468454
445;0.1486485242204835
446;0.10764424123370331
447;0.010317962978261952
448;0.0770263944378029
449;0.11983006010591069
450;0.190196128658631
451;0.1684150731845396
452;0.07819465355474431
453;0.18841716963713545
454;0.1966813846539019
455;0.18873414083814152
456;0.051540849593201425
457;0.03159527257532089
458;0.17597199881511372
459;0.1339556146932548
460;0.06859077300764448
461;0.1071266830327091
462;0.12816086810705019
463;0.16355339488224635
464;0.07081644663736707
465;0.017814034406220227
466;0.09335960528180097
467;0.1709311250487208
468;0.026758956411859637
469;0.05774418402901658
470;0.16415368072592704
471;0.06952070800544566
472;0.19279149657846628
473;0.09911827130673923
474;0.05213005361607881
475;0.08285317402338835
476;0.14992894846572485
477;0.19084765809989862
478;0.016842553589695355
479;0.16741555822228948
480;0.10432200096633062
481;0.010779420010102637
482;0.061747855811756305
483;0.13921626892234693
484;0.0695502153741095
485;0.18495082359501364
486;0.11177042108505558
487;0.08228400487787663
488;0.08364239156792595
489;0.13393284970376526
490;0.1318918453005917
491;0.030679987538519395
492;0.023935060134015987
493;0.03703209119317483
494;0.06188446497851117
495;0.14062273777622877
496;0.17030162102919405
497;0.05678662646919555
498;0.1210543532412236
499;0.11712819709697386
500;0.03821805820084796
501;0.08022714728179203
502;0.10116889725220884
503;0.1530903598681136
504;0.06473420871763329
505;0.14201549583572473
506;0.09224975221881203
507;0.068446408259888
508;0.16582528834895965
509;0.1952991690515735
510;0.1638446712975924
511;0.0899939361209664
512;0.10268094764723919
513;0.16351592606797496
514;0.18856915021049603
515;0.11199694012259027
516;0.04221544868075651
517;0.09763544288822346
518;0.014749906672193247
519;0.017780719446761694
520;0.1212282608402185
521;0.17119817321366262
522;0.17310919026975813
523;0.15000152331178757
524;0.17862806151499014
525;0.1219401118221684
526;0.18248712346510326
527;0.07731998876954611
528;0.1792276436050825
529;0.016776772045023102
530;0.13387754544685906
531;0.16320111243396607
532;0.02376507256948155
533;0.043723819350591026
534;0.1121660838865207
535;0.013523094384560896
536;0.0628817756366362
537;0.1695822308661352
538;0.05281938923385472
539;0.03227987146669407
540;0.005663400044842982
541;0.18350191462438448
542;0.04202360309381606
543;0.005334396518660589
544;0.10677581678696174
545;0.18461795002291959
546;0.15968450114132665
547;0.16309091087690586
548;0.18712804818977802
549;0.11918922695892337
550;0.010153010308509503
551;0.028532505771207098
552;0.16775689278636788
553;0.01570927757960534
554;0.12974595361596064
555;0.04196008119132613
556;0.15789048082505128
557;0.17763512059101538
558;0.09330226569796576
559;0.0890826545593328
560;0.06419598608299107
561;0.01243605534737926
562;0.11812031815744597
563;0.07948207044803275
564;0.000634229219051119
565;0.16308324875610158
566;0.12313409891440773
567;0.1910942407384627
568;0.041764556707060696
569;0.16667553281921893
570;0.1490774788882446
571;0.05828509134107791
572;0.0853040271702849
573;0.054545923473829805
574;0.10818919459907186
575;0.02075254694238602
576;0.04713716876926031
577;0.13456017192655034
578;0.16471707660462506
579;0.06522284793285604
580;0.027174871252037394
581;0.19906145432105551
582;0.024014671424099743
583;0.044702632512555754
584;0.12358181263441291
585;0.12259805795882608
586;0.08389803918575711
587;0.12704425213834228
588;0.0067639264252994605
589;0.026740391993917447
590;0.10728533854427513
591;0.12021791871654344
592;0.1421829930510296
593;0.059262732647227506
594;0.013140420279812038
595;0.031876648815131484
596;0.1902331335856944
597;0.12053936492171276
598;0.011461915845543081
599;0.06724854960779347
600;0.14972793292566308
601;0.14859296665494146
602;0.026956575718162703
603;0.07469936638639905
604;0.14230833155896214
605;0.18328068366764227
606;0.143912562782366
607;0.1631258451140682
608;0.005096511440321506
609;0.17351573503493722
610;0.012208114568866791
611;0.04362225677924567
612;0.029766269106148213
613;0.11826013214100849
614;0.16584848575488736
615;0.06967989232447407
616;0.04100538891440164
617;0.14638286079297852
618;0.11744996490161244
619;0.05601200848609722
620;0.06507883061932672
621;0.045819723459773566
622;0.16407504954861885
623;0.1909862623480031
624;0.047397750895791374
625;0.0929108371602418
626;0.15915380645225535
627;0.023004457214665486
628;0.11507067067337613
629;0.1702414624179246
630;0.18925128363211902
631;0.19342296417642377
632;0.07657409694131777
633;0.10253156583352996
634;0.12620541365879087
635;0.06681910624178126
636;0.18453407587269272
637;0.13619931067242
638;0.04182422183460706
639;0.15052052406803695
640;0.054917426994154944
641;0.19729346327000097
642;0.05566590377473002
643;0.094551629752256
644;0.050132572966258
645;0.1809670167870105
646;0.02084582201252079
647;0.07873127561496403
648;0.06207340017832082
649;0.00607956444399942
650;0.09880277872842287
651;0.11159103674395102
652;0.1740316389280208
653;0.03642511511781286
654;0.1046954589918334
655;0.11564480281401641
656;0.0648923889089497
657;0.1503380560478549
658;0.13666311161567643
659;0.19012640209263795
660;0.08808492897614376
661;0.19944627402000537
662;0.027815449867321318
663;0.016023195845992766
664;0.09964168922411593
665;0.12161308188257841
666;0.18989212830733665
667;0.16579122767594148
668;0.09638759094504784
669;0.044085202885745606
670;0.06232648678753725
671;0.16915760434479218
672;0.02347251646690858
673;0.19816176578327502
674;0.17818707272100548
675;0.1588964739613865
676;0.035765759351932915
677;0.12573431305101035
678;0.11314097314130134
679;0.01887877400041369
680;0.16476416841714714
681;0.06352459849068692
682;0.019601158345215742
683;0.18649928088472123
684;0.0882853775401814
685;0.13250997509249593
686;0.1432324101290743
687;0.18964282078394024
688;0.03379368381401689
689;0.025805866015942747
690;0.13214539513564041
691;0.11657243506477602
692;0.10614482478513101
693;0.13307485556839546
694;0.15845459578980556
695;0.06583456713832019
696;0.06000396236232022
697;0.05192795915783513
698;0.027446482005600605
699;0.10362695608630489
700;0.1478915558305722
701;0.1080177095852119
702;0.018985007143959523
703;0.028064939028811978
704;0.043778368245068006
705;0.13470320456402815
706;0.17685287624066792
707;0.04916219030088858
708;0.038722868215317854
709;0.04173974638819276
710;0.09913753242224395
711;0.010806722315968686
712;0.11066382970205449
713;0.13398218771954432
714;0.1664347745221363
715;0.1539056738367549
716;0.07321734916265524
717;0.16183678061051643
718;0.17875381911014
719;0.13177103762614933
720;0.18858198984493393
721;0.07813700558200963
722;0.14303618232456505
723;0.05086253737023712
724;0.0051091172640790996
725;0.15796149077805227
726;0.018443766333285993
727;0.13665139888549283
728;0.10428010773845553
729;0.08515553853646358
730;0.016558932088380218
731;0.031945274297811375
732;0.1648106846701332
733;0.014319180329590253
734;0.16732933314360918
735;0.028681434617981894
736;0.18945560816057264
737;0.1427088588491139
738;0.015558593092622886
739;0.11958204516168398
740;0.0005448543876131806
741;0.09089204761375509
742;0.18522622817372114
743;0.10645513026688831
744;0.03654123286664703
745;0.015770232856486776
746;0.12055615910009086
747;0.0741002331211508
748;0.12390599147250479
749;0.04851994306018059
750;0.03967510656826465
751;0.18951395099669507
752;0.1111591219115647
753;0.035337543384892166
754;0.18875135907269128
755;0.07579809814514427
756;0.043660593416593854
757;0.17552888517674567
758;0.028266461949192023
759;0.16519106930989044
760;0.11245930177393514
761;0.04095599703786752
762;0.13984317891721268
763;0.17983889669531883
764;0.018580087948335433
765;0.0419251038369981
766;0.035989332330642235
767;0.05030197446597995
768;0.03784646233163363
769;0.19948430620213317
770;0.0599072192320824
771;0.021938596466520945
772;0.03667160285063509
773;0.09354391653903149
774;0.016398852418540024
775;0.14523628214747178
776;0.13130072898020578
777;0.06245602007533111
778;0.010753717352638659
779;0.14752611523223766
780;0.12028733150452833
781;0.048229617548810326
782;0.12065632150229211
783;0.14328354206671182
784;0.12269365510456198
785;0.11603845699712292
786;0.16052513450661782
787;0.10764204216409366
788;0.17055494551351297
789;0.029165698716660728
790;0.020815955784648635
791;0.07308628216666878
792;0.07948702756182179
793;0.05846065844873225
794;0.1722921167875724
795;0.061781798412039596
796;0.16035815633882564
797;0.06879408869594128
798;0.09224072953903416
799;0.17130247509409413
800;0.007252884547486027
801;0.13403114607705843
802;0.17459819229935836
803;0.19150533474752218
804;0.18108301942378094
805;0.061003237483364094
806;0.19429640004863666
807;0.08209887782120769
808;0.17113393647843703
809;0.1825979222924864
810;0.039898102621152655
811;0.1543931061816624
812;0.1268502791214667
813;0.14022806076491887
814;0.1844090027963229
815;0.10646275529149028
816;0.12754609830809924
817;0.09740033731889375
818;0.03666556239199268
819;0.1553653346945131
820;0.04102820705665609
821;0.08642469306050092
822;0.15779442047294023
823;0.17097564916126745
824;0.19734992509976898
825;0.03647091265718916
826;0.0915418863848942
827;0.07991591409523374
828;0.08899928009485046
829;0.07978362681642126
830;0.10696943161191907
831;0.050253906780988046
832;0.18758334284472827
833;0.19186518160212337
834;0.14043963876985535
835;0.05752283263880949
836;0.1823325886429269
837;0.03654809031595694
838;0.033513657875508286
839;0.15857511990744727
840;0.15884700670235952
841;0.1522912166741447
842;0.05813630839582762
843;0.1422294829754092
844;0.13202132951613213
845;0.16274505112079077
846;0.08582736495862031
847;0.1546561951221828
848;0.16089901579529908
849;0.14156387025510628
850;0.17882706133520737
851;0.13367151501415117
852;0.036591730718727504
853;0.12446854354681423
854;0.150802610433613
855;0.14641489996948143
856;0.09375603754939306
857;0.11923156447313088
858;0.025401205509497517
859;0.02574103932949219
860;0.006526653302456254
861;0.09252406835609482
862;0.06187772037800354
863;0.08119960410614556
864;0.1192727568386596
865;0.16032300519114273
866;0.0821501760646989
867;0.1185571159797439
868;0.111931887200158
869;0.07530174350658701
870;0.06279857918421497
871;0.12376411020245488
872;0.1565900027330078
873;0.05676503210691315
874;0.08607713720450401
875;0.10071614487077651
876;0.09548286319452921
877;0.19897234493138571
878;0.10334571739587534
879;0.016634571609192017
880;0.13658135091695886
881;0.15632118528218286
882;0.08259044868146037
883;0.14647432414305497
884;0.09273246520158945
885;0.12955884883253138
886;0.09086161501008927
887;0.18359859311590535
888;0.06125989465266238
889;0.07526735526276357
890;0.0029729589406554124
891;0.1590563971679335
892;0.03678498034159237
893;0.05234563279918521
894;0.09896324271703208
895;0.07728295247315789
896;0.16490169642422126
897;0.07896598598947731
898;0.12678767142987152
899;0.17041756067761296
900;0.1866948402632892
901;0.12742762801008167
902;0.18006883264527004
903;0.07052425586351518
904;0.16568157082726206
905;0.0021211101014295465
906;0.08044533392914488
907;0.17337449102821842
908;0.19545810183331955
909;0.15289243750885867
910;0.08572957348041257
911;0.036222129848394305
912;0.048570953631724235
913;0.010494198517412002
914;0.14005061874858935
915;0.16346619317276
916;0.1404207900580541
917;0.12394719865255428
918;0.031201154673192913
919;0.09767914714239888
920;0.059673938264140004
921;0.04243187545263301
922;0.03417066733932211
923;0.11131380526433401
924;0.006286457292587345
925;0.1766825771596382
926;0.11855722631014541
927;0.048177663042241095
928;0.17627698453404225
929;0.08371030481718107
930;0.038063711151875505
931;0.041179643113544655
932;0.13426075223312955
933;0.07377524237293043
934;0.10483676592311669
935;0.040567122535652735
936;0.03665186429502994
937;0.09849996292265409
938;0.059209926291008075
939;0.04639910270329384
940;0.19670637518112719
941;0.14780750615119906
942;0.08224684295608649
943;0.07885363384319484
944;0.14596556902166707
945;0.16013556469359358
946;0.0667192160950362
947;0.00652459387215052
948;0.19636519001806854
949;0.0184245970423192
950;0.05169288094982014
951;0.006886205911096188
952;0.05617065502848087
953;0.1570235729798872
954;0.014416908405453644
955;0.15332772409128212
956;0.11520704676118952
957;0.08950312498054568
958;0.01058722308384188
959;0.1954936384128052
960;0.017288887538825983
961;0.1171339406117951
962;0.05669647192730898
963;0.13519833807007092
964;0.08362674731497413
965;0.12438910210585102
966;0.09243376367271101
967;0.1337504265296706
968;0.043734192360639135
969;0.1047884557632019
970;0.021748415081252116
971;0.14936197774211743
972;0.10916406435889964
973;0.07537174656764956
974;0.1502999899512024
975;0.030113350380341932
976;0.10771246010796665
977;0.04984060836992335
978;0.13539225222275938
979;0.06990252484948381
980;0.116263080114027
981;0.0012627801259656346
982;0.1883111688689453
983;0.03519090806513756
984;0.031403639185760925
985;0.08028020390567109
986;0.15283131738497746
987;0.15980674157610616
988;0.12887212804225892
989;0.04195696186472462
990;0.09674135997452954
991;0.04346215460328906
992;0.06244673556892362
993;0.16396567149201047
994;0.0036629796876393784
995;0.1207829327287669
996;0.007415085232217767
997;0.07161825933802139
998;0.10216618020524802
999;0.08891341558776185
1000;0.1540833751494492
