1;0.0030782243419310686
2;0.04559422889425201
3;0.08112316194828258
4;0.08753727587132813
5;0.01588376438604291
6;0.05781554844376824
7;0.04285213710916474
8;0.057257617771207095
9;0.06762344410222157
10;0.024698950460546976
11;0.01658211863463086
12;0.04408346507775688
13;0.00709662819312451
14;0.050836224226120476
15;0.047685064260392665
16;0.09805815627553789
17;0.0707501108820284
18;0.09534101664762758
19;0.01105100348772664
20;0.017342062616007726
21;0.006759659867585067
22;0.03715803001905304
23;0.06286620240558514
24;0.04337709212558314
25;0.0006644995734472526
26;0.06378480757514306
27;0.08892567923618921
28;0.02946070230700605
29;0.052346698266161486
30;0.03303470884942838
31;0.019878876272531612
32;0.07060279833303533
33;0.09599113765611572
34;0.07725271811714522
35;0.07513712259197075
36;0.0582922673548511
37;0.029785569782942712
38;0.0037037245275567624
39;0.05196612937710249
40;0.07886730098125255
41;0.04804885138209977
42;0.012894077777113344
43;0.06687050123806015
44;0.04208165000320555
45;0.09229696225545664
46;0.08063537257612224
47;0.05925608769824018
48;0.047354205434886235
49;0.06341640621514354
50;0.020031783308865705
51;0.020810290274541978
52;0.09991498334067538
53;0.09018344368040015
54;0.0261610566063058
55;0.009154091432713552
56;0.046054138307388394
57;0.005495668708418666
58;0.029676616606470554
59;0.03347438919755979
60;0.02612687316355211
61;0.042320596858313735
62;0.09323105802574821
63;0.03767446873043426
64;0.0811357548084304
65;0.0004543362794544592
66;0.08255656015613486
67;0.007087427901419441
68;0.011416039984495197
69;0.06280272674779369
70;0.007317741283352542
71;0.010614037341305295
72;0.0235945413989634
73;0.04551572026918607
74;0.06894866254401948
75;0.057055484849444206
76;0.05625145614416112
77;0.09635353437676249
78;0.08696339874847138
79;0.08143380243998738
80;0.029443408427324916
81;0.06277718618334859
82;0.06333257852714565
83;0.05202339468064831
84;0.04600696463158454
85;0.043797416772896995
86;0.018430399109213326
87;0.0014874115747259054
88;0.09723343017374399
89;0.03183481682280799
90;0.06275810117466764
91;0.09316862617379262
92;0.07073327946744482
93;0.05218561271629016
94;0.04157205170231074
95;0.07579111965518283
96;0.05567176973386637
97;0.05372183248503426
98;0.07034140816694802
99;0.07324063163261012
100;0.028137360024964187
101;0.017522447844031265
102;0.024101856614162965
103;0.09110642741289776
104;0.004248868122394356
105;0.056758572012664446
106;0.08043467639056318
107;0.0061906713542137955
108;0.07226512664016303
109;0.03135494570264843
110;0.08082666029073142
111;0.0390747670403929
112;0.07550939027805399
113;0.0015619543749467947
114;0.08734138043252937
115;0.07093399575488309
116;0.07083903861409062
117;0.024670885054262705
118;0.024121457090239985
119;0.06072455319737883
120;0.07749882455119739
121;0.04341511404368523
122;0.04296604004689646
123;0.08218341040480871
124;0.033215488929772684
125;0.010256354000565505
126;0.008996168576619024
127;0.06385171095248288
128;0.027738298265475893
129;0.06153023180663512
130;0.004244733984764959
131;0.0054676244997953986
132;0.08866847610285145
133;0.009313246738658076
134;0.017615933757641613
135;0.033077399811420716
136;0.07992798822964586
137;0.0870293169147614
138;0.07549103610178091
139;0.0035293568865287675
140;0.07166633859638077
141;0.0870786614242766
142;0.07215685613781445
143;0.08473168103886143
144;0.03534183832589186
145;0.07981966240907
146;0.09689314984551906
147;0.006220926781147063
148;0.09877715221011169
149;0.06391700065645825
150;0.08700400613154015
151;0.012861677758483837
152;0.06678847158776469
153;0.06857307387165539
154;0.08886275805652732
155;0.03153708785012721
156;0.045547065389211376
157;0.03586311709413719
158;0.04999909803002287
159;0.06622499747184052
160;0.0425524492565009
161;0.09734843406201583
162;0.019591224904886642
163;0.09536742498271421
164;0.034719205838891896
165;0.005187938710959839
166;0.03166093678015643
167;0.015299023602536033
168;0.0331125052147958
169;0.01300437833593855
170;0.038424882746862954
171;0.021582163043612903
172;0.05533783790934476
173;0.09649437070265669
174;0.07170751273107716
175;0.011893783288640348
176;0.010923661061460865
177;0.06866882224880703
178;0.038114685281617544
179;0.07116120829714577
180;0.08995188315380703
181;0.09838875596688014
182;0.09597435774983581
183;0.023909377296454704
184;0.08497041822696355
185;0.08330361715730869
186;0.0107033316732294
187;0.041696023017321275
188;0.07570047955088893
189;0.06238550755122089
190;0.002336686769654095
191;0.01055729188307173
192;0.07269534784441668
193;0.002384411434631495
194;0.022739851718665795
195;0.0884017304483373
196;0.013153289999764861
197;0.08860648299969494
198;0.06895584253097765
199;0.05700908873053293
200;0.02432159064738633
201;0.04461675807352388
202;0.0706863555760896
203;0.09624595892618525
204;0.08636718961659409
205;0.08066902579033029
206;0.05802906563271017
207;0.04368551348484289
208;0.017976889847383548
209;0.016380911643141094
210;0.031735534440609725
211;0.09978779073787603
212;0.04219823703948723
213;0.03501131933176954
214;0.0337729032193513
215;0.039714486569162315
216;0.0015090399969470481
217;0.0170052296889186
218;0.041105442629219835
219;0.03069640114447876
220;0.06979396618415053
221;0.04064832503957271
222;0.010638618488094598
223;0.07814283792031518
224;0.027867363927279867
225;0.03223773954869826
226;0.05195786750015945
227;0.09400498888999104
228;0.07920374312046172
229;0.03927088440463952
230;0.05275798867145475
231;0.08595112636892643
232;0.012469264993969676
233;0.003430209782153859
234;0.005122404487486532
235;0.02839215085782032
236;0.059646640155574464
237;0.06623486312765609
238;0.0945698143650393
239;0.049803144497645294
240;0.08079470942531587
241;0.043175424008352815
242;0.07292721194291905
243;0.053449594274105616
244;0.03669749447600924
245;0.028874068037231616
246;0.06618453155008872
247;0.09997320119262551
248;0.0642966145231249
249;0.020973187677309726
250;0.0493998643608654
251;0.03197844636745424
252;0.06682978978108134
253;0.06332598534335385
254;0.040306977116246256
255;0.04134725679919582
256;0.051317667333076904
257;0.059790998549230936
258;0.030284208771323953
259;0.0886895669861036
260;0.07571020105470257
261;0.01762875842887304
262;0.031051532638437587
263;0.08945441360870426
264;0.03818570717265301
265;0.02015147378319686
266;0.08008253130550957
267;0.014339509106022864
268;0.03572738632816711
269;0.05600965879826038
270;0.04381779608915507
271;0.031871121530759404
272;0.0841837973703653
273;0.03232065037647458
274;0.07110860070188828
275;0.059969708598458515
276;0.016608171068050393
277;0.07807304410637166
278;0.0005602326430347304
279;0.03326610063611984
280;0.08952643150175234
281;0.007071454838366221
282;0.005990332433497614
283;0.049904517901499634
284;0.06317129844073192
285;0.008336908225947138
286;0.03696270075353194
287;0.03593037740544254
288;0.0029002232557254095
289;0.040082804280521925
290;0.018520922494073135
291;0.023456090484176573
292;0.0239844130628587
293;0.08992843352971443
294;0.03758755961679827
295;0.0618571608033138
296;0.07324411018263027
297;0.047240527527716604
298;0.06204155850296453
299;0.019315366593094664
300;0.04987801512790329
301;0.05097958580366757
302;0.06129619170963886
303;0.027291685899246243
304;0.0675129177779577
305;0.0050332498123175865
306;0.01790471885915993
307;0.004993133050383514
308;0.09700711295885703
309;0.0023427954082745005
310;0.09771655444672588
311;0.020673212090591975
312;0.09047388519242865
313;0.0592127266162911
314;0.09279382059387507
315;0.09863204848964531
316;0.0013197521156748549
317;0.0004115272668896331
318;0.0868155141580434
319;0.031714974035025566
320;0.09507928749491534
321;0.033740503739719
322;0.02996406828987408
323;0.031803610533544746
324;0.06207138698093156
325;0.06622861164565268
326;0.01642107491832593
327;0.06003656838945638
328;0.009428311454331817
329;0.08425588910513132
330;0.09718351355925356
331;0.04716918483391457
332;0.06222578264725789
333;0.054047662669023055
334;0.037233405811849245
335;0.04259636987550972
336;0.019024397781958236
337;0.0923924643815218
338;0.05847976687725753
339;0.09480871331742308
340;0.08071426804034944
341;0.00747442804467271
342;0.07123425534783344
343;0.07995009610296369
344;0.09292080047037128
345;0.08174765300222032
346;0.05608579316130661
347;0.09888665289371544
348;0.09876354308232477
349;0.002554340166216418
350;0.002938981574848043
351;0.0013548755616292762
352;0.09868088011681933
353;0.021554803800516123
354;0.07353653724917004
355;0.07984879031996008
356;0.03372020654321905
357;0.09044660388272911
358;0.05923395662962155
359;0.06277816763814814
360;0.05170641296808244
361;0.04614244921755095
362;0.08680950176066005
363;0.009460231585760738
364;0.03543221329507758
365;0.03444841761330757
366;0.05535873380689787
367;0.011526594548263804
368;0.016158466090130618
369;0.0062856860333558974
370;0.08659650356453404
371;0.009660898270531727
372;0.09127713241791867
373;0.04311456778855695
374;0.021521664418584142
375;0.04372389226244942
376;0.06998037890597138
377;0.026634445665028705
378;0.01907344134116882
379;0.035873583442332484
380;0.050027955379538414
381;0.033336981019888155
382;0.05130583616546824
383;0.028727430010450406
384;0.044775040580125505
385;0.08409516900604067
386;0.017998652982463916
387;0.05688911013342134
388;0.08540685649517002
389;0.06386055055160594
390;0.0883447926040931
391;0.04792133191646184
392;0.06738007610651421
393;0.0465348828284323
394;0.08413129195785472
395;0.022451913704019236
396;0.048277198234737945
397;0.09901749233911585
398;0.08091345819389342
399;0.03746511317791298
400;0.08728409017834737
401;0.07695274887848795
402;0.09897538031708634
403;0.06776276052844162
404;0.0034036402348005205
405;0.03180470904162811
406;0.03141797837201853
407;0.08431037923735257
408;0.03744380002454446
409;0.0028295174874279796
410;0.02596449283145376
411;0.022038801805738063
412;0.09231062684443848
413;0.07896800378371142
414;0.07085321822641058
415;0.027532085858454805
416;0.041706285285596105
417;0.04303452754625561
418;0.01833156892297112
419;0.08261968898315118
420;0.015273976680805414
421;0.044993822735486626
422;0.04399763240574202
423;0.07160672893092042
424;0.07285312078759625
425;0.06738550385312357
426;0.0598812330947455
427;0.005581105074148241
428;0.011692704615318062
429;0.09813194588637769
430;0.08302963023330749
431;0.08776848743533008
432;0.04971104900827294
433;0.03408778653621356
434;0.05477415588203756
435;0.01632919124577773
436;0.08740619535211783
437;0.09207668487172792
438;0.023237199691308788
439;0.07681203097317148
440;0.016202655312448244
441;0.054243237684599634
442;0.07880306661481254
443;0.03244493702165211
444;0.0040356124491812695
445;0.06589187803954197
446;0.08525206662770857
447;0.027130716995822812
448;0.02882934837731993
449;0.06184170147357568
450;0.021796635928391428
451;0.038253243787605064
452;0.09026808047438842
453;0.03989875233354248
454;0.06231326113484081
455;0.08637640029225827
456;0.08761279915680034
457;0.06359775819807764
458;0.07646656973365473
459;0.010515840017789458
460;0.09648151092522439
461;0.033095631146223825
462;0.02556819946898703
463;0.05376037823030973
464;0.08589076228959723
465;0.09474301965019413
466;0.08245212806865902
467;0.015891896114861238
468;0.05483111857544999
469;0.08647534807645245
470;0.04513217982598029
471;0.055139903115283155
472;0.05688103257613182
473;0.006388286771070551
474;0.06887770173813872
475;0.08930911935303325
476;0.09769579262023059
477;0.06783622255561421
478;0.012661123924359953
479;0.022059196430414686
480;0.0089802632034386
481;0.02475167877766976
482;0.05452265338703809
483;0.03746212806690368
484;0.08847856573321729
485;0.06656580475039585
486;0.03317709135538891
487;0.0008631450566122245
488;0.008622613471075203
489;0.06029401495554082
490;0.0895414424235442
491;0.05183365973893231
492;0.05578522804737564
493;0.019907629961170816
494;0.05556117439817846
495;0.008883867258500766
496;0.03844771885837879
497;0.07053229708735743
498;0.08490553995569546
499;0.05493928792142416
500;0.06256160038432505
501;0.08668625454643031
502;0.07254988377539354
503;0.0033525784092959033
504;0.07475063317922591
505;0.04616761464478029
506;0.03576548269224801
507;0.09939788599231043
508;0.08185225415433157
509;0.07245723448977033
510;0.09261336720072509
511;0.0549309580197228
512;0.01472112111716193
513;0.0764197602320489
514;0.06878867947625106
515;0.042856852930689505
516;0.005570115743126592
517;0.05703182797648765
518;0.01755751457298901
519;0.017802049352490922
520;0.02305131844285494
521;0.07383809511452065
522;0.041858365313239776
523;0.04927491061014904
524;0.05982288341360831
525;0.03641493106971888
526;0.001086865474348786
527;0.09416013825730023
528;0.07154754050933669
529;0.04635823156367197
530;0.08659744859724694
531;0.07033524526812956
532;0.0712119250335873
533;0.09090510680083266
534;0.0039857057779517984
535;0.0004964772919922922
536;0.02690254861709254
537;0.011411337685359735
538;0.049485998680330136
539;0.09404379852168399
540;0.03177284373517708
541;0.03910493569384826
542;0.0023439253646087236
543;0.08015725512534949
544;0.020787620912429396
545;0.024320548183226532
546;0.049823192305682454
547;0.07063348983660205
548;0.0802148569765619
549;0.09922484034731022
550;0.06483672278500204
551;0.045267170988429084
552;0.01648892785905778
553;0.08413999441278355
554;0.06077056645942989
555;0.07893620216780764
556;0.06768322928367825
557;0.04154274593495192
558;0.001254830632686288
559;0.0888533916172563
560;0.06810995149713042
561;0.010701951294652168
562;0.06284938672962119
563;0.016762428948637553
564;0.06994119870584257
565;0.050777731468273246
566;0.042832295751456174
567;0.08864886359377767
568;0.007759379423293012
569;0.056327286592766514
570;0.07654943708784678
571;0.027677455230364724
572;0.06036274392716256
573;0.004090596589824846
574;0.0351124054469949
575;0.07128919297574783
576;0.08407711137075086
577;0.05469612826670054
578;0.05670590006983206
579;0.005491125961908705
580;0.028715741985534726
581;0.08422145854075454
582;0.05077603541102548
583;0.07048283194069761
584;0.0029158253729388963
585;0.023251454131179294
586;0.0496194540502736
587;0.09236352800168485
588;0.09957840656364021
589;0.0736521068835572
590;0.010960004133102786
591;0.00779109602762248
592;0.08105299257025415
593;0.08709550590597742
594;0.015401976617413417
595;0.083713037235948
596;0.056239187167146924
597;0.044022102564848814
598;0.08893533180591118
599;0.03780112274011113
600;0.03714259221410853
601;0.032335483922168354
602;0.030253442224726312
603;0.08198024797857742
604;0.07570965264016105
605;0.09921205221490723
606;0.01766602065918076
607;0.0895992303433466
608;0.02092132926974989
609;0.05060928374518571
610;0.07066524760790159
611;0.05647046764907043
612;0.05357371519545817
613;0.021927437655577378
614;0.03229932525990277
615;0.02612581646179203
616;0.0880698480864645
617;0.07922021354646347
618;0.06540434957763738
619;0.017045380634735718
620;0.058224897138905586
621;0.07133957659333506
622;0.02487179033375521
623;0.042481749946083884
624;0.05078510224870573
625;0.01476401189603529
626;0.0934244887036341
627;0.024083265172013136
628;0.05029927645726528
629;0.01769334056077051
630;0.0026334593531656906
631;0.046507062725023446
632;0.09475109060224286
633;0.031674538069080264
634;0.051325561428029826
635;0.06569357168219336
636;0.0593224558742074
637;0.03537536260686432
638;0.03505399324837064
639;0.09623027829702291
640;0.057081752160258376
641;0.04141813415609602
642;0.006623050911410711
643;0.021849362280207965
644;0.029216455990185256
645;0.07462543306243646
646;0.09995463343938982
647;0.08108173425944074
648;0.05346277849908439
649;0.03337597949040351
650;0.09911639576315891
651;0.03318055820094851
652;0.017827659401673312
653;0.03816609344857992
654;0.04020475402384857
655;0.054032601351667056
656;0.03488700765449489
657;0.07415670309456011
658;0.0751702464295508
659;0.0818826261236904
660;0.09625428870552274
661;0.09721049322020325
662;0.05829488813517561
663;0.09815907848909375
664;0.06045632279981786
665;0.013717173312791887
666;0.0020854547741400165
667;0.040696237998124746
668;0.03352593795250987
669;0.026425179049540105
670;0.05025580449718631
671;0.0009038474205238068
672;0.07809148674463734
673;0.018232998131248537
674;0.08720035304023804
675;0.06318804467757996
676;0.024474358996358126
677;0.04659275469356458
678;0.01747876280230255
679;0.08365406187764862
680;0.018643477506406426
681;0.06852513120743958
682;0.028703909325218227
683;0.03036074798449583
684;0.06259337689101867
685;0.06356088174410199
686;0.03525352368808903
687;0.07776350886585766
688;0.09234091935022407
689;0.08269400897538876
690;0.039399217244244646
691;0.09907683156411343
692;0.0799964995997863
693;0.04111683685141783
694;0.0981656911152637
695;0.025173727103458755
696;0.0033189518341792627
697;0.04593253711234792
698;0.0201476087578661
699;0.0132675914916781
700;0.032635470571839055
701;0.05204610977889863
702;0.007584291926808706
703;0.04074941361864041
704;0.0654880947853173
705;0.09990541079274201
706;0.0389179202511265
707;0.07721089188573851
708;0.0433236812919364
709;0.031729472963267745
710;0.07437400250149338
711;0.03510863081044687
712;0.0715260383090038
713;0.05488488787974991
714;0.0655822685856321
715;0.005405902633632409
716;0.00822061148261678
717;0.06549471168904368
718;0.0020307505963492955
719;0.054200302428147974
720;0.039868796623837945
721;0.022280222887028744
722;0.08664689588751229
723;0.01566243573959967
724;0.005160563554890463
725;0.05952794206199529
726;0.0628115070345213
727;0.08714671760499483
728;0.008142270936363594
729;0.0029504352167462502
730;0.007533129520476078
731;0.06302662106656916
732;0.07118709544708482
733;0.0037738609859501063
734;0.028520365270695614
735;0.07444118025843124
736;0.07563544488661178
737;0.06716428097623788
738;0.0016897201995789925
739;0.03803588249470222
740;0.07031201975497772
741;0.06029833080977585
742;0.07401057958287116
743;0.06923246934990433
744;0.04185670049280298
745;0.04672501104407554
746;0.04502216225986351
747;0.07286998142615585
748;0.015420580759685387
749;0.08329636727343927
750;0.07923480521837112
751;0.0874560871318445
752;0.022495989843941577
753;0.08652002867908971
754;0.05889294912031813
755;0.08201843699447743
756;0.04006270533567718
757;0.037933396168429445
758;0.03470064447349369
759;0.07367256656338705
760;0.04182565895400906
761;0.08475125924981829
762;0.054296121093339034
763;0.07269742646061915
764;0.08311432090388506
765;0.0916750404189866
766;0.06274828051120629
767;0.0859945982586232
768;0.08205737964925536
769;0.015025604133421867
770;0.08714519710381183
771;0.03355037438634047
772;0.01806150276925549
773;0.04287911684401631
774;0.08346941864284838
775;0.09563538598470879
776;0.030689325860632256
777;0.003414207688762261
778;0.010426779553639643
779;0.047564376248798494
780;0.0763795944596671
781;0.04604254865429086
782;0.03492217684860917
783;0.02668015787843451
784;0.03439013810035631
785;0.03480347928932699
786;0.030015771429157446
787;0.017134661681138752
788;0.030233872373033557
789;0.08021153250425317
790;0.06441357272010707
791;0.02002016105974579
792;0.0655511175263379
793;0.0816591738189309
794;0.01275341240387462
795;0.0988404437524177
796;0.031230408853714434
797;0.025164537625621985
798;0.06171938744031356
799;0.0995638961327501
800;0.07747128211428263
801;0.015816479173698605
802;0.010805322656319272
803;0.05860437895115181
804;0.08515229528870016
805;0.058481872664917535
806;0.09339184531306081
807;0.07747058397190519
808;0.0343696208228975
809;0.0009735927102923259
810;0.06366476843761532
811;0.013555765620502515
812;0.03363592695016038
813;0.05131758262109688
814;0.044013234489022696
815;0.04478489176268349
816;0.07907148883093917
817;0.009092492572642974
818;0.04316071852896463
819;0.0694793367074929
820;0.07487788620014461
821;0.047471468020484645
822;0.08149487307691515
823;0.06622081992904766
824;0.07715404328421101
825;0.05756173160711567
826;0.024177794731342118
827;0.01989434467607625
828;0.052149296815410674
829;0.010787655460272494
830;0.09300113171863972
831;0.006198770039555124
832;0.07218871724256336
833;0.04409948799290561
834;0.05918349129724846
835;0.008475650926073398
836;0.05629884377592455
837;0.050459929080575665
838;0.09731094387386674
839;0.08638948091744782
840;0.03705771987310226
841;0.007649359282883361
842;0.038932903904745846
843;0.017998219309389753
844;0.09817703767751151
845;0.01889818967757506
846;0.012065112662346512
847;0.09418949567110742
848;0.006315512780167576
849;0.09082731481285859
850;0.014274674225825502
851;0.08680332109849011
852;0.027813076548047377
853;0.08134761533586099
854;0.0441381320786615
855;0.09421008075201699
856;0.07087924246360652
857;0.07285218335525412
858;0.006273675251459921
859;0.049367714592980755
860;0.07479779094703572
861;0.0193188827676115
862;0.09953815327077431
863;0.07321769584350432
864;0.007103389041382413
865;0.00013317578852806156
866;0.0011573470844579493
867;0.04507060619865343
868;0.023653377588711513
869;0.0016774010782008909
870;0.016468694722391753
871;0.08494934295456481
872;0.017513463719633384
873;0.06200822598185392
874;0.030608053090120237
875;0.03997691774085885
876;0.0761340242364928
877;0.01303198512106032
878;0.08491191464942321
879;0.023636871342132673
880;0.046943873895314014
881;0.049881382566851595
882;0.07956078268042834
883;0.007012344080449074
884;0.08196574618517413
885;0.059421736711551855
886;0.009041641505128995
887;0.0746191198246897
888;0.029310537972439855
889;0.01793164107362639
890;0.014770157107413362
891;0.04878809639034351
892;0.07728655319003835
893;0.09024320296683852
894;0.03870001135692563
895;0.013024001654426742
896;0.05491236974877674
897;0.09917911794744627
898;0.08643580718053478
899;0.08609926692337691
900;0.02762308458444429
901;0.047406687845778284
902;0.02411591834668162
903;0.009758916897968796
904;0.0947016147588309
905;0.013938681541341903
906;0.07467773295947831
907;0.06812997432396829
908;0.03186602570021091
909;0.04797478694170614
910;0.07753961816927762
911;0.0840779258134699
912;0.05326042077796175
913;0.0006181485377823704
914;0.04590669835058179
915;0.07871069467566454
916;0.021302634541728083
917;0.08680474061986793
918;0.09062579884605114
919;0.040771340416912265
920;0.008262986832247477
921;0.056208678814676706
922;0.012903113799244293
923;0.060076346172762675
924;0.007652253369663875
925;0.09757888255181771
926;0.014111314452824299
927;0.09283004635768921
928;0.054455645367922606
929;0.0014075672316835042
930;0.045316765477841026
931;0.08354223095597849
932;0.07001004632840245
933;0.05644483285880301
934;0.031076054790092934
935;0.04867849180485362
936;0.01064807770045726
937;0.009849254950954922
938;0.08770020381228041
939;0.06069563429657576
940;0.006961132498077516
941;0.041647733395397714
942;0.028216759287898675
943;0.025823130400786945
944;0.06599200801840872
945;0.0817255346030017
946;0.07645042762487399
947;0.053763380780923735
948;0.0779500575446763
949;0.09834985199302823
950;0.014475085588562775
951;0.04936025399463509
952;0.06433531356847506
953;0.06477769215592186
954;0.0088343702130816
955;0.06236762931764596
956;0.04034954794421274
957;0.087761401262796
958;0.009054838957978073
959;0.026146236127464473
960;0.0008829415172868727
961;0.0265107707554481
962;0.023356301898459386
963;0.01447245797266511
964;0.008175170316670545
965;0.09634943540083243
966;0.033727199056154754
967;0.0868614867928793
968;0.01363515853772137
969;0.04039861720255326
970;0.08330382944246133
971;0.04906885043738001
972;0.0959751324673962
973;0.031192255545835157
974;0.04637651415882741
975;0.04339709193380247
976;0.013432271950372367
977;0.054255675930269656
978;0.027145748944333872
979;0.028597032867348982
980;0.030029596841108633
981;0.023468954596541095
982;0.03606142633976193
983;0.05594757718713718
984;0.08374757216955617
985;0.08432893233473875
986;0.08636647246272298
987;0.010183194544789288
988;0.08873381191550417
989;0.09817722874940371
990;0.09823340054174277
991;0.09117911417917562
992;0.08646684562698723
993;0.06353316606392417
994;0.0794981908306846
995;0.00021651602626947543
996;0.010445415243272128
997;0.07834011735674688
998;0.06531913109963876
999;0.09821429341436591
1000;0.065837088959535
