1;0.06714291146951235
2;0.012112347208694542
3;0.03355262478143064
4;0.07995018921482114
5;0.007353535049559968
6;0.0741196855906803
7;0.06370877032932805
8;0.024342670962610682
9;0.09702519992022074
10;0.0621921869958618
11;0.025100361437058516
12;0.02250853045362866
13;0.0319198236467055
14;0.0859092088579171
15;0.03772379464442657
16;0.04364658152700651
17;0.013721936609805509
18;0.023423726099027355
19;0.07189991213355393
20;0.023708391210878046
21;0.09593478659688362
22;0.06535687044590903
23;0.006446619922900987
24;0.08485783550029286
25;0.07941919116846494
26;0.0346626003497301
27;0.06202057719067714
28;0.03159763653027764
29;0.024909988219479387
30;0.09125738235302149
31;0.02965593945770202
32;0.07945412756894177
33;0.05937927006733695
34;0.025914306393233756
35;0.01997485366533155
36;0.05445929002655764
37;0.0818587198570774
38;0.024003463130429725
39;0.09021930043382037
40;0.08804628600539588
41;0.027611137566420998
42;0.06688339268969534
43;0.08544240144676775
44;0.032598101115171765
45;0.02711442521692319
46;0.010376600776567614
47;0.09918622593025103
48;0.02264870997628612
49;0.006303268902112514
50;0.04116547605185519
51;0.0033210648672657665
52;0.04046185131938192
53;0.08112240942663196
54;0.006899597964302351
55;0.005674365952847427
56;0.07196142260584303
57;0.07247640825788701
58;0.08688627549060701
59;0.008149105651880918
60;0.05591708011016532
61;0.03311556539281455
62;0.09269878768634797
63;0.09245088537969544
64;0.01186242102974019
65;0.04897798254718963
66;0.006424235163940972
67;0.055278225890942514
68;0.038964653414891394
69;0.03069197419333618
70;0.01642315795846785
71;0.004283781014914545
72;0.07130551929239153
73;0.06358613607471805
74;0.009531972094141306
75;0.06337613703633559
76;0.01865108215359326
77;0.004285763998061964
78;0.02590693902756809
79;0.04401556756368633
80;0.054152374811050855
81;0.05980990839116085
82;0.058629787917326974
83;0.050631560330070595
84;0.06421754214284638
85;0.06081125278706889
86;0.011394560589281611
87;0.07750857387739941
88;0.09178730823482081
89;0.09239798291081915
90;0.02628259769357263
91;0.02090302022857231
92;0.036619172979761104
93;0.016041157717131195
94;0.0713511900515028
95;0.02861720628742256
96;0.07488629016666504
97;0.03375574933859939
98;0.040564956673974376
99;0.02330957765041787
100;0.05443035459860643
101;0.09346333161511106
102;0.08998612319730104
103;0.007709544081784314
104;0.07108373593259688
105;0.005428846228291817
106;0.050922304055867146
107;0.04589673385374084
108;0.09035214077606592
109;0.046252850565020015
110;0.07678114345245095
111;0.030330163427214618
112;0.09752012896091529
113;0.09794536095758564
114;0.0645120878278355
115;0.09279208036276787
116;0.08085654894020303
117;0.07536726448349101
118;0.02817570097359893
119;0.061990062835319305
120;0.0772708359859095
121;0.047133060130660986
122;0.09860782416370947
123;0.005239570905952617
124;0.0669010844508506
125;0.0054679154722672265
126;0.0565745894597671
127;0.04974067525563534
128;0.049941098081455554
129;0.04326330836352443
130;0.07285712254348635
131;0.04871921104484073
132;0.09644851624211521
133;0.032189158830367916
134;0.018480764222989277
135;0.03566999069122936
136;0.051450095624770514
137;0.011423185285850969
138;0.08274506140154894
139;0.04138740144370856
140;0.07460132646716475
141;0.07433588313815885
142;0.08244277658060939
143;0.051549641334985824
144;0.03167174831008721
145;0.035194096189209004
146;0.09652270646167622
147;0.07600534233016563
148;0.07178458803197481
149;0.05092846572925951
150;0.06617816704631373
151;0.03279122655817403
152;0.06994098466320293
153;0.09325205171550037
154;0.030444426879582754
155;0.014636487148024957
156;0.050009774182196466
157;0.04017226098653386
158;0.02153028115021867
159;0.03907414641159999
160;0.03674691879018595
161;0.029541124328402737
162;0.020172995242488414
163;0.06510006180824428
164;0.03765153064856394
165;0.03538294149717164
166;0.08057287210293394
167;0.015297152306432605
168;0.04618392619277455
169;0.023505058803822365
170;0.07648834059447718
171;0.004426105892446297
172;0.05799191534586064
173;0.029841210123170883
174;0.014474462694262048
175;0.061458717297157184
176;0.033494401830410206
177;0.020615355576583918
178;0.03404513124504066
179;0.04678635202138545
180;0.07306065809863316
181;0.04307776533199492
182;0.05628405510315912
183;0.00299586853140249
184;0.08763557941299875
185;0.00716008435157215
186;0.07153364840582621
187;0.06163920636249364
188;0.0025722592815800582
189;0.09807271603158553
190;0.09184794344088953
191;0.02327797972229432
192;0.09724623795987015
193;0.05526721078736098
194;0.07237941018635588
195;0.07809244570085955
196;0.01861831139224236
197;0.036341534147515356
198;0.020022522277843447
199;0.018408174970365256
200;0.0775662359145225
201;0.010334835714563074
202;0.08158352177136076
203;0.05724099332861946
204;0.09498145634953153
205;0.08680555287721145
206;0.07554771873787237
207;0.023756993791914528
208;0.08535163244995304
209;0.07678419973220217
210;0.013292838355241776
211;0.02374346314776662
212;0.08833845291482056
213;0.0857682719536864
214;0.05498280699505226
215;0.03538137546418198
216;0.0671560643416634
217;0.00637979983492919
218;0.021576780087627867
219;0.08990678123880624
220;0.04548126679479708
221;0.01119616382539055
222;0.00936486337615613
223;0.05410119608874603
224;0.020018949478247117
225;0.013143324045849426
226;0.058966484755879615
227;0.09391534367814956
228;0.08067806281222606
229;0.04231969473336505
230;0.04201517846678924
231;0.09832852924365394
232;0.0891107142220621
233;0.08229008323964286
234;0.037393674651254594
235;0.033269273821771986
236;0.020557260348417428
237;0.0022729293848762987
238;0.0992296910376844
239;0.05558918254557596
240;0.05254715721570698
241;0.0998011939053282
242;0.029013493658216694
243;0.033743061050696334
244;0.07131535733455395
245;0.04738820864416765
246;0.055823300629411425
247;0.06196446061134645
248;0.08453936410708429
249;0.0023347957274825084
250;0.07945400753918253
251;0.018370555030579862
252;0.012405499257830445
253;0.046624330971001715
254;0.09072727703711912
255;0.010798293407518778
256;0.054667463142248046
257;0.040437167735330064
258;0.08608831948953355
259;0.010367624793985175
260;0.04143868694075347
261;0.07953177636014115
262;0.0768725586340156
263;0.06202428225635272
264;0.06651661970228195
265;0.01207145548328812
266;0.08739797764796216
267;0.06448942250958535
268;0.07091199733667493
269;0.012269133067323579
270;0.06810146683549671
271;0.047573167028935485
272;0.006020113089707691
273;0.04414682360390768
274;0.08018042537454867
275;0.09679687478188868
276;0.005889488148940492
277;0.018655644489016642
278;0.016285781416133894
279;0.01659515444079588
280;0.0673189758501949
281;0.004984559742848782
282;0.0001487594627544553
283;0.01660822026493326
284;0.05344740507662543
285;0.08091379277197402
286;0.05053878878877752
287;0.06695717435933728
288;0.07243022323136213
289;0.02041925990375153
290;0.023327592319751914
291;0.035778967267942684
292;0.08084820101511886
293;0.09739186839543937
294;0.08056519073536872
295;0.0845311994088025
296;0.02568771390345105
297;0.0067785644023987575
298;0.0963504967392157
299;0.01081832418716604
300;0.04560036686863944
301;0.06277992553499429
302;0.08277155369442318
303;0.005507953177765324
304;0.035565310950555484
305;0.06671007089141039
306;0.0597773269010301
307;0.0011614972626085797
308;0.08994134329963402
309;0.06391637675614911
310;0.05820397252893004
311;0.0969875800465171
312;0.004847688600365741
313;0.03834282644579108
314;0.09665471929778492
315;0.06198681654477095
316;0.018579854369807903
317;0.03326430063685073
318;0.09911435420096754
319;0.0035775814071269067
320;0.020003843918481826
321;0.00430720241639494
322;0.07684263222033545
323;0.027883149043852664
324;0.0933125291022208
325;0.0461581328006055
326;0.04098563395988708
327;0.015184906765221707
328;0.05873168267203193
329;0.010226333164067715
330;0.04833901123999584
331;0.02876743398170565
332;0.0942674440179217
333;0.08705432563066941
334;0.08822765635933726
335;0.059294740346145985
336;0.03898454325753046
337;0.035159211350218676
338;0.04811067027204705
339;0.03479992117865751
340;0.06388823068203216
341;0.06349428621837107
342;0.003707666362705564
343;0.08793537456657191
344;0.07280091726153236
345;0.06797080871412318
346;0.010924758885791941
347;0.001290386665738552
348;0.04661793623391563
349;0.04336206359676407
350;0.053042454460226963
351;0.022953141059705064
352;0.05031237856135066
353;0.008797889109865687
354;0.029704761737802968
355;0.0378383574764308
356;0.06248310937453316
357;0.09665388807586424
358;0.09099936815567587
359;0.06081684617428365
360;0.020123765923462558
361;0.030833003968172526
362;0.018502462009880417
363;0.06294286010258997
364;0.05237404751842
365;0.05883259856616329
366;0.08493756093568716
367;0.0004530600167552801
368;0.07555610353393183
369;0.09550655957668049
370;0.062107953596724864
371;0.026901497560688305
372;0.05330443885004568
373;0.07217589034575227
374;0.008938739801683705
375;0.007507850303786201
376;0.03700196394154181
377;0.05109914857127651
378;0.08595039892875818
379;0.08721581133033612
380;0.020731552121580357
381;0.0832841766163967
382;0.06945573492750268
383;0.08920401947449405
384;0.08063832438102564
385;0.07731645494802072
386;0.01267187176700454
387;0.05966189641830103
388;0.08638247847277487
389;0.044087351575683414
390;0.06829931247338965
391;0.0389472121551693
392;0.08045634950932579
393;0.03697938424459888
394;0.05172399762077138
395;0.06222727061261401
396;0.057545633635694364
397;0.05911994496119493
398;0.06539672436428143
399;0.021721723742385138
400;0.044250856922051635
401;0.0877170871334943
402;0.06536215312937481
403;0.015929419173261194
404;0.07544607483673493
405;0.031323671297845246
406;0.07136321900958423
407;0.031446075197093505
408;0.027499924210494266
409;0.0038411113233528527
410;0.08840063987339075
411;0.07373691585958986
412;0.0280988429745075
413;0.012841006515946518
414;0.08584916324549621
415;0.015645126555255785
416;0.06893250399178397
417;0.07113216300907751
418;0.004767614014498356
419;0.09141572361248523
420;2.8226807179754233e-05
421;0.017795470762142173
422;0.0752683542637837
423;0.09268782702498661
424;0.06800572860819847
425;0.039567325814425125
426;0.016406064664938515
427;0.05926902558359823
428;0.08402040018926286
429;0.002216949697593962
430;0.034398001907842916
431;0.017802791306980727
432;0.0786150981626791
433;0.07382178676871841
434;0.05888739421582933
435;0.08844435787537842
436;0.003024578170732628
437;0.0021454664605856876
438;0.013558298208438258
439;0.04554689477690685
440;0.02478036033257182
441;0.032812344666008346
442;0.03329515108447744
443;0.07536086928093212
444;0.07622745509295671
445;0.01831862481638117
446;0.08619154345417256
447;0.017125922498595538
448;0.03561078539674988
449;0.08813914401126283
450;0.03965259656529914
451;0.03811737034963756
452;0.04332255941278447
453;0.01804086008163609
454;0.029037214045870254
455;0.08070584275863626
456;0.059310515972738224
457;0.07588624754017544
458;0.07872211464648338
459;0.08864737079498791
460;0.0550296902719146
461;0.01342837627679553
462;0.0006800244967990255
463;0.07917171197584175
464;0.03710211441896127
465;0.059257402681229046
466;0.05327689075904766
467;0.009254283735831759
468;0.06492698547078528
469;0.08558659237062138
470;0.03305492462809524
471;0.024397447400865704
472;0.07528662671915204
473;0.003814196712848295
474;0.030331804987605085
475;0.04460889562918448
476;0.02723395429064226
477;0.08059591248883816
478;0.06284578183181742
479;0.02655627240243379
480;0.021103900013193556
481;0.06025703472595201
482;0.0147268420951162
483;0.0898360000482695
484;0.04793201708970586
485;0.02132520290805866
486;0.017616505715702502
487;0.09966091256579941
488;0.0802451162052052
489;0.06820848248958823
490;0.08382189862729487
491;0.09807764989570622
492;0.03857584846618555
493;0.07464729531935714
494;0.03536052281354753
495;0.08223970493433
496;0.0723051543620923
497;0.04930165399034364
498;0.03260950666977613
499;0.03934857801699824
500;0.013434477327689189
501;0.09782401965564191
502;0.00893626041895148
503;0.06830519601972249
504;0.06287540837726478
505;0.009648602272844165
506;0.04208298259638776
507;0.000619656083718534
508;0.04021800646156527
509;0.03841544009559052
510;0.061055511280597045
511;0.08773923836064486
512;0.02586989330788242
513;0.0980421509271883
514;0.05060967557498397
515;0.07797394211561627
516;0.05030875766982212
517;0.04223029227025982
518;0.06128148706566716
519;0.03582055677438619
520;0.04205732685883489
521;0.08162678296190119
522;0.0026411230693083824
523;0.048916643084940585
524;0.008685508187665003
525;0.0032954558349670097
526;0.000296858033598435
527;0.0015225416731259546
528;0.001031939382179803
529;0.013106772835144566
530;0.06924314346426692
531;0.03302648723682211
532;0.03719831514051073
533;0.07308836215121199
534;0.05606617081235219
535;0.028601799487566682
536;0.03460725176428638
537;0.0731827339424796
538;0.06908876126611858
539;0.031995768190790065
540;0.041484120836245746
541;0.09686307415801924
542;0.00916889671437905
543;0.07448760205715137
544;0.059568808074396476
545;0.0325486562914308
546;0.05701212988946726
547;0.0443836920370282
548;0.01818164035202442
549;0.08196157792769536
550;0.0374028664657462
551;0.07491030465860764
552;0.022709358748401656
553;0.04933662292543467
554;0.09062161832439017
555;0.035053590543951955
556;0.04905624144037503
557;0.03187772578387976
558;0.022351353468173008
559;0.007004671591265588
560;0.07347529350973164
561;0.04898960417269446
562;0.09607765662769586
563;0.08037182644641876
564;0.09621014161821373
565;0.06386890867000694
566;0.07667990255759453
567;0.0692609859075723
568;0.08801761938363517
569;0.0757729388571295
570;0.052690358271177865
571;0.0844980213789307
572;0.03796815775019981
573;0.08486882634262947
574;0.010413543108908109
575;0.04311046719024789
576;0.06888283235499484
577;0.0847150116010926
578;0.07215019388289559
579;0.09842187149968629
580;0.054770890530766225
581;0.06376524439429763
582;0.008194986253888915
583;0.0021542485708846092
584;0.023527302556868038
585;0.09173189416342706
586;0.07485344810864197
587;0.060323053577233256
588;0.07341523076255414
589;0.03358520787953997
590;0.0389177097517354
591;0.0018183475192546596
592;0.04185524149858099
593;0.03281836623874007
594;0.002876093666738977
595;0.06447430831810917
596;0.05009287094822149
597;0.05074424234231298
598;0.04272957603377195
599;0.09559134082592868
600;0.023003482732578653
601;0.04435388557176674
602;0.006637418796319872
603;0.03594241162682038
604;0.0003022146580258789
605;0.00692490622659594
606;0.08327665209237137
607;0.05754813696642175
608;0.000674970511064299
609;0.012527520366876843
610;0.011701240013201553
611;0.048770499601313556
612;0.08676743252734193
613;0.022047114040307837
614;0.093232025298993
615;0.02977912817449574
616;0.061734194032473856
617;0.044262921764371556
618;0.047298113027832656
619;0.028165620683714077
620;0.04912511250806548
621;0.0419992470838855
622;0.050675671108608156
623;0.031781943576096774
624;0.07978048068055027
625;0.075005113932424
626;0.05678471272827186
627;0.06037690024304482
628;0.032492820402362226
629;0.007579066820192138
630;0.04172373454518644
631;0.08837703012965559
632;0.028899165259749584
633;0.08254662337446023
634;0.08578337495882092
635;0.04472176497940805
636;0.0633487986036797
637;0.001427844785280197
638;0.08124091594414583
639;0.013456843545285015
640;0.027543295570616577
641;0.06008322074296849
642;0.022112197503136356
643;0.046689787099061034
644;0.07248962221110887
645;0.046937282262455984
646;0.05008214443506788
647;0.07088641564892566
648;0.0718087930604651
649;0.0816906109745288
650;0.027139878076381376
651;0.07085625280458249
652;0.047267326222377774
653;0.0019338777317738033
654;0.06227466584198336
655;0.03013375125975805
656;0.03410387455450558
657;0.05043598963419796
658;0.01356828571260761
659;0.06492370049730589
660;0.005446396350798766
661;0.012366360087396023
662;0.0667528713477761
663;0.008014180127190296
664;0.09751378312410544
665;0.038687735563042225
666;0.09485440007985203
667;0.07934363675905037
668;0.08386833874986803
669;0.03934824143434698
670;0.00318550645716279
671;0.01212579131441145
672;0.0583279226664581
673;0.026331055854536625
674;0.06387151318804883
675;0.005007486979473563
676;0.0742127632878549
677;0.0980848556191287
678;0.0086390775872072
679;0.072492788374348
680;0.003262812819679706
681;0.009618365167088139
682;0.026909864388595064
683;0.07187442032769702
684;0.09070540352835996
685;0.06575134882900972
686;0.072761545086533
687;0.09781151892364569
688;0.09718139979799127
689;0.09471286436900567
690;0.0638941700416102
691;0.040675440380610196
692;0.011400300044456725
693;0.09857028077270613
694;0.09505615422220187
695;0.05030014509707342
696;0.011628739185422055
697;0.055129190650475016
698;0.040779596039807145
699;0.05055975667152443
700;0.03181733212784456
701;0.09210621813360731
702;0.0048701605894272085
703;0.06738989440789377
704;0.016244030999792103
705;0.004275298048334086
706;0.010849769113479048
707;0.006201584536279026
708;0.006735922599533362
709;0.0738913538919995
710;0.05485785663478017
711;0.08127515968000051
712;0.05861417409243041
713;0.07124127947811686
714;0.02574980719015997
715;0.06903398877361978
716;0.00785266227586119
717;0.05714784055049589
718;0.05945248614115087
719;0.08053043536662151
720;0.06634461949223984
721;0.004225848785204056
722;0.06459629441965269
723;0.07750278371665778
724;0.05076931438003357
725;0.009753372351993517
726;0.08880038592406447
727;0.07256435010097055
728;0.08056873737875853
729;0.06352593816791448
730;0.026059990168567138
731;0.005838246394544733
732;0.06366153135672847
733;0.08700815778054577
734;0.013947331470819946
735;0.006229287482665613
736;0.004040502362203391
737;0.04401557595148418
738;0.00940815232615646
739;0.0685747695672172
740;0.0033542380740815172
741;0.09624496856753599
742;0.046173612417681115
743;0.08074040900475593
744;0.016174769973524218
745;0.0803499134976765
746;0.0313651402847388
747;0.07091120710004446
748;0.05027756447199172
749;0.05970288644905084
750;0.0025307917950349703
751;0.08385590812940108
752;0.060300960128116504
753;0.017007683964949928
754;0.02519290708761871
755;0.09709465387429199
756;0.0975861748682618
757;0.08468033003823576
758;0.00015415211322160617
759;0.05124239131892092
760;0.03069843761244008
761;0.0016887782952479725
762;0.0018320071581118481
763;0.0598329584486316
764;0.005130797803057041
765;0.031334084483067084
766;0.03765226432128563
767;0.04925235217816323
768;0.08886264096576658
769;0.061176481115724594
770;0.026825217151285132
771;0.06691207126656869
772;0.01311688562638157
773;0.0734704425066051
774;0.06449311831081482
775;0.01185590948250106
776;0.030899587835584854
777;0.005181947530081366
778;0.07755997901203034
779;0.0739802462656736
780;0.03408497523704262
781;0.07986643539054476
782;0.04904573946107939
783;0.05929304848513233
784;0.08732734728114222
785;0.08138647155167879
786;0.0599235583564433
787;0.02315520793274417
788;0.05484288119875448
789;0.037411652390796156
790;0.03504685381543917
791;0.012975612708206498
792;0.023849963110719033
793;0.07328403561777248
794;0.018900194950786677
795;0.09845012119904856
796;0.061923512994524546
797;0.08382576499257943
798;0.08267882195985445
799;0.06356545947418211
800;0.07967713783296843
801;0.01981238893391281
802;0.008932510357595336
803;0.028308387472808384
804;0.04583458912335833
805;0.0832104248043043
806;0.09862139174189577
807;0.008532278572572138
808;0.03032428009703362
809;0.017658453469540394
810;0.05526889487161717
811;0.08024980634931167
812;0.026798971138642394
813;0.06808847182402404
814;0.009455844948408587
815;0.0958385245082683
816;0.03278977149668607
817;0.046178389067762726
818;0.02274257625360454
819;0.08999406052499603
820;0.01023278128146522
821;0.07805088771454043
822;0.043526030623461914
823;0.00992512759316836
824;0.07401382825032292
825;0.09382530264652528
826;0.07810313481423617
827;0.06868194131806889
828;0.08452012739493218
829;0.02719231663279259
830;0.051173168833987086
831;0.032233940692404504
832;0.02005120931863006
833;0.07695321351737355
834;0.09836740810922107
835;0.04987909056775054
836;0.03391997490779848
837;0.025981875321504158
838;0.07646939008122779
839;0.05988158785413792
840;0.025148184899645234
841;0.07759241760830632
842;0.024473354760250088
843;0.0328702578704713
844;0.031874486988118324
845;0.004233181303785405
846;0.06921173586966047
847;0.09164234200204845
848;0.08699252548811469
849;0.06872309884448845
850;0.07682530165893764
851;0.05026772518614397
852;0.002879786206223112
853;0.04847656970918815
854;0.08391553172167411
855;0.010019104249655832
856;0.039505291812797716
857;0.09305746356409485
858;0.05037574891774865
859;0.08615553690282741
860;0.03416416587514955
861;0.024377192462612454
862;0.04987029834806801
863;0.054479680685427946
864;0.05120086764827339
865;0.018632794692617062
866;0.07123927870433523
867;0.06380757464441938
868;0.059222259472034536
869;0.035042763693148175
870;0.09614941782100755
871;0.01925942565913811
872;0.06860840442402347
873;0.02752470418887353
874;0.07302944076953231
875;0.03696512573479312
876;0.052536010699911796
877;0.03597892218839812
878;0.018146988829957567
879;0.015063822784040183
880;0.04242914913084107
881;0.06833487889377526
882;0.007028664379145577
883;0.07791921836588037
884;0.08759203782933273
885;0.0915736022119944
886;0.07650365441998368
887;0.02097338108220358
888;0.02204276730649031
889;0.07238181285051735
890;0.0013035382297216236
891;0.04453544371748062
892;0.05748502476757538
893;0.07516847286591427
894;0.05789803259898244
895;0.056814439665046484
896;0.050218192832846266
897;0.02016510217116875
898;0.06276795984940549
899;0.026508364343404468
900;0.09574806834375074
901;0.034167014730580404
902;0.034924043500070744
903;0.09431764507980582
904;0.02493692151570225
905;0.07797830442396472
906;0.0010508056245562615
907;0.04911315773749262
908;0.012665958333920525
909;0.07913555125610977
910;0.09943854527459123
911;0.09579560826575567
912;0.086685080524548
913;0.009336546837253656
914;0.050665781615350285
915;0.08401172597292006
916;0.01565493619680054
917;0.07109320297892241
918;0.09326622507906063
919;0.055679407310174914
920;0.055223216208435726
921;0.09300628884421558
922;0.031756810031378195
923;0.09636009263719218
924;0.004230901171976132
925;0.06793768479344812
926;0.08864506708319823
927;0.09815887104344806
928;0.02259027369460853
929;0.01830753285630179
930;0.06568319942318217
931;0.0666213698399893
932;0.059360333747404674
933;0.03693487248072691
934;0.06815912879549572
935;0.09402260448029319
936;0.07711028781639372
937;0.08592774199543053
938;0.016460245652787364
939;0.09269211461191218
940;0.03193604137588785
941;0.039973897463172196
942;0.041803880888053625
943;0.03898235095382661
944;0.0627187108749856
945;0.0501154989625272
946;0.024861079862536217
947;0.03674186373402799
948;0.09274070606426164
949;0.000802906836635764
950;0.09147240901716752
951;0.03508265725564617
952;0.05148110166871191
953;0.07391963704334113
954;0.041309550634159864
955;0.0940644759563694
956;0.08503837165575119
957;0.003994395782820426
958;0.03601825795763609
959;0.08104380090613389
960;0.0472475192653427
961;0.0689988522808953
962;0.06378419846360232
963;0.046040028068479434
964;0.019823819918243602
965;0.020323224457403158
966;0.08375951738843161
967;0.08566165441572612
968;0.01902721372809073
969;0.09643101390812575
970;0.004816858438587657
971;0.030609048976360242
972;0.0914702929043043
973;0.04374851298253163
974;0.07557249130107398
975;0.07001383282484207
976;0.09280560509272602
977;0.0631609699987436
978;0.09476072753167136
979;0.054236043829860706
980;0.050120222791329994
981;0.08262347425739422
982;0.04083769433174862
983;0.016417891851855684
984;0.052564987760261285
985;0.016018913173457196
986;0.055278233157934877
987;0.03164925378489859
988;0.06245816766142899
989;0.04228970547802115
990;0.08589572895801739
991;0.08880827244313025
992;0.05584975700398005
993;0.05102640927102569
994;0.05157809129356557
995;0.07985792118739264
996;0.035467827203943036
997;0.023529707091366505
998;0.024673080667512906
999;0.014871207730432746
1000;0.011451230547536119
