1;0.04138537359688656
2;0.052992744884952286
3;0.07680213121494808
4;0.029881064835298746
5;0.013213352321732175
6;0.05142470470485784
7;0.09027715683383004
8;0.02544002342560663
9;0.0823781252844508
10;0.0232286863055296
11;0.08875339809722699
12;0.05601140988850084
13;0.08701766534674793
14;0.025591723021388603
15;0.06760824118729981
16;0.09163486055648584
17;0.09855234793077683
18;0.03529759454797963
19;0.06806490731250041
20;0.0956611028712413
21;0.08721827503308949
22;0.06815847071691729
23;0.07339693167864426
24;0.011734790288304143
25;0.06239207137490585
26;0.09323293422601749
27;0.028020466847638616
28;0.016272125323414023
29;0.01160168060838962
30;0.04482617557590544
31;0.04697886581317079
32;0.08781362479078988
33;0.09333018887539643
34;0.013929108010136382
35;0.016582332860510474
36;0.023043217440724375
37;0.03415358184584173
38;0.05863475400152504
39;0.050006801319558314
40;0.04611399907458824
41;0.09086185718312426
42;0.08503378247169324
43;0.05504150077849821
44;0.0911969226072124
45;0.05538515392726794
46;0.05092594928791541
47;0.09449664694329288
48;0.05140209476549057
49;0.03276646611715017
50;0.04369386195270513
51;0.08681057194437551
52;0.09817884319994662
53;0.014209147850235438
54;0.09986918275141002
55;0.07981117466646503
56;0.07993987158326347
57;0.014117533904395008
58;0.07438872740774201
59;0.07109295379433146
60;0.06666595516898798
61;0.014510464216042462
62;0.05224070900358753
63;0.03741310558457961
64;0.0030596567742104176
65;0.04930456956973233
66;0.09238182725205908
67;0.083643678363098
68;0.06937541539655709
69;0.050289139816044985
70;0.033296982577311805
71;0.0008466415524888693
72;0.026937683609769128
73;0.019486902013843732
74;0.009093239253708252
75;0.09668754541917479
76;0.08481515958864755
77;0.09620893530845913
78;0.07474012941004281
79;0.010229708216642952
80;0.07547901605378216
81;0.02888590895217452
82;0.025220290317150052
83;0.024873394264800654
84;0.0953944860264698
85;0.05820389094086066
86;0.0963041510781022
87;0.09304782164004788
88;0.09484807192122853
89;0.061303654759301024
90;0.08050196192873273
91;0.06973211410067025
92;0.0603792995962219
93;0.06435059124601601
94;0.014087552270686388
95;0.08596994848720228
96;0.08010405919825267
97;0.012440249148770977
98;0.0024775562617782134
99;0.020821001952772467
100;0.0942707964335574
101;0.046698143600924384
102;0.04468748194595264
103;0.09190189479903772
104;0.0550983249917629
105;0.023986290805292534
106;0.08231423962468842
107;0.026716370250320046
108;0.0527290049543179
109;0.0382336754071554
110;0.030492083102224777
111;0.09723177568395733
112;0.030030804655170995
113;0.01430771836967345
114;0.007491966973956089
115;0.09162338570521682
116;0.09147454370908978
117;0.017269957297946892
118;0.02389108885495014
119;0.05531198122665407
120;0.03107986731407645
121;0.0038773810066205505
122;0.027944041792136
123;0.09988702006530278
124;0.08649416054837344
125;0.04846613470705333
126;0.01667355488780984
127;0.06756120297309662
128;0.0026485330633716497
129;0.05624150861439593
130;0.050171451221940014
131;0.0666471712936603
132;0.06889697241580259
133;0.005325158465748514
134;0.05537148638568699
135;0.007780096515944946
136;0.012552768161156047
137;0.07262105282014547
138;0.029534251527085265
139;0.04988707527234451
140;0.03717695078359045
141;0.09521871816835015
142;0.006646209693088923
143;0.08060586902197238
144;0.03604614011850793
145;0.051066747081192125
146;0.03427881044766145
147;0.016454208755062507
148;0.07615523945366409
149;0.011334280738999326
150;0.052659540318980916
151;0.022394029990285738
152;0.08045123823771845
153;0.09346954411696974
154;0.024387826042294516
155;0.016402923100699584
156;0.04403186712088034
157;0.014127304307567867
158;0.08704381832960889
159;0.009053770111138882
160;0.022796183894450664
161;0.002185933959610209
162;0.004475826529929972
163;0.028448517206593662
164;0.055507636326629584
165;0.004653598253275504
166;0.001146000523716695
167;0.08001553458984792
168;0.08818941611374334
169;0.09396118244531851
170;0.03614898437877319
171;0.050526703670302334
172;0.043195913108259244
173;0.052686408090618725
174;0.010306266193100877
175;0.005604703586964699
176;0.03375166884025493
177;0.08685020972349307
178;0.07315426041793043
179;0.07650097387932715
180;0.09117334331593194
181;0.026116295637700973
182;0.014973481342409879
183;0.09661716646030219
184;0.021332621858865777
185;0.09505054186438208
186;0.04163891465880033
187;0.09872637549002802
188;0.02446040969885335
189;0.04242587669922032
190;0.040414632933505425
191;0.011524548855389873
192;0.0395208085613907
193;0.034399001461777115
194;0.015425681716422335
195;0.03928002275403866
196;0.092021514092406
197;0.0480762736394296
198;0.06184138487529106
199;0.04945732201217032
200;0.05615290431055995
201;0.01791128210427052
202;0.04205011299690162
203;0.017028733186934996
204;0.07087505732693065
205;0.004961911468447245
206;0.07989215056269905
207;0.07213487064983405
208;0.07084579419966695
209;0.0861511601227656
210;0.09683139724356868
211;0.07344180149759416
212;0.08866390440003863
213;0.0813802791162071
214;0.08168054410960711
215;0.024882874576719706
216;0.08804130793953295
217;0.05406960537050124
218;0.05685735094764863
219;0.03557797738916098
220;0.048403404835436196
221;0.02146040389408386
222;0.049944384306584655
223;0.07021249587463449
224;0.04161563409030588
225;0.00010350314136307049
226;0.047710456908644616
227;0.08785342252856508
228;0.04264710565218608
229;0.0765167426494923
230;0.02734449951948811
231;0.005805079297904959
232;0.022428098760029203
233;0.008824454141044592
234;0.04042932889821266
235;0.006695178730784179
236;0.08624123092739584
237;0.09526886054913354
238;0.014286344453784206
239;0.051341181461810714
240;0.0901751521434344
241;0.08527209132795772
242;0.005836091709357705
243;0.06850678612791276
244;0.022325478627781604
245;0.08248106293354818
246;0.0179400792656495
247;0.05194492427941989
248;0.018181694490550904
249;0.05132747614387772
250;0.0048054428294146525
251;0.0594718132732881
252;0.009624932602950298
253;0.054678853317039026
254;0.03959675863963095
255;0.08384996875028118
256;0.09769904764355991
257;0.018426496184002328
258;0.021793299420965407
259;0.02264252438551192
260;0.08237351490180804
261;0.0631227683461833
262;0.04931741475924392
263;0.0609827713777118
264;0.09832900966189312
265;0.09799150693332508
266;0.02900350359739895
267;0.07598674484782186
268;0.02421068527499075
269;0.01607370416745222
270;0.0007460970048025706
271;0.04783755307437926
272;0.03830389620434071
273;0.05675046235582465
274;0.06964582202813205
275;0.03501833103545086
276;0.04387195958070353
277;0.06495931606676482
278;0.08276109632891021
279;0.0585548375539858
280;0.024836817313985207
281;0.07154583599910884
282;0.013279258167836728
283;0.06295641196157345
284;0.0527163165906704
285;0.06153009083064749
286;0.07081586549176645
287;0.0006853326457297526
288;0.045664519853552035
289;0.02478623325675368
290;0.04888503861597215
291;0.044782339867789435
292;0.056371032446020056
293;0.054152395324258966
294;0.06516712200281156
295;0.0914461654295154
296;0.001210983389831466
297;0.03961079387010816
298;0.07567197243947127
299;0.09089743534198524
300;0.009526996014040967
301;0.06972227123453854
302;0.02312498084147412
303;0.018703289785838097
304;0.043103456710007086
305;0.0564003569079663
306;0.025890459838740377
307;0.052094313238447876
308;0.04491187255140394
309;0.03897870716217986
310;0.02528677709501528
311;0.08349918191965142
312;0.0326862726595881
313;0.03460858373261984
314;0.07829219024585246
315;0.06235779185460334
316;0.04862551730324162
317;0.05982487102244105
318;0.07338386548574255
319;0.08540708328932463
320;0.04073350992534705
321;0.06766477837556725
322;0.007036133252781074
323;0.09626317526784221
324;0.03420272008664839
325;0.014743715851225359
326;0.08656613342197769
327;0.03425131393617854
328;0.0051953335161903265
329;0.001302439559299884
330;0.06807500288021903
331;0.054776928413921504
332;0.09311305604935138
333;0.09761803778757824
334;0.04734043829236424
335;0.036017745096840616
336;0.09082402899494252
337;0.09190667025043234
338;0.03496511801698541
339;0.09512054970568984
340;0.09456417619119138
341;0.08181198218274394
342;0.014246768003550181
343;0.07796779395853255
344;0.008518020673158344
345;0.08123713219974954
346;0.05934633604839443
347;0.08611747973577623
348;0.03513160686436424
349;0.07513161052637157
350;0.033090727424088064
351;0.021569875525870332
352;0.01534391645802411
353;0.003960790908552769
354;0.012046979872013598
355;0.015964432738404755
356;0.028064992250296808
357;0.08321352467952915
358;0.09838342984847606
359;0.09933723477717606
360;0.03856758172373079
361;0.022475974967287107
362;0.027171954700396506
363;0.046627118241843485
364;0.045183437822762795
365;0.06381401673777856
366;0.03135305621715114
367;0.07412004894050511
368;0.09547216931436955
369;0.06757932138306494
370;0.06134395399162898
371;0.08386306587966393
372;0.08590308239285992
373;0.08396946415555086
374;0.0437477956233642
375;0.040753626643072006
376;0.015314161868921317
377;0.07605970070407071
378;0.06840512272464676
379;0.08846050207587176
380;0.09891448793701697
381;0.05728445022508575
382;0.07554114030082543
383;0.03780225820733865
384;0.042526289881821035
385;0.01885129242969874
386;0.04686724142141081
387;0.06678750912449345
388;0.035675570037727124
389;0.013022455300377767
390;0.07316702143275837
391;0.07040143042329458
392;0.05531655441437137
393;0.0665892535070378
394;0.06296849395664504
395;0.02791289121343249
396;0.05394202254509774
397;0.07345556900322747
398;0.020832503604821497
399;0.05534265727269897
400;0.08335895165071876
401;0.01220180487492758
402;0.05897545412563518
403;0.06866711279860616
404;0.03344942207733117
405;0.09243205758563833
406;0.08996085050042638
407;0.018624114536117977
408;0.011045240584501083
409;0.0915233770022273
410;0.05552148585806638
411;0.06667570277238033
412;0.029236734947539058
413;0.0497936225230973
414;0.009105475629018657
415;0.0023402345862577833
416;0.0048151944047096
417;0.007446534750061285
418;0.025927164747383616
419;0.08198882886793736
420;0.06538453199424521
421;0.0620764377707552
422;0.043252074185970005
423;0.06395970354022937
424;0.08286136132169053
425;0.057021672800259326
426;0.029277851390823596
427;0.027830325097211908
428;0.00047596538921172997
429;0.023971811989902836
430;0.03548070416466
431;0.02664336909763091
432;0.050397763638135876
433;0.07776751359387013
434;0.06801200163572695
435;0.09595863175805068
436;0.05145130718310508
437;0.06526165293535884
438;0.023478127990616094
439;0.07951442558390087
440;0.060714611397032194
441;0.0019107520101006804
442;0.07342574254562488
443;0.08285027520109811
444;0.021194815131074463
445;0.08653756134902549
446;0.05430747783157245
447;0.064478950230366
448;0.09694585749749458
449;0.06490108821895105
450;0.030700539245476523
451;0.06962452347199193
452;0.05156127589861431
453;0.02968883879091704
454;0.024024402027668923
455;0.04464737841824543
456;0.0993511776759596
457;0.04221833929312176
458;0.048438886871906166
459;0.022337116949176884
460;0.035845122559968745
461;0.05822693093994198
462;0.05945008988301958
463;0.04608480407026342
464;0.09998040404021671
465;0.015352003854717244
466;0.03696017605330778
467;0.014111209480088061
468;0.09469793678600727
469;0.04238011003571898
470;0.04178518553042089
471;0.040217890989777995
472;0.02218902412206042
473;0.031565614526865474
474;0.05959573711580057
475;0.02523527173513762
476;0.0476878882676196
477;0.05272710559973927
478;0.07126670778894083
479;0.05110734869662682
480;0.04090750219493752
481;0.010705831360517637
482;0.013672785619956563
483;0.08230972176012308
484;0.01411925923490972
485;0.09350793162621301
486;0.07016205576795116
487;0.08588819462296869
488;0.02297358198782551
489;0.011820576953137174
490;0.05664985489048814
491;0.07283150165183558
492;0.09798789457506951
493;0.06887749274013642
494;0.03331146136774991
495;0.07986410227871717
496;0.023044395153545186
497;0.058156607655857485
498;0.09860303130217246
499;0.07749588225103547
500;0.01886735384641285
501;0.0664863253166122
502;0.0021573297815544626
503;0.0949467907566222
504;0.020967234897154664
505;0.054710559247573426
506;0.022362585897837784
507;0.036588105896559524
508;0.08521030841255156
509;0.09090985158881904
510;0.006521724297887533
511;0.013490461925588393
512;0.03429514766423699
513;0.012069748280087056
514;0.05522175796059214
515;0.05292053510345738
516;0.016182264088364096
517;0.021491480218843475
518;0.02203387204403874
519;0.04768448029660665
520;0.0017557889752181533
521;0.06844781539608218
522;0.07755810544850139
523;0.039017004528923815
524;0.08625309757066223
525;0.02247230803932303
526;0.023847243271118534
527;0.009966921871908264
528;0.015111246146054547
529;0.0159620091999672
530;0.07881053314896419
531;0.04999705516239619
532;0.0835979619578815
533;0.013838641590958468
534;0.04150800626477537
535;0.023322748468402033
536;0.020320320131153036
537;0.015568159866675868
538;0.01813533152510738
539;0.03728350197985566
540;0.042268667761376714
541;0.09349604287915714
542;0.03173173913727683
543;0.07900411666864021
544;0.08208722845804965
545;0.08692167571505853
546;0.04420249350687655
547;0.005993863966044655
548;0.051286106201005835
549;0.01755870871239834
550;0.05957382441780923
551;0.0071865704481606126
552;0.033137792397106215
553;0.07502776049500072
554;0.09244040481281993
555;0.026081106904243114
556;0.09159085822844305
557;0.03575398004575776
558;0.011705355462758705
559;0.07343542209216183
560;0.05758274833748794
561;0.0928933758949386
562;0.010031849577498598
563;0.0926071091562484
564;0.028755866963596013
565;0.008807911948553548
566;0.08650245223430358
567;0.05118010571658987
568;0.06852456655326528
569;0.0991779060653977
570;0.08190385051172958
571;0.027170489059605597
572;8.501989283994372e-05
573;0.07967375523141863
574;0.09302615927792467
575;0.030491268900069535
576;0.07972177253246676
577;0.03501829154905561
578;0.023030152816685946
579;0.019442858313835933
580;0.007111898789604343
581;0.09402568860087317
582;0.09225880705847866
583;0.0988078897387991
584;0.05097970632125157
585;0.06109928047560549
586;0.019757829926408788
587;0.0016157079272704268
588;0.041704962524983874
589;0.051507886106694205
590;0.08675649191634674
591;0.06428190499461094
592;0.045337479124025096
593;0.09472147705682521
594;0.044043880936704305
595;0.010885951331475963
596;0.04159025934408233
597;0.07529208192169526
598;0.04434323985688607
599;0.016150773633216455
600;0.005191208006949045
601;0.057253178707153074
602;0.04270360522121434
603;0.007189459406868926
604;0.040657374985669674
605;0.04476241564280971
606;0.02076932585286714
607;0.037055785533486596
608;0.09159255184376189
609;0.0573245365622749
610;0.044799435925468645
611;0.0204273654528636
612;0.09972249504559107
613;0.056274981249784584
614;0.08105744339691034
615;0.005218656365612074
616;0.033086677955368606
617;0.022899346148506895
618;0.08595852174428892
619;0.0454798321241634
620;0.021608604581123417
621;0.06684868519673753
622;0.09074657052565244
623;0.08758383050796675
624;0.08701106061965141
625;0.07823968479029923
626;0.05814681229732374
627;0.012991822371165841
628;0.0062792374794428014
629;0.04040816214735241
630;0.09339661374772934
631;0.02353169080377734
632;0.09097231484696222
633;0.0012658022529261404
634;0.09240951973576955
635;0.08338564008000275
636;0.07950540866793553
637;0.05332443745469581
638;0.09352704952439626
639;0.0868359160667904
640;0.015461313020189682
641;0.04173348013659825
642;0.0969528600168313
643;0.01322773786891497
644;0.008248817489063332
645;0.03627194197738254
646;0.08220477183337677
647;0.04902227354241502
648;0.024661275569599284
649;0.006489510058533621
650;0.07782543169786822
651;0.044566256026755326
652;0.011730994538662089
653;0.07403973454184576
654;0.009200116599289243
655;0.029813102558260862
656;0.011328632135517514
657;0.017838000079909877
658;0.04374652460017012
659;0.00322900926056412
660;0.053685087675228296
661;0.030836590957559418
662;0.08780918654122032
663;0.004729470010772153
664;0.09353244099527092
665;0.03975120931561818
666;0.013259915479074248
667;0.016383255164843347
668;0.07769597044557153
669;0.047842123724642395
670;0.028089048309320942
671;0.0654478076793315
672;0.026995608288105058
673;0.04597135451202927
674;0.07233576592116008
675;0.016002341722683635
676;0.07363338088200892
677;0.03171448116039467
678;0.08313161017633258
679;0.06381526063176818
680;0.03907918114599194
681;0.009085668358673693
682;0.02088260149461211
683;0.014052148026761847
684;0.02751588541610538
685;0.021376745112100727
686;0.017923448419598864
687;0.017727237145301233
688;0.0680363305922897
689;0.08101527752230062
690;0.0023319640751733764
691;0.037371355634408555
692;0.01731124333875165
693;0.037656069628374936
694;0.05657992101840187
695;0.09231279538982301
696;0.056929385713127126
697;0.039463519874676105
698;0.019634840833122516
699;0.03663608761948074
700;0.017109755974144537
701;0.09888314540214743
702;0.04293809561741562
703;0.03572586024930035
704;0.006737712412313257
705;0.0990745669974676
706;0.0069398027614443365
707;0.011868067834750418
708;0.03421490820098947
709;0.055336065679734536
710;0.00985967548891984
711;0.0644011851260778
712;0.03988700973730798
713;0.02935218566059321
714;0.058283686329487217
715;0.08530361936028055
716;0.024047962088960508
717;0.07446751146101434
718;0.052757692904175535
719;0.0377514039676852
720;0.05643989175006939
721;0.06290737380362056
722;0.03501403217430298
723;0.07412410422355846
724;0.0644429080932034
725;0.020324083342297274
726;0.07810329284288704
727;0.0041957571976681705
728;0.07896122909636874
729;0.05724332745171014
730;0.07522122965186297
731;0.08608006802344896
732;0.09866015180065389
733;0.04784591721592803
734;0.012093837794258733
735;0.0008280706728935661
736;0.09737871835145911
737;0.036290330594800725
738;0.033393097144011175
739;0.005042649281828427
740;0.002656959821129179
741;0.09156138563319674
742;0.08162384794248195
743;0.03788988464958111
744;0.09838302018853833
745;0.011968648522744964
746;0.06709064606704349
747;0.04971167849302138
748;0.007323768851178536
749;0.0667213305692214
750;0.06252462667805646
751;0.016283082844987074
752;0.00863403584249467
753;0.010210863317500119
754;0.04824153498641268
755;0.0021950703377774383
756;0.05783556237334382
757;0.03715855739329149
758;0.03867568304273067
759;0.07496717404084337
760;0.009217277862125495
761;0.07600210274642677
762;0.026941114434379188
763;0.043995911326328775
764;0.00016258841281805437
765;0.029982074989246533
766;0.0027056700778855247
767;0.06669775479178697
768;0.006041593526250855
769;0.0316372806528471
770;0.044344110530073644
771;0.048187022921394096
772;0.07532178714135618
773;0.007523588652443747
774;0.023684191441261195
775;0.07076942716964388
776;0.09515559361967157
777;0.05924720517324439
778;0.043929539470147605
779;0.07686456500439606
780;0.04887406635169254
781;0.09093042704782688
782;0.09084683389933251
783;0.03639016359970378
784;0.0601730081100665
785;0.053254455533283764
786;0.07638760422163367
787;0.09354156228846855
788;0.0059651398846585
789;0.05233438922939392
790;0.07928400106176564
791;0.06951625491081584
792;0.021274601967295772
793;0.018960874491705373
794;0.03394397069531785
795;0.01992583003627111
796;0.003773367162732577
797;0.04823989245628734
798;0.07289241819002146
799;0.03769258353968294
800;0.05034559760219871
801;0.010400370170357155
802;0.08556756098286394
803;0.06568470637233774
804;0.07692966020142551
805;0.04588777580767527
806;0.040741531127626046
807;0.09935388163919026
808;0.07741429198050659
809;0.07283932121397274
810;0.04186033078368574
811;0.010714322927781784
812;0.09295093995073973
813;0.036220809883856224
814;0.053788421279864045
815;0.09271492710950938
816;0.0032916999467211498
817;0.049175270210346726
818;0.04681214908276084
819;0.03355454144395074
820;0.013482334035694954
821;0.028840362004615306
822;0.08363311702976416
823;0.05374437424931764
824;0.08801181821027312
825;0.01379799029605814
826;0.023510229866766555
827;0.05060086530370392
828;0.016618644677297147
829;0.019590719810216952
830;0.03870184841202393
831;0.052368947248754044
832;0.01196732474588812
833;0.00036794222164494573
834;0.05741788152310259
835;0.06532665496743977
836;0.063285024825563
837;0.07894553050105099
838;0.007205657411810651
839;0.012393549253807146
840;0.021530385139611433
841;0.017446398183539925
842;0.09188948460341681
843;0.04640164810162779
844;0.016905314323627397
845;0.06224732361516631
846;0.059934680839270976
847;0.034606523385948884
848;0.012781411628416306
849;0.019298428813291336
850;0.055841965367565596
851;0.07704470158381423
852;0.05119763352491688
853;0.03818001106253095
854;0.016057641876876926
855;0.011804094090199002
856;0.054641752334190476
857;0.07024618148429615
858;0.001970337484273166
859;0.04577771063436412
860;0.09891959577561416
861;0.011936287867842878
862;0.04259280597588844
863;0.09162967645377551
864;0.08625313367776885
865;0.047386922276644955
866;0.01049310215308822
867;0.09384881751328666
868;0.06544110716361547
869;0.07811283987351587
870;0.014283152001949562
871;0.04915698242126531
872;0.029420923976252455
873;0.005620305177681906
874;0.004198424779458998
875;0.07678230997340792
876;0.09337579805881784
877;0.09905161058662101
878;0.08914101208749002
879;0.09561064340458303
880;0.006360562622902111
881;0.09118126063597864
882;0.08378315898812502
883;0.0191219508549357
884;0.04851692953150874
885;0.03701528031057261
886;0.07630151356382031
887;0.07623238055257836
888;0.025187519297769537
889;0.05535442296265276
890;0.08123741718304422
891;0.06792146030000189
892;0.031587645680297594
893;0.04269663767168275
894;0.04864966625039699
895;0.0912170152227285
896;0.03969797517945859
897;0.08210693258248111
898;0.049341547604250316
899;0.020474889623757844
900;0.019029213821054727
901;0.0026230129037956742
902;0.027641774100019223
903;0.0633935402017727
904;0.01811322526841159
905;0.06824193467879534
906;0.010741058147637584
907;0.048482496727942165
908;0.04600205097180474
909;0.040431539944481336
910;0.07787594724562474
911;0.04665022808547129
912;0.07613703850515968
913;0.031400020797799515
914;0.039356739249778984
915;0.06232606128900928
916;0.018844296042141717
917;0.04221874475123704
918;0.06372915914054927
919;0.025882974170330333
920;0.03540879797017443
921;0.059169971384803004
922;0.03732191893083531
923;0.026265268931180964
924;0.08353410581015411
925;0.09446686066431825
926;0.02746324207133252
927;0.015482475308395728
928;0.013766287202011042
929;0.021761821011572126
930;0.062441031603698655
931;0.06368383331169956
932;0.09679731502755375
933;0.034002116901968873
934;0.022611684424673796
935;0.09670701358375287
936;0.025138297201428263
937;0.008270816412304515
938;0.05661900655941975
939;0.0847033069533454
940;0.06312671578054485
941;0.08547846337473604
942;0.014009722266139779
943;0.02607011165007126
944;0.015748295308227356
945;0.06450577856010913
946;0.014479871816757174
947;0.005295315631222575
948;0.025174402177313128
949;0.05759294651191718
950;0.036438718265381385
951;0.05702282057341023
952;0.08403826470578038
953;0.01639803046845525
954;0.020082249857420898
955;0.036993523381916894
956;0.018477191326145594
957;0.03775489070827644
958;0.07492958754398459
959;0.01883239889446068
960;0.05110791375528513
961;0.013824293318962467
962;0.07249992146952779
963;0.07701633888010426
964;0.09534532759591025
965;0.014855143594121923
966;0.08230685774030785
967;0.035094205293095114
968;0.0980011339927862
969;0.0490374559417252
970;0.013230720967406752
971;0.07230444237062854
972;0.03280124191003966
973;0.06807290540182956
974;0.062153223106514666
975;0.08709404734542212
976;0.08139508909436466
977;0.0013477383155432788
978;0.03428237275827465
979;0.016756875342330703
980;0.02580628278349121
981;0.04311584585914429
982;0.07478387692892167
983;0.040279086449467455
984;0.08449738318517723
985;0.08064586074046048
986;0.012448873151386798
987;0.052269070218263804
988;0.0473977313488339
989;0.06923671870999315
990;0.0957345403300414
991;0.04213904104803297
992;0.09580702367312592
993;0.03229168331323956
994;0.028162207733742162
995;0.08070924873530048
996;0.06400857685850038
997;0.022282304776093234
998;0.09651254575913921
999;0.0836931958997898
1000;0.04020414766114222
