1;0.04516473152768668
2;0.15861802056652924
3;0.17777346329152144
4;0.13003935596814462
5;0.0033262517645833434
6;0.1936220517743138
7;0.014984174553710173
8;0.061659582225580725
9;0.11990006121701767
10;0.1271460719390026
11;0.1911892281096431
12;0.1615650903710692
13;0.17725900301564315
14;0.10470340331132749
15;0.07338392046356461
16;0.18759321185060462
17;0.10641729650448882
18;0.13006224190671595
19;0.1036779145808961
20;0.17712299007535817
21;0.057702354752536406
22;0.13281297109679532
23;0.11940569413207025
24;0.058465339303341995
25;0.010387875110588075
26;0.02253873551026353
27;0.1971466752857067
28;0.10929991144738899
29;0.016423135555357304
30;0.021836219259597202
31;0.15935570115059827
32;0.12925672307962383
33;0.07571595835374995
34;0.16870149901873024
35;0.023653002950616633
36;0.11468967859085216
37;0.05917336617315321
38;0.018668962322962602
39;0.02253946097608799
40;0.11473858662037767
41;0.1352526682519745
42;0.19789331630981688
43;0.13642816770017047
44;0.13877041709872015
45;0.038619424711560726
46;0.04418877756386086
47;0.17170935549939148
48;0.17728237189288382
49;0.037284826518846216
50;0.0717630323659724
51;0.16666548159834466
52;0.1011631778920486
53;0.09710741055737443
54;0.05190625081642267
55;0.06756196495844427
56;0.19958947774622526
57;0.04755359265429755
58;0.013054810715069465
59;0.17783603306889953
60;0.05855953435934396
61;0.09015068251440911
62;0.05642052958000568
63;0.18734967513725975
64;0.04087786841499699
65;0.005330512623314388
66;0.15061887668718704
67;0.17643509540244556
68;0.10921615801869565
69;0.1676379839637479
70;0.10795761316704287
71;0.07372967612961856
72;0.09059286835020196
73;0.07566129849842447
74;0.08869795864711368
75;0.09985730852701775
76;0.18553687451986134
77;0.024724442230342248
78;0.011807705498849332
79;0.1379886061197114
80;0.07761898449005832
81;0.059840035084358735
82;0.05142108491501177
83;0.04365758476029689
84;0.08348726627849218
85;0.015451742036655603
86;0.18592119417863698
87;0.11924705245567568
88;0.09466233246596896
89;0.027174492590102628
90;0.014846507834389122
91;0.08452674184715009
92;0.18063095366224302
93;0.10296602169662804
94;0.19397190110401963
95;0.18993246296779004
96;0.08213178682378813
97;0.08773882248337304
98;0.1614912557475898
99;0.08272948033163968
100;0.1868321055624137
101;0.07566933612606341
102;0.06981894616511326
103;0.09882592566079298
104;0.03688277161261422
105;0.034703961185993996
106;0.061017138016690335
107;0.17244778988755272
108;0.026841931379669705
109;0.0722662110266871
110;0.05271977980421405
111;0.12014240767333549
112;0.048730470943664075
113;0.19365854779948696
114;0.1669703258257915
115;0.008183189692026095
116;0.0013823253454206875
117;0.05943347930333656
118;0.1790039842967927
119;0.09750991081501599
120;0.138502417904067
121;0.14715765179298285
122;0.09654462523567997
123;0.18813354837312923
124;0.0901036014470108
125;0.16029839510012212
126;0.06067645692069841
127;0.04026629911513793
128;0.037032921029342906
129;0.06929353871246295
130;0.038007024261714144
131;0.0033550445847965182
132;0.11048893629888384
133;0.14296843644195864
134;0.08807035146450637
135;0.10226469015127448
136;0.041941077262418074
137;0.09177747102486583
138;0.09800994319843902
139;0.17369663342276834
140;0.059381283863403536
141;0.04535211218056772
142;0.13631071954436158
143;0.18647982562904541
144;0.07830416297594783
145;0.05651103299572831
146;0.06900788504701741
147;0.10766533325712938
148;0.11669851968717969
149;0.019192591238795933
150;0.1991437897334468
151;0.10894068736079512
152;0.12288917595649594
153;0.013851178081370909
154;0.01849878998883834
155;0.09090142915859117
156;0.12226813666371444
157;0.007155033924882193
158;0.1945149107884609
159;0.09487543969889481
160;0.09161596213016945
161;0.19427338425565532
162;0.1438160778884949
163;0.13688677190930187
164;0.16721296064647884
165;0.1980955194145971
166;0.18285556380924572
167;0.07216563519543061
168;0.1559239979667702
169;0.10869214925389528
170;0.13653545561387956
171;0.03877969790743157
172;0.17981665968119864
173;0.13042230281310685
174;0.19867471204178405
175;0.008038206473368437
176;0.1838075741242572
177;0.12687197750765614
178;0.08466993524999485
179;0.17201690194928881
180;0.05518610592914657
181;0.013470636522099788
182;0.10237727618660397
183;0.18282393975660352
184;0.07675849171918266
185;0.00042060400856727134
186;0.1551009709143337
187;0.1601611882096628
188;0.16285989090946096
189;0.10004184037280238
190;0.17156052670821076
191;0.15285871337042206
192;0.14868637057502718
193;0.09430731081758388
194;0.1961113539461932
195;0.1478275563613668
196;0.12360583936062969
197;0.14960355514138937
198;0.13686575479428545
199;0.08627183797361204
200;0.09802336265376979
201;0.12075944919978876
202;0.06996445538044649
203;0.05029849248328136
204;0.11301783396250922
205;0.069393130128326
206;0.026019628002438535
207;0.08770323045741442
208;0.15645730899333568
209;0.028593690147665288
210;0.17724911976889918
211;0.08141690190282963
212;0.1314271790172965
213;0.04984724444392135
214;0.09543424359048634
215;0.15641238982521294
216;0.14013902004518813
217;0.1915083707350382
218;0.17358281215391722
219;0.010870471968376184
220;0.0037551809535292914
221;0.01827768767452467
222;0.016853169455497842
223;0.15384609252266282
224;0.11790124240804192
225;0.06387430831777834
226;0.155136621033111
227;0.09530957894083308
228;0.011812955720034914
229;0.06737746202278852
230;0.03325155516021794
231;0.09030465535865786
232;0.19027096001506996
233;0.12522292641807364
234;0.18332024807125627
235;0.06078896813202233
236;0.0602361437786646
237;0.08300258984021852
238;0.17573495273678064
239;0.09654625539373812
240;0.03132869618838876
241;0.09172032622320761
242;0.17087306727098364
243;0.06165171195627655
244;0.03980849738453243
245;0.032987837184200376
246;0.004422273340787775
247;0.006718905028537093
248;0.037479140239093135
249;0.043657628276445926
250;0.07705834475985443
251;0.025181609318490852
252;0.1606545916326061
253;0.08348403214882034
254;0.03370086181904963
255;0.0544245607923622
256;0.009295095432037727
257;0.10596079314273202
258;0.17371138870959793
259;0.18144406446430555
260;0.0948366724409437
261;0.11222519392277037
262;0.0693105969938749
263;0.060370864533495563
264;0.15815220185920575
265;0.1824778104563692
266;0.19776847716438128
267;0.1927711569373184
268;0.04990585220830095
269;0.18603805562776088
270;0.15505843993207946
271;0.1908169000137814
272;0.005530502754243206
273;0.1931935750805812
274;0.08871749370599752
275;0.15398887063397038
276;0.14323931551673072
277;0.13559242075998545
278;0.06560697751530246
279;0.17430928964999243
280;0.19290769165868715
281;0.1368108077940758
282;0.005140074066377909
283;0.06169679484246158
284;0.10448510308236669
285;0.0471812966328717
286;0.06576333664566979
287;0.18344046606010633
288;0.013591343693866987
289;0.12262211651848205
290;0.050333279422648564
291;0.04212349440953043
292;0.03440941280116266
293;0.11947192814406489
294;0.12239438912970278
295;0.013247271139536033
296;0.01852215792754668
297;0.0029900639411524657
298;0.17193902640628017
299;0.13406772205302614
300;0.08223647335273937
301;0.060638092895329114
302;0.04014699576269701
303;0.002184955997452809
304;0.13642365118063343
305;0.1237337436298154
306;0.09287109041862994
307;0.013244432513956551
308;0.06483262797523807
309;0.061414043313677724
310;0.040565576930042924
311;0.07496283273054197
312;0.0310184916913681
313;0.14475299616181284
314;0.18292482564805163
315;0.17761297493410308
316;0.039804224561804415
317;0.09114803101579444
318;0.05074119939101662
319;0.10063622266502117
320;0.12237077169003906
321;0.12523723918172408
322;0.08901475178881096
323;0.1081891538975341
324;0.07156640660749505
325;0.0793396310724782
326;0.12308196812500245
327;0.025994102917340636
328;0.05164427100239604
329;0.12267882923901208
330;0.09394910122214528
331;0.09928789707446506
332;0.07794327194247026
333;0.011846388562568633
334;0.08390665933741709
335;0.012366332002777904
336;0.13146183550518117
337;0.12664475557444296
338;0.17604762363048787
339;0.053867581139161416
340;0.12767850319666527
341;0.006099847667578873
342;0.13905665963415234
343;0.0031430290978814892
344;0.0868046038564509
345;0.021760305999900354
346;0.12922846264849416
347;0.06504469196499572
348;0.05298995395981376
349;0.0569534740455514
350;0.09831172827397135
351;0.05757111022885138
352;0.18301044301903846
353;0.08358866310990049
354;0.17383904004773387
355;0.0006796596744706341
356;0.07813445906436692
357;0.10678521194857322
358;0.16330452986127553
359;0.0584369293926178
360;0.17508547310347056
361;0.15271404973991454
362;0.05046797909626728
363;0.024368885848112632
364;0.17013427040076273
365;0.08856707012411143
366;0.1783803911514902
367;0.05083213193041119
368;0.1176386247638837
369;0.08081705486665519
370;0.0323731691019238
371;0.19528654429958173
372;0.1575210504874459
373;0.028557967584029578
374;0.13448451151324478
375;0.09260140787783688
376;0.10295659471507555
377;0.05978490858805272
378;0.030824135334280547
379;0.06777989123976325
380;0.012187722645090361
381;0.03647504407565343
382;0.08962283268574152
383;0.13039005994521743
384;0.1145515845323471
385;0.1968655873975545
386;0.08728466731746143
387;0.07177347968112546
388;0.07720448439289898
389;0.09474021008037575
390;0.1629985408090424
391;0.07718344805728271
392;0.10595454533135176
393;0.002456844447722828
394;0.023667889283612565
395;0.02566667734960462
396;0.17675442401651606
397;0.18187134558364676
398;0.04913957924865697
399;0.12491668981212366
400;0.008504762437114488
401;0.14392704213354512
402;0.1652381298889599
403;0.16467054732161257
404;0.1689807647194053
405;0.06296451420512138
406;0.016103231109348193
407;0.08668302601711492
408;0.009724249213088877
409;0.026359719589975118
410;0.13589046005603875
411;0.09101666295655464
412;0.032920696368329304
413;0.07952510523628845
414;0.16554018898165687
415;0.016816029608561347
416;0.030299979960982527
417;0.016655925421307585
418;0.04507341837950288
419;0.08557587181704006
420;0.06416009261857014
421;0.1089788228437248
422;0.09340511716335537
423;0.007549865843343939
424;0.12663665608269328
425;0.11115085522512536
426;0.04891560013185101
427;0.14986377371567164
428;0.09257787374320588
429;0.09754172519945488
430;0.010053763172481123
431;0.04292139716098871
432;0.14603837138505624
433;0.12343112014571603
434;0.03081642496813666
435;0.10078495174742802
436;0.17331120139069844
437;0.004857179093602815
438;0.022411591904679253
439;0.07056959916520929
440;0.10139664582536093
441;0.0007003346317063342
442;0.08688015079242589
443;0.12502456981484006
444;0.0921486159400432
445;0.17582465978400805
446;0.11599197010972695
447;0.14728500083211885
448;0.17977513404058115
449;0.09856660245951171
450;0.04772626415652668
451;0.1256830096684403
452;0.1375914563340576
453;0.03084587073884786
454;0.06573388212964208
455;0.08959415703792709
456;0.19480356675664423
457;0.014367736817268951
458;0.064028365150156
459;0.06055032740054378
460;0.19189635888212367
461;0.01596531501645342
462;0.03204542452356063
463;0.09687471681665814
464;0.0562607496545057
465;0.1316377382051438
466;0.1767124711905459
467;0.01254572793887503
468;0.16301858088155868
469;0.09753963928139507
470;0.11578613233773219
471;0.025801542937647026
472;0.0767842597039685
473;0.07028017846540593
474;0.0334539502126874
475;0.1611461259282002
476;0.07813085160285947
477;0.02847855649396376
478;0.1306273227104507
479;0.1052835652751885
480;0.16512441772641434
481;0.09349384746247756
482;0.13249726709626636
483;0.03081787019274447
484;0.08542106538361385
485;0.01670613335272515
486;0.10679007054604284
487;0.1288486428678646
488;0.16219748919802926
489;0.03803206917345601
490;0.1439112310805429
491;0.19556179208656155
492;0.15132103642633898
493;0.1405422500339459
494;0.12252989080078297
495;0.09466640885665434
496;0.18750847961337613
497;0.10355055161791167
498;0.005658201467470803
499;0.11689523865127252
500;0.1303710768107546
501;0.047700285153628987
502;0.014669738794465405
503;0.13824490610989462
504;0.08777861664911485
505;0.08446723026260956
506;0.0779388383562152
507;0.11019582418746235
508;0.023504171735346514
509;0.007339179518208261
510;0.105016758376764
511;0.05503562034251011
512;0.17901421517450092
513;0.1227708813573447
514;0.15542048954788845
515;0.06460107452964343
516;0.17839331749376394
517;0.00017643946959435832
518;0.042707859340800486
519;0.1138589606011403
520;0.04981212513457403
521;0.13131543743162344
522;0.09317644616514527
523;0.13419211753647617
524;0.0318864593420042
525;0.17242966770637302
526;0.16604068463419994
527;0.1409182045145638
528;0.04386244189641893
529;0.0712747480918654
530;0.03510880246715742
531;0.05656776462739186
532;0.07738538018144854
533;0.15283404344673907
534;0.042256312370391784
535;0.03130399274957847
536;0.07548116552676168
537;0.061795593169151314
538;0.19850391363905773
539;0.14572208639432463
540;0.04050999475419681
541;0.12856520631342025
542;0.06234339874669603
543;0.1524292645925086
544;0.1317541378639779
545;0.07552146416251614
546;0.18602658238582764
547;0.18803933207384618
548;0.11632854818612043
549;0.05303668542233469
550;0.013661930804420375
551;0.15415310236987165
552;0.18259083638065787
553;0.070920495646237
554;0.19912559459900875
555;0.11233545920474737
556;0.10458262419554898
557;0.12596542497158034
558;0.014262746268829686
559;0.1464869087720422
560;0.003076225793655785
561;0.17673845540401634
562;0.07330128827605727
563;0.05611165288958826
564;0.15936864143891377
565;0.17456491307477873
566;0.10053548796171703
567;0.14169710776256547
568;0.0608697894503522
569;0.19803209212243952
570;0.1267194852612564
571;0.10773618461614765
572;0.013365847344876426
573;0.15415327455453898
574;0.15642580683935706
575;0.121105640187198
576;0.007855887872323497
577;0.08369444899836431
578;0.03392460447448327
579;0.044546350574340976
580;0.19117402451009347
581;0.08518397741571387
582;0.10023172424993641
583;0.09013073235570042
584;0.19293946475141557
585;0.1831635681345881
586;0.14602829286085064
587;0.1513387930422868
588;0.15808211782201098
589;0.18094966337127416
590;0.07867271464745416
591;0.1426802186979878
592;0.08124859052586034
593;0.19131872303031827
594;0.14656286621625245
595;0.06341630623422286
596;0.09852934834668288
597;0.08754764629695731
598;0.12022031056524529
599;0.019530427130034434
600;0.07079486576462433
601;0.04725041170511826
602;0.047771178875392555
603;0.1249572563586489
604;0.17238404361365758
605;0.006038903603665435
606;0.07071027130306942
607;0.13338293783854346
608;0.18277196319676628
609;0.1570879637339168
610;0.19218101595533024
611;0.14046561351448833
612;0.10009471366640879
613;0.13845378777803663
614;0.19493859887825427
615;0.07584344188345019
616;0.06427698581897008
617;0.059829743584045206
618;0.02842655984110174
619;0.04180654097444032
620;0.1531656228102298
621;0.13326660048118993
622;0.18305046763622623
623;0.06435393180960895
624;0.08681295280046497
625;0.08537504493736106
626;0.17794209630059302
627;0.19007689590938587
628;0.008197086368003648
629;0.02161957771037544
630;0.10206044279199851
631;0.16026220284341308
632;0.13499515387174574
633;0.10138811371351547
634;0.0433563187345448
635;0.038299730707335056
636;0.07569360377643933
637;0.061113732450708974
638;0.14606169657730875
639;0.18810327373514454
640;0.09046475366028334
641;0.1294916590383499
642;0.06130842993408101
643;0.1259627007387
644;0.014645787362881824
645;0.022170805267704364
646;0.15591738077034134
647;0.031137398803271644
648;0.12904699702546332
649;0.12076342074107603
650;0.1388017176673019
651;0.07840104137102505
652;0.05881189861664078
653;0.08041672859182379
654;0.021449500183787575
655;0.040071221525848945
656;0.07518804666980866
657;0.13387319346041368
658;0.11562387151397815
659;0.054946282844197364
660;0.07980163498647314
661;0.15240415251175593
662;0.01093102071703611
663;0.050893741719252164
664;0.19170567958391538
665;0.0984145752422663
666;0.032327315945988165
667;0.030345450694725207
668;0.08883386997409325
669;0.03825488162018105
670;0.12038232177983449
671;0.09468591314718099
672;0.07247938637993492
673;8.561547913938928e-05
674;0.0036652793499422965
675;0.18177628928724424
676;0.14754929192869007
677;0.1471556081744007
678;0.1184393212782611
679;0.1371038172201309
680;0.12324140310621075
681;0.004340426935303188
682;0.0637365916900156
683;0.13628184839872062
684;0.011850683158106091
685;0.14855500458880005
686;0.0010765703557182205
687;0.10657881349235612
688;0.12864929064510208
689;0.12944603237497646
690;0.16313894941804755
691;0.029261754185334145
692;0.10768625863819746
693;0.16354522756548717
694;0.1952032421176516
695;0.06558102718491461
696;0.006365037509483429
697;0.01518028447982387
698;0.005639468919025382
699;0.12682256872248907
700;0.13639365041004686
701;0.1575830181428755
702;0.08110113641135366
703;0.12149769319528148
704;0.03183754391085758
705;0.04225056558601275
706;0.04437646597637682
707;0.0885842052165185
708;0.056180796380537835
709;0.060098077980809156
710;0.0478859834367982
711;0.10376827432105698
712;0.19670050498066852
713;0.046769656520534976
714;0.08510550074760703
715;0.17517178459970695
716;0.09023799044357964
717;0.0035959804599964063
718;0.19139215005354632
719;0.0356009149297156
720;0.14583793502467174
721;0.050698065675880116
722;0.09054105527658363
723;0.05102913058093555
724;0.17444972094411698
725;0.0047600141563576065
726;0.04994289075130114
727;0.18531595682301816
728;0.1637869077739892
729;0.06042292637997426
730;0.12841540742328408
731;0.16691996021422767
732;0.011614837952149237
733;0.1074815489692085
734;0.16185426179502133
735;0.07463387122445397
736;0.19150875085498364
737;0.14968297561698177
738;0.02453415829753902
739;0.08397419904125294
740;0.028904627659517113
741;0.02196809688695236
742;0.11959686874951128
743;0.16856959600834426
744;0.11869990559967276
745;0.1270113843332824
746;0.06902339407037561
747;0.15492565076708045
748;0.0027525272926169687
749;0.12902289377184178
750;0.08020674333786058
751;0.08400793483384031
752;0.10740153745819264
753;0.16480838985054952
754;0.1118783085052286
755;0.10135176910447813
756;0.12326611620808235
757;0.053186065157293475
758;0.07416377077442544
759;0.055736990001094666
760;0.06317667438754149
761;0.020765340442006175
762;0.14940929285552193
763;0.157428196050227
764;0.13363646605820034
765;0.1961200151345472
766;0.03115437840972919
767;0.07320475286481679
768;0.1554452533341245
769;0.13663226935195605
770;0.02831914854163975
771;0.10736559536916877
772;0.07647710173909683
773;0.11812045784951582
774;0.1420427649232134
775;0.12437924392124206
776;0.19154761253814565
777;0.12966348844505726
778;0.125139000893948
779;0.1607945239052557
780;0.1829158827574589
781;0.12040975860081603
782;0.08059999952831332
783;0.06014217631619348
784;0.16515477333136666
785;0.04662607933241776
786;0.05178188975486664
787;0.06421671498179464
788;0.19957066862382322
789;0.1361707073041191
790;0.062404555400900175
791;0.05235397237363651
792;0.0881007349457704
793;0.07094713033182024
794;0.17608284960321632
795;0.09686672609557019
796;0.10425964563620765
797;0.18631922999545042
798;0.06895895171862597
799;0.07972541830566443
800;0.07167837789697798
801;0.08145993014543683
802;0.07044385090027896
803;0.039349361115275296
804;0.12354992168605286
805;0.06018228758969806
806;0.10540895172009215
807;0.10444012852360092
808;0.19855816609076402
809;0.11951285789757815
810;0.0284110000714358
811;0.025976273849382083
812;0.15303160579874486
813;0.028079999037592153
814;0.0693632719632316
815;0.11202764831062569
816;0.017228929533324645
817;0.06290396825659986
818;0.18843739326582487
819;0.1660795680444436
820;0.13295858325985668
821;0.03274558029572614
822;0.0629872531000184
823;0.1311316796924602
824;0.025414343285026054
825;0.19345293463977353
826;0.02438234724566879
827;0.18318710359992008
828;0.004983375336322604
829;0.013022300198937376
830;0.1509540287482486
831;0.11833022257095015
832;0.16118950432500231
833;0.05117711468966575
834;0.16242096646172502
835;0.017739380096851675
836;0.03283485429631938
837;0.07550951736199714
838;0.029733979914503574
839;0.05718311365087656
840;0.1412132603264011
841;0.0763332498487121
842;0.1236481372773066
843;0.036872965119321276
844;0.07539249516423635
845;0.14478959601756544
846;0.06400737472074312
847;0.07408769679923588
848;0.16035093859652325
849;0.04571722668994358
850;0.17895052002729483
851;0.11190588669327195
852;0.11431433823869337
853;0.15723628108596963
854;0.06066909958430997
855;0.06411585465893557
856;0.1455808639338833
857;0.1815849262549304
858;0.06753417303497125
859;0.10830306905492836
860;0.10725579579591618
861;0.09997055773394013
862;0.09515480512005503
863;5.177996656426931e-05
864;0.18125836066776552
865;0.07824444143196257
866;0.17324198840759691
867;0.14613454041934668
868;0.024956298310265024
869;0.1743825203377457
870;0.092938978655511
871;0.14909136074158924
872;0.16712706294079402
873;0.0975539354391196
874;0.019216692397291336
875;0.0591399216193979
876;0.1685472970146486
877;0.12691891008248837
878;0.09116548881722082
879;0.17247602281713473
880;0.1182832596919085
881;0.17186159595105877
882;0.03284423964435153
883;0.07117092608344282
884;0.11081598732155092
885;0.027690570437158658
886;0.1478741019683185
887;0.13773129490202804
888;0.14153090147445718
889;0.16008801302935663
890;0.09651736877543478
891;0.07528810110199065
892;0.12384928251632164
893;0.0819600181434417
894;0.12095058682829529
895;0.06677738274679379
896;0.01642285432665871
897;0.19136071517148323
898;0.09356002422325316
899;0.12145646826430803
900;0.1673860040685596
901;0.17741910364759594
902;0.021728455519617485
903;0.011049576370789339
904;0.09031387732407103
905;0.04109812750830542
906;0.0664319350938799
907;0.05994869540394685
908;0.007070501736448787
909;0.1061226768484359
910;0.017338697062514185
911;0.10067341273576771
912;0.04067783436822055
913;0.10050181487274575
914;0.07591132569158193
915;0.03439163561557692
916;0.0674726040727912
917;0.04077898357125749
918;0.13272015959159364
919;0.1355969524323129
920;0.04552092320100518
921;0.04897504088832705
922;0.0004098600106636985
923;0.11674588294564406
924;0.19122409739166005
925;0.06197728255540576
926;0.04244451577960487
927;0.12110648551092587
928;0.009455062979003937
929;0.16256310015552214
930;0.19304409330614783
931;0.07465529158988633
932;0.15436122658390042
933;0.048516666192429184
934;0.1622675530523326
935;0.18110398275338055
936;0.16197340689797812
937;0.06002407400310723
938;0.10393714622851069
939;0.15041236536341798
940;0.06796386369177554
941;0.06766334084099267
942;0.1217186120947567
943;0.03707392411353385
944;0.19656935037877749
945;0.12055943247991761
946;0.0567931758417525
947;0.03154565720265581
948;0.03711601920781498
949;0.11740758308625387
950;0.1204732541283204
951;0.12603109553117284
952;0.0611391896348376
953;0.0584894587218088
954;0.16918246157982048
955;0.07956121750940073
956;0.007210733419152172
957;0.15160852774894856
958;0.02488018057204744
959;0.16841081111257844
960;0.17052054532647357
961;0.006716355779760819
962;0.07347292287883771
963;0.02685026510269861
964;0.11330700667804826
965;0.009567401390521903
966;0.1377332122391822
967;0.09810933813762744
968;0.07097557459331327
969;0.18145345351205136
970;0.06821032098149375
971;0.02212561293571691
972;0.0742480681106086
973;0.07353658169372333
974;0.0239238072784044
975;0.17917312055090553
976;0.04738787974796619
977;0.14202156459265602
978;0.1529935297496582
979;0.11185030907061162
980;0.06548336166442861
981;0.04520441634170827
982;0.001231054047838942
983;0.14771886557705388
984;0.17142104990291357
985;0.05863005923630296
986;0.09670226561167324
987;0.1501598494733002
988;0.10233150002832153
989;0.08730822964203316
990;0.013249264116596327
991;0.1963892978954515
992;0.06446508696453238
993;0.10555985439137328
994;0.015874901835160382
995;0.008596448916838395
996;0.1387712406328657
997;0.06129899894448938
998;0.14742866429746102
999;0.13669772971513464
1000;0.01897665729761784
