1;9.390375900946158e-05
2;0.003568169296871515
3;0.052663720610321534
4;0.09025229457598455
5;0.017377039457363852
6;0.03889978351668462
7;0.08676371729612181
8;0.013506562315758454
9;0.07013642899501593
10;0.048338089975327216
11;0.0824001180862658
12;0.011499593035614998
13;0.07262914582159082
14;0.03572702384691763
15;0.045650852013768756
16;0.05222095474215119
17;0.013853155771732295
18;0.04843715842148243
19;0.02272456053480917
20;0.04935379226128698
21;0.08856548474259823
22;0.04485281109499058
23;0.07219846827897088
24;0.055079439821438037
25;0.06896200136463711
26;0.06570324244969172
27;0.02700416273703693
28;0.07604999919918866
29;0.09321613844398541
30;0.05792557479591494
31;0.013650972924719507
32;0.025308583430891297
33;0.01446038366464657
34;0.06334347623247437
35;0.09486794947758682
36;0.04312628836103552
37;0.09905505859520713
38;0.0728221399593507
39;0.04071403684475945
40;0.025894514477397757
41;0.09390979135004376
42;0.04629621672567065
43;0.008765172862464444
44;0.07511615410204348
45;0.025253633449076298
46;0.03415888407495038
47;0.026127579377558753
48;0.057379253391583354
49;0.0036668359398242425
50;0.09341606510080436
51;0.05232481506068714
52;0.07160946433700428
53;0.08723397572963108
54;0.048140077648447105
55;0.051997427808679435
56;0.02228353237264227
57;0.055853237567709005
58;0.02454860765584617
59;0.03256089463894642
60;0.07660678551425143
61;0.06084937350637879
62;0.060436579263175805
63;0.09946525253759252
64;0.08684040377068103
65;0.04014605049261619
66;0.06996633598213035
67;0.06988367507042229
68;0.02061205904789547
69;0.022026355944683187
70;0.007792591920947823
71;0.006370670494649833
72;0.07096201923783584
73;0.09109921446571637
74;0.08883056484093858
75;0.057338860126528994
76;0.08958717744397166
77;0.051015829027878906
78;0.04880729389202107
79;0.06781788737740006
80;0.09659936374334764
81;0.05545554689636228
82;0.0010537609191522135
83;0.08491649707285498
84;0.03127940709916793
85;0.028442827843273878
86;0.06199040498793447
87;0.0011875283292307694
88;0.04263085986185187
89;0.029653647049607226
90;0.0321224882087196
91;0.06604221140132897
92;0.04178755671058049
93;0.032761753108156814
94;0.034543034410718425
95;0.04701704308276771
96;0.09610881255672837
97;0.08191450429920688
98;0.08363438830440637
99;0.021193461568950158
100;0.00284514314177069
101;0.01699697824729215
102;0.07585142405786825
103;0.08413725111586548
104;0.038637232737276477
105;0.08054616583425048
106;0.07352706318870142
107;0.02358205623598556
108;0.06329421756292233
109;0.05986660512316391
110;0.0994267494687429
111;0.01026512878832988
112;0.02036881941751705
113;0.019510883866863317
114;0.005161602666509735
115;0.08768115275385782
116;0.08584485875098999
117;0.07366872858454035
118;0.027686480443641616
119;0.01746253746174168
120;0.08676341166006483
121;0.0040281464093852365
122;0.08941153396887497
123;0.005003857746382567
124;0.04786867720101151
125;0.06728676501769813
126;0.04070900125188087
127;0.003092882754331727
128;0.029449745560590303
129;0.024029457793245515
130;0.054509389964668434
131;0.07916479084653771
132;0.015335929796000758
133;0.06626783402398849
134;0.05854314584559472
135;0.07514738431645973
136;0.03180073508465886
137;0.08167535065773668
138;0.013282406681938232
139;0.012576917851741221
140;0.03690185864788444
141;0.07499688034661617
142;0.09767363118931718
143;0.022757688000871468
144;0.003606983045907164
145;0.009437099466831168
146;0.07283644843272684
147;0.07407782235184628
148;0.05709186200792541
149;0.04857846366254263
150;0.07400842784782166
151;0.04443872535885608
152;0.020026529292767006
153;0.0958640319736868
154;0.09523194587103406
155;0.051303347274548716
156;0.020656404545777263
157;0.0276584968856754
158;0.08499371004195816
159;0.030578349607494282
160;0.007003947302889391
161;0.024168792511985296
162;0.06059333810815953
163;0.015032945014980294
164;0.06737395695528009
165;0.010380200384598338
166;0.022200051124983168
167;0.09310947858326694
168;0.08212034633460753
169;0.09640467727026421
170;0.040261798744454486
171;0.07613781727075251
172;0.08771438552246007
173;0.007762769469662367
174;0.07172538202556551
175;0.004137813563967552
176;0.07888572198772875
177;0.0014330465911465363
178;0.08701372210446413
179;0.021652794453728266
180;0.07687915961488177
181;0.07556408903998557
182;0.011846056744700462
183;0.016293571687533103
184;0.06220974575397729
185;0.011769599251307395
186;0.057395972969809285
187;0.00406481132032982
188;0.09572460562168195
189;0.0563555961505703
190;0.01463053957888305
191;0.010968650712328422
192;0.015584393766581807
193;0.032451264456050365
194;0.060150437757863266
195;0.009462866137280257
196;0.06920174158703828
197;0.0759513747853201
198;0.04677868435931126
199;0.04305059291993474
200;0.009284912393035872
201;0.07803439495806824
202;0.08894856072572603
203;0.0524718374673071
204;0.06688082436849954
205;0.06647162960819351
206;0.004262129556896111
207;0.001447222798240766
208;0.00621728189302544
209;0.0903321761533463
210;0.017689998042308
211;0.03671621500930174
212;0.017225214401504985
213;0.017439846814916338
214;0.006126910926065321
215;0.09010379535756609
216;0.009739780410150745
217;0.020423017209422346
218;0.06941994987829496
219;0.045257841819579404
220;0.08187697779355507
221;0.07208024877073892
222;0.07190742478216737
223;0.04221002115106329
224;0.0022925666534102775
225;0.06439452604024375
226;0.011545616933897874
227;0.002352659323380868
228;0.08416170519516443
229;0.09229998003644076
230;0.03657117437910824
231;0.0920374617531892
232;0.02359238803321727
233;0.06700500521168504
234;0.025376771483263262
235;0.04848628037274151
236;0.07674058113301485
237;0.016995958236787314
238;0.004428218431085262
239;0.048281430093482326
240;0.041710533525831386
241;0.06038214099834788
242;0.01351138035512688
243;0.08234374538479038
244;0.025709240227308784
245;0.01621418442880971
246;0.0732003385818024
247;0.021390432943722316
248;0.02937252815642435
249;0.04980129912132181
250;0.07736475928619976
251;0.05007503587643149
252;0.025115479907304006
253;0.08731338933790993
254;0.012522918125075222
255;0.04418767386941014
256;0.09545576945673068
257;0.04032677572276425
258;0.03563383452492926
259;0.09240735118091092
260;0.014201199558979083
261;0.013509583319632347
262;0.08246947040666777
263;0.09880912271159255
264;0.01321648423401748
265;0.03906360954249123
266;0.08695612736087759
267;0.07625352522508826
268;0.09410600186459679
269;0.07728292611438761
270;0.07412427170672353
271;0.009986204004384436
272;0.09173700212198188
273;0.0018867246760139846
274;0.021177805654849294
275;0.055270371454707146
276;0.0021030182405195608
277;0.09724666569730747
278;0.09610156230464528
279;0.06377656352921214
280;0.04453274306401644
281;0.057874083306354324
282;0.014353847298708056
283;0.014269347393760613
284;0.009525609211431186
285;0.06096199096611754
286;0.08108286893285013
287;0.04523648880901602
288;0.03535433955874491
289;0.04953586280495229
290;0.06853180393578198
291;0.01926705836702767
292;0.04393380790187123
293;0.037417853545544014
294;0.08121971294747136
295;0.0032592526922562317
296;0.061073252407348726
297;0.08961865386997137
298;0.024028420075923776
299;0.0734416718790075
300;0.040082475351069236
301;0.01641725117825358
302;0.02868924437894732
303;0.06920024643772436
304;0.08392529260697101
305;0.08451761047287279
306;0.05141315049369358
307;0.04630712332041603
308;0.01090441071985996
309;0.050070898205204994
310;0.07603062664214738
311;0.06632336064433121
312;0.03641156544575219
313;0.04513405884305593
314;0.02121259336549617
315;0.08914247221543806
316;0.07531345395003525
317;0.011957956094321842
318;0.07442772972218441
319;0.013649120821030859
320;0.003138821169680184
321;0.036040069923918006
322;0.04144681521892818
323;0.01646619940809504
324;0.06136920318966193
325;0.09352682385041428
326;0.01575470497838466
327;0.03151999720232911
328;0.0808143405759938
329;0.08812697555163229
330;0.044885230978947754
331;0.023984301544532283
332;0.030838729736714844
333;0.07194129973076474
334;0.004522130472158848
335;0.03282460652866476
336;0.002314391266133864
337;0.046925422608660255
338;0.0029008847761981095
339;0.059928570302504314
340;0.08820634475647908
341;0.031066716655876226
342;0.02563519425417378
343;0.047750686792491615
344;0.06955288293635088
345;0.039441208840632694
346;0.01647940189452626
347;0.020208042339346824
348;0.007342783216080862
349;0.050117055458083086
350;0.08222236840776762
351;0.0541840436357681
352;0.03033244572427667
353;0.07847340563770697
354;0.042996914014341116
355;0.03723122797447853
356;0.06462625818432828
357;0.09027764027049254
358;0.0021939036572187764
359;0.03521260761967914
360;0.0387420232985389
361;0.04027038264853307
362;0.06518365269649978
363;0.05925689187003311
364;0.004965743187373151
365;0.037564592622241814
366;0.03863762475583046
367;0.07485403029895776
368;0.03579515463772437
369;0.012305217697264682
370;0.0059510531356939626
371;0.090288304858762
372;0.09108950772703123
373;0.003213543005581432
374;0.03660043036582983
375;0.07310570917676738
376;0.08543898396679439
377;0.004458079446051888
378;0.042629478837287585
379;0.09133226214400396
380;0.0007181300324728412
381;0.034897527789140105
382;0.05537899153769088
383;0.07113630759410146
384;0.006448662444874787
385;0.00702244599469255
386;0.058629001521961904
387;0.03432712661294277
388;0.07843391623911833
389;0.023242871102603226
390;0.09803048628139195
391;0.047406213348339644
392;0.04651775181128447
393;0.0700886025544507
394;0.05021174050269553
395;0.043746655313609384
396;0.04221242412118678
397;0.03455447326271033
398;0.097919256187468
399;0.080136593251948
400;0.02627221103380363
401;0.05935359937164313
402;0.09021563602758942
403;0.01348054359694686
404;0.08240901279405397
405;0.025646066377702083
406;0.07315563274840582
407;0.04939437787963688
408;0.018935274838473983
409;0.07166590170590384
410;0.023254931785886526
411;0.03930932159962322
412;0.0977479925164482
413;0.042897744420881456
414;0.03765984708156429
415;0.0897044149657161
416;0.09879505979671692
417;0.07823772255936183
418;0.08547127800969045
419;0.07025203865345432
420;0.003845441842012187
421;0.07452111067955036
422;0.033280405006655765
423;0.057088971705965434
424;0.020109393610806436
425;0.09099819406484184
426;0.0696158462182826
427;0.01152965919701232
428;0.03888510287926367
429;0.0109693325542772
430;0.002529693325414995
431;0.05989437710557241
432;0.00313539942636808
433;0.015143895109962236
434;0.0027921507175738937
435;0.09664013601109618
436;0.026502602008213597
437;0.03268473499342524
438;0.047979866968525325
439;0.007741807516155364
440;0.049858101249609425
441;0.08280179224043366
442;0.0679761920088947
443;0.056627312517500174
444;0.009889229526814737
445;0.07108917284855652
446;0.007334064590463818
447;0.0007335976657376509
448;0.09534152610165395
449;0.09301538956832059
450;0.009765228372271152
451;0.035911321340976465
452;0.026796767428848713
453;0.022682942340605163
454;0.05240474194220312
455;0.09277932714202156
456;0.0005314049635848361
457;0.06367845790388393
458;0.051086602456331204
459;0.019968268590102346
460;0.07772648492803762
461;0.08184272110454739
462;0.057702336142424204
463;0.07716294972150195
464;0.0003269097447098357
465;0.08664956769177316
466;0.007071803007224942
467;0.006869169952848132
468;0.06968872326946413
469;0.07773219171274438
470;0.07944526110182293
471;0.05884966608759097
472;0.037408100995401684
473;0.05077081544323349
474;0.0014899503222214562
475;0.0015878176553146385
476;0.0722390455828306
477;0.050674928106265886
478;0.036272704982399165
479;0.0523759097237312
480;0.010359353836158915
481;0.04621525002901561
482;0.028833598834131294
483;0.06489500333558883
484;0.03080770496840084
485;0.07312566159740698
486;0.04430061228426146
487;0.0821177867649072
488;0.07069370075918843
489;0.05749349487006744
490;0.06049997014896635
491;0.05241729256119988
492;0.09489056310506722
493;0.07369257500375355
494;0.02248138208512821
495;0.04396255213257583
496;0.049865485377741936
497;0.08814464836481704
498;0.04058287122698082
499;0.05262741535592591
500;0.05358062605980456
501;0.01798904320860947
502;0.017967071785142442
503;0.001290199490152122
504;0.08497399019630109
505;0.09572884012404759
506;0.059866109623749386
507;0.08393591276464303
508;0.08453795527803211
509;0.05136436597181862
510;0.032970302392835736
511;0.04500136450411403
512;0.07387922754038172
513;0.019824486938846753
514;0.011193859083061853
515;0.09037730698870264
516;0.007059822510667191
517;0.06800544171278548
518;0.056990363787645305
519;0.021991375608556008
520;0.020273762306652468
521;0.052310598404471734
522;0.05496363425312994
523;0.06767978550268663
524;0.08825025377905382
525;0.048239683013028646
526;0.04771485157684993
527;0.011867148037650856
528;0.05800710683154521
529;0.04889062567259265
530;0.07277565284674266
531;0.06400624942241818
532;0.09513902066005057
533;0.09268706287184376
534;0.020841706581790288
535;0.07297596572745904
536;0.06384262269522636
537;0.0850364858657196
538;0.062283378566699216
539;0.0926250568916957
540;0.06841051765159147
541;0.05431541079938778
542;0.054232236709373986
543;0.04124591009902955
544;0.01412754241084342
545;0.03529183875120976
546;0.07824772120017465
547;0.029726546779097442
548;0.0048204410537218585
549;0.05337793942130778
550;0.05581805465361468
551;0.07391956997257236
552;0.041064811489722214
553;0.009780572541445431
554;0.07461220186524671
555;0.02096813200096508
556;0.025741350340983772
557;0.09546343173146464
558;0.0841324435829376
559;0.09979945356352238
560;0.05020826307350054
561;0.042922273539925795
562;0.08406657059370995
563;0.06468272569458904
564;0.066033524879501
565;0.027305937583998074
566;0.05752014614117368
567;0.0033959681519993403
568;0.005215844948034354
569;0.0007125682962007996
570;0.05123048304660658
571;0.033938669587140084
572;0.08838353732389898
573;0.07930060108943998
574;0.006008319806804619
575;0.0653692231431374
576;0.06904173891708455
577;0.06715566219809287
578;0.021581515505836313
579;0.03623892029837228
580;0.09542387602249432
581;0.0015180012014892053
582;0.099674158278557
583;0.007569521487182851
584;0.04356932809167407
585;0.005022786531925028
586;0.09257630678719336
587;0.047642938445679475
588;0.06667209694070235
589;0.09998993365048146
590;0.00893831760822128
591;0.07111748987963289
592;0.010341465990915412
593;0.07347149230060555
594;0.012494818964165266
595;0.010845885521473031
596;0.07829955879819742
597;0.05078902279842086
598;0.05103209720802986
599;0.08523879898005554
600;0.02735086534718395
601;0.03854595711166109
602;0.07803357337989127
603;0.0030962375403973176
604;0.05787528135679794
605;0.018127802509855805
606;0.0032157633120761253
607;0.06307344901958004
608;0.09532531776847675
609;0.09689976452068945
610;0.0961668343353051
611;0.07323927270345275
612;0.05329549496650737
613;0.03596982364665189
614;0.09447690589785422
615;0.06470431495792543
616;0.08844641733427121
617;0.04103813907919355
618;0.04911601996960392
619;0.08306093487684851
620;0.07313951128242303
621;0.09570251856379819
622;0.03266868192199073
623;0.05907447321340531
624;0.06880462019460501
625;0.09461102967600313
626;0.03806314567275548
627;0.06778153022961018
628;0.017864693914585606
629;0.07012244944114325
630;0.05787989034657216
631;0.07283505196706343
632;0.026846030266901102
633;0.05471752780533268
634;0.004323489826166693
635;0.04313123301247486
636;0.07996325280732515
637;0.029903120730637247
638;0.049094217501569316
639;0.029584900939287354
640;0.09539331427661546
641;0.06867148600303631
642;0.050562767645402296
643;0.0980327385791963
644;0.09916421736139602
645;0.08015267372526169
646;0.038251769089133664
647;0.015492728229013632
648;0.0665360644762539
649;0.01672472321399181
650;0.04803003063969572
651;0.0560651482784286
652;0.032755872480715785
653;0.03599669437116001
654;0.0925070382725782
655;0.09139838504988927
656;0.019956881924015714
657;0.030657847121854445
658;0.09176842422580234
659;0.06800682145033775
660;0.06258566729049156
661;0.03928509674009836
662;0.09460543407920041
663;0.035603592940997124
664;0.047775203521201605
665;0.03784169728326306
666;0.09698146300312606
667;0.04273072918520171
668;0.03772665972852699
669;0.0805854668743771
670;0.012069055969185671
671;0.027904647756938697
672;0.05921067031950501
673;0.02539045470603546
674;0.018641099127857864
675;0.08271671437959373
676;0.04079604214825348
677;0.03798214429262791
678;0.025523388056441054
679;0.06176188820995913
680;0.0187294787077929
681;0.05972539024266354
682;0.08493060761103774
683;0.02683722878911058
684;0.036210510842583934
685;0.07308604915321935
686;0.07963597127372984
687;0.043894203979129576
688;0.004466365707969056
689;0.08907361230142381
690;0.034823289816998
691;0.05304949925523586
692;0.06842710116343358
693;0.030242748996256088
694;0.09268072340714863
695;0.08958632015612161
696;0.09236093120618093
697;0.09959183698288461
698;0.05758683680606239
699;0.04084883185193216
700;0.01616311088866237
701;0.07356228215119869
702;0.06328532058091335
703;0.005258903680315341
704;0.07472202835852851
705;0.018637167303100034
706;0.08417624210565886
707;0.06933402636085051
708;0.03228377343615681
709;0.026758829016355668
710;0.08302588054436738
711;0.07537993431226536
712;0.0657696520100899
713;0.03169052502615601
714;0.024738494795152
715;0.07429654403949569
716;0.09941301702510753
717;0.04560186102267582
718;0.09925908085254441
719;0.007661029407306563
720;0.008490549508435674
721;0.09958292274888532
722;0.06439656709276002
723;0.03624912419246175
724;0.007899490514856378
725;0.062402245942387684
726;0.07753094253536863
727;0.09009719942352847
728;0.07117506432066434
729;0.04826280326162859
730;0.018024326418036574
731;0.0007525393070133114
732;0.0599801012453567
733;0.09735388689748331
734;0.07233988198704172
735;0.02214403687408062
736;0.05598947401679192
737;0.062005059087660325
738;0.07056319111383445
739;0.04559688414838883
740;0.09460897221305961
741;0.00842356785755699
742;0.03252081790895733
743;0.030081796520225357
744;0.06935033670087802
745;0.08313005607747294
746;0.009207929766275302
747;0.023158650998302
748;0.018020615434675823
749;0.08702075141871136
750;0.06273342257204433
751;0.013301956902532643
752;0.08555237636091816
753;0.06218157249124937
754;0.03421031441708884
755;0.0652350541189664
756;0.0646108062371322
757;0.06477772253476609
758;0.022078678638026206
759;0.012296030084972698
760;0.032560251237286945
761;0.0981815711290063
762;0.05938429114191146
763;0.06644649547515705
764;0.08038436296694251
765;0.08226830632098228
766;0.0890411770701377
767;0.006215823274688093
768;0.08086365233207057
769;0.047072643642440765
770;0.08372954513323176
771;0.083604760106752
772;0.0008214450376253124
773;0.039691584661460125
774;0.012269768344635723
775;0.08142217724121929
776;0.054387830261482285
777;0.005402936166946016
778;0.029468982770545882
779;0.005514450796148352
780;0.09318265064764873
781;0.037785244226013565
782;0.03523692397561408
783;0.016246973756445682
784;0.04016691816387337
785;0.004479905046404309
786;0.05538436440028377
787;0.04360936527025486
788;0.029759465134838292
789;0.020898675922903787
790;0.044930665879624854
791;0.02951326202427045
792;0.02340025549258359
793;0.06777965346736824
794;0.009612940014802052
795;0.06390713885618696
796;0.06016351526117136
797;0.09150934331813484
798;0.07353065067379737
799;0.04706734205738773
800;0.061525174274397715
801;0.06497875529270825
802;0.047897971910390094
803;0.04584300604066519
804;0.06207013022971786
805;0.04141233403177044
806;0.009564658559922612
807;0.09759642518848372
808;0.05506892374342398
809;0.01826412589526406
810;0.0382366038821645
811;0.09955401215487486
812;0.012348489798917806
813;0.045987224340004844
814;0.032538605501275596
815;0.0179654578134813
816;0.07856025139783965
817;0.002688650699408002
818;0.07145415995875147
819;0.008375776450549944
820;0.05330787537697732
821;0.09824336950453497
822;0.07414916183902577
823;0.012190076512814774
824;0.056227358828639384
825;0.012968188143473947
826;0.07558619792356729
827;0.07246791153207037
828;0.04757820894510748
829;0.09847350018342169
830;0.04784919972776937
831;0.018289487222093514
832;0.03489263314015613
833;0.02035591800878278
834;0.09564369367676323
835;0.09268731511831908
836;0.08550708015898717
837;0.05327142078935518
838;0.043840624182912305
839;0.06851794757757734
840;0.056734262093099556
841;0.06096938980380798
842;0.016070018191077562
843;0.04988666812776585
844;0.03413121741234583
845;0.04233732209924428
846;0.055620064754038794
847;0.06004049248718121
848;0.03194128979197797
849;0.03151401261110398
850;0.03206686780016265
851;0.02192368220618344
852;0.09419471503632529
853;0.06523167297348824
854;0.07436315184144686
855;0.04118148359393456
856;0.014491066370736506
857;0.05723465398176783
858;0.05158852380297463
859;0.08052340105598366
860;0.042340636356433425
861;0.042508907177904356
862;0.01386875602846437
863;0.07811647871138933
864;0.0817687550902297
865;0.01854972957323501
866;0.0015780992681110773
867;0.010113835697783125
868;0.027805222745022486
869;0.05743658528833559
870;0.025953394726981185
871;0.006711341819546835
872;0.017293670417299935
873;0.008220423832326651
874;0.04459157379940221
875;0.026088131308430986
876;0.04000479766378201
877;0.022477208271473283
878;0.05675042907690329
879;0.04493643212112082
880;0.0806592029088896
881;0.03108780991128727
882;0.07241900372893519
883;0.07155630995017023
884;0.07964387674717613
885;0.098015277501725
886;0.09106484782532226
887;0.07205481228454325
888;0.0724403330140891
889;0.05823270551082327
890;0.03442934235927127
891;0.04193071362774971
892;0.05805526646329821
893;0.008061453434760201
894;0.03895410436345405
895;0.09172799112928506
896;0.0014450394423390356
897;0.05350792396910853
898;0.032194877292801426
899;0.021316008997699587
900;0.012091554287765394
901;0.02368846044477907
902;0.02842901607124594
903;0.04116422395269695
904;0.0663193534721533
905;0.0989572102298048
906;0.042880328541007554
907;0.058128098785314435
908;0.07335238325443594
909;0.08977905177721751
910;0.07789603234092526
911;0.05180874326112285
912;0.04021871235048016
913;0.0979659884974252
914;0.010572753073534237
915;0.023037024802428564
916;0.015804640124952418
917;0.015604891467574844
918;0.06121970481519994
919;0.05357442747392787
920;0.0972092053822716
921;0.04935728823839063
922;0.028268148987153907
923;0.02102213130548938
924;0.06316391648731394
925;0.03591389430221999
926;0.06728757931759649
927;0.02363431665218534
928;0.035790834846820545
929;0.008714850966655741
930;0.09254671886303369
931;0.03930309170250362
932;0.08872095580004997
933;0.014685984784515216
934;0.06553550977339061
935;0.0957247534529421
936;0.05524372871642639
937;0.07926734417640705
938;0.05209988526775758
939;0.08020401456572315
940;0.01591471132567256
941;0.025030842483984874
942;0.03575636622987615
943;0.09439627294078835
944;0.03737623539642483
945;0.0527276258825945
946;0.045286173385998565
947;0.057209553391320035
948;0.0941132717680287
949;0.0963423574599979
950;0.020799716603498233
951;0.06362099196428926
952;0.05632834477713096
953;0.0868450842689522
954;0.0183318212162648
955;0.07800644008444829
956;0.08819953896240797
957;0.07432316732463494
958;0.03815890710792474
959;0.0875337641820816
960;0.026610103178205804
961;0.03316468861236328
962;0.014281418610078823
963;0.03376885952742832
964;0.09207124246722315
965;0.03273721623536359
966;0.04487488336281492
967;0.0026901911786512468
968;0.003949669061130068
969;0.034111243244621274
970;0.015333735424191565
971;0.057233631815314503
972;0.050770892162530105
973;0.0357608849516624
974;0.09026892214122038
975;0.0665637804930098
976;0.009391949461793858
977;0.05589178683481604
978;0.07183427955576045
979;0.039459805140859096
980;0.05466691743745105
981;0.0736854790903103
982;0.02769223267584542
983;0.09613636147875597
984;0.026390035132475988
985;0.052345925459816915
986;0.007335579917369739
987;0.0844880482831116
988;0.04578473238268702
989;0.024155813937231554
990;0.030442990585236276
991;0.029951746060790842
992;0.006114907645476431
993;0.030820711617735332
994;0.032138197159649454
995;0.027651413995770993
996;0.028583962830905654
997;0.0797095248345082
998;0.04230566435399751
999;0.06374584555541915
1000;0.0704445673142258
