1;0.01983256822019437
2;0.08687787293683041
3;0.09809336367239002
4;0.05045573344246285
5;0.09002166962537196
6;0.05192796095874707
7;0.06419420314750067
8;0.060860879304328735
9;0.05552953294486626
10;0.07778513488204605
11;0.041344413565800445
12;0.04845819211594084
13;0.017309368495667343
14;0.0988009271553584
15;0.08242433172230816
16;0.034252774313278056
17;0.0023068808475119828
18;0.01503694239414265
19;0.018269734735407838
20;0.003428214637424332
21;0.003276947047036705
22;0.09015459719178029
23;0.04522108763122386
24;0.03733728016327722
25;0.09479458506276876
26;0.06740674193724887
27;0.03981996929851672
28;0.008519990420677992
29;0.015243705268287389
30;0.08346814039454668
31;0.07844309085108925
32;0.012442997968132287
33;0.06565383307252182
34;0.03384367128261373
35;0.023014311297938884
36;0.021487995927259453
37;0.046470349107757825
38;0.07092348545750417
39;0.02816694222846511
40;0.095239406321077
41;0.057341472796819795
42;0.07735483996294791
43;0.06864949438732348
44;0.007390761962231707
45;0.02410287563373579
46;0.08926495106409471
47;0.05275263786679252
48;0.05869551390125904
49;0.043053118362040066
50;0.0756604596191996
51;0.025771094976081755
52;0.04164151187644358
53;0.04713549778072162
54;0.04957099247855268
55;0.0015832544598080034
56;0.008934803025270966
57;0.033388395043556944
58;0.03222449673554029
59;0.014387339835960133
60;0.05652166339425663
61;0.0477997765052584
62;0.02780743927413898
63;0.012342376905542985
64;0.0623238426199225
65;0.0351443417685837
66;0.04212414762526937
67;0.0674423273328343
68;0.050227289363969585
69;0.027357181353746318
70;0.0149891634233852
71;0.02787859150296137
72;0.0811930003366757
73;0.0713164790638816
74;0.07346930178036436
75;0.09094195944338929
76;0.014299392929287325
77;0.08887009703389465
78;0.0935035824920319
79;0.09495019960020526
80;0.06998448369185549
81;0.08714239295805631
82;0.09518735790514399
83;0.09234282747945702
84;0.06534258575604082
85;0.08959597635837874
86;0.09623944360174767
87;0.001933974546949202
88;0.0828914262024564
89;0.01411840147044332
90;0.08325542905653087
91;0.0353258825980229
92;0.04655285272173704
93;0.08049168991165084
94;0.009966817169335784
95;0.019233281627597243
96;0.03215873144286401
97;0.010693352933793655
98;0.06974910753661846
99;0.042477264613330706
100;0.05500970265458658
101;0.05173120210288129
102;0.07145394091523473
103;0.061743552463947304
104;0.07717596633840881
105;0.042941447271788814
106;0.04040966526571939
107;0.08957682325043612
108;0.07702265813182654
109;0.016738515106151798
110;0.04764216793463654
111;0.07241805489561601
112;0.09983046479754891
113;0.08659019768277307
114;0.02276508033792525
115;0.08995869187534589
116;0.07143257854481644
117;0.0845942270424883
118;0.0025487079562711125
119;0.0349353906074602
120;0.0594052649408808
121;0.04187618890339693
122;0.06573167240348614
123;0.04164457789060059
124;0.08277951453572165
125;0.020972329590929453
126;0.002284102702190205
127;0.08298213160408725
128;0.024861884678224755
129;0.03155188855342374
130;0.037342519276336195
131;0.02828203878622645
132;0.06524149088458922
133;0.07288007047955374
134;0.059380897949486214
135;0.08872193146407303
136;0.04146156641319623
137;0.0827823559461834
138;0.059822063207112176
139;0.05471845327030264
140;0.07933591778137153
141;0.04559224451247823
142;0.0862276228270017
143;0.013814746848073378
144;0.07894479750004114
145;0.07684136321359603
146;0.06395739541124605
147;0.03293866429399022
148;0.074129953441784
149;0.05845403977665318
150;0.06415118512061295
151;0.07850467595531377
152;0.029526221514012463
153;0.07394505803563367
154;0.09510015843004263
155;0.06798180084916833
156;0.03595009435462215
157;0.03836918367798462
158;0.06272836677107606
159;0.04672307046834093
160;0.0996943281127958
161;0.04213982915339527
162;0.0004867450512792027
163;0.03466098634884871
164;0.05191157640580643
165;0.020238183494830576
166;0.08540326441389327
167;0.012021789820868734
168;0.06150673418835731
169;0.01121796000828026
170;0.0884487286246069
171;0.08609595193562875
172;0.07813724568241447
173;0.022905609432236754
174;0.04828305039008257
175;0.03092860511012682
176;0.05295830776284471
177;0.05451868067150172
178;0.019993061219511523
179;0.044765275092096796
180;0.08174072077530657
181;0.05191587455651277
182;0.07512259555328737
183;0.09714177981857208
184;0.0008339153032534297
185;0.02974628922670749
186;0.08433347611293751
187;0.022981535008665455
188;0.05002623456163
189;0.015725751070639317
190;0.037841342434390926
191;0.018455802819235544
192;0.04800705774830477
193;0.020444765708408988
194;0.06798814743140967
195;0.0162746584743368
196;0.08592791511776265
197;0.007187692969615922
198;0.019440900844526734
199;0.04182524148414923
200;0.007081380002537208
201;0.014189698508483839
202;0.0022910320525172945
203;0.08195608355335154
204;0.0944846014342755
205;0.05095389228944406
206;0.06565399578335851
207;0.019083251785205868
208;0.0399196141121411
209;0.02792124544136452
210;0.06522744578885846
211;0.036111564658348305
212;0.08812134948192632
213;0.05251818390049076
214;0.015572326962259742
215;0.08559611236478612
216;0.06352164438057709
217;0.09532205543533061
218;0.03715332337862714
219;0.05996163734578269
220;0.039893473562334414
221;0.003831877741433887
222;0.029020852014456224
223;0.08539529978353579
224;0.06681359976120549
225;0.030626417928214335
226;0.047722126154706127
227;0.016352965930326934
228;0.09568736652550545
229;0.007427521418570671
230;0.00837831257351498
231;0.06388500772993622
232;0.040509625819454324
233;0.039500133790902364
234;0.03277287944730563
235;0.059129520241804026
236;0.03935402098067749
237;0.07609701870500375
238;0.05610638249395296
239;0.0854493660404449
240;0.0034005601806292307
241;0.019029526269483357
242;0.07457949135487585
243;0.0808424133316365
244;0.01706093725660146
245;0.04151110416044908
246;0.014214318733303767
247;0.07809746484962028
248;0.011732096375038237
249;0.04948308759860906
250;0.008961798542286481
251;0.07973929818199685
252;0.043305472079047926
253;0.07739810000358703
254;0.00024913651921293356
255;0.01684867438186023
256;0.005554870845777882
257;0.04290157601324951
258;0.08079587779638166
259;0.04464504706340464
260;0.06951028026757661
261;0.0048815303527679045
262;0.03804037330574931
263;0.08207767897101453
264;0.09587839210320322
265;0.057134483941733455
266;0.08258228551079294
267;0.021951022287420074
268;0.05301517276492192
269;0.09926064387702842
270;0.010924813784792554
271;0.005258237442561032
272;0.06387977719684435
273;0.08720440334503957
274;0.08716685518376974
275;0.07899634971267373
276;0.08325078761782845
277;0.04983310651745711
278;0.050839591028163544
279;0.019771045134345046
280;0.07806402484078624
281;0.08630558394518811
282;0.024157752953775848
283;0.006429159581007826
284;0.017646511556298407
285;0.01890453778729051
286;0.019170234134940192
287;0.024284368534945013
288;0.017181762295753744
289;0.06307896685548375
290;0.0910042249766569
291;0.058694756678903365
292;0.07625434537245741
293;0.01041952199858428
294;0.07885817767931863
295;0.006964846508872336
296;0.05231991538291902
297;0.05398114891270574
298;0.05013559507660299
299;0.09440750277785635
300;0.006136952039991772
301;0.03037516381455765
302;0.09211341476710122
303;0.09257518713845847
304;0.07964675634662216
305;0.05877072021001459
306;0.06339582440334847
307;0.03258925419336901
308;0.09351799928756363
309;0.06925405427128821
310;0.04568211487956345
311;0.0750064860182012
312;0.04973028249436229
313;0.07552724999233583
314;0.023901136678180425
315;0.002951690270817242
316;0.08010624371243023
317;0.06443571674225135
318;0.0005931647305765898
319;0.07947350882797383
320;0.05007861095354365
321;0.0840870662536248
322;0.086170084038766
323;0.011362106760426462
324;0.07670249442521032
325;0.013645733371579084
326;0.0005774310009128314
327;0.017097164450311987
328;0.09100199437216473
329;0.07520317220913288
330;0.09023900270604468
331;0.007052058095374636
332;0.06675048841442978
333;0.04109849910712007
334;0.014822111249325521
335;0.07144977073513772
336;0.04142989444756047
337;0.0011370572757494312
338;0.019727482881251125
339;0.055818751534889216
340;0.05428545077154743
341;0.01977280437895298
342;0.037068402528615374
343;0.07632605512823286
344;0.02273017171289228
345;0.09924301510998998
346;0.09009149473090793
347;0.07114630586833266
348;0.08976182250130596
349;0.022766289328574486
350;0.028852762046534045
351;0.09962182485644228
352;0.008095517461285062
353;0.0004848231988226926
354;0.0660052898396544
355;0.07841995622021986
356;0.03308835683859569
357;0.026713939598033334
358;0.03308981099410252
359;0.08794146613323431
360;0.05194869077424535
361;0.027978196388744894
362;0.036352108873855725
363;0.019075326839445628
364;0.08266721549977762
365;0.04500997396361006
366;0.07009844249440934
367;0.02160729844492423
368;0.08096837104474583
369;0.08590160423075828
370;0.037558043043889267
371;0.046381152258117224
372;0.04628411161669427
373;0.002246375536159917
374;0.08150250507744963
375;0.04288959236763808
376;0.01792810384853638
377;0.017219551122914935
378;0.018552247086810292
379;0.005516856997421438
380;0.008841826089923689
381;0.02640128316547722
382;0.016969359100219173
383;0.0016690790915751764
384;0.035523101693454
385;0.011712058006846228
386;0.008445522673772276
387;0.046423205717831255
388;0.08117952195142371
389;0.034298579221538006
390;0.07885487948159632
391;0.050944569662963735
392;0.03772432695876421
393;0.040639305415184436
394;0.061814838602821255
395;0.06802709496650004
396;0.07164685716747818
397;0.05719636674663783
398;0.042042578924449764
399;0.013459594390198249
400;0.02458995965909915
401;0.09193189318161799
402;0.018414365532366705
403;0.04891232092866729
404;0.02621590241855927
405;0.060496765290227385
406;0.05318226452909023
407;0.037090101749755834
408;0.012209407182015998
409;0.02679190850462633
410;0.0071569038279719836
411;0.09195269431178521
412;0.05651529375280154
413;0.0005221892358949432
414;0.05388969308752816
415;0.08261764906783339
416;0.04540502519253086
417;0.024245510685914153
418;0.010360624298750199
419;0.004699360631240679
420;0.03234676827833828
421;0.030662909852070167
422;0.014546533895983794
423;0.061151563605743225
424;0.05109637152867344
425;0.06405293933265442
426;0.042225048837380166
427;0.03839021532652634
428;0.01852362913335296
429;0.0006196640996537939
430;0.052665564232003394
431;0.0010486141984535236
432;0.005155470285739328
433;0.055092492144700245
434;0.0025203741332737064
435;0.04999799611800877
436;0.09927713709729878
437;0.038704217765662144
438;0.0987653507424334
439;0.022260309576385008
440;0.09918366723894595
441;0.031531540455654476
442;0.08407710026769205
443;0.07219038739688925
444;0.04018237462633939
445;0.09275596640852618
446;0.0009439102584788306
447;0.09505252167842644
448;0.028197931882781316
449;0.025407995561019903
450;0.0313613074988532
451;0.0927267826730207
452;0.0027512217543772203
453;0.09194851138683109
454;0.0759526801072637
455;0.005374185437789114
456;0.07371020748116257
457;0.05621985368932225
458;0.09637542928811654
459;0.0023221160602486467
460;0.08367608965284906
461;0.05540054810978719
462;0.05204131227530071
463;0.015966455716587214
464;0.02801188279208702
465;0.08202477162121519
466;0.017870944481890163
467;0.015827331438189086
468;0.03715674113605383
469;0.019570347631081553
470;0.009684353444284545
471;0.04365113243403412
472;0.02729481547219085
473;0.08383419334641362
474;0.046243577372393534
475;0.034314116002850996
476;0.05673503170831759
477;0.011409702323511618
478;0.07373595492374484
479;0.010257763220388839
480;0.05500164899255519
481;0.09111299762059065
482;0.009007598366182534
483;0.028244450325043892
484;0.03131568891911092
485;0.08001221460235765
486;0.016210150411163415
487;0.04064920655605158
488;0.06676599350613822
489;0.05295240601313259
490;0.05605249614174604
491;0.07483611534317804
492;0.003449172157934033
493;0.09303238020909604
494;0.0659690973360194
495;0.07213019559075962
496;0.016363006747993014
497;0.0619035669248088
498;0.05635848116814135
499;0.08441867678665389
500;0.020010645451059097
501;0.06918032085736442
502;0.0025398409424436832
503;0.06957317269135631
504;0.04178325810009036
505;0.07049392272617505
506;0.08365850023202771
507;0.027068168662500447
508;0.03599622584484304
509;0.08250060183213781
510;0.0050290384277915
511;0.04240499914739453
512;0.022868405580446217
513;0.014554848111876973
514;0.0857125891593863
515;0.025651379925628062
516;0.08334617088360896
517;0.08362411274689
518;0.008710861972669282
519;0.031776887722792004
520;0.025000606675230675
521;0.09320797000924504
522;0.08685648923701014
523;0.08238373830980224
524;0.06032958549320754
525;0.08416419350985231
526;0.053507962444098556
527;0.07822038257501594
528;0.01618083711661411
529;0.07328048693955418
530;0.041440908626940776
531;0.007137441553732993
532;0.030280552024243436
533;0.0540749632412493
534;0.002060279394367126
535;0.034486577477469506
536;0.05093588868356411
537;0.06903571606655855
538;0.015398930126924427
539;0.04024686582296316
540;0.06056111243311838
541;0.007836166767138775
542;0.013099849413952447
543;0.010412332236968514
544;0.07396010092629776
545;0.07318355045944845
546;0.05584854077688933
547;0.07348663959245065
548;0.08546392419624828
549;0.07036860079752093
550;0.07779816617316146
551;0.05845121101713316
552;0.09108978602768313
553;0.08280508863533383
554;0.002581751134861832
555;0.031975295085594005
556;0.09605666718636519
557;0.045043872314365734
558;0.04220173675946451
559;0.09028926187527478
560;0.06171341371637749
561;0.022106826383751544
562;0.07686019867438958
563;0.035679994249460924
564;0.004128456696130767
565;0.07990213849495155
566;0.0684678399556277
567;0.019024568608406456
568;0.03459807716365665
569;0.021862747006868632
570;0.04692479796905075
571;0.07999124831097641
572;0.006506530847205439
573;0.05418188162484153
574;0.01590166573875921
575;0.02467085344764244
576;0.09906865779064046
577;0.07598019013890195
578;0.044884206471895685
579;0.014310080459865327
580;0.040255000550761526
581;0.05668962290519241
582;0.038357974746823176
583;0.01568392678945272
584;0.006103074197257441
585;0.04449788342889215
586;0.08083189602463037
587;0.026718597653233866
588;0.054711486650099644
589;0.039530298463276325
590;0.004729179125228001
591;0.07672980224819063
592;0.09452653564858797
593;0.014866667327810746
594;0.019732469015413312
595;0.08844618381469466
596;0.08752548474563207
597;0.0885044050724554
598;0.02307942546707538
599;0.030136665014208863
600;0.024720575020527904
601;0.06719181605641154
602;0.01822531944815765
603;0.05265184229169291
604;0.0026107435383243005
605;0.035152370835058566
606;0.02203550045326195
607;0.013891808229080116
608;0.011555466156189366
609;0.03313712349545918
610;0.0844597826468828
611;0.01344789492059103
612;0.018078958754499618
613;0.08334080952922253
614;0.051561172026118644
615;0.08223485441417602
616;0.030188100673260235
617;0.09617225955435778
618;0.03756506567497411
619;0.010104944397321791
620;0.04329532044643719
621;0.04701045433687887
622;0.0658208829770242
623;0.07914203726650432
624;0.09855193987291219
625;0.07029896382921501
626;0.04439416029687574
627;0.013247943342291568
628;0.05720943602929377
629;0.07122120430733474
630;0.08332719609428574
631;0.08138675276227293
632;0.01973143789706886
633;0.03711034934180274
634;0.011530685629408566
635;0.0905838245026723
636;0.023620972545400534
637;0.09247584717299501
638;0.05992758340527702
639;0.013192108272832903
640;0.0859453421220216
641;0.07384085795580007
642;0.04181364790224898
643;0.007606959343264563
644;0.060883402470515394
645;0.09391617105409643
646;0.06383077178070938
647;0.03320976335193485
648;0.026746527832305567
649;0.09497752466904774
650;0.04368921394200025
651;0.08179316465178643
652;0.03455326726896137
653;0.07845429563218613
654;0.061507522445989705
655;0.04248629079587571
656;0.029782450127540272
657;0.04269599295460054
658;0.07704999322705033
659;0.0678349427718711
660;0.0204153391134285
661;0.04509215558737171
662;0.013890286822944
663;0.05970813745717455
664;0.05033916241857231
665;0.027401163179049084
666;0.035854405603514286
667;0.022269517183116507
668;0.026667050160711126
669;0.03635724453651321
670;0.05449885625839737
671;0.042445009255534474
672;0.07335359279361889
673;0.02352098258265215
674;0.04873530931243251
675;0.0033993663174755164
676;0.08580081694067414
677;0.013212654187792118
678;0.030035990965407513
679;0.07715202244644287
680;0.05401375166429047
681;0.07959576504158805
682;0.04580371708904638
683;0.030397797301737042
684;0.08150045566916296
685;0.03183150607568713
686;0.007359218436357296
687;0.09180378261635819
688;0.0007410508550394269
689;0.07240870541928542
690;0.06846154383318075
691;0.06623049135666303
692;0.06541784853197045
693;0.0575959810981219
694;0.00135182184586643
695;0.03119421554314107
696;0.0719990268720112
697;0.06446445395213289
698;0.006522045586622139
699;0.0937451652585776
700;0.08886743761101082
701;0.0563895240611803
702;0.020477207115312226
703;0.0321013670309558
704;0.020521313560059297
705;0.010774367865098522
706;0.018144419104252074
707;0.04644465627997984
708;0.026936386022934036
709;0.04505194426959835
710;0.06572720143068227
711;0.08907902669734034
712;0.05912665458352332
713;0.08603416779402584
714;0.08609421196378571
715;0.01997910873047103
716;0.062447716061836946
717;0.044631718025815385
718;0.006323796555700256
719;0.032782511943166885
720;0.04667502606702844
721;0.03268248503315312
722;0.06679541327776461
723;0.021127275316094297
724;0.0566144962502104
725;0.07772642853860359
726;0.08124474505743359
727;0.07823374722522114
728;0.017413569201464262
729;0.055729350459510996
730;0.08549752104920269
731;0.09740797763458513
732;0.06896867675433774
733;0.017534937923816253
734;0.0509077317727235
735;0.016646339231578013
736;0.07744091251471436
737;0.09382615584409376
738;0.00016947914768025154
739;0.08400720965747618
740;0.046795423426988426
741;0.09506357986781151
742;0.073475309950142
743;0.036450015550977564
744;0.012044846528675657
745;0.04264094990449255
746;0.061617973808505144
747;0.08485038373794627
748;0.09443069474397803
749;0.08223063307434843
750;0.09311262397647635
751;0.06002939443234067
752;0.07959740452678381
753;0.04333607179916023
754;0.04577334881920817
755;0.008108444795786707
756;0.06598268781113584
757;0.06451969250418503
758;0.08397714240335319
759;0.06751070140306058
760;0.09874702759572997
761;0.0502531099517209
762;0.06405481845197777
763;0.019487491145024727
764;0.03937582694829359
765;0.03577742204137998
766;0.08545644831912594
767;0.07814147104267359
768;0.009615249907349965
769;0.009156846481352487
770;0.01626687481649023
771;0.01946168021020165
772;0.0672821957530099
773;0.09751348265845661
774;0.056024305148757725
775;0.06797434030254101
776;0.005127743694299247
777;0.0729540111497962
778;0.055972868666644915
779;0.011269997140578004
780;0.024108754933866806
781;0.04566691614639684
782;0.09019125402955962
783;0.05774155431095971
784;0.044569844161798815
785;0.03928601942083422
786;0.0562461727064226
787;0.06659579819489687
788;0.009642737366764333
789;0.03714528321637511
790;0.08315616730729737
791;0.05660301668441923
792;0.09249584066342825
793;0.09858199206494811
794;0.092259892355469
795;0.016444602809217092
796;0.026535704937858895
797;0.08060678094767809
798;0.09189993175400879
799;0.02145265283138478
800;0.049838420035532606
801;0.0912239636572679
802;0.06940685174545319
803;0.06279733554521909
804;0.0867650062042461
805;0.09270205149081807
806;0.012839021794316376
807;0.013494766238213263
808;0.0424782951829364
809;0.0326067197477856
810;0.08399123043366738
811;0.06378908028434457
812;0.06521462951657918
813;0.025756734775937776
814;0.055273724237910986
815;0.09581693889256498
816;0.0062522082589825615
817;0.09417841578529093
818;0.049037876709890404
819;0.026350261701835166
820;0.08695999642115897
821;0.029409712220118456
822;0.09641371382962487
823;0.013714811285934027
824;0.09372923694131492
825;0.038004095840476794
826;0.011817386581508072
827;0.04866205671540267
828;0.07262347990755472
829;0.09557774432386934
830;0.003973040874498646
831;0.03361980772248444
832;0.0486799795257571
833;0.03868059254770907
834;0.099340187767713
835;0.0025268260117737307
836;0.007655633787640815
837;0.012681939159445023
838;0.08139738718214799
839;0.0010766482648601583
840;0.09104753158758655
841;0.0291110819937495
842;0.06886311938359023
843;0.0029528381813641704
844;0.004891621622502274
845;0.022056038526417056
846;0.034749300686601724
847;0.0646358632375552
848;0.002251241491505651
849;0.06437585794187406
850;0.04797161261001284
851;0.06043434805894197
852;0.063126783512457
853;0.015296626511616451
854;0.07194586333750562
855;0.08103296659354275
856;0.07283730397948653
857;0.0634521617478007
858;0.04626805400949381
859;0.053116346758284874
860;0.01245629171916719
861;0.0708257042014709
862;0.04251619354940628
863;0.06770538902902624
864;0.0478196333476298
865;0.004822711350870568
866;0.09960190857336748
867;0.01711786549157701
868;0.04174631403397745
869;0.07158865260210456
870;0.028876330302309995
871;0.012858318368245848
872;0.04052020343479051
873;0.06179684301826727
874;0.027996013232072427
875;0.08965343814763604
876;0.08340390717805302
877;0.06034412328087729
878;0.04027655887409981
879;0.08243674673653117
880;0.06628102424427505
881;0.09818011840780973
882;0.025897915366327476
883;0.09860169239109862
884;0.0008714819044542189
885;0.017718976896182126
886;0.09031116887791735
887;0.06856748960412161
888;0.0006979559731972063
889;0.03384814286017495
890;0.06202645318726391
891;0.05695971768609727
892;0.056635768979637784
893;0.03875074050042927
894;0.05149454834641757
895;0.04545599496283853
896;0.049930712934744194
897;0.03222176889493444
898;0.08338809590951377
899;0.090171836778054
900;0.0375753153106592
901;0.05849425607248448
902;0.09244104614327897
903;0.030374705623287146
904;0.09722060306213887
905;0.06614189682730816
906;0.05929693417133465
907;0.03305878663666716
908;0.039603165025613854
909;0.08467642259357054
910;0.019770986956545368
911;0.07202675737122011
912;0.08686166376356824
913;0.06606288555848058
914;0.04927925632139564
915;0.02302573479312603
916;0.07968121997473368
917;0.015782200121242772
918;0.09036501607846747
919;0.05110350721680006
920;0.04844876951150075
921;0.019562979567883124
922;0.013025005919617928
923;0.0888911267275454
924;0.09020888116587893
925;0.017857764618362384
926;0.02043989575833979
927;0.07687871862103297
928;0.02570938887982919
929;0.046889381619793814
930;0.0556635668100602
931;0.08841646611552664
932;0.08688871780956348
933;0.05500184569950173
934;0.023613188497793838
935;0.0765345550425431
936;0.03808105630534821
937;0.007330676290969985
938;0.07231026635164127
939;0.045680792730457026
940;0.027129163879645913
941;0.04181885329953997
942;0.0677098083561583
943;0.014277840547414844
944;0.0752569840452607
945;0.06889630402999962
946;0.028265394124002998
947;0.06381445651076932
948;0.07548422540769262
949;0.045173178966068796
950;0.01534578789779998
951;0.03827026510417421
952;0.06857194206120168
953;0.07060438160042991
954;0.07292211194581653
955;0.038061534043684835
956;0.0081198579651116
957;0.006054978533574163
958;0.08162593534164586
959;0.004014406806555171
960;0.05568522188208487
961;0.08450181192525416
962;0.013145896771240818
963;0.007599563054348335
964;0.07594211149921311
965;0.016539461084779983
966;0.057482051968218754
967;0.030394158546681007
968;0.06949307123108045
969;0.09922691554609378
970;0.07758921133958613
971;0.0763458711696529
972;0.025204024460534536
973;0.013012519874945195
974;0.044967844463040633
975;0.016381071988794883
976;0.01548303848032736
977;0.08701936675507371
978;0.01360043419224314
979;0.07810682094583495
980;0.07144105434889363
981;0.0010459145876333565
982;0.03177716297827179
983;0.026120167048927157
984;0.05685394802425149
985;0.04755936421794658
986;0.019774590375990855
987;0.0441320341665431
988;0.044226045444752504
989;0.09250808078714665
990;0.04584567799234031
991;0.04589930677101661
992;0.0007401164589271981
993;0.0028328661655407043
994;0.08928112879804144
995;0.003476039327088421
996;0.07068047588315975
997;0.028102000117143713
998;0.047979557580767974
999;0.01337224805281413
1000;0.09606469808565804
