1;0.04440513764724599
2;0.08688790098310345
3;0.05816301553794237
4;0.0754017992212852
5;0.14183321620221231
6;0.14636287433814643
7;0.15611655283792322
8;0.09982677669939684
9;0.19711276588284846
10;0.18409555475938824
11;0.11194868932485645
12;0.14107310836455103
13;0.16943247685707755
14;0.17720009895507283
15;0.0966402622496365
16;0.1552939969799021
17;0.1518282112988339
18;0.17618927120008332
19;0.06913842551613884
20;0.17306298360597427
21;0.05438933881583881
22;0.03559136753693788
23;0.08033293395710271
24;0.1786857745866245
25;0.12239799025638848
26;0.08616382791198457
27;0.19932425647706803
28;0.1137496085207304
29;0.07181145858565374
30;0.11135262352313363
31;0.10808225314408995
32;0.16057830777805251
33;0.14780793309042425
34;0.04540113627593996
35;0.19772134870930172
36;0.024638689213159017
37;0.1611794356903084
38;0.13850887186360483
39;0.050578679458225764
40;0.034145799966354695
41;0.03808312454882112
42;0.12016989266779343
43;0.07231078092262544
44;0.009579028772804322
45;0.18418197350773544
46;0.18040401912054382
47;0.13318521464035407
48;0.13350843435903662
49;0.11308835163650904
50;0.07514857367978048
51;0.18282722980162547
52;0.09533045047652729
53;0.04804072766080436
54;0.10460229199658529
55;0.08199130315086943
56;0.1416950087197426
57;0.06723618497377407
58;0.19363910073991764
59;0.012052468119187788
60;0.12119049076328224
61;0.05502536559114266
62;0.027679161832621202
63;0.04902190088216814
64;0.02314718798400475
65;0.17803806820434198
66;0.15196434235836198
67;0.04006742676698408
68;0.09826707713719994
69;0.02752757144084619
70;0.08738086691695912
71;0.11902829396666857
72;0.018310561298986117
73;0.11570475210763087
74;0.009713240350341424
75;0.020119618560644394
76;0.17632090693924707
77;0.10437861198815268
78;0.07845592813976754
79;0.12663260524668005
80;0.02108954307874782
81;0.0023011928512983505
82;0.0337637750857408
83;0.1849838021562456
84;0.05293767718773271
85;0.029613961743341657
86;0.035789332853170895
87;0.09986268459505172
88;0.06506860401167631
89;0.19952447116590222
90;0.013075285604753484
91;0.022178997014641523
92;0.18269891588269838
93;0.07594380019800823
94;0.16538114118708136
95;0.07665613064897313
96;0.18227758586031115
97;0.09973464103591947
98;0.19633732057443518
99;0.08335199898203594
100;0.010556342236354311
101;0.05167794309811627
102;0.0466323784752504
103;0.07472927314269298
104;0.0755392352718515
105;0.1406580034893414
106;0.08733716659377251
107;0.13845441027853617
108;0.1041407366707762
109;0.10712577076376864
110;0.198368632762085
111;0.08482166093878865
112;0.182926727903825
113;0.16572349622222696
114;0.08506732476514244
115;0.12592965128257502
116;0.14724667494584823
117;0.006547690858571942
118;0.08078217916154945
119;0.06015709670002267
120;0.008926783727680876
121;0.1611652771447102
122;0.19190980975808525
123;0.09066200420798749
124;0.008560420280901827
125;0.15226205067597218
126;0.14386498415809112
127;0.18407451203890146
128;0.15288745356625638
129;0.10049228717141268
130;0.16643135631417597
131;0.05657418162093826
132;0.1465244636355848
133;0.10846430785639212
134;0.19509394645324132
135;0.11691227484922087
136;0.06713062362650839
137;0.07181206061639137
138;0.15159174295659214
139;0.08868902276550449
140;0.0660005611395561
141;0.08893859346520439
142;0.14559096443372666
143;0.06337018028319052
144;0.19567193010908646
145;0.17250189428408333
146;0.16798667615816862
147;0.1896339764727933
148;0.16100357619850766
149;0.16894888768255648
150;0.05888822136617214
151;0.07022381424010193
152;0.10424293699369865
153;0.1424345095434202
154;0.022043067596864408
155;0.14179361710001717
156;0.16776533319763004
157;0.03744632764826574
158;0.17899844292488068
159;0.0804766275429752
160;0.13391078723713443
161;0.10505250535700864
162;0.07190084585151701
163;0.1317953510169202
164;0.18747461963324807
165;0.0054096291320771435
166;0.1995012690522523
167;0.05678188004034206
168;0.05207107305166963
169;0.09007016058618461
170;0.05199616790952604
171;0.13912547551418192
172;0.10135822206356589
173;0.12756880941271045
174;0.11893104820491146
175;0.07395451807315052
176;0.055412075931039834
177;0.013527111408394465
178;0.07895445637431085
179;0.11535003755760925
180;0.028377878954069582
181;0.11118477702754322
182;0.10467737338878291
183;0.17117061138436995
184;0.059422653287710375
185;0.03283750395885243
186;0.027856524570972742
187;0.11130368121644606
188;0.15755633797266233
189;0.1217062083932134
190;0.1298578042222915
191;0.06505645513757634
192;0.11210235993827254
193;0.18325188978306212
194;0.18639523776297018
195;0.061308226017393566
196;0.019134420188251757
197;0.1180766778450157
198;0.006797809416254053
199;0.1818860775218426
200;0.19676101861540313
201;0.10652314120017532
202;0.08625751574738134
203;0.14267532234438268
204;0.05236927803247413
205;0.02281830119772912
206;0.08096477525956523
207;0.07504563347009188
208;0.05731508849365788
209;0.05798533628048024
210;0.17061648054724177
211;0.10331442238974008
212;0.036686300966852305
213;0.15495196058885335
214;0.05503780824129354
215;0.03799398676662913
216;0.10750217006855456
217;0.10054917759898907
218;0.010458047609372346
219;0.0021978102510181066
220;0.10209319267976287
221;0.025822004946279953
222;0.14393921220987163
223;0.1865275526610093
224;0.02435905912256402
225;0.028660465329445065
226;0.06562411659417203
227;0.02571946265806522
228;0.0802653465949324
229;0.12306945302122207
230;0.038184572563344066
231;0.030638607187725753
232;0.07025343987940569
233;0.09438766240113974
234;0.016396038816766812
235;0.0016737255105193638
236;0.14471649835790384
237;0.14911261321717303
238;0.009356712634994513
239;0.13870346729698338
240;0.017079979852869045
241;0.17484816537348657
242;0.1296225205737717
243;0.012562767143803312
244;0.01999426679953802
245;0.04041289003651785
246;0.19744103979727406
247;0.055784748299087
248;0.10283088787344481
249;0.028299134316316234
250;0.03161217706709216
251;0.19744070688184887
252;0.028034212321363206
253;0.18957839351131964
254;0.08821109133505403
255;0.10906022119185799
256;0.1732562367109529
257;0.08353042862780172
258;0.02852309313187005
259;0.07780249833732565
260;0.08355198044677055
261;0.15810526379147372
262;0.15737122769707024
263;0.02766364636017007
264;0.1943218412015606
265;0.18007533350474775
266;0.0745473200116467
267;0.19803401143686217
268;0.04801960642222885
269;0.021881487127443623
270;0.09934344897137773
271;0.06012885728032052
272;0.007797734989178729
273;0.0660313490970635
274;0.03766124100609134
275;0.15073165857313245
276;0.055460133297314806
277;0.012609946674738094
278;0.14753394857147203
279;0.08596592868649477
280;0.1978774336210782
281;0.002262396147171986
282;0.09104417106100893
283;0.0728037334822873
284;0.15333754709536104
285;0.13020081368788358
286;0.014972524599166537
287;0.01411916062840497
288;0.0905402592214535
289;0.021239781405612803
290;0.10918478917009354
291;0.08213437138587297
292;0.04449046013805367
293;0.03870527124593342
294;0.11863028176682006
295;0.027344368656526587
296;0.021239551488958442
297;0.1261617415173317
298;0.18227107041031776
299;0.019831262550233597
300;0.05280480834053245
301;0.03979664099646754
302;0.04550079188562715
303;0.03564193737783559
304;0.1309739822041179
305;0.0734168088090136
306;0.12582148172769733
307;0.06865581746680287
308;0.12297744691532884
309;0.11164531424014718
310;0.1605388983876134
311;0.1059110804142691
312;0.0884769690028626
313;0.1890117209578448
314;0.1148809487725953
315;0.14334866296273172
316;0.05559596829576763
317;0.1992255759611664
318;0.0351445037788636
319;0.006895695417794112
320;0.09144284184597469
321;0.09244683382544326
322;0.06549972692752118
323;0.1739610086809438
324;0.06153674653258037
325;0.1750078369076555
326;0.11538160775126582
327;0.07671079463161581
328;0.018591187069117755
329;0.030978593762207376
330;0.05741598305484772
331;0.11428382884593502
332;0.11671449294411665
333;0.13457963586038532
334;0.11185982905104253
335;0.01013103662268855
336;0.06977992491565117
337;0.13115249202890053
338;0.14444916728974297
339;0.15892428292190564
340;0.15704392795512193
341;0.043704302212346224
342;0.18342281708990976
343;0.007264674050634601
344;0.16111161398200335
345;0.05983045552440136
346;0.13488769765826594
347;0.09490962814994093
348;0.17918228510616496
349;0.11162174341277437
350;0.09000212248630667
351;0.07997861248952616
352;0.12840427881774502
353;0.16514184812983512
354;0.16643909323055303
355;0.14234754162587349
356;0.06823528756232644
357;0.12137060588450357
358;0.044492545227760916
359;0.16686604136898497
360;0.030132844180162512
361;0.14817393971262235
362;0.1655796247494451
363;0.13938968233762333
364;0.13261230854213427
365;0.1399393102943531
366;0.020922131337125373
367;0.0004423975790114554
368;0.15772931473279542
369;0.08968508082317334
370;0.17899058518615574
371;0.05789375406473474
372;0.048017649461655765
373;0.053308586185773235
374;0.002963346059337435
375;0.13452685530789302
376;0.029029398184359057
377;0.13566120314236954
378;0.028865261301624635
379;0.16430915121687564
380;0.0300300426842836
381;0.12050460720665951
382;0.14644476527818204
383;0.09189513477263174
384;0.008326667758100736
385;0.04657302292192314
386;0.08473836420857361
387;0.013964652461594708
388;0.03193873706121244
389;0.025954152024234456
390;0.05501365796146036
391;0.049114559343046586
392;0.18884299707319063
393;0.06386430177612326
394;0.15596680927850065
395;0.0060492736965474195
396;0.03563035309624352
397;0.1363526140492127
398;0.0991266290606375
399;0.06384183805946823
400;0.07431853634610973
401;0.19380984670050136
402;0.014493367849904737
403;0.1636804546838993
404;0.04985867449049575
405;0.009358586077728015
406;0.003976559767050115
407;0.12111943322835748
408;0.07684600411280262
409;0.19338795199478256
410;0.07033814581486396
411;0.04720504284535594
412;0.17862960728890906
413;0.10659746072195164
414;0.16052523301723456
415;0.09800919598391913
416;0.03227328081608927
417;0.17624226194256193
418;0.028620770596530967
419;0.1837221019305195
420;0.002948294110744243
421;0.04268016863345048
422;0.044586529724586765
423;0.010481472696757766
424;0.08426626562633355
425;0.15025082057315814
426;0.057372981740238686
427;0.1689911125828457
428;0.019023859271722544
429;0.11777162343561348
430;0.18766831459257047
431;0.040276360214019015
432;0.1958790099330815
433;0.040458470398914995
434;0.18119527829714255
435;0.03658912340525305
436;0.06973246882912736
437;0.15112021956929061
438;0.07487996721935768
439;0.07414312296658084
440;0.15805703889897973
441;0.16247955309992423
442;0.14504974177031776
443;0.08583885492653949
444;0.09366030271828829
445;0.024500764180015677
446;0.024181068466749278
447;0.06846536870673525
448;0.14451984686100333
449;0.14480615663674454
450;0.1314862767438225
451;0.016794770486124235
452;0.11086557614022124
453;0.08387880437719962
454;0.05109272732352819
455;0.06942925776619345
456;0.1424179424391517
457;0.17450544725350117
458;0.19491920112924288
459;0.15924920826383648
460;0.19660902953001436
461;0.01609942342255577
462;0.19940245551373273
463;0.0870003078236324
464;0.11452746745671222
465;0.06262668797072186
466;0.04433498709737578
467;0.005402579028982335
468;0.09320250618349452
469;0.13445695933440394
470;0.03652480647375298
471;0.11448648284783576
472;0.198169074356105
473;0.0017803431436791417
474;0.1051309913092484
475;0.09471112575819472
476;0.1653968471213345
477;0.11893483340459601
478;0.04467178667550769
479;0.14170543722188061
480;0.19071379537629518
481;0.052661266688379185
482;0.02143471560976662
483;0.1096671777049228
484;0.10492598786891048
485;0.046130792842893724
486;0.07554921667431098
487;0.05542737191823408
488;0.15046933933143417
489;0.08560393738438138
490;0.11061608622359193
491;0.07746812359243893
492;0.007314171818244808
493;0.05019357060985319
494;0.05658499578069287
495;0.08789402628769814
496;0.1958773748051338
497;0.14900293895565445
498;0.05195502044278122
499;0.005836309122188532
500;0.06591039894120442
501;0.1727833780148531
502;0.06359407330469483
503;0.11057668164800744
504;0.14975125216253188
505;0.17248112871756854
506;0.025600936763516626
507;0.0240524434215174
508;0.18268270290805944
509;0.13419145290690762
510;0.09344721899633812
511;0.03206677078796327
512;0.1782247824654538
513;0.013623290479844076
514;0.019611735971838476
515;0.007419776041514204
516;0.09062077617656361
517;0.01618784965032625
518;0.04998349342386288
519;0.07604610770150742
520;0.08871970728189867
521;0.1091534030406737
522;0.1770926503767296
523;0.08689604435749243
524;0.029706032839867037
525;0.1982414762775261
526;0.12336274559472492
527;0.01292670789747148
528;0.14071960394420308
529;0.041921835600570015
530;0.09849503054693907
531;0.00029294965384316643
532;0.1483887795363323
533;0.13281470410024157
534;0.0069260501821598154
535;0.05857346605425687
536;0.11410714219929396
537;0.14312165568756166
538;0.12640880787635575
539;0.1182313405723
540;0.17762025682745153
541;0.12603478654465258
542;0.059920296220007524
543;0.1228343203669911
544;0.06688697991331215
545;0.17912625246078637
546;0.1107218467174243
547;0.13235259545849806
548;0.05963904818719819
549;0.13770296486410435
550;0.025492949844716728
551;0.007446792602140784
552;0.039237882954555464
553;0.11672880831639978
554;0.17482613462412594
555;0.012585265794589762
556;0.1022435917438928
557;0.18264199404837642
558;0.11775671416111616
559;0.08484589533021258
560;0.143020189502428
561;0.10697448663612322
562;0.1857188453879922
563;0.15346292578041118
564;0.04656657201737318
565;0.14338829994055213
566;0.1464454268924051
567;0.07853436650070643
568;0.00476938303815857
569;0.11387515915001177
570;0.1472005072404915
571;0.020254263843432454
572;0.18066393268532455
573;0.04142809546079129
574;0.17314798684856436
575;0.05789432658093485
576;0.0695241958770763
577;0.09609207797402919
578;0.15216107840867557
579;0.19083676105593786
580;0.0568964538682117
581;0.1564784499971603
582;0.1780394137281958
583;0.14686809916287086
584;0.09182258180832224
585;0.1323526799064649
586;0.15518384883032352
587;0.14112918031609661
588;0.06843189458909389
589;0.10534342046951793
590;0.18819402209188518
591;0.05373220382044899
592;0.0346926192497955
593;0.14241145724758475
594;0.009080481664927564
595;0.19831812460078133
596;0.008812511074158258
597;0.019051993734005835
598;0.19685451202979246
599;0.163280482521455
600;0.06276851673427741
601;0.13463248269022932
602;0.13104793719807056
603;0.19749156530458645
604;0.0013335783049984507
605;0.1362841772219116
606;0.15707302986777907
607;0.18434013224782497
608;0.1805723778881828
609;0.18836411375569032
610;0.014502725230665293
611;0.12956397454186272
612;0.08882604488057688
613;0.09904658973721632
614;0.17057782910250252
615;0.14301591209422304
616;0.16400855868819478
617;0.1043861221741075
618;0.16744413411968495
619;0.18542305851784496
620;0.011733939965876773
621;0.16914687235115097
622;0.18226805093780868
623;0.18627299239563297
624;0.03011881391394149
625;0.13640054312142452
626;0.10156077161607505
627;0.010321139095791888
628;0.14353231989202958
629;0.10574132212168062
630;0.07923939207832256
631;0.03438917399568007
632;0.09303172628410623
633;0.11972405069498789
634;0.023647316902989046
635;0.06943003383170891
636;0.1874600388302493
637;0.0056024069811447365
638;0.16692310362757562
639;0.13474095929490337
640;0.13338045791044273
641;0.024822754781519164
642;0.188909253484585
643;0.16143629750858035
644;0.0851637291701543
645;0.14574871001963172
646;0.031171175391949735
647;0.19512360552720948
648;0.1422961394489011
649;0.03682039812947287
650;0.08988311604020238
651;0.1911543548321136
652;0.0014190849697844677
653;0.1184357424816837
654;0.11666946486017074
655;0.1271524267240915
656;0.09616053794682718
657;3.970685266125873e-05
658;0.1356802348583633
659;0.18628566390920057
660;0.1513765942664841
661;0.18488745157674177
662;0.03958042309581351
663;0.09347251352160982
664;0.17919788866547545
665;0.18522665695218243
666;0.1258506555247689
667;0.18648701696021852
668;0.1848889159314982
669;0.06416985353691429
670;0.05536245754034977
671;0.12672024843593852
672;0.02543434987360065
673;0.0040598741193448975
674;0.16862702718480815
675;0.0280059878496689
676;0.08092890812869774
677;0.07846920390767308
678;0.10936433665820051
679;0.17340423987054127
680;0.06683447008625217
681;0.04662524506721815
682;0.03316733217091328
683;0.0956941182774701
684;0.016605806895781283
685;0.09973387304728065
686;0.07908248822112365
687;0.1484701558504932
688;0.03639937965588389
689;0.18316902102399357
690;0.18174740506340106
691;0.1477195909939259
692;0.16000410228317863
693;0.007948516334247091
694;0.052379691207336924
695;0.08416158536976315
696;0.14957311383097446
697;0.15302019668741054
698;0.029225662141516163
699;0.09643575010655203
700;0.12282226624009907
701;0.10499434254106546
702;0.07782547932477187
703;0.0694654335386411
704;0.013016471800212925
705;0.12620473011242858
706;0.030833143396276297
707;0.004088645482996434
708;0.09395203496477836
709;0.13396539198963198
710;0.10134468819575648
711;0.1725259828805166
712;0.19261857210407482
713;0.030359741294844846
714;0.09727739003181789
715;0.11033093850702691
716;0.06597639014650934
717;0.1761000114123823
718;0.17392909059038852
719;0.13206478969637048
720;0.010642791445090661
721;0.18028971282378015
722;0.12139670128173528
723;0.180883935224484
724;0.009468860472402385
725;0.1470959751815286
726;0.12123364117205077
727;0.03749374911837773
728;0.13115700586115972
729;0.007536103899225277
730;0.1338583171122354
731;0.1422508608302443
732;0.14994197168520515
733;0.10154574217045476
734;0.06641415666461617
735;0.07899871406060738
736;0.10813769523296785
737;0.1380144252058573
738;0.12941262964160055
739;0.029685143087877154
740;0.1364456506574077
741;0.12121280632390188
742;0.1458876496745899
743;0.09815309492187306
744;0.006961383574733748
745;0.0032084709608932063
746;0.03514963174714843
747;0.17039286479316004
748;0.0694954159818848
749;0.10427019709445684
750;0.1593239396623478
751;0.044600106615571705
752;0.08208892024895112
753;0.15301746177026418
754;0.13436944225725111
755;0.01357759376586052
756;0.017812348643004117
757;0.18559159436651348
758;0.13844203246712014
759;0.08936505601315133
760;0.19245957219988952
761;0.13377543789120036
762;0.13950230092309435
763;0.1267600524474226
764;0.017912698260166348
765;0.0029259105639952935
766;0.09867919064567104
767;0.07174925167693738
768;0.17278770997815507
769;0.015149094007896637
770;0.06822104757909733
771;0.0005605499539625081
772;0.08086149495090239
773;0.17503693543789142
774;0.1650929841815854
775;0.1966315299260605
776;0.1432340587886239
777;0.026890815386795854
778;0.1978277292073939
779;0.15772557793558034
780;0.04426284411780668
781;0.1152450730825459
782;0.08463695333565897
783;0.1576684661335385
784;0.12240333521883227
785;0.013636492386771249
786;0.009105654498972804
787;0.08975771666417685
788;0.03734106385530962
789;0.12141333903131553
790;0.014690408493040708
791;0.0696992679735947
792;0.07316674577834169
793;0.12478540601729174
794;0.00435648667641535
795;0.03935050584555888
796;0.002811533374220221
797;0.11461079349309858
798;0.11395951509104363
799;0.038279862716939596
800;0.162089287088695
801;0.17706936894417205
802;0.12244139493929969
803;0.16363585309866047
804;0.020959873466224212
805;0.1873850897237504
806;0.008877720531896439
807;0.013799164470359448
808;0.051298917719785814
809;0.19991809028965682
810;0.1804031973064757
811;0.1831577079491154
812;0.00269933371818476
813;0.15048377868848972
814;0.049599944806590246
815;0.19206239409589196
816;0.18059551002984883
817;0.10752415701080052
818;0.057317148054293936
819;0.15648516961327183
820;0.16487194686467874
821;0.1569133948066603
822;0.09799144371594587
823;0.1716582910948936
824;0.1598737749778302
825;0.14253433187509254
826;0.09937869881151898
827;0.15243918750215962
828;0.0008122687468588241
829;0.05317231482801164
830;0.1374783670515545
831;0.029738309346730298
832;0.01109729339025436
833;0.0858428866605746
834;0.15423841106455502
835;0.1391347498951733
836;0.1659984270561047
837;0.09446628715713515
838;0.12402324903149248
839;0.1527946334956982
840;0.09750866487745408
841;0.0273818414699077
842;0.15293109535827487
843;0.0968704735828474
844;0.10001127283881704
845;0.09586067544292745
846;0.04747797364525106
847;0.1723943882777793
848;0.13750938302862648
849;0.12014429111536905
850;0.054903208215622334
851;0.0032786161601298103
852;0.033865719874064615
853;0.13802698958419637
854;0.1811258173422129
855;0.1867511497343284
856;0.17892531177365423
857;0.14066278146654976
858;0.14541111678508709
859;0.14248876499076576
860;0.180827255767881
861;0.19286568720533181
862;0.024749938370283855
863;0.019873536522297487
864;0.15382653281760528
865;0.06637041979721361
866;0.05905520060350902
867;0.17707717912829612
868;0.0032713400151324293
869;0.0489616166616158
870;0.16916511603043058
871;0.0018319570528145812
872;0.14086140508223674
873;0.16373648168348826
874;0.1152346509167739
875;0.14204747593773812
876;0.012823800166287858
877;0.12545168940013904
878;0.08022198288748116
879;0.14757472206234065
880;0.06933357354704854
881;0.019495073354012706
882;0.10714517723830322
883;0.14262877391455092
884;0.13182716285565368
885;0.1702344796079113
886;0.0495501496121821
887;0.011427014429423933
888;0.04928536999552289
889;0.12559175026558908
890;0.03715174939693291
891;0.1444834717839052
892;0.12578591682880977
893;0.174011434237062
894;0.06770439616750794
895;0.07394196567205978
896;0.11060059787552703
897;0.19598311755319456
898;0.0530217210286327
899;0.1300941278894175
900;0.1605605671705265
901;0.041218398948567006
902;0.13269409993681988
903;0.07059739014855493
904;0.1406170664823741
905;0.07090040355708978
906;0.09988231553251528
907;0.16644991024482383
908;0.0023540919152390764
909;0.026706838577281646
910;0.06250804306498892
911;0.04013425271053744
912;0.1539919157516682
913;0.14924671880932291
914;0.1664192944783755
915;0.19205411686793816
916;0.06085380200297812
917;0.13808476831072994
918;0.045631325993821185
919;0.07032290180583574
920;0.17128233160029843
921;0.047794183091664416
922;0.16455530506093452
923;0.08414304555430481
924;0.13482988432989607
925;0.14993352469383348
926;0.11425316228115939
927;0.18798691997098316
928;0.17411600642899494
929;0.04459078143643511
930;0.1976060071621063
931;0.16429836127280137
932;0.041616110620566096
933;0.04687720205459389
934;0.036953662429832355
935;0.06093420820117153
936;0.14137514918460406
937;0.11049698161107901
938;0.09322107641673066
939;0.16553162397768192
940;0.13550001992170987
941;0.008071461711426609
942;0.1649890376108449
943;0.09063442575011722
944;0.17899813660806785
945;0.17995815074653976
946;0.03205611617392836
947;0.0039303973877727666
948;0.021486230404872676
949;0.13558977107026537
950;0.0980592963421487
951;0.17607915635990776
952;0.13890672282899968
953;0.17876318304139494
954;0.09929531719911995
955;0.00894622643541827
956;0.02068065084169153
957;0.05187330317356496
958;0.052630714549771446
959;0.15289803079564365
960;0.007410944281859711
961;0.10545182562949772
962;0.1449467840020879
963;0.15327682860639164
964;0.13137162327517848
965;0.19177482609931468
966;0.10456955234840835
967;0.1985588372524656
968;0.16679406532305552
969;0.061939383693384524
970;0.016828690587724827
971;0.00747228126634576
972;0.12191369722089417
973;0.054189292031999785
974;0.05892680828735278
975;0.1516503954911352
976;0.17052426344682248
977;0.062419441179651904
978;0.05415515159077684
979;0.06998194683559092
980;0.06854430772665686
981;0.19149924405793453
982;0.06410357855808428
983;0.003684215086930953
984;0.1255363845772762
985;0.08635292049418233
986;0.17445462846207122
987;0.1554844348469907
988;0.10698171872731142
989;0.13448233490801487
990;0.007214911652005363
991;0.013520371515820374
992;0.03241837681327466
993;0.09337620330901959
994;0.16457938487984106
995;0.19290634594659273
996;0.1123716363128763
997;0.11860432925418352
998;0.024271766615767798
999;0.12062944753902381
1000;0.02006652431328997
