1;0.09455869187825568
2;0.0580536280514991
3;0.18901451965104643
4;0.16169909319935336
5;0.10944482865236789
6;0.047923602891679434
7;0.1019988079110133
8;0.014084456552505365
9;0.039419446186642976
10;0.020004690566026318
11;0.1304462732959225
12;0.18517291327800747
13;0.1867306948603017
14;0.08965237943931362
15;0.06154749425598641
16;0.1182075369897439
17;0.018907890674043883
18;0.1205930971399569
19;0.13063153502868668
20;0.07441373883414122
21;0.0038396715180840425
22;0.10949519489868227
23;0.1983555244764026
24;0.019720492853856377
25;0.013830070845281163
26;0.19788942667766415
27;0.17283832533413113
28;0.04971990842263026
29;0.18628522984316095
30;0.12243361891760088
31;0.15663258257229576
32;0.1104421638437849
33;0.1427313217314961
34;0.12570300427096345
35;0.1239026045819428
36;0.16133471655364795
37;0.15840404463966376
38;0.10643927107216589
39;0.07176191403468202
40;0.12995587798602157
41;0.03972391219403884
42;0.12549536498463373
43;0.11510337711818928
44;0.15059856588874757
45;0.04655765613741752
46;0.12485023609789113
47;0.023002210801967828
48;0.08903688546258766
49;0.08226071730942533
50;0.18218382877339237
51;0.054583437212905574
52;0.11919048830958362
53;0.1641698687466597
54;0.0385156099347344
55;0.12448167031284028
56;0.006688222088720198
57;0.15584102844896186
58;0.05958839130699498
59;0.07881734285609004
60;0.07964896298325624
61;0.13258818855799132
62;0.08236391565497295
63;0.11374373411080224
64;0.18708326708235734
65;0.1845156589772884
66;0.001767666271772961
67;0.19693895620511304
68;0.13782927981506873
69;0.03628979740377765
70;0.07889810230207824
71;0.15416706632861993
72;0.15388379751865375
73;0.15624353175397396
74;0.17383884720674025
75;0.028182256184612453
76;0.1342391968193045
77;0.051993584340421145
78;0.01868033534252236
79;0.16353146995689113
80;0.19244750884860412
81;0.0835684041628409
82;0.00965939501475972
83;0.00515694206034818
84;0.148213366830235
85;0.1405187266560242
86;0.1357122575198578
87;0.18621427309393965
88;0.09431297092186855
89;0.05032105542356875
90;0.14428489501047412
91;0.1834706110502894
92;0.19553719582286486
93;0.09517129588351131
94;0.14783046580005793
95;0.011483952736550541
96;0.10923360794453668
97;0.00917568532031685
98;0.1384035705252568
99;0.002378161065792228
100;0.04987693078328337
101;0.09101862400259245
102;0.08332728567987505
103;0.08786634888156696
104;0.0023739987561420153
105;0.13070651223713137
106;0.11188722986836369
107;0.12462865692716835
108;0.12398219541881413
109;0.038357818367583785
110;0.17644737344659148
111;0.029831158438973417
112;0.018121193748828125
113;0.08578545459361352
114;0.1511485169751492
115;0.021477448735133686
116;0.006651785214451334
117;0.005562644559174945
118;0.1615737979207377
119;0.054964397471642196
120;0.06625358788798878
121;0.1163214607693197
122;0.027722417127011158
123;0.06655956711608205
124;0.003749261926058534
125;0.13440016505603836
126;0.03824525375889112
127;0.16021174080255485
128;0.1911208095076416
129;0.1314864469509423
130;0.10984488462613806
131;0.08431794169258269
132;0.04989637290035098
133;0.08543079999705193
134;0.15468836836711614
135;0.18254603873300285
136;0.12074805697818283
137;0.044800140708818104
138;0.031052453028063722
139;0.10693548779872722
140;0.10104271854779677
141;0.06772083492450291
142;0.06380143203835938
143;0.16107284166503927
144;0.02008092264520336
145;0.16714801490469722
146;0.16801375029495003
147;0.10703720509805664
148;0.03161663537201951
149;0.18811362576670218
150;0.18858817035746678
151;0.11023260206377371
152;0.14077265034000516
153;0.12322295240619104
154;0.015632412462272028
155;0.052545360466400175
156;0.19139186399836294
157;0.19437030278123194
158;0.09925375017056975
159;0.11702969967409871
160;0.1453737168794502
161;0.04938044161328839
162;0.19708526468657064
163;0.023724232002333534
164;0.08484433752288441
165;0.1353104202017241
166;0.006603093619829981
167;0.07390050463198387
168;0.11748333402905611
169;0.12317435665221335
170;0.13114612725615585
171;0.10420165122384123
172;0.013949502869158237
173;0.1259610533740977
174;0.048826901112533606
175;0.1863530952476018
176;0.025278257675516592
177;0.18897363935585207
178;0.06955851162548386
179;0.022947618175338105
180;0.10797872285767583
181;0.035896581348784394
182;0.15647977913137034
183;0.09995214280782219
184;0.11797639203648735
185;0.152095602570085
186;0.17207512947750067
187;0.1436817212052407
188;0.19527028042442365
189;0.04441569481261723
190;0.18751537853824063
191;0.06402422736459974
192;0.1261657792388111
193;0.12880442145775378
194;0.14930195096670304
195;0.17928150279520336
196;0.017475419425293914
197;0.07991845839564171
198;0.11309469173692886
199;0.07033280517067973
200;0.15290560213267243
201;0.17806409019594005
202;0.15025799072936108
203;0.0695359348521961
204;0.15755968028986403
205;0.14287682838478077
206;0.08325127219735165
207;0.0028090329792824775
208;0.17029384252726826
209;0.013895428160355007
210;0.09682975199219553
211;0.03313799962603572
212;0.10004596696857743
213;0.09711870044617915
214;0.03332848790425511
215;0.10149122998797816
216;0.09582753865234156
217;0.16921199318327382
218;0.18173065902084434
219;0.06211186988699882
220;0.17975405306265835
221;0.0008744453837670419
222;0.030320408923773613
223;0.035372253777912775
224;0.08668655325060644
225;0.0050203246554822115
226;0.037877299664394175
227;0.17812689825504455
228;0.0006776894913753662
229;0.12311118813128488
230;0.17973759122405358
231;0.18994845328396354
232;0.10948505276233965
233;0.018114413097688332
234;0.1846611610548556
235;0.1678875852835174
236;0.18966328495127704
237;0.11117130652786317
238;0.15407050799043578
239;0.17359891009603423
240;0.048386776518997636
241;0.07300198090122893
242;0.12393266221687903
243;0.020692593064433454
244;0.056307139675262935
245;0.03691328009382424
246;0.085773456986952
247;0.05475808132153424
248;0.132942346056539
249;0.095888544776567
250;0.1336888366760358
251;0.08788708375430541
252;0.13444268786295918
253;0.06534338903288597
254;0.17971357341423905
255;0.08588432556100618
256;0.1505537029004632
257;0.16085729470003507
258;0.15161089946634962
259;0.19348366296440345
260;0.03358998148771824
261;0.16788782353737464
262;0.1083613293166855
263;0.01474486688329213
264;0.1957863966202342
265;0.07674602309023766
266;0.06507017982540038
267;0.11333826711204298
268;0.099746117134204
269;0.08081050684250662
270;0.06729719701567526
271;0.07029451221804373
272;0.19314805409877245
273;0.1946148948600786
274;0.08238924445007066
275;0.15286928475521885
276;0.06504812720683173
277;0.03152888172900057
278;0.016210172451527716
279;0.1253844139535325
280;0.05704332266279884
281;0.03682587736433467
282;0.11293132943694802
283;0.027521894681413795
284;0.065486133971051
285;0.0337654116146388
286;0.13819510577427227
287;0.13115360002745854
288;0.10152579329706868
289;0.15363416964581478
290;0.15747818639082867
291;0.026239515671345283
292;0.10945616113343899
293;0.17346626241557997
294;0.14473430837282117
295;0.12868389246236026
296;0.09900876254665235
297;0.10386154272750014
298;0.17383390324165043
299;0.08483919958641817
300;0.08758059064196773
301;0.020757311920432644
302;0.032304833274172995
303;0.01292924222000198
304;0.048273719719461865
305;0.11960107999344663
306;0.14515925757002746
307;0.10961306701753984
308;0.05067926661446052
309;0.013587004623416067
310;0.13856926750524443
311;0.16179709048739221
312;0.14065375633559965
313;0.06318775498766487
314;0.008208899232014089
315;0.0069429470948837
316;0.12277139742111683
317;0.0819946308502936
318;0.13363864342331025
319;0.17558103952344645
320;0.19524955876905006
321;0.1477289323372127
322;0.1121114674234893
323;0.14844976261412404
324;0.02859665820858548
325;0.1506481576937465
326;0.1312351452587874
327;0.12089429895867215
328;0.012499895861752064
329;0.1604702750529485
330;0.054782362996142454
331;0.07825288287699941
332;0.07459621382510447
333;0.02750241571182337
334;0.15067617845448184
335;0.02773173298304106
336;0.06698567599619716
337;0.04749370171528105
338;0.12596261581441318
339;0.12605844756633588
340;0.0101639048314222
341;0.021794214724554006
342;0.06329126113991501
343;0.06289105621428988
344;0.18007626046029368
345;0.19653506524259612
346;0.08174525013731336
347;0.19430526996896733
348;0.024927536622492585
349;0.003141884670883877
350;0.020728814626675952
351;0.16856897551779526
352;0.08152370021887263
353;0.1876093667579587
354;0.11801552130888518
355;0.02678772995025216
356;0.08344981488947129
357;0.08497714718131442
358;0.020428214771319952
359;0.022754608979775215
360;0.13554060235472018
361;0.14828056265692066
362;0.12248457768779285
363;0.08622748799478007
364;0.10620826877536049
365;0.007708876117042807
366;0.07577917855082306
367;0.19425397185447302
368;0.019921500711277608
369;0.006584404576594927
370;0.005482765430179337
371;0.15532713503181697
372;0.11829009008591125
373;0.030320658577226347
374;0.0350373765248857
375;0.16734779440495487
376;0.10530533365287541
377;0.09803190809436324
378;0.19713592076367822
379;0.002501937813540578
380;0.09408195107943568
381;0.07368296866709907
382;0.06598593173940044
383;0.10642061484134316
384;0.05112812234308857
385;0.1822493617128917
386;0.19268485307183045
387;0.04895651858584023
388;0.12496287355297249
389;0.04494980238141684
390;0.009447090280468019
391;0.026894860075612682
392;0.1910207824396736
393;0.18203242035290412
394;0.015609677540944512
395;0.0975704687048708
396;0.07538446290060322
397;0.0722218922823374
398;0.1443693221830261
399;0.014268009329195919
400;0.07489735765437322
401;0.1685229599166067
402;0.04111297574131676
403;0.11468145539730878
404;0.10828465658487672
405;0.10990737193693643
406;0.1251139594781572
407;0.17558039213547744
408;0.06987466627257637
409;0.18715080099988868
410;0.0017410533876999425
411;0.002276388347344871
412;0.11860789971855157
413;0.023225053318456437
414;0.004394397839911979
415;0.041983289627340215
416;0.11727106213540937
417;0.14428368977807593
418;0.0333868915601244
419;0.14891150499014721
420;0.14262235429119074
421;0.04351617397858958
422;0.11161698897583719
423;0.017973028299213368
424;0.1697554443192838
425;0.06574500162564008
426;0.036719350162927204
427;0.094413988294925
428;0.15441058492281481
429;0.03224253131182369
430;0.10375259131373459
431;0.08993061792685819
432;0.1228993452362702
433;0.07913828304343609
434;0.13438203175799365
435;0.18157812752701147
436;0.18757914402903342
437;0.09572522948393435
438;0.08861915742534204
439;0.06903580225079738
440;0.1323079144827693
441;0.10741572475508931
442;0.032602196455146996
443;0.16998185489210318
444;0.09620369684454744
445;0.006345406116434794
446;0.08704905571009901
447;0.008308347354053502
448;0.040980561974283417
449;0.08316069619710956
450;0.039911608729516136
451;0.06799791597332187
452;0.17226868121720793
453;0.1346108388666248
454;0.16720648036633362
455;0.02894790346552341
456;0.12516014718911747
457;0.16864782708031018
458;0.027216791473898105
459;0.007212561472079515
460;0.03069907993754946
461;0.11892340367897092
462;0.187546630223429
463;0.014153346723140437
464;0.0944935921869487
465;0.05317991399196496
466;0.10133165319848264
467;0.0445247454741278
468;0.1953396697505572
469;0.1597037068971119
470;0.12083258342072885
471;0.0528172172652692
472;0.059451052648691396
473;0.1537275679635786
474;0.054510703211643356
475;0.15187897457137275
476;0.08894390171081377
477;0.05469249473751434
478;0.17477619038802236
479;0.036652607703684774
480;0.06337644832636327
481;0.007207743658692012
482;0.1391589398184718
483;0.08701810027615459
484;0.03784858298728131
485;0.09354704653970694
486;0.022275118577858466
487;0.19234181958747582
488;0.05598583836600499
489;0.08313104083656589
490;0.17040453797170704
491;0.18666226042170858
492;0.021206639316534482
493;0.14028360326260286
494;0.18778824440872888
495;0.173415575099284
496;0.004478832339096495
497;0.076677399969163
498;0.1994327661985602
499;0.1591335320848255
500;0.17030804741162275
501;0.03682069839963904
502;0.03122779358086918
503;0.07040671727448643
504;0.17354239408973823
505;0.11059371176192537
506;0.012520324782402614
507;0.08587753750546862
508;0.1483823275489911
509;0.109733037005306
510;0.01969351577694021
511;0.09964132419148918
512;0.16805417244428342
513;0.048733398150796914
514;0.11526197208981422
515;0.11105436808947855
516;0.1391660844594537
517;0.12403499317120946
518;0.15318275142625376
519;0.09373583923799128
520;0.11381201151517376
521;0.0992310227271404
522;0.10070372584327413
523;0.1967498331434929
524;0.039568143353562714
525;0.14136063317243705
526;0.028365925804077752
527;0.10897301198503298
528;0.07923371369116272
529;0.06572894565205392
530;0.08681528810092275
531;0.19021893750342386
532;0.075148387682891
533;0.06837710007747899
534;0.0953096639481788
535;0.14576168417020569
536;0.04054939539821221
537;0.1256611710156801
538;0.12880447740184955
539;0.14722660211769165
540;0.17281724802291154
541;0.11020857567630825
542;0.10916518601098568
543;0.08378691872143773
544;0.18562055430134916
545;0.03774117807911584
546;0.1916144336562943
547;0.19892474243323766
548;0.06191952392400882
549;0.06484731470023646
550;0.051439390247107045
551;0.1146957843114753
552;0.0260050250522347
553;0.19838228012778003
554;0.0673353845829812
555;0.11243155917630199
556;0.0953965767317913
557;0.15990747005044034
558;0.003668994767197842
559;0.10750591543882577
560;0.1313643417376211
561;0.03400949621329381
562;0.12533042051401463
563;0.10506212486269798
564;0.07087563952028893
565;0.18637808329543712
566;0.13517386200034745
567;0.09355978909434129
568;0.19619995240438348
569;0.10645738511213304
570;0.16772310460667836
571;0.011896223344212165
572;0.0779269449526518
573;0.14382545272267488
574;0.18873185076735136
575;0.0773325732790574
576;0.16807894125942602
577;0.13522605060373752
578;0.1312772648005081
579;0.07576867014939646
580;0.05479022812593162
581;0.035134398154365365
582;0.07373005844915544
583;0.05181204245572968
584;0.05243785911228121
585;0.1599161901759689
586;0.04446004088527025
587;0.0624060765796127
588;0.028780094028181005
589;0.143855826050752
590;0.13047789402705065
591;0.10495774145764002
592;0.12631603805406008
593;0.1630320607549573
594;0.1471635750290636
595;0.08729668547914349
596;0.0934686300133502
597;0.1884379713524893
598;0.12787004677628888
599;0.1536817654395739
600;0.04917341854335089
601;0.18378110816917914
602;0.13755608536831856
603;0.12833805006751306
604;0.10725491978172536
605;0.04468849327008184
606;0.14316850328663674
607;0.008748949820219632
608;0.1881120566744201
609;0.017061124907972826
610;0.04263169215577685
611;0.06811997456748578
612;0.0107702102978404
613;0.03642257987885316
614;0.03061331699171779
615;0.09296178714731473
616;0.06995252249784892
617;0.026295373381481135
618;0.16016372274792046
619;0.19381603973944606
620;0.12756749821961222
621;0.060168273771410874
622;0.10866117648428253
623;0.13081849325910663
624;0.19187067156977922
625;0.07034621672823722
626;0.12494931743366489
627;0.011221776731918709
628;0.012951931219831092
629;0.09921273885318455
630;0.17884959408017015
631;0.1211783937366924
632;0.17128329204927814
633;0.04685352613924572
634;0.107801093071491
635;0.19128315784853164
636;0.07697927163655355
637;0.11941829617032945
638;0.17468246488589892
639;0.06174627467108165
640;0.025228123805720506
641;0.059298028802026684
642;0.10993167097317572
643;0.044546937728622504
644;0.02275622616339821
645;0.11300367992239174
646;0.0982701025225342
647;0.045556986460809905
648;0.037884797799070925
649;0.16066859475039696
650;0.12521554292189396
651;0.10401499972331965
652;0.1328537961895396
653;0.03429482715298067
654;0.009238459639141139
655;0.05673481072495992
656;0.024594720792033245
657;0.11571473979986789
658;0.18015169768881054
659;0.14213918498344122
660;0.017399390649388027
661;0.17314562075997714
662;0.09915634732906814
663;0.09173256253802312
664;0.0014857247514234785
665;0.13448194879295225
666;0.11349961938209766
667;0.16371521360948374
668;0.13973615226948935
669;0.16030592637065758
670;0.11138584279551605
671;0.1726320963662965
672;0.05928730699709202
673;0.16032926508725043
674;0.10997129490650624
675;0.13497840834444108
676;0.17458546081533635
677;0.1755888926465612
678;0.043575531353912705
679;0.1321318280764198
680;0.16754055634335152
681;0.19658157669765863
682;0.1728742937842649
683;0.15158892768086202
684;0.09568598158210258
685;0.1366945821576359
686;0.014783839657623822
687;0.04013276331643903
688;0.15543610614302714
689;0.07728950791580319
690;0.021451353850547486
691;0.10803579626973565
692;0.009341408863128687
693;0.029129673440696238
694;0.07186307275851085
695;0.07003081354868615
696;0.17172353241804791
697;0.10426179360199271
698;0.14929702295678302
699;0.07819302422848323
700;0.05875266750700428
701;0.021663233529543316
702;0.01593079714289065
703;0.19121872199972373
704;0.0949440998378234
705;0.08374190005942483
706;0.10703991912552915
707;0.10631313120393537
708;0.04756498139553056
709;0.01390451420801091
710;0.004806311060168423
711;0.1430918581557879
712;0.16637975564072438
713;0.005216515319519766
714;0.10878193485231338
715;0.17072037523652658
716;0.035243491094562485
717;0.03084411987360185
718;0.07879584420596375
719;0.03715003321064112
720;0.09965408864165835
721;0.16167677249970636
722;0.1530572214641305
723;0.12264263446372543
724;0.032268829626849536
725;0.00608796907389737
726;0.028500424943611914
727;0.01367982405609327
728;0.11663122647328955
729;0.1359493118150957
730;0.10373437943670949
731;0.04274122685446711
732;0.03160393213433459
733;0.11530777519849178
734;0.011405316373952257
735;0.1866343773251094
736;0.1560518950776611
737;0.11200654037173415
738;0.14817870647697604
739;0.18283174617407408
740;0.18835666399554218
741;0.02902152374032383
742;0.07526474388324783
743;0.11972452160633154
744;0.15291245785852253
745;0.08069992395487507
746;0.021485932217490778
747;0.05073084865614877
748;0.11079605386742274
749;0.08547710440267459
750;0.04053129336923327
751;0.1423640398163929
752;0.046676269517367766
753;0.002489771619946013
754;0.08061796014673378
755;0.04398759373327419
756;0.03954510585662829
757;0.016821830297166617
758;0.13898017338483598
759;0.0789832063176861
760;0.16775266891026572
761;0.1319716653965105
762;0.028052322104274642
763;0.18887924898746594
764;0.07799738391320572
765;0.09867406569071824
766;0.15567677296979077
767;0.18393667109247658
768;0.033662420365284794
769;0.10081493285141195
770;0.04920952624307709
771;0.18294363445219153
772;0.052786342196205926
773;0.15843892806243629
774;0.027865786788273252
775;0.06771111415532545
776;0.09751826749231214
777;0.15685673608212938
778;0.07235151938070598
779;0.0059525023492474904
780;0.1814450606741056
781;0.08747852484975396
782;0.01406241482540891
783;0.1359433331779275
784;0.16593403742336896
785;0.18491442508574382
786;0.0038179234642077733
787;0.16478371439817785
788;0.11339770940937291
789;0.024980370930131102
790;0.16481321983676978
791;0.024579552352495804
792;0.17884596676306827
793;0.1212653657920808
794;0.04860081458195464
795;0.19672316418514188
796;0.19440485017352993
797;0.16676226913774406
798;0.03594253139141273
799;0.1472561415163552
800;0.012440267233324432
801;0.1746530844723883
802;0.09376173139875271
803;0.1945283261420616
804;0.19011574204254686
805;0.003083053635362454
806;0.1432885569141009
807;0.199870965602101
808;0.1643740998525044
809;0.19869092987002893
810;0.07440681657313318
811;0.06880753107560005
812;0.08598595421644217
813;0.1783281473434808
814;0.016393044994573124
815;0.061095061435980896
816;0.06603768151473165
817;0.02250146029596465
818;0.1140029228372548
819;0.015160720413922536
820;0.10712933530672848
821;0.037909055411205685
822;0.1380047071212779
823;0.17941708083105676
824;0.08838404138909967
825;0.012811048071473485
826;0.11166720596226339
827;0.1505005635547095
828;0.1773401960657268
829;0.1664172402269185
830;0.13473059141488647
831;0.12681011522816776
832;0.10963021796677955
833;0.17886089530201757
834;0.16965263050730472
835;0.04045451238889197
836;0.1396662694743838
837;0.12637764163705817
838;0.19089064146235693
839;0.10954110888086857
840;0.1772927841834797
841;0.16773165415276947
842;0.03461022102939722
843;0.019713312721103063
844;0.1117797737160363
845;0.19957716794907768
846;0.07769679849404115
847;0.011145414135455134
848;0.09022498061493225
849;0.0723763138905683
850;0.11272720537091585
851;0.1556530847477609
852;0.018606695052672383
853;0.028464871865105736
854;0.13393192641823154
855;0.09611518930570431
856;0.026685010617591345
857;0.027122394301076616
858;0.17128870606781116
859;0.16823339868408158
860;0.09297110526860311
861;0.007773752315360461
862;0.18488497231411066
863;0.011535735282551453
864;0.06340562459870379
865;0.10039870431255736
866;0.18467407412777914
867;0.14173524129349074
868;0.1872825677665024
869;0.0912682715130827
870;0.12394523036392416
871;0.04163109699625198
872;0.1293890333936037
873;0.0019835040232364823
874;0.1589129964543927
875;0.1903325320416988
876;0.10593137361481093
877;0.04944838334906845
878;0.16853731775521397
879;0.06401484295150435
880;0.03036677200483502
881;0.09488432329050374
882;0.11736685225083072
883;0.0860370597448124
884;0.11639384679880921
885;0.09609482636378158
886;0.07004847362280707
887;0.1279231562317574
888;0.17485909519641793
889;0.06684571185421209
890;0.041150004273663734
891;0.13865310598260294
892;0.10521905508472702
893;0.11722683272193833
894;0.017328067898591405
895;0.11168366305888114
896;0.04719612410563077
897;0.057251023875147404
898;0.07145122507737522
899;0.14147504459382315
900;0.1327458666207239
901;0.14457419283411627
902;0.14023764261853397
903;0.19201540700382647
904;0.16087556346414666
905;0.11261195439714225
906;0.08544622083095839
907;0.04992835999619674
908;0.12966023083093645
909;0.07540890130770389
910;0.17607188873007426
911;0.1810737379629692
912;0.18661543254794255
913;0.14163028579643447
914;0.08208603726617812
915;0.019178039030918928
916;0.07883355208591927
917;0.011148345846958252
918;0.0406662500209964
919;0.03234618856488356
920;0.03522487086678394
921;0.0688076418417908
922;0.07698794476153181
923;0.15024114956439397
924;0.062414739332476835
925;0.03451812966041819
926;0.10822387269061645
927;0.04408952470277055
928;0.1848373640810229
929;0.13062585568255775
930;0.031194898330868505
931;0.182448881526611
932;0.016739813374950587
933;0.1702792716974972
934;0.007394131919156255
935;0.10325826004707306
936;0.1646601462175744
937;0.03248452129611312
938;0.04595182296532294
939;0.056218092011294754
940;0.005136484142444897
941;0.07454896554708544
942;0.02095895031724575
943;0.13381309832470537
944;0.07630883159639719
945;0.1474778385274983
946;0.18367813770988742
947;0.10287531140040695
948;0.012818491183532245
949;0.18294704458444577
950;0.17007182594244108
951;0.1355492544784179
952;0.06893468287327019
953;0.08478395449114882
954;0.0836249034053179
955;0.004826067444996075
956;0.1994876923758585
957;0.16922183678895447
958;0.16931944079069294
959;0.11848951770670953
960;0.09683938285191518
961;0.10386724893464312
962;0.13494086618443693
963;0.025354250006840884
964;0.0442058067680911
965;0.13777541698287682
966;0.03379795481985568
967;0.12725892452877438
968;0.05928720797934106
969;0.10208489202880547
970;0.1114705664606282
971;0.06267917413083546
972;0.052838729169289694
973;0.19110909813707835
974;0.009746693523854445
975;0.009318253672239596
976;0.0032313358341900193
977;0.1462537668102176
978;0.09320682126670099
979;0.001325337123704462
980;0.16854074492467347
981;0.08605064452768399
982;0.193971755938246
983;0.15797701201573242
984;0.13535655507201025
985;0.07438615954936494
986;0.016628919049726167
987;0.07053785466620331
988;0.09639616458942156
989;0.19874150722335493
990;0.1707130155086535
991;0.09284603565026668
992;0.07995665940416018
993;0.039088296871804575
994;0.15721023442315996
995;0.12244151041428167
996;0.019829290362212728
997;0.1782822072779704
998;0.16639710644919375
999;0.17444971807442758
1000;0.15897404944613996
