1;0.0294416901238871
2;0.03278303158813436
3;0.006341512050846632
4;0.04891860673833777
5;0.01357505706006288
6;0.053077850287861265
7;0.04000827801173071
8;0.045586601507435924
9;0.05931894058275342
10;0.02535300624355935
11;0.007115838623460003
12;0.06697478575293796
13;0.062264126048230756
14;0.039981632533969004
15;0.09407103831630635
16;0.00487505436004857
17;0.046219493730197396
18;0.07418393671994974
19;0.04738082602961875
20;0.0214147417650124
21;0.03365723513278581
22;0.05744792325604212
23;0.07374981158316811
24;0.005910476984685876
25;0.09309394282240142
26;0.008571993431585613
27;0.06173866429349711
28;0.09777268406889665
29;0.07737268444147015
30;0.08207057031061987
31;0.0188675213015724
32;0.012276929619668687
33;0.07671596759150788
34;0.029721440011068426
35;0.08871062068340224
36;0.020474328208254167
37;0.024809848749394115
38;0.07789618737205813
39;0.0327558002395964
40;0.04246911141865817
41;0.030349344697921256
42;0.04886975028940377
43;0.00884328251224995
44;0.057991212694700325
45;0.016576465745997828
46;0.023567358878777714
47;0.019834861589737664
48;0.08183061546827422
49;0.02881665106842024
50;0.07519564952618121
51;0.004799435436226119
52;0.041382715301968846
53;0.04591193138245475
54;0.06637175991376769
55;0.01150303319629059
56;0.058737866862302174
57;0.04863467879546557
58;0.05034537909522927
59;0.09494945791468945
60;0.0798699698265041
61;0.08898698462636305
62;0.05744327367532222
63;0.02473699205297505
64;0.062314960976983906
65;0.07932952293536173
66;0.030427625340405263
67;0.06891950143329048
68;0.0763859567028426
69;0.08597872055089423
70;0.08323647617761724
71;0.036258769510699944
72;0.01192721983880727
73;0.04920100476882422
74;0.07139932054614344
75;0.02991883564147936
76;0.06656809338434976
77;0.0455744864075737
78;0.045706181853295495
79;0.008119856053773444
80;0.03582589646283243
81;0.008181411518109827
82;0.0749307361926203
83;0.06909942898976769
84;0.09088812330594963
85;0.09229038040783202
86;0.03280027013687425
87;0.008338810582059708
88;0.032024721030203644
89;0.08120225090815515
90;0.0671376407164771
91;0.06577211587366816
92;0.060758294704981335
93;0.03106541849575696
94;0.07372837408705492
95;0.048630108523594076
96;0.03657181303663606
97;0.024369650256280198
98;0.04566407347286794
99;0.017406866284859303
100;0.01105354645990575
101;0.03274233189378328
102;0.012299410227074349
103;0.04695995671621178
104;0.008613353716588312
105;0.03493711343683605
106;0.08016256931716323
107;0.0442935521902485
108;0.020218383128605057
109;0.03816330541080686
110;0.03152598171229857
111;0.02859648602310444
112;0.04632920301626525
113;0.04399999102570538
114;0.07690619966633001
115;0.07538203374591114
116;0.08366229461185888
117;0.08804129948879495
118;0.09978782831561839
119;0.012047705726331015
120;0.03481730129532349
121;0.08485310256311673
122;0.08729549187090607
123;0.07322464054731258
124;0.03715997530585459
125;0.08449032553250996
126;0.030432332754301218
127;0.0762125922593272
128;0.04483144421905331
129;0.0982456356688896
130;0.08436898883258816
131;0.07567232044573476
132;0.024509766487802034
133;0.009637413584967459
134;0.038168345290915465
135;0.06872042664264183
136;0.09948439531275938
137;0.07913719261936052
138;0.017890206914702732
139;0.059051299418040076
140;0.06645676448181885
141;0.050941600893122635
142;0.059667550917825364
143;0.08388678369191901
144;0.09885285399172661
145;0.06802939571015844
146;0.08864116812866056
147;0.013907426738760787
148;0.07182016820765791
149;0.010183543365588266
150;0.03884893376616791
151;0.09643398156990955
152;0.06150119581469239
153;0.04660358039001114
154;0.026087791702269506
155;0.02413316882027733
156;0.03901898304367536
157;0.03816842644030656
158;0.018626130311022338
159;0.005340796137961801
160;0.029642801390033204
161;0.09711126837453445
162;0.01774068910325124
163;0.004247731994359805
164;0.0017062152322019797
165;0.01155355720561968
166;0.0980292814723043
167;0.007254702477459108
168;0.0993436746850463
169;0.08783931260669425
170;0.023323659139873543
171;0.0065197980003516955
172;0.08029874665035279
173;0.014143284512229815
174;0.07469239581143235
175;0.03006907102424805
176;0.022941662603070102
177;0.008357817023631808
178;0.022997381599518887
179;0.054360017548657075
180;0.010267639201096225
181;0.017057093546001045
182;0.02074258957553852
183;0.004112899723656816
184;0.0550611850146294
185;0.08271319612121909
186;0.008794357870801572
187;0.07463948249064421
188;0.008969648406690322
189;0.000920678340445813
190;0.08053715838327902
191;0.08450665791237746
192;0.07143667324830925
193;0.016661425492581206
194;0.015018589647539705
195;0.05897418117650236
196;0.062470519657770854
197;0.012010027625098986
198;0.01717893736110021
199;0.06231736859578533
200;0.024810163858349943
201;0.07058425438378109
202;0.09718965708222678
203;0.057041036391493265
204;0.07493748196292907
205;0.010710777860720234
206;0.022532316784932005
207;0.03455673814357165
208;0.09986154635305672
209;0.0885319827093456
210;0.07852463777570637
211;0.04934253887823068
212;0.07677684567439341
213;0.04132376920610468
214;0.06248832239932433
215;0.02978222046633
216;0.08787687965309599
217;0.08025808942751533
218;0.01988002978208834
219;0.0591183662715353
220;0.03801991334452072
221;0.06381197171380724
222;0.008290400377325447
223;0.013171945034241751
224;0.02968991688678002
225;0.018887485817962346
226;0.06038238140330065
227;0.026401241083196636
228;0.014187869088094008
229;0.05378154322525466
230;0.09603254985144964
231;0.025862707508082353
232;0.029529918868183624
233;0.04865630997774289
234;0.016748421103468726
235;0.05272994298544022
236;0.017709351683472065
237;0.04967192564821154
238;0.0732166356638024
239;0.08996113350745989
240;0.020195830165772623
241;0.032938095139930804
242;0.022323745702832454
243;0.08875261098213366
244;0.09181902088095367
245;0.013120662493608626
246;0.08489307388554512
247;0.019280253945776583
248;0.047768397018148535
249;0.09644605159614615
250;0.004293881151691148
251;0.077036575846567
252;0.06670058408838098
253;0.07394409231289814
254;0.018711284652953863
255;0.0620298078879265
256;0.031451856396298716
257;0.02682611893751188
258;0.0939642223275556
259;0.03723040167842604
260;0.0010226755821279077
261;0.09853182349742359
262;0.042878605662428196
263;0.04338984033114188
264;0.024296305839984978
265;0.07734313429773004
266;0.03571889230006842
267;0.09085862060989472
268;0.037279098038482616
269;0.06428175219110609
270;0.05557087145989346
271;0.057877927049202915
272;0.009380018652712253
273;0.07312402733543381
274;0.08536426129420094
275;0.09284565659346122
276;0.05652569668398164
277;0.046547672979230695
278;0.06736418687426673
279;0.07838080423619187
280;0.08552041821319173
281;0.08120981837211849
282;0.05177622610195677
283;0.07811303546599761
284;0.019360584142293982
285;0.0013308089120080081
286;0.05380149599664561
287;0.05274947643095832
288;0.051948006092100596
289;0.06994956041435889
290;0.017846327622652525
291;0.09792306919582874
292;0.08593572650301283
293;0.07487580294884183
294;0.0015578895717232146
295;0.0631392540325345
296;0.004688075611222309
297;0.0021958514194463266
298;0.008141733943130424
299;0.08550446020189063
300;0.04406877218783809
301;0.06277718624924243
302;0.02246099540641641
303;0.03842042466744427
304;0.09533736098087585
305;0.05493983688977111
306;0.047100472458351375
307;0.012783536317109757
308;0.09187671799576869
309;0.03830760542531417
310;0.035946233371283824
311;0.008961836719138605
312;0.006491617436422337
313;0.011702876215449833
314;0.008999479766642926
315;0.009101192983689266
316;0.03436466220116591
317;0.09099853474156616
318;0.002551281989209198
319;0.027268339902089146
320;0.01758185924210407
321;0.061644258323611825
322;0.0402122850274811
323;0.02973305539104848
324;0.049648409779012574
325;0.031621743656874535
326;0.0033746222171599505
327;0.09704639913022257
328;0.08053947612408485
329;0.0965728759076947
330;0.013019535706417062
331;0.0014917651567359137
332;0.05555079758955858
333;0.011883592809985744
334;0.0017608050767567774
335;0.04524531075589555
336;0.007461181664306704
337;0.07902638480361102
338;0.011593783733921248
339;0.010151940920673598
340;0.04540467414488461
341;0.07253866597508395
342;0.07633116663176719
343;0.05105493282522882
344;0.029050179259102606
345;0.0689232814875963
346;0.014253125378831678
347;0.04111748333538744
348;0.009956697009915194
349;0.0024046060764573497
350;0.09751150469025877
351;0.08492535875618154
352;0.07230903002033262
353;0.07049226721969652
354;0.0001079112232422852
355;0.09095143892654672
356;0.08018871257479064
357;0.026769244348787358
358;0.026519736142117747
359;0.00956511553836963
360;0.03278815570685537
361;0.05982443785891715
362;0.017614988348094208
363;0.06649282449870987
364;0.09780557492115444
365;0.06852664221958239
366;0.026325613884287204
367;0.0901576226986183
368;0.09970834615606503
369;0.09762547442735092
370;0.03518449973630903
371;0.0006457393859522487
372;0.05243081266460009
373;0.018080081517824642
374;0.06696758350938588
375;0.09059551817181907
376;0.09291804428112538
377;0.07674614848229842
378;0.02876245607308773
379;0.0689296712276428
380;0.09363132613564672
381;0.09172851765843087
382;0.06952617186180521
383;0.003419994099730872
384;0.05517159690481012
385;0.03881175665619607
386;0.06160133334891892
387;0.05817561436924023
388;0.03015711831252619
389;0.020963564422131355
390;0.014938448678592854
391;0.03814131061488533
392;0.026236956375777477
393;0.07294840181878907
394;0.07282628734120684
395;0.03419975864007766
396;0.04855457590122034
397;0.0311664952276825
398;0.046596827435006566
399;0.07020846947578309
400;0.01735135267411301
401;0.007036672416684664
402;0.05850351202971676
403;0.005878335600399087
404;0.018024793873584754
405;0.07681020103109297
406;0.004649249988210569
407;0.06269833076474304
408;0.07454447827809645
409;0.019386319182987888
410;0.0371521685777111
411;0.006976609313175508
412;0.03591013294590478
413;0.08658351414275968
414;0.015661088024510827
415;0.053031264773560495
416;0.09095553152735585
417;0.08738455322633192
418;0.08107886349438743
419;0.026652698949765907
420;0.052509627800694916
421;0.038084366609200775
422;0.09348654604373328
423;0.08161591399541784
424;0.07751045584271335
425;0.09033661625763784
426;0.014625331116924668
427;0.09386259515072892
428;0.06158418756066367
429;0.09848653933756113
430;0.03246200882171303
431;0.08003666640389022
432;0.048005763581912046
433;0.07716959017324565
434;0.07977237662981507
435;0.045431326749872006
436;0.031751547405326
437;0.04514442192664739
438;0.009581702159383587
439;0.0588709095488063
440;0.03294475017457434
441;0.06720254321611903
442;0.006296310758459334
443;0.09656040999185017
444;0.08108930819013041
445;0.011655563492487676
446;0.07531231109826368
447;0.06367678510224381
448;0.007648276099259033
449;0.034474284639770994
450;0.04716277856968848
451;0.07040924302054413
452;0.0862871187927724
453;0.043262100962488184
454;0.07602829458438377
455;0.0478477150518212
456;0.056966528249924556
457;0.0557179924726198
458;0.006557370562972032
459;0.02708776837558452
460;0.03409764154966264
461;0.032642793707262606
462;0.07631751532537388
463;0.043430984998973333
464;0.015123341307347627
465;0.05835131917258995
466;0.082882549647477
467;0.04917541798297709
468;0.01791991852310587
469;0.06337964146186563
470;0.050754124649313385
471;0.03664500916468949
472;0.09878744545812468
473;0.00517299562159913
474;0.03489245237176175
475;0.021247928965601372
476;0.06144577813040106
477;0.0001483972110115195
478;0.022591969159465278
479;0.05371566126682003
480;0.001766300221483752
481;0.07667400615862976
482;0.06377937946646717
483;0.028750101743929904
484;0.018386276825406635
485;0.033896708939545994
486;0.08726706923415982
487;0.06002220441984756
488;0.04059810086502891
489;0.06980121379294535
490;0.06296961401665706
491;0.0024346865916123786
492;0.09680680849312877
493;0.08468968949674764
494;0.06114088342280031
495;0.04678675563057825
496;0.0322144775467729
497;0.0655466000355351
498;0.0813815240648261
499;0.005075087256263789
500;0.08087864037993749
501;0.06679196666866187
502;0.0052583241900214135
503;0.05523435791027608
504;0.05815477576719167
505;0.02904596472543799
506;0.03694475072348015
507;0.06336652217313833
508;0.09412748516989398
509;0.08615216153346955
510;0.07505570990628568
511;0.06721039714886999
512;0.04527732517382524
513;0.007443909584748077
514;0.0076937782404138955
515;0.06865123196259099
516;0.05970999646380059
517;0.0888847375385538
518;0.04005128045532483
519;0.07498123459029533
520;0.00028113265023347326
521;0.0722816724489993
522;0.027209924847363377
523;0.044619600523934724
524;0.07005710314859735
525;0.0812089912369321
526;0.0959745578780088
527;0.028630542309481824
528;0.013088949262822959
529;0.007909394261670333
530;0.0005879944919816027
531;0.08483921796068124
532;0.09705327157581634
533;0.017125911565203378
534;0.055427836540506384
535;0.05165156291610971
536;0.045244045605292826
537;0.010450799352527351
538;0.07295357169115649
539;0.09496930996980342
540;0.06633585343133178
541;0.0631292278063286
542;0.008085465339598497
543;0.009655420733358311
544;0.08151864785224033
545;0.060571916966807186
546;0.0002734494412385269
547;0.014588625089879449
548;0.03437044911131363
549;0.006951718027329335
550;0.07393243647926977
551;0.05292228916259409
552;0.04136503819398346
553;0.0071146021417931695
554;0.07673835420587292
555;0.017634891614015446
556;0.07941834053336817
557;0.041831969487265676
558;0.03567887853711349
559;0.0980722326858697
560;0.06694071096827403
561;0.014489332297339175
562;0.09499404092959979
563;0.09457156425416312
564;0.0254651677949463
565;0.06391860693606959
566;0.05097426028841017
567;0.04793565383883335
568;0.012566050635914218
569;0.007728189177459411
570;0.010673304447157007
571;0.0008975332544596926
572;0.018542209935712695
573;0.056409111655389615
574;0.018698232321523314
575;0.05682584348433023
576;0.028754975964312004
577;0.05445211492959662
578;0.08504089914694353
579;0.003172024510046667
580;0.027815527456061386
581;0.09770676064124001
582;0.04249392671421979
583;0.09722146737128617
584;0.030349047728688752
585;0.06152827444512147
586;0.08483733849394684
587;0.09002701160928023
588;0.05746690676570029
589;0.09188851343889014
590;0.0899050820472273
591;0.011487539126110247
592;0.01791175580470359
593;0.07989445422662722
594;0.019493091572629018
595;0.030571477935486802
596;0.030038865187482867
597;0.09474871075886637
598;0.03599240821626252
599;0.08314517740847188
600;0.07290605661609177
601;0.04719045968589575
602;0.06865869228240198
603;0.03990480178410595
604;0.057056902378483626
605;0.0460672814884773
606;0.024630340602593406
607;0.04283782929119376
608;0.07275765664357096
609;0.05489607456907413
610;0.07352446133772987
611;0.0801118591977002
612;0.06103055896823108
613;0.046237586131418096
614;0.09742377057949791
615;0.06402256867526684
616;0.01000059291109151
617;0.0528183135997968
618;0.02693204747134853
619;0.05674475895543393
620;0.07804060604829509
621;0.09557753230478391
622;0.02207436380118193
623;0.00095777980032703
624;0.09641351623413812
625;0.02362918118801337
626;0.06921680183732755
627;0.07440037677154529
628;0.05318660328484917
629;0.04507124839142527
630;0.02584847104538166
631;0.09276960168842313
632;0.03336280175889716
633;0.05638020553346743
634;0.07992314569566833
635;0.048502598056268664
636;0.066491228548558
637;0.0014141220490596518
638;0.011706400472931056
639;0.008677491525009818
640;0.09119453996356017
641;0.025339006259461685
642;0.057161877104689854
643;0.058636938015165944
644;0.003842677215831414
645;0.03939917983384871
646;0.08834542170529586
647;0.016243755362962554
648;0.01718206848624565
649;0.07018375669455966
650;0.012945112139253246
651;0.04899512191341874
652;0.03611468774847243
653;0.05982020476552918
654;0.027716735855755972
655;0.06861298321950136
656;0.059884329241542966
657;0.009319387484090514
658;0.026976725249983315
659;0.057871218803242544
660;0.06322828068288044
661;0.09153303161679244
662;0.05325129889814028
663;0.09216187467976078
664;0.07753872652029714
665;0.07140925453757434
666;0.02651284061268059
667;0.025677044693825216
668;0.09038573581134114
669;0.05384366319904038
670;0.06335410882979559
671;0.01863089685332552
672;0.05613998702961631
673;0.02144970294162825
674;0.06462193934398983
675;0.09954417273034333
676;0.01992333390760358
677;0.07824470763315369
678;0.04553639895026802
679;0.07189366136075746
680;0.05201403894700374
681;0.0054546679087444155
682;0.058084220039227134
683;0.09006755653193559
684;0.02730220081209366
685;0.013731359225837647
686;0.06242861017420906
687;0.03189753582967252
688;0.03968318125290117
689;0.03832979491266622
690;0.01752280070221667
691;0.038505486277194884
692;0.08405654900340154
693;0.008657029287761164
694;0.04341992811060844
695;0.0010918275298140822
696;0.06468009673652377
697;0.05907812863540976
698;0.07421972622111435
699;0.08912703925578197
700;0.011976332637369481
701;0.052678120163985764
702;0.01131828484933738
703;0.03532418493955138
704;0.03136546232037951
705;0.0694100574217079
706;0.06329125313314087
707;0.051500658159001636
708;0.09747674758328156
709;0.018964246916730834
710;0.05245358831886493
711;0.09911674270819883
712;0.08819175177976933
713;0.02986476794784182
714;0.03659788704283906
715;0.02158387502265391
716;0.04521459552320271
717;0.05449215812351053
718;0.048769904508179855
719;0.020015082640765347
720;0.014214989848557326
721;0.030073122415578094
722;0.0443799654345491
723;0.06099953350949512
724;0.00941881335385565
725;0.06541000505135287
726;0.03158130806485978
727;0.056374812627729975
728;0.04965778603442605
729;0.0615108410823766
730;0.020578430682074034
731;0.05834901755001183
732;0.044281661766190576
733;0.045170134471791495
734;0.013556243713269335
735;0.07638380095519877
736;0.022633975956646703
737;0.054959971550283704
738;0.04394260233665013
739;0.02134297642432356
740;0.035799954054514506
741;0.062295746253245646
742;0.03514258324277334
743;0.03445590300920836
744;0.0946817372873063
745;0.04044291276855399
746;0.09873432215380944
747;0.05178532471525613
748;0.05519511947705816
749;0.08552303601472871
750;0.020006751297887773
751;0.020577240202241068
752;0.03591791091496093
753;0.017386719039827282
754;0.06957703721460133
755;0.06704936360653527
756;0.09331565891419642
757;0.0038174225885811656
758;0.07363779139854447
759;0.0033305483837738573
760;0.0891355305462792
761;0.06723103768901648
762;0.0033353375309423286
763;0.023925381486336907
764;0.08763689808036
765;0.06143070953757475
766;0.07055451987207156
767;0.09667605985282722
768;0.0064674535604323236
769;0.005117084549196238
770;0.0007751588329856008
771;0.04467798688473258
772;0.09483456887796984
773;0.038694641988195
774;0.01265320816778346
775;0.09548518129244833
776;0.04087776296936516
777;0.08668842320925471
778;0.021491986370592298
779;0.03302255523918436
780;0.05472276018907549
781;0.08252689885518437
782;0.0011649186573705285
783;0.0421441036612663
784;0.0009115089628007556
785;0.014343101159687621
786;0.0542299967748314
787;0.03824024404800104
788;0.036783644105309814
789;0.07571717646498809
790;0.08464110891861706
791;0.06694311094748857
792;0.08148944552324026
793;0.013108444751392757
794;0.01669569444179525
795;0.07274675956181237
796;0.021814534501587192
797;0.04748438388063232
798;0.09517145901936618
799;0.04951456577630339
800;0.06112599017269252
801;0.026458683710792498
802;0.06370567138510198
803;0.01939863323890552
804;0.06495796378508283
805;0.047510461785500994
806;0.08247627219309901
807;0.022278734811394862
808;0.09751882116649607
809;0.05219485878814768
810;0.05544843127885344
811;0.06194600790848334
812;0.035499200037077176
813;0.05751738319765645
814;0.07819229596207242
815;0.051091593722346354
816;0.04632865841216324
817;0.05247802928888601
818;0.09026718256613714
819;0.0896597081294919
820;0.05839551858060064
821;0.08837475159706264
822;0.021944178997327892
823;0.0802022401332512
824;0.018604208948476777
825;0.04106047823547635
826;0.04834280158255982
827;0.07583218024946456
828;0.00034020402043506427
829;0.04532078862154988
830;0.09231295023317808
831;0.09561545423089349
832;0.04240284982663833
833;0.03886304238290864
834;0.002123861655862036
835;0.010257082136522523
836;0.060888366504844665
837;0.0541804883491958
838;0.02382659350443881
839;0.09686024263686996
840;0.08820816576169777
841;0.00884999093500769
842;0.049637326115263995
843;0.09510493139871928
844;0.0759921773211431
845;0.0660885580300037
846;0.015871497812450265
847;0.07726561926537892
848;0.008667833235845324
849;0.06966217517573257
850;0.07212342160139289
851;0.08155181672990026
852;0.04616483182795118
853;0.057045094902113416
854;0.03796342881453421
855;0.03052068032578428
856;0.01957396768141836
857;0.07906407367248028
858;0.06702252348339967
859;0.02452035076573207
860;0.02739921818774853
861;0.004899694321828397
862;0.048865914839104824
863;0.008964800288395159
864;0.009675705519397816
865;0.05942994121450497
866;0.08718363035261517
867;0.050231758670453125
868;0.057340510107534715
869;0.024726910594440956
870;0.015257769198212402
871;0.02344067714869984
872;0.016295014647131744
873;0.0180075119744749
874;0.08389668285383464
875;0.020539274225160865
876;0.061783863720077915
877;0.007304879131672404
878;0.013608323065130146
879;0.02434175807530399
880;0.06187894467064811
881;0.03896549803826747
882;0.06301459027028013
883;0.06537600884326558
884;0.06132675064648957
885;0.013328285643868933
886;0.0438337536974987
887;0.013671928594737027
888;0.09634540256272653
889;0.07903243429444663
890;0.09684926429069757
891;0.040941599033662596
892;0.04338271765650486
893;0.08158170460492738
894;0.017931013173938293
895;0.009845914577037053
896;0.03988834414666157
897;0.08781045677321009
898;0.03192624113201577
899;0.01790073379624473
900;0.056767861885120535
901;0.029513111813567763
902;0.0878965715156495
903;0.0057408567715939276
904;0.08604334801190165
905;0.09792064332009742
906;0.06493321557693714
907;0.08111182992659816
908;0.08552693118123922
909;0.08154261790232555
910;0.0950074728032082
911;0.08311321742225733
912;0.029933738937927935
913;0.05475197339599458
914;0.06928602785185908
915;0.08081703604690547
916;0.07440088472705282
917;0.07081247206297318
918;0.07554648242551537
919;0.02981559503816668
920;0.06393335852960969
921;0.07079306870474121
922;0.015593033878083551
923;0.08849268660027956
924;0.022013290139612285
925;0.015099386268276572
926;0.027524811791219753
927;0.039949962835904754
928;0.09436588855706605
929;0.0022312160022012195
930;0.08215264637278497
931;0.09189577974941715
932;0.05206225262352964
933;5.273255707275438e-05
934;0.0034378852280217867
935;0.049073780271867956
936;0.07268240062031849
937;0.06659595249298618
938;0.07065743364839826
939;0.0561330013285287
940;0.04338273722655381
941;0.018304216890402725
942;0.010734205781594775
943;0.04832881473070603
944;0.06175103342406836
945;0.058437444166812236
946;0.05853272044224847
947;0.011049423821186843
948;0.059229095557718915
949;0.008235801801103183
950;0.07821946665786708
951;0.0435411996614398
952;0.01629839673329252
953;0.045712252009499646
954;0.049758936280383984
955;0.049149779610827594
956;0.041689070154446485
957;0.08965805948681704
958;0.02131131481427675
959;0.047383219559577895
960;0.0005437149165366306
961;0.0645950676236135
962;0.0062421478221331705
963;0.01630959566496376
964;0.04687056415869017
965;0.01759549359359136
966;0.06756542862395154
967;0.06050587577327833
968;0.0939332179052839
969;0.06380208950885755
970;0.00917073551607347
971;0.030216464488967577
972;0.07816346122797437
973;0.08079121290549396
974;0.0346303659862261
975;0.039703140645884975
976;0.07305349061754123
977;0.042008584933927076
978;0.045842206525693645
979;0.03389008736460625
980;0.03585909510925183
981;0.058922454448431076
982;0.046865701892150224
983;0.06856918720558294
984;0.0041650805300266
985;0.007348153213104114
986;0.029477785184046257
987;0.06129412302508394
988;0.008238018231667355
989;0.009919612516508658
990;0.024470965687472857
991;0.08374329718145988
992;0.047312432537786955
993;0.012543520601148762
994;0.02152807206558102
995;0.011227445708282281
996;0.08900465632468554
997;0.01435765372239113
998;0.04855668367894202
999;0.037121378353463755
1000;0.06170361237542439
