1;0.03045574215218585
2;0.052907704249823787
3;0.0890495834148659
4;0.06513686351214008
5;0.08709452411905583
6;0.010757887633876362
7;0.04638922552053845
8;0.04920552318561964
9;0.0669412979056449
10;0.08474073961811476
11;0.018468348614705032
12;0.06513367407921311
13;0.025742894838210684
14;0.08110543253875394
15;0.06066671049291316
16;0.001414903337366158
17;0.029002649287749406
18;0.03040725625440165
19;0.04119977762935655
20;0.07154258427941407
21;0.0870136918580946
22;0.0037936006253582624
23;0.0822769881833997
24;0.06071863468047224
25;0.03100001023382304
26;0.001392784817015802
27;0.009757969717457371
28;0.021346600587772904
29;0.019095780322251
30;0.06264608346256374
31;0.01976004057905405
32;0.0752010037377972
33;0.016285649783436253
34;0.08098758381213679
35;0.01581251439902529
36;0.07818271909834464
37;0.09705794303905199
38;0.052192813705780855
39;0.08845123514868686
40;0.041390162830985656
41;0.025135808151119477
42;0.05953203130132281
43;0.06971404715991752
44;0.06116136541450669
45;0.01763000801445418
46;0.0316347354312868
47;0.08153881807624314
48;0.05272668686396964
49;0.011569572065337298
50;0.0241958247252018
51;0.05742124725909379
52;0.043385244403501194
53;0.04696412008732886
54;0.06176155234616437
55;0.05376306999038564
56;0.07477351636582702
57;0.0393861269823329
58;0.060255107532904556
59;0.0814390167794623
60;0.05192413354241479
61;0.09364289687419147
62;0.09012974632597996
63;0.031675765463394505
64;0.0602079807147271
65;0.060281293099502246
66;0.05008962922696852
67;0.02849586077634504
68;0.08903190289374613
69;0.07443150800073588
70;0.05450329241649437
71;0.06966249967699333
72;0.060747952683208976
73;0.009028162607835255
74;0.07162556387950392
75;0.02099327842504367
76;0.050762612849857704
77;0.029225510040461325
78;0.015649280585709236
79;0.09471537569558865
80;0.015261963885575458
81;0.05372514830924033
82;0.07863356130349099
83;0.08131459008994799
84;0.0216063574501843
85;0.0435376878089941
86;0.051964588009736024
87;0.06093444674370178
88;0.03684402580593509
89;0.057908763121132405
90;0.012678589523279805
91;0.04807184177560008
92;0.023550478855863477
93;0.06669939708632822
94;0.015796307919108032
95;0.08884460450553995
96;0.01652719344597864
97;0.040168399012721095
98;0.03059515211126992
99;0.05080993359283995
100;0.05600799814187656
101;0.0041637533073356605
102;0.00808354288467642
103;0.04552129275733793
104;0.059807364357622544
105;0.03740141282935446
106;0.0697198262545551
107;0.06780495372006706
108;0.04010628226944324
109;0.01800065459009479
110;0.0954109832352324
111;0.04620716749344753
112;0.0717064319093249
113;0.0918020681177583
114;0.044458610110757926
115;0.06492999209407867
116;0.07233495167522863
117;0.06573199818645967
118;0.02323602906361634
119;0.060405147000633944
120;0.005930136299373523
121;0.09551308456685957
122;0.025923241979912515
123;0.08599882906437517
124;0.03463799817575702
125;0.052517448797205595
126;0.043977243194613935
127;0.03390515867415276
128;0.033276740201160775
129;0.08116851653922996
130;0.05491387262419926
131;0.03504082124672308
132;0.01415113553412576
133;0.08901679971751955
134;0.030712746984902606
135;0.08488536918295944
136;0.02334474320248703
137;0.08306934470242118
138;0.08631151344667032
139;0.05172468081350237
140;0.0028613567513682383
141;0.02136889885039436
142;0.07462161934151657
143;0.026360382222352343
144;0.047360947416392234
145;0.042776620330216314
146;0.06046221738529383
147;0.04618189855213342
148;0.0307098258468407
149;0.020465756733772746
150;0.04589281266818012
151;0.058299738019537396
152;0.05803381567612628
153;0.02444408647403684
154;0.09711814079942971
155;0.09258836655831426
156;0.07749963825065487
157;0.06298391541730555
158;0.09308013949916587
159;0.09877500069760689
160;0.06641567044281547
161;0.03555069337704808
162;0.05797047434021624
163;0.07353808505335392
164;0.09373665233239736
165;0.09270947602284019
166;0.037543819384626066
167;0.09717072320456195
168;0.03335822425689533
169;0.06880839093848218
170;0.0829530216699382
171;0.038159135422709725
172;0.04213867827535461
173;0.0964018958568662
174;0.09860176197418441
175;0.016149323084490474
176;0.09995818173617649
177;0.09558514442321397
178;0.039109890841918286
179;0.03501506284836663
180;0.07863672691149534
181;0.04674519665915936
182;0.06819722386944274
183;0.034953851574637256
184;0.08081670026768316
185;0.075460279605992
186;0.03890275404306656
187;0.05510223420787866
188;0.049739543600971436
189;0.038176631937809374
190;0.020409518816997443
191;0.014990489205748959
192;0.06343146578170761
193;0.06711539003929452
194;0.05927266046397966
195;0.048529594218056304
196;0.09709924136864176
197;0.048197270829300254
198;0.033043641229839875
199;0.007446998586604359
200;0.05307429895995358
201;0.07110731181946496
202;0.058285440387882664
203;0.020326649681041545
204;0.022081964439651647
205;0.09348759067561321
206;0.09987250565181797
207;0.09080577853138994
208;0.034075854617770095
209;0.07087258902957419
210;0.0013093802422102564
211;0.016701917836093094
212;0.007147566350427359
213;0.03997969922890709
214;0.03166194109056789
215;0.08773661942234082
216;0.04346365099931562
217;0.09129284081254031
218;0.06271571452252925
219;0.005763372690107638
220;0.09230368165926378
221;0.03704792041096401
222;0.06412846659664843
223;0.09140621513301397
224;0.039944037642507146
225;0.05367758083620669
226;0.06501404000888746
227;0.08454599987264386
228;0.06571755353276905
229;0.03978662996516581
230;0.03665993851860157
231;0.0029837821603057035
232;0.09760199825838961
233;0.0578415969430228
234;0.05067859981727474
235;0.03717478119481573
236;0.06397701732503124
237;0.005308965977646185
238;0.034046346327882115
239;0.03328396363048804
240;0.0679763493307234
241;0.042707310784210355
242;0.06472508727871101
243;0.08793580242497163
244;0.09360403851240268
245;0.055397649710352805
246;0.06541215454816941
247;0.006522689328021636
248;0.040260270255438324
249;0.06676581742033516
250;0.017495942055985758
251;0.052781371424865525
252;0.03375674915095134
253;0.07144363359227122
254;0.035730116958935236
255;0.008814752103121626
256;0.0783080634429396
257;0.06708680117141884
258;0.05123687647377742
259;0.03806344759106776
260;0.00019100746533400327
261;0.0677511511425811
262;0.08243336803722229
263;0.0010858398839369455
264;0.04222034044446721
265;0.09457878860984316
266;0.045063623931813436
267;0.09142974438201551
268;0.08450147235263385
269;0.08741272320767396
270;0.020576450970633698
271;0.08172346963852047
272;0.05454553412651502
273;0.011653884896698342
274;0.06782470200065319
275;0.07254453170772461
276;0.028972546778094146
277;0.02138443358318617
278;0.08099494864090306
279;0.08738711367409216
280;0.08621110012442644
281;0.015268684717308268
282;0.052370985293228395
283;0.06455931802538128
284;0.029472442107242616
285;0.06418572704438451
286;0.09932320833415251
287;0.07039396614263833
288;0.00022053687413411407
289;0.018212669047099794
290;0.015710875023388537
291;0.07876206257720589
292;0.0647932727486576
293;0.08694793837255853
294;0.004906782321148728
295;0.007374976246298348
296;0.009141863222546743
297;0.03866858926256686
298;0.01545063957581232
299;0.0649477559031935
300;0.061969164803416445
301;0.028347771284580728
302;0.023353661532127368
303;0.021613935689941355
304;0.007043627806423036
305;0.014153633987998194
306;0.04869343475033388
307;0.01651432324838289
308;0.015934474513274854
309;0.03045369598364993
310;0.08661168818700378
311;0.0724285353393785
312;0.09543445604901964
313;0.07280089491135999
314;0.053214301620108484
315;0.03600701696963451
316;0.0930277944115114
317;0.08192843011026595
318;0.07618270808624825
319;0.009568128208540017
320;0.043313753568124204
321;0.012947913400740842
322;0.04524452796835026
323;0.05862098451746148
324;0.015028542548067125
325;0.014692363988451375
326;0.03342569149316267
327;0.032005422779842876
328;0.054448543472835044
329;0.06283718486765304
330;0.07417578957208298
331;0.08572477102143672
332;0.055126254450001994
333;0.012215088474115766
334;0.09147014165338474
335;0.05284671382475717
336;0.05684890188085343
337;0.08597022517625301
338;0.08184872643044845
339;0.009832222822724702
340;0.009768218838823296
341;0.009008502785737461
342;0.01399965052321005
343;0.008596482592205168
344;0.028250454118823255
345;0.06950833686912959
346;0.07066384552087147
347;0.06708235817699401
348;0.07053580318681954
349;0.0504572977276726
350;0.03667564762134592
351;0.03861224146766759
352;0.09896029161066791
353;0.07857013515468877
354;0.006998085328626492
355;0.09596814477138386
356;0.09039857774614783
357;0.007384547136258835
358;0.018209886517404784
359;0.07681809930882671
360;0.0431621622335685
361;0.041244775132955214
362;0.02518480645866844
363;0.032452040346244895
364;0.05555532827906156
365;0.07280745172487106
366;0.024309565718221227
367;0.04078436953216813
368;0.035044117176154355
369;0.04260320861401218
370;0.022387523359265193
371;0.046218857166973965
372;0.05677807951562567
373;0.003061209005218413
374;0.053479810081812566
375;0.01659269834609203
376;0.003721979251765073
377;0.02282122316592418
378;0.036500923899082625
379;0.046586650213042695
380;0.02876688871280413
381;0.06232144217756358
382;0.04091791699188185
383;0.012967581779850624
384;0.08269450599168036
385;0.07467503641131
386;0.06473688713655716
387;0.07918710115166144
388;0.07787797845044725
389;0.09294574014417084
390;0.02977401423157393
391;0.06616792283610616
392;0.04715352613981674
393;0.0693950110698412
394;0.0020716534063540573
395;0.03345456031799143
396;0.0948388762199579
397;0.031517389451958255
398;0.008865595817954508
399;0.031527183416429905
400;0.02379105229315074
401;0.03050285003844383
402;0.029754255936938746
403;0.09748671533720633
404;0.06959590496208833
405;0.07821375365270906
406;0.04174443259197565
407;0.03634058709574339
408;0.01148299633091341
409;0.06978015293109453
410;0.09163402121541137
411;0.052429843492276064
412;0.065281377647443
413;0.08928063237936967
414;0.021212801546986085
415;0.035707126140716826
416;0.01954683383326329
417;0.0021113689889211916
418;0.03175527446705878
419;0.06982239611737077
420;0.017439889917908204
421;0.03314755242011846
422;0.07733188871976905
423;0.0551531204380735
424;0.007592101636098281
425;0.022417064892769435
426;0.020505879859767873
427;0.04241074523811786
428;0.02158182038942621
429;0.06631546969344264
430;0.009348213478954615
431;0.04184533892213108
432;0.0018745429867107477
433;0.009017633266563064
434;0.06275558341219968
435;0.07750351631165253
436;0.06263073341850539
437;0.09276984193363454
438;0.04769243739174455
439;0.017973974122838222
440;0.008178502864773863
441;0.0003567122451195504
442;0.09545733228812857
443;0.0930737924705312
444;0.09634178824657581
445;0.07059112468538624
446;0.051067175012761194
447;0.05788939032797563
448;0.006730085044564327
449;0.05892785387614972
450;0.06664826636828562
451;0.03389752231019536
452;0.0637304409133343
453;0.045602190131388436
454;0.07692893721747607
455;0.08741197382207613
456;0.013381414081912114
457;0.009398275300263903
458;0.011877399638017871
459;0.09492335768449763
460;0.015747290750214773
461;0.018330138053600453
462;0.07017835406592754
463;0.07185393559657215
464;0.0161857199981573
465;0.04692452991525623
466;0.04993981173266128
467;0.018835878098825743
468;0.03470778661075803
469;0.010713125965135063
470;0.07621599154246235
471;0.0878438471939851
472;0.08652921423362096
473;0.03518040136791819
474;0.007046432244044543
475;0.03918585969688329
476;0.030285761101399546
477;0.06970238609910019
478;0.09331298914600128
479;0.05973711568285135
480;0.026335219375898736
481;0.09527474825918861
482;0.03996000933640714
483;0.057899458032151296
484;0.09176514673647106
485;0.0599288339105179
486;0.08631445045723235
487;0.024886807669176336
488;0.09995303504928305
489;0.02140546908886968
490;0.05802709074376516
491;0.028845357002523653
492;0.09084722866142388
493;0.09277953812715506
494;0.07057570117294724
495;0.07736181623227324
496;0.027789684410592475
497;0.027733815240284267
498;0.07622727701136281
499;0.0942350256870565
500;0.09585265642579781
501;0.033485318620511954
502;0.08737872295341063
503;0.05331005805401576
504;0.038063417154502226
505;0.03410380991229757
506;0.07974508694762578
507;0.08985685407933995
508;0.08247431376176448
509;0.02572118212193758
510;0.08493853564527191
511;0.04284864075294127
512;0.007951169828323367
513;0.08070828749706886
514;0.0015899664750932297
515;0.037150080668524425
516;0.05512210239207001
517;0.04738697681005604
518;0.032184620549193035
519;0.023946400683674075
520;0.035140238607388574
521;0.06945553803090902
522;0.017267545933862396
523;0.030498848876489005
524;0.06650140724931919
525;0.013711579589187717
526;0.03716803946910544
527;0.009202822047511007
528;0.09454375486331372
529;0.08704247932907493
530;0.04372133261771406
531;0.019214342962815913
532;0.0447888238288774
533;0.08095312413484823
534;0.049986371834603666
535;0.0022875301301366834
536;0.08882529318635055
537;0.09865945554097032
538;0.054897393219419756
539;0.0279924328671472
540;0.08113556318703032
541;0.003533289681554863
542;0.061454993129198915
543;0.04050015667561729
544;0.029384611531570994
545;0.07739272473965925
546;0.0397213238990681
547;0.08156371328525847
548;0.09062601042175365
549;0.052884450621422045
550;0.0806615365517322
551;0.025866641042868423
552;0.046162427833589516
553;0.06068873303975254
554;0.07221456559165905
555;0.008819013784592501
556;0.0956662620793449
557;0.05450912904738699
558;0.023032653900538814
559;0.008852303582679289
560;0.07450669122856482
561;0.004557821530005435
562;0.022658333102923513
563;0.06748500231706758
564;0.07984936376295862
565;0.08598306376672697
566;0.032337610523769766
567;0.02583815213763696
568;0.0006503973747131298
569;0.054217489143077294
570;0.00800402146999416
571;0.010741571753009639
572;0.014519719286206989
573;0.05110287380755625
574;0.051273779672677426
575;0.07942629704399226
576;0.09934614194391046
577;0.05071702464768263
578;0.0983468906863965
579;0.06988489795823846
580;0.03375219051169041
581;0.0008287227031850031
582;0.06822219360614412
583;0.08902931916694871
584;0.03041049288257235
585;0.09528714452570133
586;0.06359489599723948
587;0.04176773271694193
588;0.012744459417298671
589;0.09503687858072514
590;0.008414329915493434
591;0.0633592696605136
592;0.019200566156578516
593;0.040434334253653725
594;0.06974620601828123
595;0.06796587005043407
596;0.09004174458646245
597;0.025024430642215725
598;0.017278642366190134
599;0.025460150172078477
600;0.00568897487323008
601;0.023021737535456735
602;0.0047460870656875435
603;0.010416153636549364
604;0.016878627038331897
605;0.0612152813496388
606;0.03770391588825638
607;0.07106103179665584
608;0.09533212758856326
609;0.08859364950011198
610;0.051033071893944286
611;0.0479978996457262
612;0.06002702149196203
613;0.0941287134576968
614;0.09853673534365673
615;0.09891735080140793
616;0.009525311733563014
617;0.030529463007057757
618;0.05839154747465719
619;0.07276205813159616
620;0.056748794188477315
621;0.07711711435339284
622;0.023408361253662816
623;0.07877877830778826
624;0.055563777130365526
625;0.054888725590413995
626;0.04736113370007571
627;0.08060156946848096
628;0.07499065568802674
629;0.009309339827938001
630;0.08629800541505446
631;0.030715420289962592
632;0.05602960570534148
633;0.02366651105883405
634;0.07106861543589542
635;0.09367835298026998
636;0.011744489276338966
637;0.008595945535014294
638;0.022725131144016454
639;0.07881716810980317
640;0.03244362362252391
641;0.031942946095269896
642;0.077345357045373
643;0.012526556788933753
644;0.08859641457341842
645;0.06590893393342039
646;0.09967280271257989
647;0.011449158606370592
648;0.08836270452968903
649;0.02392636470715668
650;0.07347726158887838
651;0.057163393405518105
652;0.09911338526815097
653;0.09595470463375697
654;0.0239874512642018
655;0.033532584217899154
656;0.032249545525236865
657;0.004193460963828155
658;0.013767497231531478
659;0.024849251850523026
660;0.06294443949686811
661;0.04281356335194413
662;0.05901367965650909
663;0.05674000458902683
664;0.03749478198906675
665;0.03327568269287786
666;0.016591262866260916
667;0.06305630934690258
668;0.01734238382683646
669;0.07766520133359293
670;0.030577745815292136
671;0.06314647673517784
672;0.06680276969325333
673;0.057864885484122774
674;0.08754363782822792
675;0.08568152681551681
676;0.07992849493407289
677;0.08617722937900055
678;0.050004933878068016
679;0.06618089309122048
680;0.09990216180133554
681;0.0540181014751428
682;0.09101711426384135
683;0.020465464093431574
684;0.05481278837703821
685;0.02829724835582619
686;0.03892338666753495
687;0.00041360969284437443
688;0.05474972004226908
689;0.018539588537570064
690;0.060403056098518516
691;0.03450859281112523
692;0.08384107124596955
693;0.0709574035669166
694;0.03803872400993096
695;0.014853516108438027
696;0.07048975561071273
697;0.05830930206762888
698;0.07813491965286051
699;0.05146201182913174
700;0.07969575635459324
701;0.09327031114225924
702;0.025542281544315305
703;0.034341915908951484
704;0.010841940099582049
705;0.09603426100964725
706;0.007175676737840364
707;0.011924962787404014
708;0.046217029242173725
709;0.08210062110791365
710;0.04288744344012731
711;0.06782410091513207
712;0.08298567637835519
713;0.06303673571200827
714;0.07625655401536562
715;0.0006467678060968152
716;0.07890653178956691
717;0.07581206086462257
718;0.07792310402511904
719;0.004454488563032566
720;0.09609960397848309
721;0.019647569967626066
722;0.07410417237245946
723;0.04729611465835886
724;0.00607384510899236
725;0.0858245287680607
726;0.012943268644699402
727;0.06554242303061528
728;0.03357685892426681
729;0.09703274164923897
730;0.01603897204006004
731;0.05727583077595445
732;0.010218711504749557
733;0.08109439143211467
734;0.08081214478796413
735;0.05518858251626044
736;0.036714164599179526
737;0.06893961285695746
738;0.06321887784673172
739;0.06896713237397066
740;0.07644560190147737
741;0.054385439104362304
742;0.01500384059536396
743;0.08307933186281957
744;0.029877616962206033
745;0.03804904709693973
746;0.031737651632227935
747;0.08669953092667355
748;0.06683732269858088
749;0.08871327145392972
750;0.08500071474831439
751;0.024684897094758088
752;0.09176908730394993
753;0.03333507026007402
754;0.02880130840705486
755;0.07340422365807035
756;0.010857858680244437
757;0.08591178351538463
758;0.007662330260728579
759;0.02964174530860647
760;0.0668353252459157
761;0.042368761728350336
762;0.0157340507138497
763;0.0670274301797428
764;0.010907763720995146
765;0.01205745959813277
766;0.07297601989143049
767;0.059072578165573375
768;0.08297187710450453
769;0.09138415546921921
770;0.07791656751366471
771;0.06190901012153534
772;0.059119913709887
773;0.06355819148610194
774;0.07070508718651973
775;0.0025829496645451092
776;0.0884691854813528
777;0.01489202029849417
778;0.07234069302751404
779;0.0957682712726114
780;0.046373372293917185
781;0.009173520618852305
782;0.057427624822144356
783;0.028381232690817583
784;0.00746315565512542
785;0.05693850632255121
786;0.014624923801347323
787;0.09602230668309991
788;0.049505361158474016
789;0.07981197134744066
790;0.03804813233958376
791;0.08934045359767963
792;0.0830823691828954
793;0.08820134794500356
794;0.028731149110479283
795;0.012127531684311034
796;0.002454676813282142
797;0.031908617060997506
798;0.06124503152647157
799;0.041961466225801325
800;0.015654056942414275
801;0.07422727358365296
802;0.0855764066207748
803;0.002937019665093599
804;0.05876100316539221
805;0.09610782398317647
806;0.02278965664003665
807;0.013109010920152786
808;0.052439642579362324
809;0.034950513545299204
810;0.04634215701163378
811;0.08264993856962824
812;0.05144758496492152
813;0.06167243051850066
814;0.06412478939855247
815;0.05314836563388412
816;0.07587040068833316
817;0.05655811264058887
818;0.06010005160935449
819;0.04853659940647777
820;0.0947090321186537
821;0.05432338262553667
822;0.05491580368945995
823;0.05526830063210221
824;0.030761702802698
825;0.08316559565347709
826;0.03551564302996916
827;0.01637102797980874
828;0.07241194747735452
829;0.09018912057842958
830;0.07890510042144307
831;0.00516124646259164
832;0.0010214957167234973
833;0.08548213470081809
834;0.07882413187244441
835;0.0890363278120853
836;0.09283047083345872
837;0.08868203719357658
838;0.020357509540932628
839;0.0017767808909160744
840;0.07352351989222414
841;0.06584740471558968
842;0.0067101504486439595
843;0.06319770170423984
844;0.042793507061347894
845;0.05999904067817274
846;0.05564415026618246
847;0.051447445656240945
848;0.00502031782421003
849;0.02928857780209966
850;0.05218534006399172
851;0.06951773753981758
852;0.013937665751335405
853;0.01869976638819745
854;0.05015570477962192
855;0.01439478301543894
856;0.04743641456559159
857;0.05170158784108214
858;0.07683331546552463
859;0.0008838818873009636
860;0.053990922861248805
861;0.09891770485587748
862;0.06151838212851808
863;0.018184529193786814
864;0.0746261040272021
865;0.004775563173065833
866;0.0729384500466376
867;0.08623524814024715
868;0.07148684720323954
869;0.084076632700843
870;0.07660202028867996
871;0.01105360941420126
872;0.009130251870966744
873;0.010482736579079678
874;0.012771524718377336
875;0.08717045619380057
876;0.047194583572052744
877;0.07524800375739607
878;0.05750371204425947
879;0.02741260702952643
880;0.027381191150998976
881;0.07921628509651261
882;0.0917271168747493
883;0.07293388387839482
884;0.04686769617165631
885;0.04550036665253385
886;0.09711101428144664
887;0.08949194055279944
888;0.048596579274192836
889;0.01315292945884533
890;0.04932907862091238
891;0.08738099178198089
892;0.05255932363277014
893;0.09582651890417501
894;0.07361260683012967
895;0.03667244790199866
896;0.060229456288340505
897;0.05956681477298001
898;0.09992422169603499
899;0.05242324401688101
900;0.05576884014698694
901;0.001805261112832446
902;0.007816818741600607
903;0.002901899130421004
904;0.06812491483066518
905;0.06431976858371101
906;0.08374505386678728
907;0.03789451127931973
908;0.04464191671178378
909;0.08399300492382816
910;0.03415592757260435
911;0.04138764034101622
912;0.03177309919044281
913;0.01191994306100126
914;0.08513927206593382
915;0.008111614090692165
916;0.07579136816541426
917;0.027480573038532508
918;0.01823971958855013
919;0.06382944649963591
920;0.09041900808550479
921;0.06298075544321245
922;0.07892512281254399
923;0.06734574527202865
924;0.0538874702158175
925;0.00923221252287173
926;0.0493590750360824
927;0.08411177711651123
928;0.0526536464965979
929;0.07616454875192853
930;0.08132417864680992
931;0.009237909246305676
932;0.07025800265854741
933;0.09263337260227358
934;0.04159483856332146
935;0.06667835304862166
936;0.0750303158538348
937;0.09050703679232859
938;0.045789989118624655
939;0.08848850667201558
940;0.04318673522309346
941;0.09565119061383384
942;0.049782821190172855
943;0.057137247865888564
944;0.06683622413487969
945;0.07183340224441193
946;0.004418774516429447
947;0.022521790436441116
948;0.02920281884531477
949;0.010525390056931061
950;0.0992092313052652
951;0.04175305499523363
952;0.08605843045428471
953;0.02852316809263805
954;0.023387472740682938
955;0.06361801693630581
956;0.05371852313626035
957;0.09934198536661946
958;0.013735699099116594
959;0.0006815437072520858
960;0.05429056251714031
961;0.028141334175560296
962;0.08077063891458361
963;0.035913577239363885
964;0.014491398474647777
965;0.01751266919814767
966;0.08834517010036835
967;0.047224879070393314
968;0.08328042609636269
969;0.036722455665785296
970;0.06292126644476707
971;0.09733731789905176
972;0.03243021700937842
973;0.09666377299066341
974;0.04529753853133172
975;0.03836824183013441
976;0.03066940247489851
977;0.09731107521015987
978;0.024219668606173552
979;0.022698303674826937
980;3.9412974046293406e-05
981;0.04161171381810609
982;0.09821485882901643
983;0.017460213078814124
984;0.05078337252539026
985;0.09741432999143661
986;0.06623391032623151
987;0.02830982837339522
988;0.08205940545184666
989;0.01757554821562606
990;0.05052156465923107
991;0.07674984310985335
992;0.008769809019120712
993;0.06375753791232379
994;0.09018845442959443
995;0.09192344392172667
996;0.05507448175970214
997;0.07634522274531241
998;0.036829888841013916
999;0.06222616706319767
1000;0.09188636580140613
