1;0.08636709080921075
2;0.0828347681617774
3;0.052014038060344304
4;0.08849443147477913
5;0.09590552776815708
6;0.07996639021235806
7;0.06068797326940485
8;0.05129935509634808
9;0.06983554409732502
10;0.023454844789975705
11;0.08889007307530132
12;0.0339186633001482
13;0.07873015748312451
14;0.005644484478749135
15;0.059189372465445145
16;0.06710881710316162
17;0.054198853845714684
18;0.004809711606183598
19;0.05119956377612657
20;0.04870241412774078
21;0.029430100142769578
22;0.0016026384320657061
23;0.07756849545777877
24;0.09626101737767573
25;0.08102298037031774
26;0.00208207728961749
27;0.016874655807689067
28;0.058851848336186244
29;0.05856412375076772
30;0.05509861914947908
31;0.054819861774204996
32;0.06994669734097099
33;0.09945507775638525
34;0.05968887179848024
35;0.024004764539607672
36;0.09902621756589752
37;0.04593847678956523
38;0.031881221369716085
39;0.0987223341341262
40;0.05480355132285567
41;0.009882407114131665
42;0.008534569172787155
43;0.05686973919699239
44;0.09179833516718817
45;0.07741070095424994
46;0.06870371952166254
47;0.062234855306381814
48;0.08899322178707181
49;0.04012154897385484
50;0.007437618901574405
51;0.04983668095167087
52;0.07745109955934247
53;0.09770875091935985
54;0.07709167811059237
55;0.04195020188474272
56;0.09216117648765398
57;0.0669323271568991
58;0.08634559535914141
59;0.09694933318145685
60;0.049795451048698515
61;0.04471522570712632
62;0.06481333366581096
63;0.06025338343885759
64;0.03765032110683079
65;0.050796357799299266
66;0.012277624941517441
67;0.08178312039127211
68;0.00301615952154336
69;0.07598366198399548
70;0.03263516306736421
71;0.0939679355580234
72;0.07558508462625185
73;0.06297144479704209
74;0.01803977947197424
75;0.05298793127557727
76;0.08597710582641298
77;0.08757561204160567
78;0.038188409019100714
79;0.0601529713494699
80;0.04520186513273866
81;0.05163716366488122
82;0.04225060799161551
83;0.07670862998892125
84;0.09874598118346677
85;0.017566083426988954
86;0.041886166712940404
87;0.04179997601509017
88;0.05389572326186472
89;0.009007463350411294
90;0.03709344121618775
91;0.09503472885156827
92;0.08726071881117385
93;0.06488023321673526
94;0.023206818377115447
95;0.06785934500441469
96;0.042633799337313094
97;0.08557467293412076
98;8.257735952132973e-06
99;0.027001279827455916
100;0.02147896294584908
101;0.06316146334916783
102;0.043943243127958935
103;0.08015977693876071
104;0.00016533216568144217
105;0.012830764028446906
106;0.08852917707518804
107;0.06028296084930068
108;0.0355516960191142
109;0.09418787240422549
110;0.05058800030786014
111;0.07002602326232106
112;0.04403276684147735
113;0.08549504868391751
114;0.07368911522388054
115;0.041190940671452375
116;0.09280238995358123
117;0.003065249270007453
118;0.028673363220037773
119;0.084794464729741
120;0.049507361791827825
121;0.05214717062472092
122;0.017463399530588865
123;0.09083771111283578
124;0.041075438263035516
125;0.06180754250205544
126;0.04285576718999341
127;0.09607950639257924
128;0.013230879939647666
129;0.07414745308921197
130;0.05383764994166737
131;0.06325547385173123
132;0.03777013457340305
133;0.019291266597009693
134;0.04277498288448011
135;0.010657371923999605
136;0.05505968899741701
137;0.017498964534810504
138;0.0786826464980937
139;0.03206953081329344
140;0.06343117109392875
141;0.013865872644372092
142;0.005300502641600358
143;0.09267381253350208
144;0.02313591423035708
145;0.030181357246490972
146;0.06595273015547543
147;0.08244935422669003
148;0.06799982857363045
149;0.0740867529777943
150;0.054791210739277146
151;0.01660364364886795
152;0.02781507388866733
153;0.04855247787230045
154;0.08913728004241032
155;0.05334599261279547
156;0.014639441824351496
157;0.08915600049793768
158;0.009609701150706963
159;0.08085448988347148
160;0.03184448666087996
161;0.08974935038343769
162;0.06275636010996608
163;0.045909538280717456
164;0.08139171584777793
165;0.018850155379234824
166;0.0506826713304423
167;0.060178278899461896
168;0.01811752818859366
169;0.011479422084363033
170;0.08455937818998518
171;0.05534684688950423
172;0.036743110212944345
173;0.04831627093434278
174;0.03107535467866103
175;0.03021409777347688
176;0.08735484850698799
177;0.014398376148724669
178;0.09125824927361109
179;0.05769540630864195
180;0.05210361229111178
181;0.08558276189440207
182;0.0774508699523091
183;0.09430090067505763
184;0.006221160115366709
185;0.08519971055504799
186;0.06396391504706013
187;0.07203743159424474
188;0.02699144533475535
189;0.047860220153653515
190;0.04312002326421475
191;0.025794150206307966
192;0.0892417989065089
193;0.04398458750841581
194;0.029452536099205617
195;0.09587783986359269
196;0.061383677521663266
197;0.046045829906817985
198;0.05280741496843418
199;0.04158897651476017
200;0.04234758068783297
201;0.07743855672770256
202;0.02335167270124583
203;0.01903700318209921
204;0.0548002374554985
205;0.07232193279228522
206;0.03936012272889036
207;0.03652128646086252
208;0.03894158415946657
209;0.05190016094410377
210;0.035160298296372496
211;0.05264654392571701
212;0.0636629641976345
213;0.007223502630923639
214;0.0007292932168473266
215;0.0705371611085943
216;0.021237861908485957
217;0.0953754237545307
218;0.0553073560809281
219;0.013610260955556964
220;0.0791633362103653
221;0.05707960284916552
222;0.020036758911797892
223;0.08028275691913409
224;0.03961322355187172
225;0.05084444040180108
226;0.029276172630808076
227;0.01841938567324677
228;0.08431152304118293
229;0.08952142226787674
230;0.011397012504300775
231;0.09565133443846062
232;0.09177391543329745
233;0.047055887995984584
234;0.007370730885148247
235;0.08113770979566123
236;0.07726699283742067
237;0.004574109911260649
238;0.06774592158681761
239;0.05354948597262982
240;0.03402995494870214
241;0.07642644848614816
242;0.0506723182638322
243;0.05006991661051322
244;0.05242305453891455
245;0.09369882535815162
246;0.016822478054934576
247;0.02730410510013881
248;0.08910442984370724
249;0.018695498484662797
250;0.02038912513520882
251;0.0072462570485135715
252;0.09832434526387256
253;0.0376571833921237
254;0.012114278248061827
255;0.05814854190797139
256;0.00536782960994131
257;0.0672324119685485
258;0.011494000732534449
259;0.07951290310887012
260;0.0870162615074747
261;0.03229998229723853
262;0.030149617769339068
263;0.052043916515420764
264;0.09555546983106276
265;0.05100227881377494
266;0.05901579083148917
267;0.05816790890402597
268;0.001969675390495873
269;0.005116135957370738
270;0.09940159230865633
271;0.0002819219359473713
272;0.05262424497150793
273;0.0790510038016171
274;0.07463097462959149
275;0.03822572343060765
276;0.007551763620455155
277;0.025656237051662114
278;0.08782885786745363
279;0.011363596745239901
280;0.05102010474512693
281;0.0768191150499966
282;0.023144146969930404
283;0.046367522624758406
284;0.06491476663381812
285;0.0052484397949543295
286;0.06270770199176989
287;0.03252610940882753
288;0.04946297287825463
289;0.02911733103968115
290;0.0783824049635941
291;0.06523243930863774
292;0.06673859427239293
293;0.09457920938557678
294;0.07833916489645226
295;0.0365068361420552
296;0.009883014361456577
297;0.06858518559840367
298;0.06957053543923447
299;0.015533195643928644
300;0.07286496842018944
301;0.09590656976505935
302;0.004448993520240508
303;0.06857490197192476
304;0.05461640944043598
305;0.03651042791320032
306;0.045701045649864803
307;0.002435374048563466
308;0.04458240786599459
309;0.038134288428584275
310;0.08177416275211281
311;0.08700213450018875
312;0.09007505511111455
313;0.09921069542150102
314;0.059676147476964585
315;0.012165931693738752
316;0.08467263939725578
317;0.03596406753040228
318;0.06706889040939193
319;0.06496879502012352
320;0.0835937668961701
321;0.07734530498208417
322;0.028348098729274365
323;0.048455995247001
324;0.07375667210677554
325;0.009248120412422012
326;0.045893986056709135
327;0.03834075792505777
328;0.030750838931852677
329;0.025711055242747163
330;0.058725280497341194
331;0.08625633886671533
332;0.04973697162942684
333;0.08609622232881807
334;0.0158907682576373
335;0.07263568936989327
336;0.054666940650704834
337;0.029846757418512372
338;0.028165148029606138
339;0.07841502557676172
340;0.07373047519577187
341;0.08401025207009843
342;0.03518674987433367
343;0.09015167377526925
344;0.04031146649098858
345;0.047486960834829
346;0.08927321578139907
347;0.04772783095602323
348;0.04971463047100562
349;0.07389627991565219
350;0.07839003237969443
351;0.02204597307949684
352;0.04661854731005324
353;0.04796597580542124
354;0.04435726285245273
355;0.0304782357839957
356;0.0626121073263514
357;0.09648842519044615
358;0.09069434705475117
359;0.003391340013765665
360;0.0713897605571173
361;0.013231183182969987
362;0.00437280125247409
363;0.05869660947335492
364;0.0714240153760999
365;0.0660132942150119
366;0.03545233365170504
367;0.057580913165474014
368;0.007654044637194835
369;0.09647047465967412
370;0.025594361464737727
371;0.06532780928551887
372;0.08333729880532798
373;0.046208218562530705
374;0.02024233619444137
375;0.08862049085388268
376;0.08807043475766721
377;0.04485055297809668
378;0.03313409536594134
379;0.028954123210073658
380;0.025761024487735186
381;0.021157693561626237
382;0.022269148117836292
383;0.001215390275076489
384;0.0018636603709877297
385;0.07173407505049219
386;0.07534867638123596
387;0.02245783099952412
388;0.0585041249848584
389;0.050718862154782586
390;0.07295365319519621
391;0.0025394793143731277
392;0.09087030209885943
393;0.04024754352786918
394;0.08610134190395563
395;0.06532161578762744
396;0.09130277461006726
397;0.035108290883383256
398;0.0453555480125987
399;0.020199162169806197
400;0.01091087413159122
401;0.08121363718729155
402;0.04279494666363886
403;0.003807991825862878
404;0.05956512126871068
405;0.0017797677428162406
406;0.09271503616399913
407;0.019313102331727186
408;0.012543651560493764
409;0.028501135161818993
410;0.031651063816763685
411;0.08819175386181505
412;0.013123011984896737
413;0.013963386968617264
414;0.016358547599745355
415;0.01750699502745613
416;0.08456898060532606
417;0.042142647830040285
418;0.058160252840959784
419;0.06296168497256084
420;0.047504721960144984
421;0.05198797314263888
422;0.05134245290845362
423;0.07712002121206495
424;0.019358061548889693
425;0.020930303969047426
426;0.028163610643949646
427;0.06362440472566967
428;0.04550607413339584
429;0.0647158916892372
430;0.03285440429463308
431;0.017708633238636796
432;0.06497322995758881
433;0.024439476267331242
434;0.08834270013035438
435;0.05498478998447303
436;0.06299992604131432
437;0.07106853357044494
438;0.07366774781668343
439;0.04752696097112791
440;0.05948186225682681
441;0.002711674218874749
442;0.00651524724813527
443;0.03391220344788163
444;0.028024930137543494
445;0.08151184260209274
446;0.05559314734113144
447;0.043423495932112234
448;0.06572141834562184
449;0.04771085853104051
450;0.006532491734980318
451;0.013396246301857762
452;0.09153013207737576
453;0.051799273860074935
454;0.06694082171555114
455;0.09437508063710717
456;0.0821367467567264
457;0.04213120677598691
458;0.0558023786157582
459;0.0900511019766937
460;0.04175456907616753
461;0.03702308096162354
462;0.008363190325660852
463;0.05930151163170472
464;0.06923736360426046
465;0.06116906714479458
466;0.09985379059937124
467;0.042585306417531034
468;0.028558583301448972
469;0.08934126778324747
470;0.01807711953415193
471;0.05695127174065431
472;0.06245654844620785
473;0.041176491727125786
474;0.07807536280917043
475;0.047501756871507345
476;0.04326215761178936
477;0.03702293704579214
478;0.04705777344204396
479;0.03439489339309131
480;0.05455868801449562
481;0.09709288160997753
482;0.08373197963809831
483;0.06926698804953872
484;0.08696894581554522
485;0.04054501810535103
486;0.08055748574013398
487;0.06834556177386415
488;0.08840267925640008
489;0.08267306564233567
490;0.03739098096069834
491;0.014656934271299505
492;0.02864812413457063
493;0.09796378162651248
494;0.07693102369862684
495;0.05420253650619566
496;0.0299868103115183
497;0.027364005248036727
498;0.0508428599838779
499;0.09764273607360374
500;0.0812965590095333
501;0.03704928188262762
502;0.08228524259871987
503;0.033923893135558394
504;0.06366556239860141
505;0.09377758469505967
506;0.013928491900347319
507;0.01010839386491238
508;0.05530560960387468
509;0.06395920406108348
510;0.03899644927084274
511;0.05959300748235896
512;0.0758503946610777
513;0.04009667612105731
514;0.09100820071516397
515;0.030871362840977357
516;0.0514895068006488
517;0.014799736802190789
518;0.05481623061135611
519;0.028322234120828283
520;0.07632160270302388
521;0.0476494200225346
522;0.003621820133968001
523;0.020847061181170946
524;0.03147622060061638
525;0.042828085823033726
526;0.023017772951011962
527;0.02987124234154336
528;0.018878522089353658
529;0.06563549571947724
530;0.020279663149909213
531;0.05884279519587639
532;0.08385038875540328
533;0.029359020068216102
534;0.011561000565157409
535;0.05247142526785428
536;0.011664124604401272
537;0.08946571881804975
538;0.019230353244742926
539;0.01190616891786861
540;0.05239880265168918
541;0.060474905906101564
542;0.0658399922967954
543;0.02878728736754962
544;0.02430147321709555
545;0.00971810156851668
546;0.06776793604457355
547;0.03537920157391483
548;0.08262259694709868
549;0.09013598443320267
550;0.06940487708348385
551;0.09497322562913019
552;0.09393730548367618
553;0.013377097010874296
554;0.04623857970106113
555;0.023443786102030784
556;0.018319251995194307
557;0.015077379577935257
558;0.09958162931765452
559;0.08134066566252211
560;0.08204908370724415
561;0.026720050104178918
562;0.035273503503853464
563;0.07545864221690718
564;0.03265280861186224
565;0.01315264141252588
566;0.01311510451043556
567;0.010644906294102053
568;0.0348153282420556
569;0.06044657491369557
570;0.0024198347038751015
571;0.012442823747934519
572;0.0536417541110104
573;0.046939310257079904
574;0.0920182081214656
575;0.04219831263621299
576;0.07918078950317953
577;0.048664498615467434
578;0.08055147600883061
579;0.04224698456503358
580;0.08020969741957287
581;0.06207284092196309
582;0.04871825099171755
583;0.06674637302863781
584;0.004078020998945953
585;0.05955955534355219
586;0.007926147051903577
587;0.09688186120614138
588;0.04865399571516559
589;0.061497781689185786
590;0.03295084559904338
591;0.047057229470089716
592;0.013904736756096148
593;0.026585885181245862
594;0.09935549088816605
595;0.07674904944616036
596;0.023874491864299574
597;0.09343894379286691
598;0.005002892851826557
599;0.06232399737019584
600;0.03851606285079082
601;0.06970057567446361
602;0.034333444364904764
603;0.015845134532916996
604;0.028064070198806947
605;0.05603635297444507
606;0.06130427156259005
607;0.09161380278759478
608;0.06264196215406244
609;0.004364957947173321
610;0.06731208836009088
611;0.009401594249282875
612;0.05382153914170205
613;0.07477928640871605
614;0.0618021575005727
615;0.04204414331064944
616;0.016953375533761195
617;0.09861698859361423
618;0.0983092436519441
619;0.07295787545098062
620;0.08714467951259557
621;0.06731515566833256
622;0.004720797957953171
623;0.027098311314100912
624;0.0861053929043783
625;0.0779585329782438
626;0.07892487552738027
627;0.019889825832639874
628;0.08704343553840278
629;0.059018779003362054
630;0.07829894396884259
631;0.07841064707119118
632;0.08657550723228982
633;0.02922151262330669
634;0.06518560966172966
635;0.007513289235061527
636;0.019985482243669663
637;0.09553173708752921
638;0.08564076037375995
639;0.05694067558233734
640;0.060959744066726246
641;0.0948159897687004
642;0.0836967735901329
643;0.06545643324164624
644;0.00804308086678962
645;0.021956738175027725
646;0.07425962589255893
647;0.009207665593815617
648;0.05125131021144468
649;0.03824620667056331
650;0.09956835046344135
651;0.04812108858489081
652;0.04302490852395044
653;0.06256014795917916
654;0.03669466243001309
655;0.0048687770238805776
656;0.01813266391140983
657;0.03039399600515158
658;0.00982777866779585
659;0.016200659067505088
660;0.044080590540852053
661;0.03553090909908851
662;0.07075728476698291
663;0.0018738691112988315
664;0.02778954061011948
665;0.09009764652551339
666;0.05302564041801246
667;0.019783069259535616
668;0.029883523069982945
669;0.06268510415921028
670;0.03482877544009386
671;0.09076301630281491
672;0.09603248783713275
673;0.032723233164227615
674;0.0051596256740060525
675;0.09084659005402568
676;0.005070506827084254
677;0.07718223302789082
678;0.06448859190557447
679;0.017247246542145944
680;0.003259546930525248
681;0.010095126818648681
682;0.08277374243737218
683;0.04166592253036791
684;0.07547728710836221
685;0.0025345990910023543
686;0.023379789689176946
687;0.09464764519089708
688;0.016957644394615723
689;0.09782760987681934
690;0.08806018669733695
691;0.05480016885130217
692;0.09202183399923933
693;0.024335339915042043
694;0.03385171467975158
695;0.02715220874895069
696;0.04546421869438949
697;0.03534840881910534
698;0.0019263454781574874
699;0.06360759952047072
700;0.0644737197324242
701;0.012990204286538798
702;0.028255707969881097
703;0.06314158541365614
704;0.04021750516016969
705;0.06701115188460052
706;0.04393378180784923
707;0.0055030609972604675
708;0.06323866859334695
709;0.08529121066392259
710;0.02380480953405295
711;0.02471581859082398
712;0.07779954949823682
713;0.061548623505056556
714;0.002329619503319125
715;0.08110058615263555
716;0.06526677722151507
717;0.01459044085096225
718;0.010844525755822655
719;0.04533852767632073
720;0.06478053445026498
721;0.0317636598102789
722;0.06749397095639184
723;0.009710668878753305
724;0.05720473984111157
725;0.042594041722261215
726;0.03719438348087415
727;0.049193408686371926
728;0.0454513519668816
729;0.015267959335214099
730;0.08812897547160851
731;0.006681428460432537
732;0.08209943779979392
733;0.08257455078410436
734;0.06476949672957519
735;0.09851048158434049
736;0.005570478080254038
737;0.061221521652010114
738;0.07866010034366862
739;0.08692419667370507
740;0.02559888666809912
741;0.06752698124411295
742;0.04902757924926086
743;0.04038127398113677
744;0.019505594775631976
745;0.005818972986860272
746;0.08390948364590639
747;0.028672461304242183
748;0.016155373342967284
749;0.06782045698071203
750;0.055453593995432794
751;0.038549289963695714
752;0.06964021093477683
753;0.03101840679267778
754;0.08376968634441852
755;0.06905490480332131
756;0.02131027411189892
757;0.0595936765650845
758;0.045762391205637354
759;0.00269726075382184
760;0.0015241843276248114
761;0.06456978620309133
762;0.09880324846360235
763;0.08501091429168345
764;0.02324980226675588
765;0.09077690608244024
766;0.05180564054119061
767;0.05116005193525286
768;0.02956862858702436
769;0.07894794398669247
770;0.03360686756978163
771;0.09209269637469487
772;0.05055830649650252
773;0.03931454870740621
774;0.00971961789251672
775;0.025852387914937193
776;0.05031599969538985
777;0.05224454140733889
778;0.05932976778049742
779;0.04315867442554098
780;0.037512998627921616
781;0.0660715564438214
782;0.0887989276948494
783;0.051686012219741166
784;0.059295976718624605
785;0.02588761754238912
786;0.0534949376994868
787;0.08749199567777907
788;0.08939072876897732
789;0.02747428436680619
790;0.09241044642741524
791;0.09310341956560053
792;0.005757410818836773
793;0.043894834381822546
794;0.0229993918853599
795;0.006127531195696934
796;0.09840581352775662
797;0.07392700166104892
798;0.09645256477077474
799;0.05187356598531996
800;0.057386166926641086
801;0.06468675989673055
802;0.012881190371802444
803;0.06234178020981758
804;0.06544619064360084
805;0.01590247319427276
806;0.0016333379504041901
807;0.08825449984135371
808;0.01971501768263836
809;0.030581238512259204
810;0.07193673713592738
811;0.002447152855241863
812;0.03457585605196838
813;0.06952139126299628
814;0.024966576242083705
815;0.04773033417806645
816;0.09503076344224061
817;0.05208828596677653
818;0.057018212849804406
819;0.08303592399857099
820;0.08968598536031591
821;0.008616421381674311
822;0.028754938570970945
823;0.035897235742572454
824;0.08879116133524571
825;0.041595851574222104
826;0.08178926815622145
827;0.09681951072082202
828;0.03773445146291961
829;0.004467085117735747
830;0.038046925630029683
831;0.09261330053284249
832;0.037036133137066586
833;0.023772901738137755
834;0.0580545018671363
835;0.05466780710844113
836;0.06681727013249986
837;0.07866027561399667
838;0.007861310418230372
839;0.058464702286579795
840;0.03710348169014634
841;0.09610051429603766
842;0.05536547603492035
843;0.023489790305104466
844;0.05246217091651117
845;0.07875782402803996
846;0.0930827965967686
847;0.03091731318267703
848;0.011710434324840147
849;0.036757024402328024
850;0.06628688251258376
851;0.006375781839256134
852;0.07274975703704133
853;0.09264825318174945
854;0.020241535585514593
855;0.05110314726049575
856;0.09448989401573861
857;0.006856684876529973
858;0.0009984574560476967
859;0.03299296844473528
860;0.049087831824855946
861;0.011348453156827032
862;0.00224302231394653
863;0.02195133710080749
864;0.07825433331439532
865;0.04736037945670715
866;0.01476123621763833
867;0.022422181709421153
868;0.05669062509921294
869;0.042785778019332546
870;0.06733596419028058
871;0.06638364255512358
872;0.03334275496590207
873;0.013606209101660362
874;0.04975693816002691
875;0.04150060367690056
876;0.07207600107650058
877;0.08027385133691307
878;0.06935356409825683
879;0.00038976127773439063
880;0.07946198542363934
881;0.022167345839280095
882;0.044254574012008885
883;0.07176540685886579
884;0.08712904802832411
885;0.05573342392640457
886;0.005885658015140505
887;0.09453433640574967
888;0.0684547729513868
889;0.028298387647976576
890;0.08558354318440368
891;0.043489606265322944
892;0.03419749725155765
893;0.027696905376442982
894;0.0776089208457704
895;0.0491395156168333
896;0.06337619149574264
897;0.07169418769437612
898;0.07341287300174854
899;0.05658999230572172
900;0.016148646078844954
901;0.05583036531082804
902;0.005261319818652733
903;0.021539160476675746
904;0.0639067486583799
905;0.021833391156668682
906;0.00576086586373702
907;0.0017395373824256933
908;0.009285115694382007
909;0.059917129555014395
910;0.09693614338585056
911;0.016688422986516162
912;0.09340848871275594
913;0.06509421969491838
914;0.05996990358214393
915;0.009663768041390797
916;0.05888261357202458
917;0.020563497407892452
918;0.05911182441817047
919;0.06112070669359252
920;0.03630687982121324
921;0.04352600358097325
922;0.0856066199736864
923;0.03876162317811796
924;0.07752232763699378
925;0.009661564629765397
926;0.04410254375073082
927;0.07759434473805998
928;0.08476089413494795
929;0.07292247487225126
930;0.04009558174124629
931;0.06849045445582118
932;0.0782505172014189
933;0.07202641283409016
934;0.09868152533087099
935;0.030915567737579832
936;0.015832094832840916
937;0.03509244952733661
938;0.017880256448717213
939;0.0319855055592132
940;0.07875032949018214
941;0.061458210908930666
942;0.019018726526207643
943;0.04041215715336319
944;0.05178428272253878
945;0.09757073237848779
946;0.07835950446363742
947;0.050103398662541404
948;0.03620084238774466
949;0.08695504666276431
950;0.03692874450799464
951;0.04268981809822739
952;0.040455340319676764
953;0.015088614888481778
954;0.044130085553112236
955;0.08872556539551898
956;0.009479534478428054
957;0.09266802925920035
958;0.05569876948144861
959;0.06466800318065405
960;0.09217012689515935
961;0.09503722204527992
962;0.08476957709562405
963;0.011458955538087491
964;0.04257503576115677
965;0.018161603048033447
966;0.08996289508398125
967;0.0060261952488615995
968;0.034729780568703454
969;0.00029317006969931114
970;0.09608309958645748
971;0.0594340405467801
972;0.002295303219761424
973;0.004231936146333615
974;0.01213503140791903
975;0.009351333405446817
976;0.07792688977182692
977;0.04123431080324983
978;0.06538508868844162
979;0.0843177740282722
980;0.07347516953770607
981;0.08750278070947796
982;0.05879727289709227
983;0.0311047381205131
984;0.018959806009049607
985;0.0463965509572313
986;0.02666035370999107
987;0.025957353941716967
988;0.0008626922195735132
989;0.05712046042107943
990;0.0740387374146187
991;0.08857086620966936
992;0.047935518111558134
993;0.025763024156854487
994;0.08036203370625233
995;0.07623192673270655
996;0.06903803594232473
997;0.07829129917215101
998;0.08296747473896317
999;0.09293643204123953
1000;0.01822993045305319
