1;0.08377350636951751
2;0.12005665698311126
3;0.042729032197816985
4;0.19024549871964852
5;0.07452103029846512
6;0.06943979369016944
7;0.032949937290739875
8;0.18511006644820904
9;0.19612063278360584
10;0.05514660531747757
11;0.1981330092112133
12;0.07532842697980918
13;0.16023267182658368
14;0.023876762049082845
15;0.04178872712235618
16;0.1587238049843198
17;0.1957822464899972
18;0.024197088674961245
19;0.10687622371719235
20;0.008005642926115808
21;0.09012581753291293
22;0.0329363130892894
23;0.017918724678151744
24;0.15401855006583257
25;0.08748671002567272
26;0.039507891644539564
27;0.16942361760321836
28;0.16886346539245697
29;0.19820294824501922
30;0.0027736793230332736
31;0.11332511600722735
32;0.06487131790060377
33;0.03297723182430217
34;0.05408779001022164
35;0.08314598169593812
36;0.04408644257478547
37;0.1203926235026295
38;0.003971658871132044
39;0.06759386040197742
40;0.004793479266525825
41;0.058654275839435034
42;0.14925582199441975
43;0.04698405556960761
44;0.06895100584896355
45;0.04483387729764246
46;0.03706240128061955
47;0.1294157647013336
48;0.0670124523080117
49;0.0848980211456108
50;0.19392092009213865
51;0.04513839580198864
52;0.11576103256302948
53;0.1184658137143324
54;0.1793544177896118
55;0.18439011146771314
56;0.14848862650653732
57;0.17540862220494385
58;0.17293890026968411
59;0.0032729827630595845
60;0.09321029977636874
61;0.19694302853763895
62;0.061374702573985834
63;0.08089625056747939
64;0.1567834047861678
65;0.0459536508153507
66;0.1736236434570875
67;0.11633584287332564
68;0.18416108926799818
69;0.01913432883107076
70;0.006857079736472516
71;0.06890947231263803
72;0.16537637107198094
73;0.09164701931801465
74;0.07569590164365206
75;0.11044528538319094
76;0.16651401823631826
77;0.028012795979238694
78;0.00953611781193977
79;0.13543873548080274
80;0.13801253035705358
81;0.16163113765177395
82;0.08600448550059375
83;0.10654059059859691
84;0.1444286858783791
85;0.15830497408863925
86;0.032547944108489914
87;0.13041997805536243
88;0.18929870407241306
89;0.12245692396646819
90;0.09272619406330401
91;0.02402895481845815
92;0.0916603044716121
93;0.18225322150244408
94;0.008275238070992818
95;0.16968270116006742
96;0.03275234595927772
97;0.15830179973378716
98;0.1250701823807387
99;0.1697733878718913
100;0.07074595898759777
101;0.0909646710722416
102;0.05089227523970981
103;0.1642381960828417
104;0.038790930301849325
105;0.013472924194839765
106;0.13261259580722481
107;0.15934977667336814
108;0.05957514958081916
109;0.10109946691880636
110;0.0612591665509247
111;0.05592467644103303
112;0.09895713517579977
113;0.1588691874123003
114;0.07022817671261712
115;0.06843527716048846
116;0.17096890295074402
117;0.1594426174619506
118;0.13840781983864148
119;0.06992876812315911
120;0.031260769687557644
121;0.16989347381557507
122;0.193358828743463
123;0.08023097603516748
124;0.18049322516973154
125;0.19199171071573284
126;0.08210535369768522
127;0.043474310678199825
128;0.10194356921891184
129;0.09328432057740761
130;0.14413411549938013
131;0.0702499997675154
132;0.013373103605277948
133;0.037253451308016786
134;0.0968646912572375
135;0.08370339907570463
136;0.022644682331431177
137;0.01974286454201828
138;0.14686713286779352
139;0.18708543446943626
140;0.12520117155288515
141;0.0805677025943808
142;0.04023875680092506
143;0.04315629116296254
144;0.13606171119529728
145;0.18424650731264994
146;0.16993822446281
147;0.1622503358057476
148;0.06314943815905609
149;0.02742422514600125
150;0.052901617081175446
151;0.14169561059386648
152;0.18542477810961822
153;0.12770237229697726
154;0.05149097050878415
155;0.02864923009099545
156;0.03236814355803326
157;0.13808057912621274
158;0.03746272261160346
159;0.16024696421871873
160;0.13992680154588588
161;0.05154465199332814
162;0.07902657439953592
163;0.18867124464564414
164;0.16341363698680716
165;0.022894034187381052
166;0.11100842082696855
167;0.028436678956319673
168;0.07233353366490912
169;0.06657289874010364
170;0.18836138883573417
171;0.1703801336960303
172;0.18242868068243062
173;0.08451706557990116
174;0.12634311878595125
175;0.09387417538649344
176;0.18628404797775228
177;0.1351507768547557
178;0.06718054527310813
179;0.07414589957110305
180;0.06609385404718904
181;0.019592915883275497
182;0.001834832058365965
183;0.11722222469761152
184;0.1573247103904063
185;0.013743243941273976
186;0.16519659800716444
187;0.016307030304803915
188;0.06317471629791434
189;0.15833159169658195
190;0.013245290403681876
191;0.18702256568051778
192;0.010115954233421732
193;0.12695247039318222
194;0.003946809452177358
195;0.11218963402074687
196;0.11352176509577716
197;0.1874518481006763
198;0.01409805355154541
199;0.02876938617662699
200;0.08988311824796402
201;0.18799158157163656
202;0.1243169172792525
203;0.19388554099524152
204;0.02665308456690494
205;0.0383951311291002
206;0.19150640075937725
207;0.15501157974332097
208;0.1578306310566946
209;0.024103219999580164
210;0.1540417816085252
211;0.06860244081287002
212;0.01900393955769124
213;0.0009492152524977149
214;0.03515301853264004
215;0.039094080632859955
216;0.06880976455520334
217;0.13933065087207352
218;0.02356247965878644
219;0.16275320621243186
220;0.13783176425427743
221;0.05656982420973192
222;0.023177324266022505
223;0.05211331020121808
224;0.14484755412777267
225;0.14390458844912743
226;0.17448934088937007
227;0.1405717898723375
228;0.016428924829872283
229;0.05478353716696423
230;0.07009182294307113
231;0.00048430162617589816
232;0.0008132748779525967
233;0.1703887554642032
234;0.09296604672422677
235;0.09761698819259619
236;0.02232785729505278
237;0.0017214783209681173
238;0.0410948814450427
239;0.02319458975312785
240;0.07724497798438382
241;0.10191890764703866
242;0.01612970031404868
243;0.12760710060586775
244;0.08864110283527692
245;0.08287672229224075
246;0.039358140298018075
247;0.08469038015474901
248;0.1575080201858506
249;0.18572342611976383
250;0.15182370108400878
251;0.11543882399583814
252;0.12377820534909266
253;0.18608813333945529
254;0.1153572644645849
255;0.05911654467100574
256;0.12516375026411472
257;0.03320672663493891
258;0.1037299710869833
259;0.09995483754547103
260;0.08904534109597784
261;0.04532531534958313
262;0.05324457558055145
263;0.05931677049817377
264;0.08433425042673011
265;0.08623027192082909
266;0.10083647008337063
267;0.027669357990214263
268;0.12137351245586235
269;0.09349618539926773
270;0.11993395855611091
271;0.13741444314399667
272;0.04046167083730632
273;0.12594560636365937
274;0.03567661547564314
275;0.08027885891641254
276;0.021165829775426317
277;0.08273418214650524
278;0.05385546231198357
279;0.13752979889958958
280;0.009855146751145584
281;0.057482884228003454
282;0.1963493993367673
283;0.17036426777499913
284;0.018158682596499
285;0.00044936348559130316
286;0.09025612232778
287;0.11492041567505534
288;0.015317897320771512
289;0.1304894074171945
290;0.1670807965013505
291;0.11952307314144213
292;0.13989688512786938
293;0.00562534807543933
294;0.19140540452226554
295;0.06258772886912636
296;0.08833165662698901
297;0.1346589634899148
298;0.059768537035946805
299;0.03048282983694466
300;0.1798966259526335
301;0.03339553703025957
302;0.003411676012794263
303;0.08388241259139995
304;0.11889565912776345
305;0.1563329899101811
306;0.18313583052716362
307;0.1355375722153018
308;0.017010162072267732
309;0.05587351496313715
310;0.03643907453260738
311;0.19063506882599038
312;0.11835129740377758
313;0.04528158154455313
314;0.05508968143746276
315;0.08417701774448308
316;0.095031538458375
317;0.1296104552480838
318;0.06589326660972039
319;0.16740617427925797
320;0.17423682677759159
321;0.03807783811113548
322;0.02728127520713568
323;0.06262247795901808
324;0.0900626208717854
325;0.00467804927887241
326;0.017641914123396087
327;0.002579077930430618
328;0.09482380385634709
329;0.06154739215880161
330;0.1624999570771013
331;0.14491485636590987
332;0.1781385217617888
333;0.05216749303025978
334;0.11141012709976526
335;0.042312784117903894
336;0.06968230834621532
337;0.12411293522530778
338;0.07898364424169291
339;0.17020305812382033
340;0.09063928586637467
341;0.18677044281394894
342;0.02971350338768808
343;0.19943216595356514
344;0.1930594832633066
345;0.15650637856866595
346;0.19670127935604698
347;0.03938317735146693
348;0.1552855057237693
349;0.11009646848950415
350;0.11807941263231314
351;0.024259872427954843
352;0.03364824489215277
353;0.1865662727156306
354;0.08107152402550873
355;0.04759048863533826
356;0.15759729952694265
357;0.18135370609056067
358;0.0715010410606814
359;0.020194653532841934
360;0.09793151263722166
361;0.12004638016629554
362;0.1382097880264631
363;0.08762164598968097
364;0.0991034248939003
365;0.05789610037800319
366;0.08188294045391649
367;0.17962895410193375
368;0.05620636176393208
369;0.19606079377518892
370;0.1593000294683005
371;0.18639497193171628
372;0.031003517759416944
373;0.19169762569686377
374;0.03388056846418317
375;0.16773631066821515
376;0.06013309971024863
377;0.16389573548530378
378;0.09530297036968208
379;0.17568785067343348
380;0.03466373363078601
381;0.05495072213615593
382;0.07397318894091767
383;0.11241821540092699
384;0.16886760267506212
385;0.05833229925420627
386;0.005453346835197249
387;0.09148394988953149
388;0.16024336334051006
389;0.04018078349199166
390;0.19228358916039556
391;0.12999478273334902
392;0.12101129223230583
393;0.13384310385079842
394;0.16851527089931254
395;0.15906239552223095
396;0.13386476743355155
397;0.09399571559467637
398;0.08884372649133013
399;0.021367832416484545
400;0.04892763633087163
401;0.0965136096287188
402;0.06753330562839177
403;0.0760293199362801
404;0.11462473687067457
405;0.04414323381106651
406;0.18295728894687627
407;0.16552789818035202
408;0.08658313068413347
409;0.0943544080416292
410;0.07472272442294446
411;0.12365527401551245
412;0.04619009823265792
413;0.13998249430175963
414;0.08504884045332975
415;0.06413190617525147
416;0.17878585403104572
417;0.1936762611472295
418;0.07714591152428332
419;0.17946928367637394
420;0.11223215918663546
421;0.010804657456817935
422;0.04238463043782792
423;0.17255887938850248
424;0.04920455764545324
425;0.007034516358423515
426;0.19757760597252141
427;0.062695808306125
428;0.05686342777424367
429;0.08445626223039933
430;0.14134533875749586
431;0.1125037719738129
432;0.18900266053768275
433;0.09747471910458627
434;0.14605872289444252
435;0.09587484522406294
436;0.0621885041109693
437;0.08260978548702634
438;0.1704608486909407
439;0.17396840673896885
440;0.13010378971162734
441;0.12910709742390455
442;0.10829494878000101
443;0.19543612474744113
444;0.1329808799360734
445;0.13907766164142338
446;0.15962600454959444
447;0.018498790314283253
448;0.1861799217989526
449;0.11362176595821652
450;0.07988243706451113
451;0.09344281761948861
452;0.10228108109623305
453;0.13894545193518978
454;0.03456619130984284
455;0.1277975972052173
456;0.11857386604232566
457;0.016312043587671844
458;0.04586394015788347
459;0.17846627429667725
460;0.05811809231370249
461;0.12262440137185682
462;0.009001674341353594
463;0.055990128156727104
464;0.10078067272677821
465;0.1908610390829099
466;0.07094926050089778
467;0.10091624087689165
468;0.06783286861390672
469;0.13839512650542424
470;0.04832756357181889
471;0.07614523283757711
472;0.014106717621721821
473;0.03674781327266648
474;0.09528672810245814
475;0.09059541760015136
476;0.05892652274829862
477;0.08315837775816681
478;0.052054030345005865
479;0.1138612395018523
480;0.18390708653545818
481;0.1691704005255894
482;0.18664822881506926
483;0.12209852536936341
484;0.11296086820469574
485;0.02530892962863931
486;0.12392641256217118
487;0.07161493397053108
488;0.16184133639856946
489;0.12467309531507964
490;0.1451340947918676
491;0.020071030856769135
492;0.19596190610038156
493;0.12135354210603969
494;0.15011802571715427
495;0.18039276782426872
496;0.0938270400473005
497;0.020983255790477152
498;0.1358609576461339
499;0.024156591062211397
500;0.03066194037436132
501;0.014739286606711378
502;0.11835207508662593
503;0.1011047957259481
504;0.03851054017927805
505;0.13740716604172748
506;0.14953579329776803
507;0.022158803930818927
508;0.1066905442638418
509;0.18164965131909883
510;0.07600817898471886
511;0.13713331226729278
512;0.08555528142286382
513;0.026254011070246542
514;0.14491244753914323
515;0.19891523049506396
516;0.18739568629827358
517;0.1907483962233879
518;0.15453703891493986
519;0.16346071076308633
520;0.03536754973364762
521;0.1299228816048593
522;0.03495645193363119
523;0.13414985917611427
524;0.0217357925030804
525;0.015202573893394146
526;0.11911952280118161
527;0.1044943484314048
528;0.13096997093222504
529;0.05530608970943088
530;0.026937109333756905
531;0.09998272937305829
532;0.02435935081937528
533;0.11791097035561598
534;0.1748890414216473
535;0.09923167859076328
536;0.1721176668893845
537;0.03801175155368708
538;0.18431523797743554
539;0.1677234571874337
540;0.09230575134950181
541;0.11233340825407948
542;0.10050898139429112
543;0.0862676241633811
544;0.12268491259554258
545;0.02457969814231562
546;0.05244219332351721
547;0.01201395019400311
548;0.14379811948086643
549;0.14964325651390759
550;0.14092507614078617
551;0.13041337555240792
552;0.14731243430100993
553;0.07083076460291837
554;0.1816005867850112
555;0.14705858959591286
556;0.049066462417288584
557;0.19854431064069186
558;0.1628267264051603
559;0.044649122169403865
560;0.045177078146906594
561;0.06281962413327424
562;0.006657348147518927
563;0.1406323659822812
564;0.06849227669409826
565;0.124414174045575
566;0.19724572372875404
567;0.14974981070581028
568;0.06235716776391653
569;0.0004219319046351311
570;0.03428310171423774
571;0.11607646173194244
572;0.19292265772140493
573;0.08149325611910088
574;0.12100786824363151
575;0.025701739689214232
576;0.19560970496258503
577;0.05152990888705396
578;0.09629474824525147
579;0.01236386728234331
580;0.07354364861064148
581;0.003954673097265338
582;0.028731482084098814
583;0.08425243783837771
584;0.1685188450013098
585;0.06383986472437349
586;0.1497904161943118
587;0.0558404223666122
588;0.1698185872845517
589;0.1952935676665357
590;0.06439246289789402
591;0.0672155425001316
592;0.1068590393418702
593;0.0814634087209051
594;0.18660900647072232
595;0.05502473374016057
596;0.09433471077400622
597;0.022290535595189388
598;0.13312525620022325
599;0.16022571932723148
600;0.018042263448575024
601;0.14471597588727778
602;0.13325895128884258
603;0.08731584396854371
604;0.05458202101201635
605;0.12730649138013375
606;0.07803498157254314
607;0.025600013179497384
608;0.13224809079673014
609;0.09972396220782694
610;0.10432442622471921
611;0.11219657971017223
612;0.03340451163360765
613;0.03102618449334187
614;0.17763660839902348
615;0.09104349839018092
616;0.014741041396451316
617;0.055652644556674694
618;0.08944572973719547
619;0.08505408638468676
620;0.03310188994846391
621;0.0857504481637421
622;0.04131825343203937
623;0.1861955897390248
624;0.09350946888341319
625;0.12724144569098933
626;0.04302306505964544
627;0.0013989140140332258
628;0.11056353723447761
629;0.09777458695014081
630;0.0178834854811043
631;0.0908673823697887
632;0.03783627665731475
633;0.12297960909178463
634;0.1742322828976327
635;0.1828196429691451
636;0.08340246403896237
637;0.055952726103809775
638;0.04653613870962128
639;0.13260608919223757
640;0.017365097637222004
641;0.13346885897370314
642;0.10262300428801557
643;0.06874816241703344
644;0.09146397727423133
645;0.10819745426724775
646;0.06744528183170055
647;0.020609964541753657
648;0.18389093728401928
649;0.08855196290895183
650;0.08863864848877219
651;0.06828169384411138
652;0.06139842980420827
653;0.12103288582406957
654;0.19356479696734363
655;0.14414408083060024
656;0.18742650038895944
657;0.026207659480900227
658;0.087744521277709
659;0.15327208430849015
660;0.14896154471094733
661;0.09911766975939754
662;0.02185842041671029
663;0.0770562347372083
664;0.03753489726780521
665;0.012234496227185799
666;0.10864871198670877
667;0.00865676536068798
668;0.13103896088358166
669;0.12052675162241355
670;0.19340580922758516
671;0.09948792761082235
672;0.10694012728697758
673;0.15971508236424334
674;0.07345138460526852
675;0.00035617701897971976
676;0.1282437517835245
677;0.1559898014426636
678;0.012073388054982703
679;0.01286208791911443
680;0.008839226627518659
681;0.1918319151845444
682;0.10645870809620783
683;0.16542756375542145
684;0.18389834580421469
685;0.08677748185932509
686;0.00418146048999779
687;0.04352135891971701
688;0.047681876539391405
689;0.12062832401750129
690;0.026875065872907535
691;0.03208790451290305
692;0.0879356625720646
693;0.0154490532470974
694;0.13453748896160084
695;0.15317579936018502
696;0.10931080980871158
697;0.030444878211073202
698;0.19033150092480947
699;0.10741213790122894
700;0.08511915284027055
701;0.0038319050160505077
702;0.02619288473158825
703;0.14516845370914197
704;0.01188695263487205
705;0.19778376593010816
706;0.1878838677171239
707;0.021369958673736613
708;0.08713357101910257
709;0.14537798706484814
710;0.10323941003074302
711;0.15643621450342507
712;0.12496027557499592
713;0.11210025248308374
714;0.19893226169343287
715;0.01388348757500637
716;0.05604547262965374
717;0.10007466343407966
718;0.06682155754858814
719;0.13340335583547425
720;0.07069330155321145
721;0.013167477740735968
722;0.05431043236163995
723;0.13119989937160403
724;0.029954657252684782
725;0.006682922719562768
726;0.1872527475172322
727;0.1139128556053267
728;0.09365226359751799
729;0.1441117644159463
730;0.1660588482588303
731;0.1813999407703122
732;0.1536049063894368
733;0.1649130223169747
734;0.19677538645483722
735;0.10436663620899984
736;0.03488495142862349
737;0.15808409621373032
738;0.009207311102754679
739;0.1972861267491579
740;0.17357490469948034
741;0.12092278136938264
742;0.1307106855918483
743;0.028699827073548213
744;0.17109005373366504
745;0.05370299192268509
746;0.026856046558351457
747;0.1805894630474434
748;0.08168774849121141
749;0.18605335791957966
750;0.08082086926855092
751;0.08939371197222219
752;0.1480245574080987
753;0.1088215170367471
754;0.03736079817232687
755;0.008866935498553065
756;0.05175306914665432
757;0.10809424124668002
758;0.023172502689590105
759;0.037747970873872716
760;0.0714458624571376
761;0.05584119951711086
762;0.15874190690151044
763;0.09803398998372881
764;0.03032988649308548
765;0.02757110782979102
766;0.04679011371742401
767;0.06812825886707329
768;0.10510871542448008
769;0.10730979716393979
770;0.11996851153103315
771;0.1413942314317364
772;0.03778002299923782
773;0.057304181455261
774;0.030493947086822806
775;0.11189170760967655
776;0.0874711084849438
777;0.03897954900598027
778;0.08101913031436381
779;0.16050681851489412
780;0.13473952809833853
781;0.17740867380387176
782;0.08358670475661084
783;0.08602836364958595
784;0.13114380230138847
785;0.07605283956874838
786;0.037262423150208425
787;0.09802249992134693
788;0.1143805238272317
789;0.1964266515917333
790;0.07237934009560532
791;0.06703746743145404
792;0.016277421809495454
793;0.08420364857416313
794;0.1964127971282167
795;0.057659650920234506
796;0.008316791035646821
797;0.027966216669022905
798;0.19250798924928586
799;0.1016856095868457
800;0.17568601338790993
801;0.1278967287265626
802;0.04860070306487925
803;0.1777275722154372
804;0.18499353050219602
805;0.01608300023950855
806;0.19614727765012097
807;0.1671782318987555
808;0.04547752845624212
809;0.14043034812779254
810;0.1568900336436447
811;0.03262250580807396
812;0.18555291957874986
813;0.08286635646607272
814;0.1035571031894448
815;0.09400372632305168
816;0.08586735597667937
817;0.1980352657319845
818;0.10678810773092065
819;0.13164666794534005
820;0.0773513009596528
821;0.18550019499315992
822;0.1380682479039055
823;0.1723756751642696
824;0.051576631823343516
825;0.17288403894006227
826;0.16076893756885421
827;0.16436187433266883
828;0.14619374614157077
829;0.17753594603063752
830;0.08206157805345349
831;0.002704798668684028
832;0.11097205391715942
833;0.0846675144694771
834;0.12738423705190768
835;0.05213076409739512
836;0.1485554824424183
837;0.09483218237363618
838;0.1997187981607429
839;0.1295880409779273
840;0.022425846026123544
841;0.10636694000473759
842;0.10355445689054475
843;0.19695759180888833
844;0.029253925622984612
845;0.11029284033655229
846;0.10761081283319007
847;0.07557367628500922
848;0.15661922575447706
849;0.0568903101264628
850;0.12741609485301303
851;0.1800424728495807
852;0.007531195380421552
853;0.11995119109832689
854;0.0978035392263861
855;0.018518079295366863
856;0.07674680799543748
857;0.17208678937383529
858;0.09541156440859587
859;0.08288327709091783
860;0.19272818072062428
861;0.13473757111016843
862;0.053303372690800634
863;0.08336930038825122
864;0.13567379858070663
865;0.008681111607975934
866;0.007447727570118513
867;0.10235365957515355
868;0.11579004572827484
869;0.07503534636274596
870;0.1626337742449181
871;0.13351144805418388
872;0.09837395400416234
873;0.12123466082612522
874;0.14602964322577902
875;0.16530838862876926
876;0.1411255411802316
877;0.12566512460035462
878;0.1174033621284884
879;0.083823184968556
880;0.18239242621731094
881;0.04337126372921767
882;0.13900509343358705
883;0.07389010716803512
884;0.16057740613392382
885;0.1771399765122339
886;0.07191589597534197
887;0.12401541227319102
888;0.09342126227004006
889;0.0029589242242242133
890;0.04736933902413692
891;0.17137367294564324
892;0.1377210602970199
893;0.04170028916202726
894;0.1766262950696377
895;0.06060155286605247
896;0.1381065827443295
897;0.1691674124116861
898;0.04857429079976499
899;0.062043717638485534
900;0.11369289267169379
901;0.17645230952763738
902;0.09550637588267506
903;0.07340702373391746
904;0.01713712350756749
905;0.09040933577489921
906;0.03654809041419629
907;0.04713034015628657
908;0.006516331212969262
909;0.010835456051391757
910;0.09306077433483205
911;0.13768172540531537
912;0.07016534223447983
913;0.04185097423538547
914;0.01135287925696662
915;0.09134723058894256
916;0.10426845142746416
917;0.1889347899361886
918;0.12581889523365744
919;0.1961925044526766
920;0.1640195661990987
921;0.04210343881112564
922;0.16122538583602905
923;0.07439640046541351
924;0.17568521770280277
925;0.14798324729242168
926;0.13585935872125998
927;0.006313935062476506
928;0.19221367271948708
929;0.07278245707824697
930;0.15038905294241722
931;0.1839786465346465
932;0.13370254978883916
933;0.04471325771109147
934;0.021807154949458063
935;0.04512601963467129
936;0.1465930452900655
937;0.022714874512555716
938;0.11844198710542049
939;0.13785198707026744
940;0.13331958138264807
941;0.17188235032485438
942;0.10196337306115247
943;0.06906979149555251
944;0.16497017377204498
945;0.16442645761664249
946;0.17583871664804895
947;0.06861934285979131
948;0.1966124948149882
949;0.1618687798335076
950;0.116415532839273
951;0.0819274526828196
952;0.0706394408967661
953;0.058722636234138516
954;0.10919956462789798
955;0.046349781557216856
956;0.17677386671466258
957;0.0965535182908613
958;0.198937747593551
959;0.09028969466375608
960;0.11579116012139656
961;0.04147408163102265
962;0.004848300251197113
963;0.18632520590043075
964;0.1214243960795018
965;0.023495238674332966
966;0.04199262451269728
967;0.11882921869837625
968;0.18432218659134536
969;0.022791716761367556
970;0.0643899655701473
971;0.15393957134633207
972;0.17948477536130653
973;0.11673070738379383
974;0.05332861249736807
975;0.1321288012909774
976;0.02398159348106317
977;0.162708260957934
978;0.11454763952569412
979;0.17543003393731094
980;0.08839251384604188
981;0.19655412032599054
982;0.03210145876515167
983;0.1580844077763048
984;0.156511327882501
985;0.1348158322920829
986;0.002387071094755511
987;0.07907460678778336
988;0.15693658154194368
989;0.0454238091283949
990;0.0876586691234551
991;0.007826358435077263
992;0.004190903144455783
993;0.11411366778914218
994;0.16357733584804876
995;0.05426015815805066
996;0.03778741062170743
997;0.09850468495502757
998;0.02250846994354703
999;0.03459121394200004
1000;0.13570887239589666
