1;0.14019552542711983
2;0.1310526281505774
3;0.15112495871590484
4;0.17830435859578603
5;0.1906495786382798
6;0.09617767762456547
7;0.052483964946443896
8;0.19391742445980523
9;0.0932393883663963
10;0.0008682429394745617
11;0.08685305684863667
12;0.07560160994553095
13;0.053212237281733854
14;0.040294901798413954
15;0.13946121182279111
16;0.14284721859170044
17;0.027846355121021873
18;0.19237631603147443
19;0.018744002791377334
20;0.02690786130558547
21;0.10427637785007203
22;0.1819454510036266
23;0.10403725502237374
24;0.11607445975857496
25;0.12120397961901506
26;0.16746153384368745
27;0.17119805101559463
28;0.05624323526590722
29;0.04031592658411725
30;0.048729027280649054
31;0.058527034119676885
32;0.08518961764922142
33;0.16784460048254188
34;0.07557555573834383
35;0.13173426523468326
36;0.1538108376671711
37;0.10211617497822088
38;0.025308809691062487
39;0.13057258212983566
40;0.09926670894653022
41;0.1936383983621216
42;0.12719840543823877
43;0.08013883196246603
44;0.17251590703033054
45;0.16529908546000005
46;0.13632232455122273
47;0.17595016021595664
48;0.12617614979460065
49;0.1830981767680676
50;0.10487584815318499
51;0.05664691724323681
52;0.026243321603482306
53;0.11028211009599445
54;0.038709931836262285
55;0.1599292725427306
56;0.013680943706707183
57;0.1280062288243706
58;0.014488250864900755
59;0.04691913283839551
60;0.05455999773513172
61;0.10361273964936797
62;0.04245174243926635
63;0.1339435653681912
64;0.16741850347322096
65;0.1439214982340001
66;0.12059851777866458
67;0.006862658746197315
68;0.1912073186882784
69;0.10470545191129721
70;0.07409817162940001
71;0.016170691977702958
72;0.15374916366941116
73;0.18753284253402827
74;0.10703769085890634
75;0.13178510919191297
76;0.11684249561512663
77;0.04550261268748135
78;0.09043736187986984
79;0.13820488331903344
80;0.12494834053461633
81;0.050095588073789936
82;0.1288366835996867
83;0.12902591956905665
84;0.11451743978950855
85;0.09263974964412636
86;0.1083550449056025
87;0.18869297425469012
88;0.144890726662475
89;0.11221962171281422
90;0.05886747161956052
91;0.04383261943351735
92;0.015799900625598107
93;0.021872996548438706
94;0.025255179560192922
95;0.1074933463535885
96;0.02946885750758619
97;0.16116035558556793
98;0.11562676866842532
99;0.1897864625702543
100;0.09983803266038394
101;0.05104800384764492
102;0.11445107094785467
103;0.12150824894571784
104;0.07851640600074104
105;0.005040534187058677
106;0.19305563899319783
107;0.0372229449351227
108;0.1451634887020128
109;0.03534691001077874
110;0.1760910739217838
111;0.1184353406711092
112;0.12138148264252102
113;0.12363070228461348
114;0.07303238540747299
115;0.05453509439635467
116;0.1325693089844898
117;0.11022208910629878
118;0.16690363923030493
119;0.11689743510038995
120;0.1805779500640602
121;0.0344871974301944
122;0.18808455876109992
123;0.06042445824947105
124;0.08315328343463231
125;0.08871337744402988
126;0.19597831879188882
127;0.12105409432009123
128;0.0950142643291456
129;0.07443387494302789
130;0.0777700528429471
131;0.08189512169285218
132;0.0319313301000282
133;0.011492797816904356
134;0.06352225611309432
135;0.14530915580269663
136;0.1548244158226264
137;0.06615622891078997
138;0.13061027098667882
139;0.08572670839977835
140;0.11340157919650584
141;0.04281329652133181
142;0.16973513570089332
143;0.06370586081262852
144;0.03411667399893077
145;0.15085774879593788
146;0.1197399355846331
147;0.09052597395970173
148;0.020219219029068203
149;0.07806224680020704
150;0.16443815185271493
151;0.035591679257769605
152;0.13984904006012155
153;0.17886117161704876
154;0.1342767291792135
155;0.1424000245556391
156;0.0351532841616316
157;0.04540784123361921
158;0.13523706120623272
159;0.18135777902816597
160;0.18457991571250598
161;0.0012701394001130017
162;0.14469258863168133
163;0.1964855344216675
164;0.18177961639925874
165;0.04553893777369718
166;0.006309326698282991
167;0.09924255199806385
168;0.1255040649838297
169;0.13881362454359247
170;0.1083595401640337
171;0.047510814968529824
172;0.04208572530534274
173;0.04408451817510655
174;0.11889881886246714
175;0.18807109170650785
176;0.17209617243516642
177;0.05840899822216439
178;0.10733076517572643
179;0.14144212087705418
180;0.04444052867443589
181;0.13692962213861287
182;0.19109303481602796
183;0.13493759614346587
184;0.17957345473691666
185;0.1504478874125207
186;0.15065367463833051
187;0.06326296384514828
188;0.004620221016971704
189;0.03260124730376066
190;0.053023463430704326
191;0.05556566388579285
192;0.012985115568345008
193;0.06737042558563953
194;0.18438320834718086
195;0.00783984015035566
196;0.03805381884832622
197;0.02198309378456871
198;0.09409420423295989
199;0.19232422850095449
200;0.06278261653150341
201;0.10844944710174567
202;0.06293492480322387
203;0.15433439230050103
204;0.12777270536004307
205;0.007563653164959283
206;0.12065486144414361
207;0.18339944280948087
208;0.18171779790780063
209;0.03322506438518953
210;0.07962788139071193
211;0.19284428887760663
212;0.1012417740484454
213;0.06369914634605704
214;0.12317260989910693
215;0.05755457641761839
216;0.06724695674845893
217;0.09133856123292423
218;0.06809059898593775
219;0.140249545705284
220;0.005744158259137655
221;0.10339255159581236
222;0.14830144571076104
223;0.0028924774531844614
224;0.03473891818875459
225;0.15847787426631058
226;0.028181914626721306
227;0.18499293142105222
228;0.0017789475969836267
229;0.06544228331274562
230;0.05731940078454743
231;0.12027301430270365
232;0.1259376216351579
233;0.08969961231862236
234;0.03015312698723285
235;0.13491113831665932
236;0.1174515991996068
237;0.14431432649074516
238;0.07415424751294711
239;0.02018674669049574
240;0.0637365045415518
241;0.19872247074029492
242;0.030637571279477395
243;0.1821418471410499
244;0.10173257167288506
245;0.09366026855243462
246;0.10892081900901046
247;0.024540370172916992
248;0.10810003670377172
249;0.1431911016614433
250;0.16870865497378107
251;0.06421194994453061
252;0.1162994499450131
253;0.09957273364175397
254;0.003659231286188636
255;0.14456569326033397
256;0.06886503968020756
257;0.178981443351625
258;0.005541714387567476
259;0.039759642899038286
260;0.09530965035420996
261;0.04804610953903184
262;0.09720867213544881
263;0.011526302187220684
264;0.19492969371006655
265;0.08992787692669278
266;0.07279050428909076
267;0.13911909793138025
268;0.13170053669219034
269;0.0838517313553961
270;0.055381289600972106
271;0.11701575251978176
272;0.09587738293742246
273;0.12225608630049495
274;0.17026931397487244
275;0.010979076311285764
276;0.15648462074175004
277;0.15350214420306885
278;0.03993884785489221
279;0.005797768439306905
280;0.09155910455867527
281;0.03778075824468783
282;0.08931514755611909
283;0.10080633097997478
284;0.05556316617011488
285;0.14231275570036087
286;0.19151198286620988
287;0.15469361661060696
288;0.17049022350406273
289;0.062098996578449556
290;0.09603838705351309
291;0.08992189657511945
292;0.19232913833366988
293;0.08630836276243617
294;0.04080901503208994
295;0.16245030292477755
296;0.19281029386815549
297;0.197302936842329
298;0.011124460189081309
299;0.06456833558088806
300;0.08542769910002726
301;0.009766427209730156
302;0.14992313428725354
303;0.1152038560257034
304;0.10589742440599387
305;0.003909138538503077
306;0.11672778778345223
307;0.10932051798974057
308;0.029584422377578704
309;0.009104590344060992
310;0.052282966322370616
311;0.025723859408596783
312;0.16047113779603028
313;0.00348320011473815
314;0.0469484086983552
315;0.07846342498864448
316;0.09999322171591928
317;0.13155654340285947
318;0.16372351397675317
319;0.16748056960610305
320;0.013859028241501738
321;0.09583846063316122
322;0.05052763474621907
323;0.07148581386822646
324;0.03663012788225724
325;0.15151781777009665
326;0.11866477268541305
327;0.0998636488333689
328;0.02276080774330689
329;0.16208758261838083
330;0.19887890599112945
331;0.0949770788437297
332;0.04268296100360989
333;0.14295255748431385
334;0.0995430237317847
335;0.137131733670044
336;0.030575766727206435
337;0.06384546203866762
338;0.14195173891036453
339;0.01115870948331299
340;0.11921613701732299
341;0.12649878992317312
342;0.08844056749111667
343;0.1444809266519036
344;0.17298397046608133
345;0.10169830165835142
346;0.13108656143279346
347;0.18750716864043068
348;0.07207558624478912
349;0.19349882864057863
350;0.18725204860148736
351;0.0736625264453785
352;0.027110482607369257
353;0.002348707751562107
354;0.10884979953916432
355;0.1473102700940973
356;0.0017020503585015946
357;0.01969701447811525
358;0.011602756835931018
359;0.15482877592035732
360;0.15248595076166999
361;0.1174402557175923
362;0.13991001835083205
363;0.11158670409144356
364;0.09571923872610032
365;0.15408684786402527
366;0.0058396105506767
367;0.09806809469401574
368;0.10096513360560917
369;0.11866344724729756
370;0.07945970037603396
371;0.19937789090737223
372;0.05148604564162429
373;0.1874496708963718
374;0.1784161918675462
375;0.160581994113402
376;0.009236475969642166
377;0.15724199627155644
378;0.07343697507722839
379;0.08766282438218263
380;0.13476548020807114
381;0.16050966139013506
382;0.13018666480959412
383;0.10959813624709834
384;0.04694282983638725
385;0.1481347362898092
386;0.0010736099295550973
387;0.058444579247766075
388;0.06880799745449484
389;0.11348335074151104
390;0.10969051703888291
391;0.05711997662800042
392;0.17401122433712546
393;0.09312033036869515
394;0.11446031310040888
395;0.03469295280640688
396;0.17722474177389905
397;0.19927703335244198
398;0.10366564664129292
399;0.10118948937591027
400;0.014322645988126227
401;0.17540285126455013
402;0.09342850447590366
403;0.15358139010402866
404;0.13889343008882607
405;0.04683410718854164
406;0.011285548425559911
407;0.15078586228692614
408;0.12043213591656328
409;0.17528931441856926
410;0.05245719359955747
411;0.14790017439575404
412;0.15418195845674348
413;0.04962541418167132
414;0.09572030094403877
415;0.04845189084600974
416;0.10820532341696538
417;0.09738474604887433
418;0.10403355549822002
419;0.04755410080606311
420;0.013918925305438146
421;0.01797829754167819
422;0.0967165036430625
423;0.0963305108078853
424;0.12438174242535976
425;0.0566916803303712
426;0.10939495742842197
427;0.040013862338572584
428;0.16435076502490387
429;0.050073258316933836
430;0.17604254381955783
431;0.13861012300521153
432;0.08937559245060489
433;0.022812913988662743
434;0.08820854405805867
435;0.15906497002095077
436;0.10376100544335505
437;0.09410015835528232
438;0.005442545316928449
439;0.15187419163194205
440;0.0018505142881270144
441;0.15679272096668914
442;0.0024491572294551567
443;0.10620245066486936
444;0.1861942290034179
445;0.008976839079385956
446;0.09751756383893012
447;0.1607483992803683
448;0.13208954713161145
449;0.07713533357982208
450;0.051321061164926546
451;0.17310553060850367
452;0.19941695629377362
453;0.10170801158122367
454;0.15642512003850384
455;0.17295889643042495
456;0.02180625912091343
457;0.09791291898946489
458;0.17309851845100147
459;0.06174360969102275
460;0.15086819034455815
461;0.028849398010977856
462;0.03503902637482368
463;0.04196026501307544
464;0.12962078013391096
465;0.1464746630566269
466;0.07377275861671706
467;0.15137356477290778
468;0.054624030029032426
469;0.048707855171943294
470;0.04148472239137971
471;0.08067712968955887
472;0.17265568919824711
473;0.07193542055176519
474;0.002605337345304104
475;0.1131743768093146
476;0.09808191995533802
477;0.001522798149249982
478;0.18844661604402385
479;0.12711820218039255
480;0.0222774816297757
481;0.0009459589612213827
482;0.13324539935138138
483;0.07132323330930772
484;0.1695279157019576
485;0.14380237822706182
486;0.1530198220470313
487;0.1899931970745369
488;0.139500561641229
489;0.16503132441551052
490;0.19063909725034256
491;0.19705872617020004
492;0.08704593125396945
493;0.170521687905551
494;0.14989223011270686
495;0.1516479079606358
496;0.10692569460415519
497;0.17011379590366815
498;0.020303760806524185
499;0.1993367588412719
500;0.1915386216517676
501;0.17081021746256697
502;0.1435265763223888
503;0.19467075182374532
504;0.08099267941255872
505;0.05901971402431197
506;0.05586335683864081
507;0.020172384582941374
508;0.1366276859181778
509;0.01777317910561962
510;0.14825538755221032
511;0.11495419771135783
512;0.05522027858003813
513;0.06407778302367605
514;0.1864860984250256
515;0.10818183736611629
516;0.015804618140713923
517;0.06716963139960563
518;0.07894173725891832
519;0.12042124805183985
520;0.10451534840242645
521;0.16044659067209702
522;0.03435567664897556
523;0.04731601411908337
524;0.1827322621554721
525;0.09760456278342966
526;0.14736800125375005
527;0.14679546510467764
528;0.012828815191044974
529;0.17058589409919925
530;0.18288092912188367
531;0.02521073896089243
532;0.18325625068220416
533;0.031589579928941826
534;0.18811348295391989
535;0.1420927265223422
536;0.006182006557062048
537;0.13781218725065517
538;0.15375009196919281
539;0.019102198573026863
540;0.011106416532274134
541;0.11284390235525608
542;0.17668450113590148
543;0.1468757613489895
544;0.060078131774167924
545;0.013236421935243704
546;0.0954559400554418
547;0.07668354537897432
548;0.011942903473158118
549;0.1805259279641681
550;0.18230573289000765
551;0.09069714231619107
552;0.04140191067405168
553;0.024099678197216524
554;0.061597845294483894
555;0.1945553809550673
556;0.06305979012796174
557;0.046517683623307084
558;0.04191424233828958
559;0.10316291531099459
560;0.05520066077544621
561;0.08197559334004859
562;0.13862622844476188
563;0.02939626136899043
564;0.19312878606964348
565;0.13040712333095478
566;0.008147433196261988
567;0.11434137199267552
568;0.1869898042698982
569;0.012196336951751286
570;0.15225677462712983
571;0.11013499812121763
572;0.12808960138282008
573;0.17023171661265435
574;0.11846066925815467
575;0.0741838882610109
576;0.11228092282628865
577;0.07100313527402173
578;0.18923956414278453
579;0.12275716296391358
580;0.04798313918566295
581;0.1512931637681601
582;0.08994302277824698
583;0.15949873161326533
584;0.18257994915411455
585;0.01592601887062506
586;0.1260442210021678
587;0.04173767187088073
588;0.11278864341363196
589;0.1607163039555538
590;0.020652996334034324
591;0.1033532666579383
592;0.1403193805373063
593;0.04104577527193203
594;0.08131306254134435
595;0.05356170993948522
596;0.11693655942773151
597;0.1881829839446797
598;0.16224855108002756
599;0.02774121809392205
600;0.006461969646952271
601;0.0005258472305920581
602;0.1756526498136514
603;0.18394445066472648
604;0.18141743270260838
605;0.13924945141149173
606;0.15312110491726585
607;0.1825767951333414
608;0.04823326669127801
609;0.1629154964944107
610;0.10001220233022973
611;0.12029487092538652
612;0.016807709412760975
613;0.16062881923315414
614;0.06055065089701017
615;0.07391953416756525
616;0.07335911054604867
617;0.01431502529540938
618;0.0038690584998670066
619;0.03217607362452324
620;0.1267092068837132
621;0.16281376083578694
622;0.0996540186003801
623;0.13168716908877817
624;0.003991661975242189
625;0.16498303380666715
626;0.16237166087982086
627;0.007892821363160385
628;0.10882265834646197
629;0.13588909380612557
630;0.06845662615466024
631;0.13852730692970666
632;0.19303608127907756
633;0.03974742345530118
634;0.1472055270500547
635;0.1393980894076727
636;0.06696946117921586
637;0.033497808252554974
638;0.102561336749586
639;0.10461614480895763
640;0.1550019589260635
641;0.10187587909226224
642;0.08282459048007916
643;0.037174397851029876
644;0.033345095701735473
645;0.12870900731993576
646;0.18261595639580805
647;0.054961305496733705
648;0.03629968237448513
649;0.18786942016860445
650;0.16096556001858062
651;0.03869008085576431
652;0.07935728518617335
653;0.06606070714837046
654;0.1533945735821699
655;0.12787352319206535
656;0.012762774940741984
657;0.08770843354504317
658;0.08989524267924094
659;0.02408746093962082
660;0.09998025803759213
661;0.1720803352586383
662;0.17403028800379045
663;0.10519182246848365
664;0.15602607380803335
665;0.0009931330349148837
666;0.026062442766431326
667;0.16164280678980364
668;0.05276239742117042
669;0.08694466773678584
670;0.03133547591269681
671;0.14990390437621956
672;0.19486425460805887
673;0.14179941879187527
674;0.15742601351972643
675;0.12712941055919788
676;0.017920326597460436
677;0.17026825417049196
678;0.12133891271978015
679;0.1827289272645729
680;0.008333862780761625
681;0.09298289899568431
682;0.09458402288063716
683;0.14592692919441375
684;0.15265288003162025
685;0.10976965702103272
686;0.07379257025025009
687;0.060676540269245294
688;0.04351896493154126
689;0.05875166252372291
690;0.056120294507286506
691;0.03740988745030001
692;0.01693045469079919
693;0.02091238715389239
694;0.11562649864655404
695;0.07468899746033235
696;0.07198376830107307
697;0.18460189181652795
698;0.09814618544916863
699;0.029027871693415322
700;0.05135069332755185
701;0.17661031577663483
702;0.1926071464743705
703;0.15458934526387458
704;0.12818778956493274
705;0.11102184268140503
706;0.13159644289730674
707;0.19332303657977057
708;0.17194235201858507
709;0.19534280951513402
710;0.004217876606284499
711;0.15583040212675076
712;0.1609343760675432
713;0.1175756374668991
714;0.0646914101116411
715;0.05205826315809319
716;0.05122778982319796
717;0.01875092575595936
718;0.07293105394168224
719;0.0685019528082127
720;0.1051598537623467
721;0.07533380352162089
722;0.13799567237674262
723;0.06028958295924565
724;0.08803282529169368
725;0.005501955630968869
726;0.05171106225035287
727;0.16133324790911535
728;0.016295875513649482
729;0.17333604144704406
730;0.0859354438018944
731;0.1163721085364971
732;0.037802440390162145
733;0.19885193167983398
734;0.06959496138540754
735;0.03014308995808539
736;0.08004510498203349
737;0.10507589327974398
738;0.1035191322093972
739;0.0551699182182674
740;0.12648885435530596
741;0.1340582988558202
742;0.047051451642469266
743;0.09657804135044251
744;0.154990229711921
745;0.1004436825115383
746;0.09110082538489646
747;0.006009999845131931
748;0.14561854937424154
749;0.16685339686000156
750;0.18028470330190755
751;0.15392123657251108
752;0.12217145910941951
753;0.17379890918465157
754;0.007485374698522996
755;0.1282814040137522
756;0.1761801098945385
757;0.08279381671430615
758;0.18732405837866603
759;0.030798257438961918
760;0.13360036159261832
761;0.0024922651105952157
762;0.02445051225152275
763;0.0757313450381431
764;0.12955036450885546
765;0.17640967415980835
766;0.012619484209091581
767;0.06973269868728348
768;0.11019420736538732
769;0.015632133181220097
770;0.039362254653759865
771;0.17800242241542658
772;0.17079760626833726
773;0.03431179901006592
774;0.07789257043454845
775;0.12264172980919237
776;0.197060325920817
777;0.04613467652510908
778;0.050408444049306646
779;0.025821082223122828
780;0.10576042222107114
781;0.07857266169218542
782;0.01050646510869533
783;0.18699273943583455
784;0.049825000258035206
785;0.15655046819001064
786;0.08915033209774428
787;0.09002924749200243
788;0.008396406739876006
789;0.1438837049660305
790;0.05347645113922779
791;0.0631174884738156
792;0.03999832180091745
793;0.12337401634258859
794;0.0923266210670851
795;0.1886425876907429
796;0.14254830978419983
797;0.11369405055622313
798;0.19214027983768955
799;0.1061514326152308
800;0.1477891226104281
801;0.13141066883828545
802;0.07013470145159666
803;0.04863365119900185
804;0.0665133492038996
805;0.0578826515745156
806;0.014086081707098443
807;0.10885187384230047
808;0.06643117775381505
809;0.05616081374410014
810;0.15289869081806862
811;0.012181455997015945
812;0.13892891540297608
813;0.11763409633638636
814;0.06741471867242732
815;0.01028929541423105
816;0.17401952922723823
817;0.1674265538600947
818;0.10887423442121497
819;0.09075838888868291
820;0.14898331820966823
821;0.03692781580707074
822;0.15987965023219974
823;0.17244638833987846
824;0.047087134037066415
825;0.12432158004701206
826;0.14381421605324815
827;0.16883289258233303
828;0.10208037047867691
829;0.03645010879443424
830;0.15415263146054828
831;0.10575804753396503
832;0.09628573914499722
833;0.07437065474072406
834;0.07317957136224991
835;0.04829311296746308
836;0.055591437982258324
837;0.1358044233053631
838;0.0026691101399809016
839;0.07708677878922446
840;0.1917732009071208
841;0.1505397899608587
842;0.056846045853432
843;0.04699642727591718
844;0.15458890128851288
845;0.15767576694737598
846;0.03857285412617817
847;0.037281467813060944
848;0.014273468312950866
849;0.036010980600783296
850;0.12737515467883392
851;0.09524232159213884
852;0.1743689189850719
853;0.0637177287289622
854;0.18403617343401343
855;0.11595949442640983
856;0.07556277182051102
857;0.030763850696610695
858;0.17302642849854896
859;0.03321076681496735
860;0.13796448451433324
861;0.0080210035096828
862;0.08748913265746283
863;0.08847511178737
864;0.1826766699862601
865;0.1823685150988871
866;0.0950421941279148
867;0.08790132575769168
868;0.19506258890546332
869;0.02032438723616772
870;0.015272023477026076
871;0.1609585187251837
872;0.18238879152735732
873;0.06890231297005392
874;0.12607337891432127
875;0.032594279103008654
876;0.1429768562614127
877;0.027143217321604365
878;0.11694882389735904
879;0.15260338694625578
880;0.06529963776267145
881;0.044342879962087925
882;0.1655762109597646
883;0.05169298249559038
884;0.18951662398358846
885;0.05818727083764552
886;0.1173001754062129
887;0.195224119816146
888;0.034334725582899274
889;0.18262263682908747
890;0.14314550766325904
891;0.11750016071995058
892;0.1479855168852044
893;0.12432580653820409
894;0.12935167145889934
895;0.004282124218708949
896;0.023543510148410298
897;0.19957230686611838
898;0.16055062243697224
899;0.13004196396362214
900;0.14619032346922098
901;0.07891365380602358
902;0.02986779972402014
903;0.17715158873486375
904;0.18526884291133328
905;0.19238029541060697
906;0.06383876115057174
907;0.14217176883790555
908;0.11785901543533937
909;0.18043679853925676
910;0.07024133642775446
911;0.06779851516381266
912;0.0827158116213494
913;0.04388629531539508
914;0.050216105031156366
915;0.10568134389137913
916;0.11521965157358482
917;0.14423458305302564
918;0.01896912810493734
919;0.014020027467199658
920;0.05176481145382697
921;0.17215773359788097
922;0.11191119916978956
923;0.07597829325610093
924;0.10027119532667822
925;0.12029222602650569
926;0.11692453483363763
927;0.0584170612433764
928;0.12678103540978852
929;0.047354041050901956
930;0.03402687686293065
931;0.16819336478126992
932;0.009271401638145216
933;0.04811471004680212
934;0.05325997721959411
935;0.1987063912463838
936;0.1511600724292835
937;0.004484922237520373
938;0.11920058634554931
939;0.06163857468353465
940;0.0472261877549522
941;0.1698878646167273
942;0.1689203948700715
943;0.16347187503947602
944;0.1404409062695201
945;0.15258105598142513
946;0.13808852697019738
947;0.19975647317697065
948;0.08978242588247232
949;0.055416240695688984
950;0.013703806820612119
951;0.13309321796451928
952;0.011029341623440315
953;0.07893779137347945
954;0.11582476783737704
955;0.18368505815607586
956;0.10135085892925876
957;0.07702338710666279
958;0.1375374863984307
959;0.08867058983861553
960;0.16589655814521645
961;0.11686974503550845
962;0.1614379302115723
963;0.19525643978595986
964;0.1083505971631132
965;0.03506941232674363
966;0.01742322819322786
967;0.10139719630364291
968;0.07066212524026515
969;0.014644669578623227
970;0.1393348783251735
971;0.14781655491907394
972;0.07068979451186334
973;0.06770715129652374
974;0.19417446394527782
975;0.054928171542263794
976;0.14157451945091182
977;0.15432136567249763
978;0.1909876172007707
979;0.1484683001820941
980;0.13771809526246043
981;0.15449220175634915
982;0.08055690526736747
983;0.049282777987149286
984;0.17768445207997555
985;0.1131885833729667
986;0.15521696362267356
987;0.18802003896832367
988;0.10299790001423215
989;0.056230281853007824
990;0.04159659656137171
991;0.06803412518181902
992;0.17940319045246908
993;0.1774316203934874
994;0.07647955307236576
995;0.05214362229639771
996;0.17543958057490217
997;0.11974218930158775
998;0.025173292299809514
999;0.019203831679168306
1000;0.04689945857703431
