1;0.18344732754130305
2;0.007823235364372683
3;0.04941563194828302
4;0.08938474349141699
5;0.1730745634392144
6;0.09189670761255586
7;0.11302433786771604
8;0.021908379795285395
9;0.009764161178137144
10;0.021153746510741735
11;0.012228691598634756
12;0.175225050332507
13;0.06478921898764367
14;0.17947854650589895
15;0.17247397181078566
16;0.08512820365631882
17;0.11593615732937104
18;0.1629438572532977
19;0.00935547866714268
20;0.024713840948802912
21;0.12337292098471753
22;0.09537337328177083
23;0.06539982031230639
24;0.16547591182866433
25;0.0797484465548318
26;0.11554241963889048
27;0.0709952859952028
28;0.04399792181348832
29;0.10483788472484389
30;0.1419346368008625
31;0.08955292422771227
32;0.09354929740684043
33;0.16805232929531863
34;0.1536462869352266
35;0.06977781621269899
36;0.09770670316338169
37;0.15279349840548606
38;0.05261419923609998
39;0.14686033802344345
40;0.004933289806220898
41;0.12458576299061841
42;0.0986283293579706
43;0.10689795530282611
44;0.11129082598121205
45;0.0015513055295816704
46;0.024987399574825986
47;0.09910900335859263
48;0.09084570903443451
49;0.19179320099742955
50;0.12380987511573463
51;0.12656947579900363
52;0.11558335140588563
53;0.05098334013973056
54;0.19623467664702138
55;0.1639702901273213
56;0.057317391179272086
57;0.07032149760494742
58;0.057044151296847506
59;0.18433317559437543
60;0.12565155280114096
61;0.06393267985632874
62;0.10957202130435091
63;0.135338065959392
64;0.06578166923710087
65;0.08260533316837902
66;0.015340939090082207
67;0.04866237894852346
68;0.07654998300935384
69;0.15608213485838973
70;0.012333034972417868
71;0.149953878011694
72;0.1892100646051486
73;0.014324209765681918
74;0.04325890611040593
75;0.03918721192032071
76;0.18718070572808623
77;0.10357373061706412
78;0.11762837958158179
79;0.19075890055535072
80;0.11109178848324362
81;0.022787255665865924
82;0.17830157161602017
83;0.008445905258960473
84;0.11986112479214409
85;0.09501797380438304
86;0.031087021372553106
87;0.14772054966226145
88;0.13093122079922614
89;0.08683430795923075
90;0.12108243701637991
91;0.16065879819073872
92;0.09208613992564774
93;0.08921348711648805
94;0.07946190617134319
95;0.1893964936758602
96;0.11544458993824716
97;0.06157123876864852
98;0.06913776433566143
99;0.10227642843258111
100;0.09222234762896907
101;0.10720864369217209
102;0.16635991301066733
103;0.018039526164902564
104;0.09557830672016539
105;0.05819768684376612
106;0.05981343395974639
107;0.08685041192216605
108;0.16324262833814288
109;0.009703329217726365
110;0.17789833317849665
111;0.10809138458241901
112;0.08703062540882962
113;0.11046378744167762
114;0.16111261802138763
115;0.040798118607222406
116;0.055019129241611876
117;0.12674888318536084
118;0.10843082749917864
119;0.03900375332984594
120;0.053780025077443554
121;0.1977100570971222
122;0.09165094916142752
123;0.19023300937087392
124;0.10475021903467546
125;0.0968220535347779
126;0.08552147206862303
127;0.07476198904293434
128;0.14347203668339922
129;0.19241932457638816
130;0.017336580112550525
131;0.05855436526019456
132;0.04691458504692785
133;0.11844211711491344
134;0.024843995822435173
135;0.1789774003110014
136;0.17771512287135116
137;0.1645704640134944
138;0.054732982427883874
139;0.1901791327560123
140;0.06371233212220254
141;0.11871506101324723
142;0.019948442038151295
143;0.04806097670429175
144;0.18102281587616795
145;0.1356771045426497
146;0.16706848700207264
147;0.006198712727142186
148;0.04586933548807668
149;0.12515707756281422
150;0.12331295385250861
151;0.02842308386571826
152;0.0961993327659324
153;0.08488159476124571
154;0.0139127435613585
155;0.16127464997985552
156;0.08509546850708227
157;0.13162690813419956
158;0.06898924014721111
159;0.10257182579529645
160;0.0037009600950179246
161;0.19495629694964756
162;0.055814819866682464
163;0.13768276486599848
164;0.11082256236961074
165;0.14796306173441456
166;0.1057337016184692
167;0.004485786440500595
168;0.06967926470202167
169;0.02113085519563347
170;0.13104224019739494
171;0.1913267052688854
172;0.01390755301770148
173;0.005597190610537872
174;0.10770806535002181
175;0.07238945871054492
176;0.039225082848682695
177;0.19262711355779066
178;0.08091190773162378
179;0.09926220984971873
180;0.1370424724071356
181;0.18221192684071696
182;0.05970551112517391
183;0.16565904104776594
184;0.19087429925870739
185;0.0538012790945716
186;0.039393278025562584
187;0.010198544593219139
188;0.046880795231027395
189;0.1795554487742559
190;0.03684884284611683
191;0.1879686215879939
192;0.03086647888214742
193;0.09816581052651924
194;0.10622033144588422
195;0.08366259126201328
196;0.1819896005417508
197;0.12326969133090185
198;0.0478878011723177
199;0.17916457251229886
200;0.04881351904589955
201;0.1796249725160982
202;0.03187105468562621
203;0.06750930897053363
204;0.12539681977088754
205;0.18774207674519347
206;0.15523888494444152
207;0.14665118933189034
208;0.09560372282134551
209;0.010547595869853432
210;0.03451815532356755
211;0.002490972627149457
212;0.12240304934880236
213;0.12344698461420643
214;0.015320196139726218
215;0.033939103699466934
216;0.02824361694684141
217;0.1766914424650593
218;0.16368730244271318
219;0.04608331308135991
220;0.17838914053443314
221;0.08760822287320823
222;0.15296334420984536
223;0.17306201507634023
224;0.05990471859221685
225;0.12491548386386386
226;0.04863165271689543
227;0.04930775597692101
228;0.13277694219730526
229;0.10293468056624165
230;0.12415991025783049
231;0.13520307103616724
232;0.14209638923689752
233;0.05342701773419736
234;0.01535928453842781
235;0.05153779805055343
236;0.028023790128062134
237;0.18452446312429893
238;0.15558975124659705
239;0.07204616581082371
240;0.1337313322814958
241;0.14657511426492492
242;0.11663025521484592
243;0.05695851104205241
244;0.1759712142091765
245;0.11182292571158968
246;0.0004121942135511647
247;0.09260073149282307
248;0.047059824889364825
249;0.18395793344306197
250;0.0427638036733919
251;0.15782666239034157
252;0.15850859080154353
253;0.029652582605796153
254;0.15580442368360223
255;0.051426788459388445
256;0.04376237172193542
257;0.02854968718974076
258;0.11774797729517944
259;0.16068344894951764
260;0.10234275782252056
261;0.059863212938967014
262;0.12206556017304777
263;0.158879287189454
264;0.09798420005310256
265;0.06679423051676307
266;0.19121473047192505
267;0.19718632143140916
268;0.03246418851165944
269;0.13855937833976037
270;0.13115519642702567
271;0.006339227007458948
272;0.10588749001694858
273;0.06632138218442776
274;0.1484682234829567
275;0.05747561656452471
276;0.1295712018269389
277;0.1428155676596258
278;0.05526588103927266
279;0.0705864506869995
280;0.08405694148742
281;0.016462421370447667
282;0.16182127226929613
283;0.11219681664192827
284;0.19368286980739088
285;0.19628450322040206
286;0.14531762973116688
287;0.12630039974443844
288;0.14318043416759418
289;0.15745923885147872
290;0.04293847869577654
291;0.07527370665648131
292;0.1988772171510291
293;0.19053481613307913
294;0.045575424617635085
295;0.03249183368508821
296;0.18877346644111753
297;0.0429441737393292
298;0.023041198848976065
299;0.14263789494837273
300;0.18342896504370465
301;0.08309851866550831
302;0.19977403295874385
303;0.07224792594174285
304;0.09980230320008521
305;0.18317961050523993
306;0.0019298402639843948
307;0.1511436091405028
308;0.12525038559149218
309;0.013312973451065458
310;0.09793435499065228
311;0.11711483389457551
312;0.12485868747935513
313;0.08797645496734247
314;0.09431452435760207
315;0.15408901331720948
316;0.19913977205009334
317;0.0414325206192242
318;0.1390772383051336
319;0.12129300078544487
320;0.17942890773550194
321;0.07176384362468438
322;0.11375728162464334
323;0.1349154138841676
324;0.06897095453819689
325;0.047098713367718516
326;0.17825507605402666
327;0.04664460630172754
328;0.10720005851053167
329;0.17408143065815607
330;0.17166331016984127
331;0.09903367752781066
332;0.1977638933853203
333;0.0026411654300653622
334;0.036564292611604744
335;0.09257770119422506
336;0.18599099764805224
337;0.02598331005249619
338;0.15576656649651255
339;0.012938776842329337
340;0.13186687408873665
341;0.11635323228527883
342;0.15390152877883917
343;0.06111691942490771
344;0.15742585367094736
345;0.06929247866441639
346;0.001882563587827524
347;0.008205557531778896
348;0.15274242583509479
349;0.06514437300418839
350;0.08097153383351958
351;0.04805453094045964
352;0.11358029029018338
353;0.12443928740694217
354;0.15944369774916767
355;0.010070247508412478
356;0.03884645641778808
357;0.06974349724322253
358;0.027098536589523128
359;0.1498638165515643
360;0.021884251264936008
361;0.03175855089194797
362;0.058777954166067126
363;0.10523252919646964
364;0.03726001033825748
365;0.15365641330992133
366;0.16459873011091752
367;0.010646652441377837
368;0.1785411149591032
369;0.09003473836101322
370;0.007468830476693955
371;0.18416309415171575
372;0.027361869958420895
373;0.0594932570077166
374;0.08431862257045374
375;0.0987021122694317
376;0.09464966876196448
377;0.1635904544349681
378;0.19934963974443343
379;0.06640991866376054
380;0.16098211472756296
381;0.017317978024779947
382;0.14443950585672688
383;0.15909309913187897
384;0.1782688704715934
385;0.05562996348749297
386;0.12465849739121693
387;0.14425560070572638
388;0.007999647510603515
389;0.08002712647744324
390;0.19399966514464323
391;0.11542627970250913
392;0.12530888738280405
393;0.1151504254045417
394;0.1740839788171144
395;0.17703641476357743
396;0.012518644274693826
397;0.05991141350600877
398;0.06783861178999294
399;0.13777699957806938
400;0.17353622586826933
401;0.1345722175910915
402;0.13936326409466887
403;0.034836191256082415
404;0.09926164020046985
405;0.027494784265397955
406;0.10547778676208674
407;0.10268242013811146
408;0.05742830277927216
409;0.019409647667267563
410;0.024873013126077193
411;0.1197569536789755
412;0.03205384819827095
413;0.060995806683763636
414;0.14555523091971964
415;0.07128786432083555
416;0.030077329185304615
417;0.02384459316754839
418;0.03740491306069926
419;0.19539617986484353
420;0.1656179494978954
421;0.008776895040579658
422;0.046834210042651626
423;0.14738482061533767
424;0.1153737858750191
425;0.17752258651810696
426;0.1369814347687712
427;0.1834718627377823
428;0.14798789273901689
429;0.08992530541024711
430;0.06549469121779905
431;0.11189812827706856
432;0.14137825069962326
433;0.0634103083034877
434;0.13849764088051555
435;0.10126413105202703
436;0.13893972151491438
437;0.18297920595076714
438;0.18311659570447478
439;0.17723391202904093
440;0.08869767996446005
441;0.13835118362212404
442;0.025066575440343367
443;0.0716300914976626
444;0.19577040095514933
445;0.0010369305500443683
446;0.13833015499432263
447;0.1251564963924413
448;0.011867097039507168
449;0.19914520578337833
450;0.08324053361301405
451;0.17268831425509545
452;0.12136206536070825
453;0.14174479513050167
454;0.1957749589937684
455;0.19337156706983658
456;0.1969273426077971
457;0.16636377929797636
458;0.06066023103389156
459;0.005169156561692723
460;0.10935659915518366
461;0.0684801485255178
462;0.052763698843243195
463;0.0666094807666383
464;0.17722960587150088
465;0.03123553385434648
466;0.0509283096223961
467;0.19939762823711715
468;0.015391087285811157
469;0.15374552985418002
470;0.07706241295473056
471;0.16644548858194047
472;0.1935236295975431
473;0.1823376964433922
474;0.15703547329657788
475;0.05060405044980614
476;0.11485703879568757
477;0.05680075228133002
478;0.15060065823789048
479;0.0683046013500924
480;0.021129219936540246
481;0.1020226714907787
482;0.002082570307000009
483;0.14052910110556127
484;0.094000133687408
485;0.15975092767947355
486;0.0827253106703106
487;0.10648212954293078
488;0.11378539512651603
489;0.05375645178853283
490;0.13673576662645873
491;0.1401272709500955
492;0.1520671022677848
493;0.06215863772176238
494;0.05320846202963186
495;0.0831238625732669
496;0.0639024396641178
497;0.14668643277113289
498;0.16696892676090525
499;0.16852099712960775
500;0.05402333937127679
501;0.018815550653756865
502;0.02930263458768936
503;0.16615208280175228
504;0.1672656927381081
505;0.05279619106415643
506;0.021904520539332763
507;0.01620656981930979
508;0.16023996247913172
509;0.06466236135411545
510;0.18502571575390306
511;0.14957399968344515
512;0.14053812485589226
513;0.1744001584217585
514;0.05871361876679833
515;0.12467202749299373
516;0.1395843945738214
517;0.10940600499821954
518;0.03175508276570762
519;0.03961085812288161
520;0.048459207734854376
521;0.07892674100882785
522;0.034571588469241535
523;0.028484096015311877
524;0.1983648797619151
525;0.0006437240049115945
526;0.09805229927351916
527;0.1896342453991716
528;0.06665691202225812
529;0.0414965859796653
530;0.0758129730209467
531;0.14699452729312878
532;0.19876628418862313
533;0.09463886374506676
534;0.07309532777613292
535;0.027842667729597516
536;0.1421639966991653
537;0.19864017563299788
538;0.0027942136095008953
539;0.010888134875464452
540;0.02368993867580609
541;0.1405089893573099
542;0.16779240310263366
543;0.190571912860797
544;0.06378795296999207
545;0.06899551303891471
546;0.17102504811250585
547;0.010115355245127966
548;0.15978009438039018
549;0.1394781121522034
550;0.17462711865591904
551;0.09215192206044046
552;0.17635344771545836
553;0.18611107439086466
554;0.18406665591394147
555;0.07653536988519796
556;0.08068048916010889
557;0.04761021161437171
558;0.001348358988701892
559;0.18264924479581446
560;0.10175889359582596
561;0.09472742929069843
562;0.1421299088071107
563;0.1388953190970003
564;0.031152502956213524
565;0.13121155453986139
566;0.11456105191968294
567;0.0009823204657750885
568;0.10322333185627762
569;0.050098954129940504
570;0.04740462028976167
571;0.0971908920688474
572;0.17928920860867156
573;0.19214405100471643
574;0.06290896065756056
575;0.1933882651087124
576;0.08293905340925184
577;0.1580881459066518
578;0.054361843560344375
579;0.09395654609494888
580;0.11919173018733208
581;0.03308370013417126
582;0.07551594351377729
583;0.033665853476899855
584;0.14819090833644785
585;0.0770091560016454
586;0.19661572241219777
587;0.08016545391656059
588;0.07457498223317194
589;0.17818105404060156
590;0.06872638634498922
591;0.19748833876398625
592;0.13362165604987225
593;0.15538745665844486
594;0.13534558469031396
595;0.03445793123152827
596;0.10282408061206166
597;0.00046494756022181783
598;0.054083810053375106
599;0.026488199200849463
600;0.15720575553471458
601;0.114352815999123
602;0.18145531443015345
603;0.12359961917220885
604;0.12321863204108721
605;0.13298450762831238
606;0.1277297878379272
607;0.18635864319855852
608;0.08221678435378377
609;0.0939155766088688
610;0.014151487711611455
611;0.047465383570385544
612;0.04831739334845031
613;0.16017827202067636
614;0.19850700067169466
615;0.17826770742859244
616;0.10258982009240676
617;0.06297725713511082
618;0.015839201781751158
619;0.16698785188395582
620;0.1356252542282824
621;0.06569322515401436
622;0.17493395159492134
623;0.15058797404657942
624;0.11179262400605477
625;0.028978700382475565
626;0.07657109475024833
627;0.18746248488178563
628;0.09042931065962323
629;0.039644673365873274
630;0.1002160148629116
631;0.03043578922001682
632;0.02918715201019686
633;0.009748556650493678
634;0.022152710710696577
635;0.07128881688350273
636;0.07369899575906609
637;0.13168680545492487
638;0.059594930135450745
639;0.022237775095878765
640;0.15011171000370235
641;0.0350056355676438
642;0.12372311333007294
643;0.07710090493778934
644;0.15763298003276338
645;0.13751178986125911
646;0.07195380073585836
647;0.036551769236392966
648;0.061918312456749704
649;0.11772125863351815
650;0.0566772646646998
651;0.180926210595909
652;0.0070792434913928394
653;0.12289451303084867
654;0.14756161745262436
655;0.09326798863264762
656;0.14313290861931754
657;0.09582413631113135
658;0.16488999219798262
659;0.009750391107231105
660;0.02233606527942802
661;0.14998495428415745
662;0.16951429099249643
663;0.0422672089815376
664;0.03300564816736773
665;0.0983136563763188
666;0.003974644502315394
667;0.1535254483562217
668;0.05503464418768518
669;0.027428183201426037
670;0.17145464136779343
671;0.04582951393772921
672;0.18435466026064334
673;0.06097989468541276
674;0.06371805584798505
675;0.12738873405043924
676;0.0829209399152562
677;0.07411736682825076
678;0.16874523905660627
679;0.12695792814479362
680;0.1904506481340419
681;0.014277416928046694
682;0.19778420798345706
683;0.14679803761201415
684;0.047489588435912916
685;0.015110809423952999
686;0.11060358439767096
687;0.040349017805574185
688;0.17246856265191163
689;0.179307901149742
690;0.09662827878916923
691;0.018306131204797006
692;0.01986131967299152
693;0.19846980275706266
694;0.009686639011669107
695;0.014959192859827565
696;0.09153527332784638
697;0.14727903168660422
698;0.15543515070916436
699;0.14949496148199623
700;0.016199726802842363
701;0.12083475852962462
702;0.0724879869950829
703;0.017994046223236304
704;0.19229944338811467
705;0.07326126704736917
706;0.03573276870587849
707;0.0932312676250021
708;0.0006141211100627154
709;0.02142344377229588
710;0.018641565585994592
711;0.054850994131512024
712;0.19691703066392063
713;0.16214077232273613
714;0.11956376444981119
715;0.19700031365074086
716;0.0342275086979096
717;0.06023314678546985
718;0.12117155977294536
719;0.1523709638883724
720;0.16251961117364733
721;0.15213599257158958
722;0.023287590846144204
723;0.0034844135631374898
724;0.15724864758937762
725;0.010877914556519076
726;0.1695655046948876
727;0.042742411963808284
728;0.03427258494976435
729;0.058838798260511686
730;0.17946434111249226
731;0.15486466646845704
732;0.03517909366794188
733;0.006691034840486144
734;0.14395878989242475
735;0.07681378143776339
736;0.019201281511034153
737;0.07343139940057485
738;0.13692272981143114
739;0.1643676586844284
740;0.1616247759577261
741;0.07267215005718478
742;0.15260311924788525
743;0.017677421374748703
744;0.035326851784654605
745;0.07262991698424533
746;0.11840176857839287
747;0.19854289617462847
748;0.0348781198740755
749;0.1432898074237731
750;0.02788462426256573
751;0.19617247427029794
752;0.18720306317585977
753;0.1837236201340915
754;0.1649056477859232
755;0.10955654189640954
756;0.11451463375954646
757;0.07196769063489224
758;0.09585192691140834
759;0.046643747283697246
760;0.19845578512790416
761;0.19204468768245062
762;0.16065107410061624
763;0.043336355845492336
764;0.052222097362400625
765;0.007240835812419456
766;0.15441917090057425
767;0.14496428855531596
768;0.10679791574817157
769;0.05982674087752482
770;0.1906527862983477
771;0.03941650394631318
772;0.17603386598723247
773;0.1826481072343873
774;0.18122643281530493
775;0.18087565337441805
776;0.18520240922585426
777;0.13774536325612982
778;0.015106563413023345
779;0.12232046017193804
780;0.013574158858961094
781;0.01902491304539307
782;0.038934230352543266
783;0.07470188039887671
784;0.03775904190978226
785;0.10164013265535199
786;0.10597973610046135
787;0.038108017969375
788;0.009364789607124169
789;0.09143947944699199
790;0.09248551646923651
791;0.07969096291730811
792;0.17033001976318896
793;0.09377913934645253
794;0.15920775292162076
795;0.055215678919082634
796;0.030404653477882373
797;0.04669844068523448
798;0.12704571785538155
799;0.1723250200106152
800;0.18988357261256372
801;0.037749080259924586
802;0.08164550282347996
803;0.05722045608190667
804;0.1355606794912736
805;0.05145579853636926
806;0.19876438464104043
807;0.05494433547948068
808;0.07163684402491084
809;0.140799419514999
810;0.06289158463427864
811;0.017215659308624166
812;0.1923045086687622
813;0.011121561485190612
814;0.13800923107307708
815;0.0029232105026900657
816;0.1217411112728326
817;0.07375208717905889
818;0.09183577113490499
819;0.08877753204285802
820;0.027456588866692333
821;0.11522954662711148
822;0.0697685570883703
823;0.057397728436572495
824;0.18442561133524757
825;0.07056133449443432
826;0.01273711846099801
827;0.13125733127554437
828;0.009357828641549038
829;0.12412566629741846
830;0.133133534012685
831;0.1803230841940927
832;0.13909715927916375
833;0.17145946578749693
834;0.12211697204766075
835;0.13532529938649285
836;0.1218381835607004
837;0.17723243634622898
838;0.05806709467018978
839;0.007911799620726146
840;0.01942937407579999
841;0.0014815558802141694
842;0.01852444204342325
843;0.03181303522909953
844;0.014380602862685011
845;0.12884694732560936
846;0.1644306777872767
847;0.06585690719623541
848;0.13196088986574733
849;0.06506051749830298
850;0.16708421510133328
851;0.08744517681563664
852;0.13950708530614903
853;0.11329206101130598
854;0.06540845328878471
855;0.12195907542092438
856;0.02053658339893676
857;0.014474811476644533
858;0.17866258210087652
859;0.04231913735464728
860;0.03999637657172295
861;0.15130628893674183
862;0.04588217264774963
863;0.13147693555354348
864;0.013683893352662936
865;0.08035006621707959
866;0.19279454280206557
867;0.19158890184569627
868;0.04933129738714437
869;0.19969196410442788
870;0.043106809826592145
871;0.05385561502643981
872;0.18823794365862362
873;0.009381847866828675
874;0.15369738816425996
875;0.16442525483218767
876;0.03989528377908913
877;0.151948922184333
878;0.10397342455141499
879;0.09998518855298498
880;0.10352742130625839
881;0.15581238186813617
882;0.12794812412131798
883;0.12773124956484586
884;0.02083089993093286
885;0.13544382274016714
886;0.17823877904105953
887;0.025082669579521967
888;0.0638012606892854
889;0.014840085747195354
890;0.18917522296982592
891;0.04477073513926327
892;0.1589844392952912
893;0.057769892858744704
894;0.04016147977096927
895;0.15843244164046041
896;0.015405145768559603
897;0.12994649060801125
898;0.06305626883529943
899;0.10515415196540503
900;0.06437102112460542
901;0.02562051897049753
902;0.038222450766809885
903;0.036312749414281864
904;0.06692052794349372
905;0.15626530947593514
906;0.036121593198217485
907;0.14740007356430768
908;0.15852877275779487
909;0.18669150884539443
910;0.13270496927352143
911;0.06289518604294135
912;0.18785852682072732
913;0.1835367491978067
914;0.16259690640481325
915;0.13279476564387271
916;0.05319286329675957
917;0.04155259091676564
918;0.05940385577494842
919;0.015963608990687893
920;0.09674843490884842
921;0.1571453840758582
922;0.02219611383852267
923;0.1397330545973447
924;0.10529191524407651
925;0.11149148104401295
926;0.08019225320167744
927;0.04510369152555585
928;0.039300017931412384
929;0.16038657126080713
930;0.06642753499393386
931;0.15703939618542984
932;0.1931454558823954
933;0.06935953187587651
934;0.17545147355164928
935;0.18910507445332753
936;0.19337234227389666
937;0.1606336158233663
938;0.09912231958820548
939;0.18849367664423897
940;0.0033563122989329845
941;0.18966242125766697
942;0.07587121763321794
943;0.058769891025308434
944;0.17065698472720675
945;0.12748425648140957
946;0.17830010890691753
947;0.07163487205135435
948;0.11595586385259238
949;0.14410925557040252
950;0.13660813712176553
951;0.12084850672740455
952;0.1908098676693261
953;0.021291738556805797
954;0.1487843709583399
955;0.15551943486756017
956;0.19605911850117558
957;0.07037596887592912
958;0.01979545032230139
959;0.19889118684125967
960;0.13177255337300128
961;0.19913975412510745
962;0.034791480966040615
963;0.07616561142659639
964;0.04288844772785039
965;0.160578224447867
966;0.07016752103157697
967;0.1624035459337504
968;0.06872576459038218
969;0.1496341043102703
970;0.045191037511785305
971;0.07391224737582203
972;0.05541507460628299
973;0.046613735385784484
974;0.04956376755459471
975;0.07916529420087484
976;0.024275416637395276
977;0.12937813133051154
978;0.005581855177393447
979;0.12316732746605169
980;0.08954346095195401
981;0.19223377365468897
982;0.10145316627882935
983;0.17444575304697924
984;0.1567734323005248
985;0.005279041294625176
986;0.026375713292053196
987;0.17631220490322197
988;0.10074601566797292
989;0.04108315491833739
990;0.14492560859074244
991;0.10431630967205784
992;0.1533316012197959
993;0.19976735709367713
994;0.06770596289268971
995;0.019165249181843504
996;0.12621313177751523
997;0.15572035558296404
998;0.021063646362659606
999;0.03986701311058476
1000;0.056269308425991205
