1;0.04271802051038436
2;0.0533396436550215
3;0.026899549326149564
4;0.09964541588284234
5;0.043078668725815096
6;0.029179877546577207
7;0.08223951981615102
8;0.047519683650235435
9;0.007970472384122674
10;0.09874880677488361
11;0.0858289263370504
12;0.09337863629675736
13;0.00309479406227251
14;0.05618876409956554
15;0.09648016042043485
16;0.07314023330281874
17;0.04807668855846651
18;0.002354890913589969
19;0.048292613422075296
20;0.08498951456622818
21;0.026427912610561922
22;0.09136995615687557
23;0.016514015742621548
24;0.04024694083625774
25;0.04580883948651759
26;0.03592177543846902
27;0.013758419342170614
28;0.06798596508368175
29;0.06008786804978067
30;0.031116635927524873
31;0.006377955091469634
32;0.08235695511649599
33;0.05845555495750653
34;0.0010930185435744089
35;0.07869737880461003
36;0.04407479666124281
37;0.08667490509187008
38;0.05017725811430841
39;0.06200575944698508
40;0.06126390329883024
41;0.06203502217480808
42;0.09903089842690173
43;0.08094831004320502
44;0.06004292283414158
45;0.09032018070424384
46;0.05370912016235655
47;0.08945011163471062
48;0.0633253811201611
49;0.0937659628465033
50;0.08007650004633476
51;0.035681706119698085
52;0.05919411351531406
53;0.020478013928893504
54;0.09074586915515934
55;0.09229586232675267
56;0.06970204716025243
57;0.0033214446115922727
58;0.09182154372583018
59;0.06309807695965965
60;0.09229565871777654
61;0.00921703643909384
62;0.05262574334767603
63;0.02931143254765302
64;0.08605202772733761
65;0.036363647959595756
66;0.01275388113218291
67;0.05840352776237793
68;0.06398926283956377
69;0.051225824790158095
70;0.010471132172328002
71;0.09638605403919374
72;0.0023594631145494207
73;0.057209892112667984
74;0.09400779967295268
75;0.07658497417776279
76;0.08686847904210546
77;0.08514931983682494
78;0.006630885257862729
79;0.028703584312024202
80;0.02060724835414486
81;0.08135559184926484
82;0.06227445238417041
83;0.06433276121756053
84;0.0021505380574157185
85;0.011878375921180863
86;0.0204628077682965
87;0.053556952785195004
88;0.05867768105747952
89;0.043911054225348314
90;0.0899510131633118
91;0.04343976572218997
92;0.015529634795518756
93;0.08352603900651158
94;0.07930145283088541
95;0.045737354730233826
96;0.07898995325986498
97;0.08851066101734734
98;0.02447679416430053
99;0.009637325320605551
100;0.06599283964805035
101;0.0070928159560510575
102;0.0050079443647938265
103;0.06645947213321289
104;0.046198318950065036
105;0.010841206412598127
106;0.05923054684991145
107;0.06620570620286678
108;0.037372549180605265
109;0.0936749308483048
110;0.09189086907432989
111;0.05466351958220603
112;0.06537917844134669
113;0.05979381381059388
114;0.09925680462550239
115;0.038778254435209415
116;0.07007860343498445
117;0.0012655569761491849
118;0.055676095529072205
119;0.04808208085468224
120;0.030731098041088735
121;0.0796604935673458
122;0.026321132487147993
123;0.029007390064440974
124;0.08474995773835775
125;0.02737521695404174
126;0.08577921259431878
127;0.05869004927883486
128;0.09141752085196923
129;0.008768926413112966
130;0.01732543910103598
131;0.04465351501197998
132;0.09039133259413329
133;0.023751113635602297
134;0.04951755882540879
135;0.08599181700973824
136;0.08824003144732859
137;0.03563049879287725
138;0.046481752208447594
139;0.048574312920407973
140;0.012462734559315614
141;0.026287499499296554
142;0.04435473553057867
143;0.01008942391789659
144;0.019433798357543344
145;0.012402025973616738
146;0.022157628562200982
147;0.07218924038244456
148;0.011333572454678132
149;0.03931070459590104
150;0.0843212656537033
151;0.06857888930062805
152;0.0638531730774043
153;0.08335868430134627
154;0.021464034661741006
155;0.07352868011427675
156;0.0006492489156337601
157;0.03860944878054512
158;0.020138147559571773
159;0.04642503907776213
160;0.021975333881534678
161;0.0122829888382054
162;0.04597083058086707
163;0.017671124250351635
164;0.01668025035515416
165;0.05628095282421017
166;0.01595229935885464
167;0.05412913054260449
168;0.08117291510489053
169;0.0894809189642706
170;0.03408652807276859
171;0.031140126575516958
172;0.05207663915954325
173;0.03979121725049011
174;0.0450750497981117
175;0.055906572492437356
176;0.007121829323786722
177;0.0011420149710214323
178;0.08052644039337609
179;0.05179281442466515
180;0.014651539798125668
181;0.07379599364391695
182;0.07284009249275746
183;0.019133362276995382
184;0.05330326368512964
185;0.026290171311483524
186;0.07007571753373201
187;0.06749477404004703
188;0.05701407334727968
189;0.035536939697442406
190;0.015881213350610445
191;0.06233668658360763
192;0.07521640995192805
193;0.03499047604479936
194;0.04071225017549034
195;0.027090156436822322
196;0.053007023004980225
197;0.03826503919633222
198;0.07243771456566443
199;0.02641022612753584
200;0.047254361035423575
201;0.011237051989920222
202;0.02447455037038443
203;0.05130443996343227
204;0.026367158333793675
205;0.08141284690841492
206;0.04439126613042524
207;0.005314780688516674
208;0.05071307930900525
209;0.042839879923008264
210;0.006100798690942578
211;0.08285088972242327
212;0.005119875156160081
213;0.04748041046764463
214;0.06659477312483401
215;0.036539275545218054
216;0.008191554702300619
217;0.03825963934646829
218;0.038175116557921364
219;0.05615253569998135
220;0.004750120912654543
221;0.06790202315578962
222;0.09219360402715292
223;0.012306178190571317
224;0.09292529141943677
225;0.06894637971228221
226;0.061639485764699346
227;0.04012396135218824
228;0.0024293377731185563
229;0.08368834996242693
230;0.009617496833718453
231;0.04024244577523878
232;0.07292823881229744
233;0.06777865018400095
234;0.016870560864147146
235;0.09800113696863624
236;0.04072164137221436
237;0.029501483793553107
238;0.07793897748890677
239;0.03739095428354827
240;0.07012816269602067
241;0.0468720311033211
242;0.06374692235991537
243;0.08897292196996247
244;0.008292897391061439
245;0.029746368910382705
246;0.05091984134831778
247;0.04593263217221691
248;0.05036374885239297
249;0.04732239625628052
250;0.09664808580709297
251;0.013516528944824347
252;0.058668069407022495
253;0.08038334044447926
254;0.03443969303724773
255;0.08406352456152391
256;0.08330473357293872
257;0.06259191998039959
258;0.08485911881307717
259;0.01238788753611102
260;0.0685722954436269
261;0.06916746343212653
262;0.0916788668692507
263;0.029451418923569762
264;0.06305277358878132
265;0.057179196350536525
266;0.06702297700805278
267;0.05024420338634742
268;0.06668253381261761
269;0.03257027170446336
270;0.07631205763281608
271;0.05839087338139259
272;0.035512813976027506
273;0.042653480014666456
274;0.0950129833672859
275;0.008830651023876679
276;0.09021971591718926
277;0.0627436897476166
278;0.02712258587809845
279;0.009092132036908852
280;0.006477230629108222
281;0.06039674882688626
282;0.023682698178970143
283;0.07050530571609752
284;0.06452477676755329
285;0.007014783098452305
286;0.0777584684067898
287;0.09716165421518637
288;0.08065295571166924
289;0.0384656357200472
290;0.01645464169147001
291;0.015797978493977193
292;0.04121382028857193
293;0.04013364963540622
294;0.04416173089750325
295;0.08702625847445457
296;0.001953247044676576
297;0.02890338300345531
298;0.029845758315029836
299;0.03619892191408619
300;0.0588280169737716
301;0.09945652350779174
302;0.01939809402427303
303;0.0390985278766132
304;0.031044643690925244
305;0.05649453002652105
306;0.08559825369465451
307;0.032806336139860275
308;0.05202938126848805
309;0.09191610542112409
310;0.09263942177217346
311;0.08945434729727925
312;0.027006199709811874
313;0.08115734651730154
314;0.06887223459132227
315;0.07377374667486335
316;0.05301580782406545
317;0.09741347322013937
318;0.01253673826614431
319;0.06429399170314212
320;0.08390110833308867
321;0.0687694723306572
322;0.09059240616172531
323;0.034665493119184675
324;0.09709827843433208
325;0.0077204558594980216
326;0.06649398619307441
327;0.027904420565571388
328;0.07415831667221659
329;0.02398948619685323
330;0.07259197215188945
331;0.06642230789525636
332;0.055470924916750736
333;0.07130183520769173
334;0.07429061732397134
335;0.08942382415738753
336;0.043401080512743766
337;0.060290955930077585
338;0.08307735846373956
339;0.023922766283758445
340;0.06641667678732531
341;0.031320499238011834
342;0.01830464653587982
343;0.012463728646542062
344;0.08773164115045134
345;0.08634061920366139
346;0.006579681113957492
347;0.006616540685542505
348;0.06143073679004305
349;0.020068101318275834
350;0.058824121016815695
351;0.02366149444963831
352;0.004819816068972649
353;0.04964988994113058
354;0.014379736734240957
355;0.09311711637920861
356;0.08775436715618827
357;0.0756992006426115
358;0.08339013751265179
359;0.06875558650324641
360;0.05009533492284845
361;0.0730673932766219
362;0.021378417009227046
363;0.08410616099455953
364;0.0459766341417932
365;0.03002296201248197
366;0.0216486373856025
367;0.08108065571169383
368;0.03382276717789991
369;0.058268920399180635
370;0.02622856850850752
371;0.0959923277053838
372;0.023234065839939613
373;0.08499084649431875
374;0.08186161089190225
375;0.027234035613066223
376;0.002043515913315663
377;0.038723080286543525
378;0.02547540261792707
379;0.07938266741547517
380;0.013008858760029697
381;0.017697736250998155
382;0.09406404318995291
383;0.06398479409105672
384;0.030080313077486598
385;0.06269955320385089
386;0.04779321290226649
387;0.06277184427598266
388;0.02018372387577394
389;0.06484738607762
390;0.009947556890622345
391;0.08058488122250973
392;0.04776188135212381
393;0.05145579288522534
394;0.08268479729385506
395;0.007504422018923474
396;0.054333976461017466
397;0.04642734352657595
398;0.0283093088352529
399;0.05049409262491842
400;0.014625280450092294
401;0.07853446714455697
402;0.03285564541856313
403;0.054334606332836155
404;0.09715647439396258
405;0.0702844151117966
406;0.042395082151795355
407;0.041226800546680556
408;0.08599890376520668
409;0.004537496518889461
410;0.08880341200531373
411;0.07591642694339362
412;0.006418680926028042
413;0.052187558319616446
414;0.08536550697611091
415;0.02689226462062816
416;0.04678220679079732
417;0.08131543846450855
418;0.03362611375267691
419;0.028654742252893453
420;0.045151360723985304
421;0.02386100118747582
422;0.03497185215419706
423;0.01017992924089789
424;0.010982926861577737
425;0.03910650291308011
426;0.06290018076915468
427;0.04903650318161088
428;0.045605092611337966
429;0.03161552829411871
430;0.03189699857376094
431;0.0390403902220586
432;0.0001951910311138061
433;0.005937215114626549
434;0.022008723727970782
435;0.0774378911023289
436;0.010915811619371297
437;0.0867965410821285
438;0.07441034341437268
439;0.08823972491720794
440;0.013228889710114279
441;0.06353213044401607
442;0.08324120744006552
443;0.034349254618840565
444;0.029671083049251236
445;0.036304915320427913
446;0.0544824759207611
447;0.06349347686802269
448;0.052170285978618225
449;0.09664328200149604
450;0.051767046233889925
451;0.02175393249528408
452;0.009625298956142904
453;0.0103871893374776
454;0.06931421215230961
455;0.008967196445767323
456;0.007456048708543728
457;0.056512046923419046
458;0.09225546710648838
459;0.00887500230491164
460;0.006663217238198161
461;0.03735724827232748
462;0.09496660712397392
463;0.08316054695562199
464;0.03467397291802278
465;0.03425561343532129
466;0.07462720774020064
467;0.09929294805906433
468;0.004634702995878504
469;0.09992738682204012
470;0.011219546955821225
471;0.06264319637972643
472;0.01630894520165488
473;0.09826541749513429
474;0.026578405089307002
475;0.021000071073981733
476;0.04422637514742912
477;0.08218894498269684
478;0.0472138241304082
479;0.03635102194301925
480;0.0856722419667014
481;0.05617530031221533
482;0.08466782652970589
483;0.012377675672721845
484;0.07135882753635517
485;0.0463484034937258
486;0.005864173906952797
487;0.02146827332264516
488;0.02931052153567334
489;0.0704217764083711
490;0.0725812465893952
491;0.09636401697998535
492;0.0023183171789427303
493;0.043935819627938404
494;0.09717385034974062
495;0.06736725323854932
496;0.09148973697550411
497;0.0076556694129994995
498;0.01945177646471077
499;0.04418503877975082
500;0.04445189382160794
501;0.07473639131212444
502;0.037391169612684516
503;0.028629648452333113
504;0.028512319594118065
505;0.09760891983202756
506;0.07600602913565128
507;0.06848332938689665
508;0.02171951613377542
509;0.03214057752614379
510;0.05370317777956782
511;0.0660720963815882
512;0.08180091798097222
513;0.019328196348913196
514;0.08554357791660921
515;0.0013814909374805118
516;0.03596183776334897
517;0.001139344245206897
518;0.053950239249279
519;0.027210585621779304
520;0.0744893856979008
521;0.011291815474628786
522;0.007111779359337812
523;0.024600461840454047
524;0.05926073641163258
525;0.09569670645992803
526;0.0066367276166075075
527;0.05670544981116335
528;0.004460676358166882
529;0.04178353411540908
530;0.03416631537764573
531;0.025497465609409978
532;0.07132737181134263
533;0.02047451181367497
534;0.0780118631864706
535;0.08764477761053924
536;0.011169340551604423
537;0.06970844709169398
538;0.01728561155815882
539;0.03787130791458391
540;0.07933765531669977
541;0.016801750562721176
542;0.09371502830578404
543;0.01678963098039472
544;0.05129092883295747
545;0.021426586497135348
546;0.050066429334869926
547;0.08647828889777089
548;0.09029167589020644
549;0.04604222689216267
550;0.07417481293947045
551;0.030385193160368397
552;0.07653122204651697
553;0.06450438571419127
554;0.059974971915423114
555;0.06167569324819985
556;0.06413430793245394
557;0.06494968334439771
558;0.025676704424446417
559;0.006061269403728376
560;0.0861764713763176
561;0.0998073257937417
562;0.09274600681406496
563;0.09330986620332411
564;0.09512449245865028
565;0.09769349777489503
566;0.043755378913335
567;0.04179406858862192
568;0.050023921546548944
569;0.06690474703557824
570;0.00886109530727377
571;0.020646009617988115
572;0.09918165962335809
573;0.037246618798132174
574;0.022702259104439838
575;0.05620782531616147
576;0.04701418273567757
577;0.043612501667830386
578;0.06267031286797563
579;0.013027788254193262
580;0.0489657051287721
581;0.02213262238300001
582;0.0037343396616932537
583;0.056330518958345656
584;0.058750559327189866
585;0.051884167156248134
586;0.07300103212619005
587;0.02335981254416051
588;0.0977526384789996
589;0.0680485453147636
590;0.07127303416613648
591;0.001832990195004769
592;0.06055013300389631
593;0.09524744395876471
594;0.02588092009167301
595;0.003480318317468212
596;0.051833237452320324
597;0.035618215281692144
598;0.07038430759393047
599;0.07115670840749076
600;0.05446733530899073
601;0.027163048169905325
602;0.019959433399547335
603;0.09514046411367895
604;0.08652447961350163
605;0.04617821445769424
606;0.05112055308286435
607;0.092478992872289
608;0.09189918975581304
609;0.08751926134708116
610;0.04291614528143056
611;0.013037634034141777
612;0.009656477055930358
613;0.07755901986885523
614;0.016448000156372912
615;0.058993853880012374
616;0.02943872160832525
617;0.000644704867836754
618;0.006118026003199418
619;0.07931077967006717
620;0.0820873870484155
621;0.026596949760707967
622;0.04249411799742055
623;0.08322036032346879
624;0.04149465090503526
625;0.039518681833447956
626;0.0382436587314439
627;0.08892076770855051
628;0.00773759570478455
629;0.06980702392313129
630;0.03538454935175681
631;0.006922935440545075
632;0.029049348552305634
633;0.017708214810796298
634;0.08161651847636656
635;0.02884175911552459
636;0.004143510364466119
637;0.003176718722374561
638;0.08060662207720859
639;0.07368732132273133
640;0.0025527071340384015
641;0.03251201013630576
642;0.0027989563601750647
643;0.08447218197240917
644;0.06868341887549827
645;0.05279248172270658
646;0.09515366641991481
647;0.07815560923514267
648;0.0001732974982286417
649;0.08073308682288653
650;0.06667911559269134
651;0.016422385256014062
652;0.05377528836410091
653;0.035642790946699886
654;0.08000467891321678
655;0.0703054548472803
656;0.07235563522398512
657;0.05176452811773158
658;0.07043868382082007
659;0.007919424124779818
660;0.0832239812486888
661;0.012144722627353211
662;0.09177124807798648
663;0.005458313528240721
664;0.03969963461585949
665;0.03407145093223407
666;0.01289657336397081
667;0.06632868210661857
668;0.02368439888603141
669;0.08639877115701523
670;0.04796396275316781
671;0.03590663669688964
672;0.07537231233621
673;0.06963174275302796
674;0.025701384740059688
675;0.04679827609793911
676;0.0694625833611404
677;0.08250899773289025
678;0.08322680947920107
679;0.018438163192490042
680;0.013012666381316396
681;0.05335628239954
682;0.04296647474025233
683;0.07439296328599287
684;0.03976947098491562
685;0.09952610960992009
686;0.08905110149991606
687;0.08016887066653772
688;0.05998116712167537
689;0.08302124161560172
690;0.09306299973947389
691;0.09158941489016492
692;0.09341804108015808
693;0.07123864648746601
694;0.08492294645521993
695;0.04643732923219467
696;0.007592503942032636
697;0.0010673022391394006
698;0.07223663057068834
699;0.00673546445635731
700;0.07607063001831094
701;0.0964521860631523
702;0.07164403026872228
703;0.0023635031748078573
704;0.03563342941387058
705;0.03574007986518091
706;0.06721456907538317
707;0.04780083163457871
708;0.048062319224669726
709;0.0784886193667903
710;0.0651175795126175
711;0.06530490076920646
712;0.053477417751523905
713;0.010188662459687815
714;0.01757096231699532
715;0.07972563827825341
716;0.027447566450136976
717;0.09023323570696597
718;0.006610690635669081
719;0.0029852116064518655
720;0.08518593810688838
721;0.06600664449587196
722;0.0470158469458161
723;0.004105384496889286
724;0.06951762764306905
725;0.09832124054762914
726;0.01615211421929036
727;0.08295546642660827
728;0.03311140719395601
729;0.014330501988654954
730;0.022558325868897867
731;0.09059485059417707
732;0.0653858815873737
733;0.062199281235771266
734;0.08364484202671095
735;0.01223557795382485
736;0.015138555037063706
737;0.08071864634315795
738;0.026125748118852557
739;0.0369779563981852
740;0.08076944479107152
741;0.03365866056805027
742;0.05213571458702269
743;0.07727761109330206
744;0.07918600236526592
745;0.05035731433263549
746;0.09096189732958809
747;0.034239768306285445
748;0.004792573206306528
749;0.0387527739721025
750;0.07288099218275039
751;0.05776714339964172
752;0.03068092729202461
753;0.03819306601431646
754;0.009385443319716481
755;0.07200508260899996
756;0.06084529193161997
757;0.012745395070915634
758;0.024391419292738505
759;0.09198492991902216
760;0.011897837442057115
761;0.03935569278877979
762;0.08567857324810668
763;0.019890618335132528
764;0.06241853480935647
765;0.08883077666506144
766;0.013669243662748
767;0.027001359080040158
768;0.014631404560707129
769;0.0780842467942981
770;0.06252563754289031
771;0.06008603604995821
772;0.0469224066456087
773;0.006599842428884773
774;0.031312151536992815
775;0.08068803891578086
776;0.0754152538378277
777;0.0052061516691116255
778;0.09604861059339052
779;0.03287880703658929
780;0.09021764648323377
781;0.09580424821510075
782;0.03020508211523626
783;0.08905629189646747
784;0.06422736266407403
785;0.03966973876287662
786;0.028954932488321185
787;0.025581545895029978
788;0.04529966440510528
789;0.062304021561904704
790;0.04029422179138867
791;0.008126278458087178
792;0.03713278499409247
793;0.05044595458309963
794;0.061471915230715615
795;0.0546364044254436
796;0.04503924070307196
797;0.018271233165174285
798;0.03876363873539926
799;0.0604234961509259
800;0.006043619733926664
801;0.0552985521583104
802;0.0886043479461633
803;0.0060741309855158136
804;0.057580028124952734
805;0.0459764839849923
806;0.08100515659140393
807;0.08450530162526082
808;0.09141817396618333
809;0.0941464874034973
810;0.028316781035326255
811;0.05980627221556622
812;0.0811047647877635
813;0.07554898369849056
814;0.09602702315971795
815;0.07890521231522687
816;0.058614480970142546
817;0.06943801232845692
818;0.011821264098767948
819;0.05367488361726888
820;0.04596783659484251
821;0.068221007126837
822;0.04141205089443924
823;0.018348938629537737
824;0.0915221498638173
825;0.051113379478069834
826;0.019551653324274977
827;0.04727883867463722
828;0.014030443309927476
829;0.06993476856683305
830;0.020179687595968165
831;0.05692546924200542
832;0.007389358451507011
833;0.018572194138609333
834;0.08849196020111824
835;0.007206713411449828
836;0.06889100521614618
837;0.02355289715780743
838;0.08640282755224854
839;0.09950423396756575
840;0.08129255458975715
841;0.04699412849353272
842;0.06849927901998014
843;0.0028917974009858628
844;0.05621407095680925
845;0.03766832167548481
846;0.07043646247055683
847;0.08462255957511078
848;0.09018640765401255
849;0.014584192726401591
850;0.01947180226925657
851;0.03936950450402171
852;0.09316328865676118
853;0.04988277922881449
854;0.052723800223703356
855;0.09056791832420089
856;0.016551745402785766
857;0.062209684857198994
858;0.03965075916206404
859;0.07088186909403692
860;0.0379510858014615
861;0.07577971871386519
862;0.08288114656642986
863;0.04448076845945559
864;0.008160641509587563
865;0.03807631928613452
866;0.014465722812149973
867;0.0705722000191566
868;0.07136462948759233
869;0.05914463145917244
870;0.030914359710291918
871;0.0608207712464258
872;0.057999045199809834
873;0.06270249102289605
874;0.0953991090882475
875;0.038794993729011844
876;0.06537880754355137
877;0.06018537593546702
878;0.06474462935040852
879;0.07547887473864204
880;0.040821592412445276
881;0.05028159528160965
882;0.0015040666927439107
883;0.06847813094501629
884;0.05499844276299601
885;0.02357743949000181
886;0.07765908862547607
887;0.0585933267514417
888;0.09843429953470328
889;0.05988792289852693
890;0.006355904712879457
891;0.09713844956223495
892;0.04432487997977111
893;0.006504084722639947
894;0.014389553680074519
895;0.017433789757113904
896;0.09409499435870274
897;0.021262869210249127
898;0.07340733797178099
899;0.07973005934663704
900;0.015458386899558375
901;0.06068543753434266
902;0.01451618671147158
903;0.08918933805379346
904;0.0682212031875875
905;0.0002731923549584403
906;0.042500638642412984
907;0.048701117437420054
908;0.015478844163419504
909;0.05781952743450946
910;0.043624328411783625
911;0.015301836393596602
912;0.06121157200617255
913;0.07337302870641088
914;0.0369793372926499
915;0.010776560373150635
916;0.03463760350060343
917;0.0710879214204853
918;0.04701707092066344
919;0.08979436248747183
920;0.06971506786601078
921;0.057212019580909414
922;0.04575345502882118
923;0.03892507693855558
924;0.060642116177000716
925;0.0811283219277769
926;0.056643162501159784
927;0.04205790161820854
928;0.08204564598833343
929;0.07716295558592422
930;0.05895420321423313
931;0.08529545868539495
932;0.0781138571100409
933;0.06298518018395738
934;0.0838376395507105
935;0.06852625847404178
936;0.05687529312174532
937;0.0989607625138425
938;0.0695258513374065
939;0.006919972069469882
940;0.005770272642570674
941;0.011836272988748942
942;0.0441371446140158
943;0.007422750071210993
944;0.04640392454909793
945;0.012012216724267567
946;0.08190273576768393
947;0.006068574365214774
948;0.041582168145294085
949;0.06201929174288106
950;0.0008560224514819192
951;0.07220590009289501
952;0.03764117493269106
953;0.006686929879939863
954;0.013885718698192752
955;0.013789238579075559
956;0.03430280602038138
957;0.07683895417563316
958;0.07802092273396909
959;0.05385797643341466
960;0.009563618158471643
961;0.01920890686008805
962;0.001209521279964132
963;0.026750297985906238
964;0.03492683785755753
965;0.08359107960657863
966;0.04607827140640324
967;0.0742067973023825
968;0.04445154089233044
969;0.04327628334745301
970;0.06709738259910365
971;0.02450276707659742
972;0.08412291127244792
973;0.004617111572805455
974;0.018184141560125346
975;0.0702546258510343
976;0.022001232385153058
977;0.07460967632327624
978;0.051981747034787674
979;0.03179077463430653
980;0.04658583746418813
981;0.06596729834108016
982;0.042096727050927
983;0.006124759562331439
984;0.03452162136152195
985;0.009687818392837978
986;0.05202300401083751
987;0.0683650296830906
988;0.024102548339933416
989;0.0022455074630812646
990;0.02351230349329806
991;0.09268418556526559
992;0.03537918971268396
993;0.014875910664229398
994;0.09606176893350865
995;0.0798818480976983
996;0.09444308604524572
997;0.036477686809871714
998;0.03641854408312435
999;0.023387662026649658
1000;0.022092314549421323
