1;0.13508347686842773
2;0.1471574836576883
3;0.15610921433759822
4;0.057378680299829024
5;0.15455964699990532
6;0.156703693684101
7;0.0002883527316714485
8;0.12565145421842663
9;0.18846696317060213
10;0.10181197861219993
11;0.0019205651846146755
12;0.09781296329377168
13;0.010981211415413906
14;0.019603352002364006
15;0.1397665979026195
16;0.03160958038210462
17;0.0037623475130481813
18;0.06091806483265403
19;0.07994248133671732
20;0.08491705725239802
21;0.16824457750394775
22;0.004661879801645341
23;0.18739893818964296
24;0.018346073385449736
25;0.14149775656004696
26;0.06240616404245141
27;0.05555260360035661
28;0.16075932100752455
29;0.10284390878526409
30;0.018924893653560204
31;0.08140296409403687
32;0.04110362145100446
33;0.17377510374989175
34;0.14934150920141856
35;0.032916748753026547
36;0.09278356164997673
37;0.03237758276398835
38;0.05270794939316175
39;0.005069699166940911
40;0.07501008548896221
41;0.11556183574209855
42;0.19276446807189254
43;0.11522394136425865
44;0.05106769622948559
45;0.17809650568740198
46;0.1760178293234522
47;0.08059961084772851
48;0.0382889911602397
49;0.007425767927470495
50;0.05237439259018742
51;0.052657458577902855
52;0.18331562957570713
53;0.18774786584079944
54;0.08190155459279287
55;0.15643459861019776
56;0.014557660192806732
57;0.007935312984844246
58;0.11393910870746363
59;0.06553515312011847
60;0.18256921230877063
61;0.08709653175607307
62;0.16129605789894763
63;0.18834386364802044
64;0.03801860226541909
65;0.05470444379719577
66;0.13482154231845475
67;0.04469375045417563
68;0.10368739794385312
69;0.014410214353009777
70;0.042935731942061156
71;0.07262714853825757
72;0.12705034946213542
73;0.19381848500338772
74;0.14169462431353325
75;0.12544875282177198
76;0.008273140733346862
77;0.0959430802092875
78;0.010453840349377309
79;0.1444410406911405
80;0.1481785403375477
81;0.0769160754957877
82;0.03503417420660176
83;0.16265141576218395
84;0.08006650105844804
85;0.08447333335001339
86;0.05195786035718822
87;0.1876616976002978
88;0.046401524396013555
89;0.016471647208150066
90;0.10818615100741158
91;0.061933625378421224
92;0.04109312260087242
93;0.11458272820625126
94;0.034514618118306584
95;0.03853476787519181
96;0.04006385269368604
97;0.10614584314227454
98;0.08498912899068865
99;0.031181906982901575
100;0.0065582746495302935
101;0.16460378785403595
102;0.13469378986119426
103;0.07766427915230201
104;0.045051028533829945
105;0.16388587846692504
106;0.1695376261392041
107;0.19816677659921392
108;0.1554227423063496
109;0.1100311378043861
110;0.08050766161656263
111;0.009267585855410654
112;0.1647866319898944
113;0.052149397081374164
114;0.053499273522055815
115;0.0657443948399971
116;0.11163954014951526
117;0.14376037347938556
118;0.07556070675099598
119;0.02092847614452591
120;0.14861143307516675
121;0.17522568834219202
122;0.03493346034477203
123;0.0051193071465524655
124;0.0954738473224005
125;0.19472159535286454
126;0.16183832028984602
127;0.17867531627541064
128;0.1168374703861944
129;0.07943124705354139
130;0.12205535729905853
131;0.16342516775185467
132;0.039702103701645244
133;0.08479569717204179
134;0.11244596270605312
135;0.13675521008591618
136;0.17256471176438945
137;0.10642442048777884
138;0.012796912211279921
139;0.08641980837033572
140;0.17105583187708773
141;0.1833228798129141
142;0.17477461873328737
143;0.025278016028711915
144;0.007303210686633622
145;0.1502100773365471
146;0.034056080651156
147;0.1179897310886327
148;0.1659457080706342
149;0.1327378373775698
150;0.16874623546839287
151;0.06738492174306521
152;0.010113292728581703
153;0.03807068659052995
154;0.005903160377180927
155;0.1632950876580854
156;0.1737943633492779
157;0.16165446460210947
158;0.08508080385194533
159;0.17034091912829036
160;0.1430805580294091
161;0.014193132812090892
162;0.17344792299932377
163;0.1768842580377187
164;0.11535995993497267
165;0.17010067419931074
166;0.18496246519885623
167;0.1339079670970104
168;0.009955552232239762
169;0.08370183243084624
170;0.05249563284786396
171;0.003972524406445466
172;0.10310201889831479
173;0.18211891559952006
174;0.050819188250590376
175;0.0660473351659883
176;0.029430131094883016
177;0.1794448223120416
178;0.1935836745109372
179;0.15270038320548707
180;0.05333647769787473
181;0.1559969393307385
182;0.16643500953636212
183;0.053153552491212896
184;0.08521401876014945
185;0.17720328816507713
186;0.09558069334659199
187;0.14317658698091837
188;0.06272609527005912
189;0.012301574401908155
190;0.12770683296235016
191;0.11868127287144854
192;0.15427159508228327
193;0.06540756271181114
194;0.16579007911863333
195;0.04622263395413911
196;0.088988338002281
197;0.13407065726878045
198;0.12494029640488857
199;0.055769597134280494
200;0.11670579284482979
201;0.06580807584547614
202;0.08591311026639414
203;0.04880689651872492
204;0.1251298208995449
205;0.07030154204120889
206;0.0844368300288082
207;0.00284988095670764
208;0.0731658140370161
209;0.12747909296897134
210;0.07013812149291886
211;0.11954209014829219
212;0.11041638086815309
213;0.04690870459964241
214;0.08102869393314659
215;0.09469584899088268
216;0.1663581472431929
217;0.052999224149881036
218;0.051742653041074754
219;0.16058414790838513
220;0.09252376983586891
221;0.03805683946915479
222;0.048828186829299416
223;0.15030840612573995
224;0.11690250687542453
225;0.15216699746641651
226;0.10915906611061349
227;0.15999910305506593
228;0.14047903339180426
229;0.06033894544727778
230;0.14721166166633914
231;0.16646814939240337
232;0.024220366533183692
233;0.04664070083103498
234;0.0722307087625826
235;0.0813040511427588
236;0.1960519318301841
237;0.06874769861136602
238;0.004295138621546491
239;0.019325536147526235
240;0.030140173319483623
241;0.1885697030536905
242;0.10229655190565318
243;0.006909411633284512
244;0.18282141460731866
245;0.09711030525465547
246;0.12117163902589159
247;0.03492937508570069
248;0.036630719893508794
249;0.12182090899404044
250;0.04524612284689849
251;0.12459725331462082
252;0.08673487549394615
253;0.1347246841763669
254;0.03920748690658809
255;0.1243107824146603
256;0.007018563008381618
257;0.13786723223593353
258;0.032536891394346436
259;0.0003312965035834115
260;0.18417779118081912
261;0.09721034796320858
262;0.14256032743155508
263;0.03917431606089059
264;0.03562557477317017
265;0.10061917553546143
266;0.1601266971566975
267;0.10006220532242611
268;0.1298926110493367
269;0.026692102615917326
270;0.15629388532671656
271;0.18756808030751998
272;0.1888794017050797
273;0.11585707926435836
274;0.12832696789897813
275;0.0010114702266232234
276;0.1786034851353207
277;0.18192838776954118
278;0.10824910024240995
279;0.014372034479048647
280;0.003499305974685929
281;0.054675341224081464
282;0.1742498683328683
283;0.03292971503831268
284;0.13962657380080118
285;0.08847633778086834
286;0.0777212379400467
287;0.08588815732451148
288;0.1317734056350549
289;0.18420439578886652
290;0.04687266410573754
291;0.0357174859884853
292;0.10737640919089181
293;0.10867537309435489
294;0.09808954907358608
295;0.19337324759787242
296;0.13142608247451165
297;0.10226843402401131
298;0.1034163773048477
299;0.10162252215764384
300;0.16477281723176385
301;0.043728897459497464
302;0.009937228555341094
303;0.17371427888608582
304;0.14627539588155478
305;0.10021401924427363
306;0.12537710585854414
307;0.15245864938134776
308;0.007184342692606216
309;0.03862686950162569
310;0.028877209674900886
311;0.17115272969720086
312;0.12466604940902293
313;0.1386934261502388
314;0.1626153714621905
315;0.14004330174414362
316;0.03460183670382579
317;0.1474143550874892
318;0.10226374612623841
319;0.017984234174985025
320;0.08997706922164672
321;0.03921200729476746
322;0.019837984959691846
323;0.11554696617563001
324;0.004770641944787735
325;0.148106527015329
326;0.1875006423878305
327;0.0019817930462277867
328;0.035417515493822396
329;0.06045035615022731
330;0.05648550536368668
331;0.05341832557484867
332;0.05279909466204378
333;0.15786898646375128
334;0.12727821326856567
335;0.0993080353898968
336;0.18568472060190663
337;0.13096482347606053
338;0.0756356846755322
339;0.06161948488850447
340;0.08827508045366145
341;0.1356104028325483
342;0.1139733019635164
343;0.1505417274291578
344;0.16267373087299503
345;0.14691903402616238
346;0.13858440344946124
347;0.15523445906239489
348;0.17670559852931514
349;0.008810481312151319
350;0.02935518228286287
351;0.19161989524682144
352;0.06894710335892858
353;0.1847810781387383
354;0.16656475230889137
355;0.16389815703620747
356;0.07240558829276092
357;0.04457828329854028
358;0.060107350306352995
359;0.18786333966835075
360;0.09561342203839976
361;0.11781527679631272
362;0.05882711731339199
363;0.17019264889129146
364;0.04888450126756008
365;0.0002288367906816191
366;0.177999088087741
367;0.08339225071713148
368;0.1298302908032659
369;0.17565307313282755
370;0.065723936706503
371;0.03256666142736233
372;0.14351578974001053
373;0.10243716313677052
374;0.15046009378480257
375;0.03088901270818083
376;0.13196840589772235
377;0.0536354248601028
378;0.08194651147041931
379;0.031188472209840425
380;0.01937622294157142
381;0.10155954123772584
382;0.03827407769242868
383;0.03128264630939004
384;0.17547704765307764
385;0.06561848807033768
386;0.11358324410260823
387;0.1903434298588491
388;0.004705898219458372
389;0.07085796756418854
390;0.15858885366230102
391;0.16993628009472894
392;0.17860974640567315
393;0.13731899565649347
394;0.06684845737160539
395;0.16110749820053338
396;0.1733035705000074
397;0.0670937107593464
398;0.15475228674836802
399;0.15675685757109334
400;0.010197939831425874
401;0.186834468721564
402;0.17079320307873072
403;0.17772201448156516
404;0.18421978300151026
405;0.08727265772906095
406;0.045193328500865375
407;0.18740654716515712
408;0.10890590497771802
409;0.05093294571205629
410;0.0025223149970153404
411;0.14994597834951343
412;0.1299166253960051
413;0.08258986829174611
414;0.05325505277175768
415;0.1001253090064394
416;0.17693055772887764
417;0.044936642116834326
418;0.14028723918758607
419;0.017573488682575866
420;0.08272669187114082
421;0.09952539480114071
422;0.07905706277385192
423;0.15835871552014333
424;0.14539090301153856
425;0.1562209098648356
426;0.18270639025507326
427;0.13024590300915873
428;0.16153081621753307
429;0.08156627306885258
430;0.11958019715647897
431;0.04420864517037637
432;0.018998544483358894
433;0.19874699565867077
434;0.11029737190393026
435;0.08695009460386377
436;0.04484813947444626
437;0.07971240084116389
438;0.1717013026610738
439;0.001460959982175747
440;0.08189043685637128
441;0.13574360996767357
442;0.06309970726744758
443;0.1259291724390174
444;0.16850184935454737
445;0.053568164907478094
446;0.17536912185069403
447;0.12757055674184092
448;0.0858056186613637
449;0.02117661831977329
450;0.17846777138424327
451;0.11433822229123652
452;0.13142604766345728
453;0.17400531855473353
454;0.1342389734302992
455;0.16461079272509693
456;0.02638643831053429
457;0.17805764878016503
458;0.017858788223173216
459;0.11181316558001059
460;0.03636356981500808
461;0.10062773038002831
462;0.1010427688252829
463;0.14216727693332315
464;0.17254927793061334
465;0.14843159677852416
466;0.10271123029125195
467;0.10951649503082495
468;0.18310158053737455
469;0.1445155131472435
470;0.046660674590601484
471;0.027235495582232972
472;0.1057361793668553
473;0.1029288947772026
474;0.1387053424979859
475;0.07246609477493074
476;0.13473887491862127
477;0.10769170739705364
478;0.03911809362426488
479;0.1756511594728459
480;0.12193178714075455
481;0.1523144309514262
482;0.11817101804110304
483;0.052635636644355534
484;0.1514486742434815
485;0.17625753514126585
486;0.11985882046026271
487;0.079948883545165
488;0.07491404674012514
489;0.1879951549360822
490;0.04988639336329603
491;0.17497329813688514
492;0.10413278940360104
493;0.19180012807728267
494;0.14405235842683134
495;0.12921617112401637
496;0.14549693031526167
497;0.05576130928388556
498;0.028309422330005576
499;0.022703072155587534
500;0.0854399974536204
501;0.10258711126553288
502;0.03561822616796813
503;0.11463347898378232
504;0.16997704651441287
505;0.06812455751874529
506;0.093297702951917
507;0.05600690969983895
508;0.014176924312711692
509;0.12568015472625346
510;0.11509629076543933
511;0.08506487406975748
512;0.17300345425433541
513;0.16668988872816376
514;0.11080746943728775
515;0.04688882717402938
516;0.02292782451829376
517;0.07689509984705645
518;0.14765124252529033
519;0.11659797437554587
520;0.08268337522763708
521;0.0797274096823948
522;0.12769144831124896
523;0.030362606530868575
524;0.08068767386512408
525;0.1112725626256703
526;0.004519899241569903
527;0.19288759638873318
528;0.10025819262145692
529;0.06060134936326192
530;0.10174616366785723
531;0.185131566720039
532;0.1524360242642192
533;0.13324248959890703
534;0.11599508317560213
535;0.16238375726718052
536;0.1314045194874565
537;0.1994993166895446
538;0.0800117299968355
539;0.16225419628780574
540;0.10587933108263477
541;0.15455579998777663
542;0.11883297901022252
543;0.1907113893334944
544;0.12708602698118068
545;0.04817186983716346
546;0.04466084169886347
547;0.18405695757357815
548;0.01650219147836751
549;0.19170346235657967
550;0.054675972493582185
551;0.18252218356818212
552;0.01856492878058711
553;0.0038766377372957185
554;0.06513472264186451
555;0.03819486292897039
556;0.09211589401030125
557;0.10335718422461498
558;0.016155241117767383
559;0.0004744627363064025
560;0.0751312787482986
561;0.06715665216663014
562;0.16964997039376073
563;0.00597103214480208
564;0.0409688458540626
565;0.05124175835510983
566;0.14106905882537402
567;0.012706233046721539
568;0.03596487165475937
569;0.09831360731423672
570;0.18603069680797915
571;0.11530013909827347
572;0.13984035476528814
573;0.10500817066085061
574;0.12101383319635717
575;0.11624781888275842
576;0.08450411438510037
577;0.14330469435957235
578;0.18089440254931935
579;0.18307934580427912
580;0.17429351457813264
581;0.1686762391912625
582;0.04420318044447274
583;0.12031902033320628
584;0.1971130008369764
585;0.15956806925487743
586;0.03988487972596569
587;0.14698243288405252
588;0.05374829946452151
589;0.17770812829097687
590;0.19989271303023906
591;0.12032623910680001
592;0.07765769176750903
593;0.19498033225672648
594;0.017387360654415353
595;0.047201381962722236
596;0.02585350005528897
597;0.02223652295096692
598;0.013243020858209366
599;0.1771943640691833
600;0.11005070472969432
601;0.18571986929558215
602;0.025694177766613736
603;0.11034244830888328
604;0.06739164760747955
605;0.09231527815329602
606;0.08570456809335114
607;0.1603153336177639
608;0.14449501220222427
609;0.029107829665201826
610;0.031455723621267695
611;0.1503303398998156
612;0.12925390837467474
613;0.04978301618014132
614;0.03194588901749112
615;0.03715353545699001
616;0.19929871614164574
617;0.1515303586836867
618;0.08538764476929271
619;0.12352345402864902
620;0.17892344517734043
621;0.16963787661645122
622;0.04556947087119448
623;0.06378370458597259
624;0.17246915555171682
625;0.19448944953783542
626;0.08664053398610479
627;0.10746195642521437
628;0.019153652264196255
629;0.1198750236791104
630;0.07516268240092785
631;0.0782373936687697
632;0.0649405837573845
633;0.11720348648350827
634;0.07515427476325283
635;0.04403144653067568
636;0.16835744551837972
637;0.03481128417759534
638;0.06830838412537088
639;0.19072078353634972
640;0.05012785408493026
641;0.11329991414735233
642;0.11192903948112694
643;0.026299646984712856
644;0.12442227920367797
645;0.1740711523926281
646;0.17872465217543476
647;0.19091076201693305
648;0.08407751077130675
649;0.09364463502345324
650;0.023631315327735793
651;0.12962270095863204
652;0.19106985247228606
653;0.027562132880786086
654;0.15617743727868133
655;0.014883890647702902
656;0.145525175508685
657;0.16736382700189362
658;0.14117955471460605
659;0.016358120054718327
660;0.17512204357414574
661;0.04218012919943226
662;0.18195076472274488
663;0.045972689613277745
664;0.18028349135129224
665;0.10914691980809002
666;0.09974004397619847
667;0.1875244391386994
668;0.01681185240274139
669;0.010853204132682537
670;0.0033644571631169743
671;0.0038832369467724837
672;0.0712188178587375
673;0.07701835316370068
674;0.19890798985267638
675;0.16945212962075562
676;0.18213304102798306
677;0.15914740043593315
678;0.1892237024198332
679;0.04978958434406873
680;0.08745770705099398
681;0.1380074140810113
682;0.09285885276843275
683;0.05834890374910926
684;0.16037481423152378
685;0.1597977301123591
686;0.09855553936649009
687;0.12360392395563809
688;0.05973481864429229
689;0.0045098974553426045
690;0.15130022608578417
691;0.11332615963732978
692;0.06139395495771208
693;0.19289534640734862
694;0.08084463612165865
695;0.18873090908443435
696;0.0175513593277975
697;0.028883552020557257
698;0.12697977636952926
699;0.05387614060687995
700;0.03631580945023283
701;0.02194805904506432
702;0.1225344970066761
703;0.04138515349024401
704;0.023056645081020455
705;0.05414127354928229
706;0.14865460264733069
707;0.051140451336238235
708;0.045992328144053185
709;0.15315087199583866
710;0.15759638957776462
711;0.08059062686983046
712;0.16648874492264357
713;0.005530276432333015
714;0.11144730172132263
715;0.1766843341982484
716;0.10868765316843634
717;0.008611839744073714
718;0.04188305203893286
719;0.0915626811573977
720;0.0834482219682665
721;0.1303719423327256
722;0.0742495492471189
723;0.06769029183939039
724;0.05339284868956662
725;0.1890970067395671
726;0.044609361498824086
727;0.08458827168459707
728;0.11005440869071624
729;0.1070803311192842
730;0.19025888975851024
731;0.08140109421744124
732;0.014714318969661156
733;0.1449496400062578
734;0.06413790438593507
735;0.07398436938913247
736;0.02568272836688894
737;0.03125642339618941
738;0.1831295407769789
739;0.1614900914639064
740;0.07521745820090323
741;0.17995391910046662
742;0.12326226805601459
743;0.010948197106137814
744;0.0270335951819513
745;0.16382947525325908
746;0.16569172895552847
747;0.07957003357363941
748;0.11315301308250852
749;0.13458999863731744
750;0.0006078839291045802
751;0.13130799544778374
752;0.087904028385736
753;0.15101681854994803
754;0.11683237470083159
755;0.03130676884997048
756;0.16353378666905657
757;0.058110908171740874
758;0.13844638154689307
759;0.01841290609840418
760;0.05329304043837642
761;0.08325039897964957
762;0.010551587444249466
763;0.13182013663104214
764;0.12868188143958048
765;0.09461336706192539
766;0.06319453551001589
767;0.1894006058626033
768;0.14951843880967866
769;0.17192273477711878
770;0.04785257691337422
771;0.16912400346028203
772;0.11514500713998366
773;0.024736799668575605
774;0.03570565025247494
775;0.16734828271745614
776;0.09472902262966171
777;0.1507493880390621
778;0.00014963322272751878
779;0.12817179777916596
780;0.03458824845543414
781;0.06179007013168927
782;0.060117023820316876
783;0.09904065934141304
784;0.10478643971205513
785;0.1261750393228157
786;0.16847789791447393
787;0.13385840297091475
788;0.0898247957789784
789;0.12588272599082198
790;0.10494478369431454
791;0.15783333907105251
792;0.004308028688251597
793;0.03921841341502957
794;0.10887458965369608
795;0.006229236331522503
796;0.1568624674550957
797;0.09888061793646577
798;0.14496779644203228
799;0.1883944465251417
800;0.16637750427485795
801;0.0010862602657961907
802;0.003338988671455723
803;0.15331480063398756
804;0.15740992155748745
805;0.13619155063093522
806;0.07890639628557372
807;0.02840166893772027
808;0.05212039665508681
809;0.08264111308490892
810;0.18336698063383455
811;0.19562817028069368
812;0.15468885469579008
813;0.1910071915028195
814;0.040697512267638805
815;0.14084526515119186
816;0.04492614141124512
817;0.05341995647796474
818;0.1257225439824261
819;0.10359196239932332
820;0.013275488601934527
821;0.06809285387179574
822;0.07635761670687212
823;0.1569360592085789
824;0.11089749851031144
825;0.024109499132846792
826;0.1335338197564563
827;0.1879443839903688
828;0.05633881355965214
829;0.1252449333769829
830;0.041996326937107954
831;0.1245696132308894
832;0.0020206417009197564
833;0.017808557644526136
834;0.19094717560357055
835;0.1635009383730161
836;0.13420245456097726
837;0.055016142763047206
838;0.04188276634144022
839;0.11018882319745114
840;0.177969882269354
841;0.1406203906580329
842;0.05813880928790125
843;0.08261744253150022
844;0.08818840050785466
845;0.17863967816084536
846;0.061895985490053596
847;0.0704061273161694
848;0.06327210638694827
849;0.10499502094371771
850;0.06988073487086854
851;0.14309293905523143
852;0.18327003648403561
853;0.018076448604646102
854;0.18403242152662708
855;0.009112462439119895
856;0.13320372879532377
857;0.09050331905106367
858;0.11434811023806896
859;0.15003068384132467
860;0.192292696663166
861;0.07416948025443108
862;0.043581503633644506
863;0.020274269453291294
864;0.17361266322616106
865;0.14804385689035224
866;0.04836671514989262
867;0.17545601130562063
868;0.12393808224404318
869;0.187558080190976
870;0.1983531278139349
871;0.1996038057592533
872;0.0042482168707261405
873;0.1387479907800638
874;0.0337007524334108
875;0.07829296748315984
876;0.13738521054502975
877;0.08597103115785286
878;0.044335081942105316
879;0.028394668278459625
880;0.055349814223029314
881;0.03479756520863477
882;0.0005144992188053533
883;0.10640380616908598
884;0.008265210393327439
885;0.02088811698679969
886;0.19399540806595672
887;0.10379808722703837
888;0.022884937464134315
889;0.13014188509223665
890;0.1800193727687629
891;0.0774382208254098
892;0.16490567805280712
893;0.05475498011768203
894;0.10310850917780226
895;0.029960310910649237
896;0.008307347636782536
897;0.03873256839060988
898;0.18526316971992668
899;0.18725735910857938
900;0.16035049737324136
901;0.18173336460794812
902;0.15328540258808163
903;0.1651908866822284
904;0.0910365213128233
905;0.19379675836353516
906;0.1129498066312461
907;0.008916749823398185
908;0.03303230845582152
909;0.02608749056620654
910;0.12589746960812284
911;0.14755095822740807
912;0.015961264194298174
913;0.14412238193305363
914;0.1282072373650472
915;0.17842438337467076
916;0.03239862766853268
917;0.042536296074120045
918;0.1649928692709266
919;0.10349068618231344
920;0.12263604548822116
921;0.172208637060906
922;0.1501792091911458
923;0.10417076961900029
924;0.10759344029775966
925;0.10729660901379356
926;0.06774616645135734
927;0.17002095869633038
928;0.12173423342098372
929;0.1813732791877821
930;0.02226935394766907
931;0.06926559364573508
932;0.1135502897289965
933;0.17542631803794217
934;0.05389225278476733
935;0.10209919835286425
936;0.12064801896754938
937;0.0681644799976175
938;0.031685262331020696
939;0.0974361515405538
940;0.12167110464475786
941;0.0450334295077381
942;0.06748590343860193
943;0.11442858490404245
944;0.0531390205202672
945;0.14815506633323947
946;0.025573329257875723
947;0.16161767940721866
948;0.02022196873248923
949;0.17501742269911735
950;0.09392785851103472
951;0.0896544915768202
952;0.01788914347559567
953;0.05450091784860032
954;0.14512889267713788
955;0.1355284631607579
956;0.04861405410553499
957;0.10122284841809155
958;0.03816987540870936
959;0.12774708899847625
960;0.0619060039439568
961;0.04645068362400458
962;0.02824593522746517
963;0.017603341117294224
964;0.0789274092507384
965;0.07840563247822196
966;0.017704843487044465
967;0.021338496552366217
968;0.12087724120310697
969;0.15568409938228353
970;0.18615023074102244
971;3.334959388094916e-05
972;0.025566375732613313
973;0.1625108530845283
974;0.0024852048989900902
975;0.17821296313953333
976;0.06408345517046099
977;0.034928956056814835
978;0.14801363937237644
979;0.04882056832586559
980;0.045638419835041646
981;0.12657727661746393
982;0.06220881776130487
983;0.06699845271061088
984;0.19798380021488807
985;0.1943507589383465
986;0.11618231668601797
987;0.036710655051923814
988;0.15978698021887805
989;0.13839884519625562
990;0.039324482044127265
991;0.04587072520012406
992;0.03479693420310222
993;0.09567593947127098
994;0.013067495206943593
995;0.18513789643284198
996;0.006206206049364705
997;0.1964923077198536
998;0.19303127339857232
999;0.17507439820582618
1000;0.16832013149193387
