1;0.034552682607920104
2;0.1979084805019616
3;0.17993915707409858
4;0.1195498743914739
5;0.044660561357542795
6;0.14049656033755387
7;0.06391621923952487
8;0.06340316661073733
9;0.0815414831946187
10;0.021060106021827396
11;0.12082330729892204
12;0.12169189390085185
13;0.12996113904425913
14;0.057487306254675734
15;0.08689266145754487
16;0.11722132143209228
17;0.11948606599134318
18;0.16958169537722378
19;0.1867012316984759
20;0.09842986168283177
21;0.071513428115103
22;0.17235557086325912
23;0.19183913263949548
24;0.03964651853703236
25;0.07945839383012031
26;0.031444695426812254
27;0.07682920286864586
28;0.08796715455276448
29;0.113043368271855
30;0.11014442547887873
31;0.025801230615327353
32;0.03821669443267333
33;0.014703409915816756
34;0.15195730798314566
35;0.15422501126879642
36;0.09611048142608802
37;0.06599010154264322
38;0.10366804998906268
39;0.18185911171015814
40;0.131159291079039
41;0.08758260108495441
42;0.16471172633465472
43;0.19406386451527213
44;0.09598205951192978
45;0.11155130517567778
46;0.04928490545220221
47;0.006200448123804403
48;0.0835413095669823
49;0.020393831652285966
50;0.03859476360970837
51;0.14257445820473819
52;0.16351155571168635
53;0.07456857371466456
54;0.004385862991265488
55;0.07464957080713155
56;0.09035195323013821
57;0.15213272378678078
58;0.13077136942483158
59;0.05498476081457176
60;0.13665471205456023
61;0.1110399327222622
62;0.1417246949596986
63;0.01825443763127832
64;0.15059211096424052
65;0.136753719686214
66;0.052191521919051256
67;0.11574543321242217
68;0.0021495657259362534
69;0.08861166808994372
70;0.17144827187892345
71;0.0967199265098529
72;0.02333786953928716
73;0.07029178803990946
74;0.1707656713871206
75;0.09370831574088301
76;0.17821504889090972
77;0.13533023038819297
78;0.176102586978762
79;0.06675339372299097
80;0.10489610904374758
81;0.14994624028674117
82;0.08392960992051145
83;0.02758866372736435
84;0.0593316264437386
85;0.12089270067168184
86;0.07771204110236832
87;0.06673467051167585
88;0.014427364054951042
89;0.10355027599862857
90;0.10631628009381407
91;0.06299623247158384
92;0.08869954593635149
93;0.08403495279114766
94;0.18392021563511038
95;0.10547219289731213
96;0.105070474078301
97;0.16335148207016903
98;0.1422689280942057
99;0.19911509387364823
100;0.03109430731624434
101;0.15236406008018424
102;0.018883402216559132
103;0.1540610355722554
104;0.019328235188752776
105;0.18044893561234077
106;0.06335983305152589
107;0.17194410336158517
108;0.010757806101740397
109;0.1543669132111316
110;0.16021229615734867
111;0.1336208342551727
112;0.032344465176558736
113;0.150543404233756
114;0.06774103528212017
115;0.1121984110604951
116;0.18183689452361274
117;0.08418736408177996
118;0.09924628689685609
119;0.03532062924577983
120;0.1027288097948061
121;0.026192254472025514
122;0.17558570827054407
123;0.1368644099765935
124;0.12272391584389175
125;0.13694393702861427
126;0.06826713127534911
127;0.07882580740934603
128;0.15574979774571857
129;0.18532190228580953
130;0.05006574709688208
131;0.037013915881344686
132;0.18946810416863155
133;0.06779642727552881
134;0.17791706371165036
135;0.1969082356097731
136;0.15697321778908901
137;0.05977853185634133
138;0.042984823343768234
139;0.03136608566398176
140;0.007955651966074395
141;0.1824203210123391
142;0.07290196061619646
143;0.17963364634923462
144;0.06150059351144306
145;0.16723523567407117
146;0.11167045892194767
147;0.04857695063728005
148;0.03240191185313046
149;0.16911921966035423
150;0.12244822882478175
151;0.11631002584353495
152;0.004138113672268196
153;0.1318931955476405
154;0.038795493112665086
155;0.023473808135928365
156;0.09434136219536032
157;0.11188958920182202
158;0.18321546230007424
159;0.09840971208208871
160;0.1477258334335718
161;0.03310572528012939
162;0.024849657734628463
163;0.018396364058270765
164;0.12921718715343444
165;0.17776099405494253
166;0.05655934274244501
167;0.09441204012694407
168;0.05076118578197158
169;0.07277381985374005
170;0.12948453922769107
171;0.095567768823348
172;0.03159325012391574
173;0.18986896925363958
174;0.17659382481831262
175;0.0282995282376437
176;0.00960614385740839
177;0.015580115800550787
178;0.16313863300934658
179;0.11673382266556392
180;0.1010262061845274
181;0.016338645183683286
182;0.18306937767629974
183;0.09212758863298334
184;0.12128288205172427
185;0.018732557600934265
186;0.06841531554082658
187;0.1063914303291934
188;0.10235024087023357
189;0.18442870038521403
190;0.03480235550885193
191;0.14901166924910147
192;0.08773400646412882
193;0.17591765567664308
194;0.07304210091839591
195;0.16827986696840214
196;0.05451734550105887
197;0.10885641713089725
198;0.18286739901704763
199;0.066889237732057
200;0.012102030196503688
201;0.11880607154188916
202;0.030593380246856563
203;0.1342681592328328
204;0.06768495520080194
205;0.1392333498807
206;0.1768401877038961
207;0.14027033383792611
208;0.16109662860445054
209;0.1201293950262383
210;0.05269110016156162
211;0.06596914293508342
212;0.18792117721739157
213;0.17298802782643483
214;0.041270205006912586
215;0.008125225255614743
216;0.11195460687087389
217;0.01610273528736248
218;0.03517986199565171
219;0.08574459679323068
220;0.10452944644375739
221;0.1130426101048223
222;0.1615036810205683
223;0.19189224827653284
224;0.14822496181573372
225;0.08771468399845095
226;0.12361946974960801
227;0.18704984672991193
228;0.020347003032406243
229;0.15355174419343026
230;0.135170322978882
231;0.18305162567865335
232;0.1111672095099881
233;0.0039075836754812075
234;0.0641034126498248
235;0.08631089404813089
236;0.08379378108738932
237;0.02631512776738596
238;0.0018943851239010545
239;0.0847664694784452
240;0.15260384797742707
241;0.17132896692041125
242;0.12096351876752379
243;0.09524856542523828
244;0.03147509031437281
245;0.0016722184142253793
246;0.059566082560564816
247;0.09439355968687335
248;0.08629680317715092
249;0.020843415063221404
250;0.18052349706125204
251;0.11250219665240585
252;0.12532062306512057
253;0.0521715017717495
254;0.1951843458402126
255;0.006785988162666024
256;0.09019519209989164
257;0.024893737556559593
258;0.15667863786636704
259;0.12457456936122063
260;0.05745049047821502
261;0.12422251148724346
262;0.06657978781306487
263;0.10661615372981921
264;0.1764093974719464
265;0.17078053582607128
266;0.1985687282854705
267;0.19139476899687677
268;0.0327361084000734
269;0.12707286188687264
270;0.08216272726959517
271;0.0083595904762795
272;0.0336222289303888
273;0.06156312660716632
274;0.11089840327981158
275;0.07686569211272186
276;0.11390348637008092
277;0.08202173100070534
278;0.1150819722512525
279;0.0757053151752247
280;0.16438783831585163
281;0.1877944873509948
282;0.11712505408671128
283;0.19981031281347347
284;0.12534247917533606
285;0.07299884111600685
286;0.08416533550434356
287;0.041335574603908826
288;0.030444770387842504
289;0.18539814561040596
290;0.19407533790090964
291;0.11069211406410491
292;0.12039492169776218
293;0.006660255438501506
294;0.09446425824037052
295;0.16774394619692592
296;0.08130594372275686
297;0.036427870602744196
298;0.17031671523997063
299;0.1350985507070143
300;0.06283818665429401
301;0.1568092435291989
302;0.1865802893941601
303;0.17063603981450248
304;0.009504609150130738
305;0.11865626254681079
306;0.03118145316524994
307;0.051500187070105466
308;0.13874549074920234
309;0.050892402322713796
310;0.09385918573891557
311;0.03521741761695201
312;0.005675300126418992
313;0.019435714002344895
314;0.009844758041004598
315;0.05871036187447463
316;0.10750266950830414
317;0.05069306957101292
318;0.09586999624479414
319;0.08303744310968904
320;0.16587175430923978
321;0.11036197531639287
322;0.17012913539386432
323;0.1562697813940895
324;0.04367725109149237
325;0.15570470301871478
326;0.054468690730586466
327;0.16271454596244625
328;0.172771859373543
329;0.1810541239713841
330;0.10786520418398858
331;0.007528321990440312
332;0.026293646538609217
333;0.0003364775404963938
334;0.005821708603763143
335;0.03294300019086598
336;0.14291265446069804
337;0.03172070605843382
338;0.12954104944049463
339;0.055152344494315234
340;0.08395136864642293
341;0.1358098813445157
342;0.12304069233019828
343;0.16996894122847075
344;0.047415034386196035
345;0.12929524889490926
346;0.19483043033004918
347;0.14181518722233702
348;0.057845587868743054
349;0.0455944047316994
350;0.18685617888264178
351;0.06758216176413749
352;0.06528279813427876
353;0.10059162646785365
354;0.13369167191671077
355;0.09243792768920178
356;0.01827341118822914
357;0.06578140600561055
358;0.12618993362329903
359;0.03146130300267574
360;0.14003011364239873
361;0.07963409243083422
362;0.12697761252384412
363;0.16643065600491877
364;0.015865971949147118
365;0.17716123888735427
366;0.006298646920713736
367;0.1634682685129346
368;0.12351098745751948
369;0.018383126300399424
370;0.11738096290864396
371;0.16959605173539538
372;0.014751416123543228
373;0.1552318221598074
374;0.14101265422454737
375;0.08932552386335667
376;0.18658967748396144
377;0.09823469486441028
378;0.13081733815891647
379;0.13845570947059557
380;0.05851919588673591
381;0.02994559199254141
382;0.08424546540887104
383;0.17411849905959673
384;0.18541772529554498
385;0.12841845247488393
386;0.15196222045929042
387;0.1123427553910858
388;0.16150834779990217
389;0.16062487001979997
390;0.015596580097924174
391;0.06954561176439847
392;0.10907792290919645
393;0.16135245612244636
394;0.19962225237453896
395;0.07259858459983559
396;0.1531192027835942
397;0.0016125759231623293
398;0.13569929494871022
399;0.1841813888651792
400;0.18193979017110182
401;0.1941012626775165
402;0.059358262816663676
403;0.052770621230326546
404;0.11340690029505285
405;0.056565607656669736
406;0.15022122125249932
407;0.14518355920970183
408;0.03945322581847521
409;0.14867567484883856
410;0.06858615178262521
411;0.09525599187188766
412;0.11147622483569786
413;0.1987146262425552
414;0.12743742050585455
415;0.14468208444118927
416;0.06567095222267252
417;0.16474655906998537
418;0.07770875689824908
419;0.0222813279951958
420;0.07587679400807973
421;0.1403212442242396
422;0.13489660074762172
423;0.08204749295954572
424;0.08211774488599446
425;0.11405061481646604
426;0.1155617162204507
427;0.11217709402953582
428;0.05157560700278943
429;0.10711737990384869
430;0.13792959199056262
431;0.1903350369299669
432;0.11134061398798537
433;0.08324658078834585
434;0.14887107088138377
435;0.16246897798625318
436;0.14212692018147882
437;0.15212967193284763
438;0.06888682685816017
439;0.059357776513336714
440;0.034210831425674805
441;0.1030336337910418
442;0.17815061755136521
443;0.1484277678413892
444;0.025828153374696683
445;0.0536404830003568
446;0.16754030615144744
447;0.15542258487620533
448;0.19068401537864327
449;0.11643738863213607
450;0.1924592852848131
451;0.05460649781476883
452;0.13809021161013177
453;0.12187534911091302
454;0.0032950796893265635
455;0.0952438283305494
456;0.12362541660845904
457;0.1250829483899873
458;0.17704260874219038
459;0.05840392856077923
460;0.168617794181129
461;0.14623309116892003
462;0.0785107114611064
463;0.19209050977345601
464;0.07240115059017505
465;0.019275288321707152
466;0.09930891160611088
467;0.13106728935087245
468;0.021972403678321498
469;0.034212865537228264
470;0.1091234279235857
471;0.03480085853637778
472;0.05615172304072938
473;0.09664902341235078
474;0.13596203929189457
475;0.07709449338301251
476;0.1952853897929947
477;0.17302209625502238
478;0.022894185159721372
479;0.12935980408231912
480;0.06800188702476802
481;0.14614720310412616
482;0.12477895477796502
483;0.10116993939538971
484;0.003670392075415663
485;0.14842555468733729
486;0.1905616893648745
487;0.19759236878806155
488;0.005968830331051667
489;0.18399793801654107
490;0.06751762599816387
491;0.07856897908115867
492;0.1809610225017727
493;0.15646521144627812
494;0.16092128566187938
495;0.17401529602441546
496;0.006478253468017003
497;0.06213173682222411
498;0.17359621899956437
499;0.15025409548488566
500;0.14440836869618953
501;0.12097639681153634
502;0.08693704230576844
503;0.0745780178026888
504;0.023232192994488934
505;0.14862312558033472
506;0.0720359618773637
507;0.1332261162061137
508;0.10414565706565126
509;0.03087933381405923
510;0.1882908993802761
511;0.05661052021152429
512;0.01924612973916542
513;0.005762522297237194
514;0.1534292548455594
515;0.1513985661783821
516;0.04661340169203927
517;0.13037270562930234
518;0.04216671078753875
519;0.19916386197653774
520;0.03778032497008346
521;0.00018108978300468426
522;0.16057053779352354
523;0.10196162758039262
524;0.06396224556697176
525;0.05999254318737277
526;0.04188543343697637
527;0.14071016877601278
528;0.10061297826059841
529;0.13371798946931696
530;0.09998236477804259
531;0.08317759957073448
532;0.19529525210954635
533;0.08493331919387181
534;0.19501084280242142
535;0.11678879017208643
536;0.03233012028524018
537;0.10995921376994011
538;0.09575318109799483
539;0.13227925326089116
540;0.10796145772622377
541;0.10908866315168118
542;0.17147455667651137
543;0.08862246594684237
544;0.15811156404849422
545;0.04556834412158772
546;0.08467864842936229
547;0.0052284977944178305
548;0.1337874061031091
549;0.1630772463217532
550;0.17933905292923735
551;0.15917212835368832
552;0.1985231150532088
553;0.1096471640107225
554;0.1364159844446377
555;0.04127688603029953
556;0.11254506476013021
557;0.038832204411318676
558;0.03979632523448724
559;0.10501323095777576
560;0.10223494461613225
561;0.003739406126004874
562;0.19097790745987775
563;0.134761323052813
564;0.179188289900195
565;0.1050151991282528
566;0.0887609155170433
567;0.057291505655722455
568;0.0812401215469313
569;0.0665307346051014
570;0.12010325196702298
571;0.16932744145047418
572;0.0999603383946641
573;0.03624839214116609
574;0.11056154355264686
575;0.1212776914792705
576;0.19182626066992225
577;0.16831584179314218
578;0.1679815440580028
579;0.17280049384977017
580;0.0513858995371153
581;0.16702597214386838
582;0.1218987065885999
583;0.0694772709826369
584;0.06409058235194412
585;0.12085016750627171
586;0.06420167004135265
587;0.02335079505380753
588;0.06615122957535517
589;0.19257963449852897
590;0.185140502432939
591;0.14540522497973538
592;0.18022840476731095
593;0.18396131493497742
594;0.0700306984730021
595;0.1554910369090703
596;0.02931319985295318
597;0.18582244883769192
598;0.18518463249054662
599;0.04476667713876917
600;0.18962918423345876
601;0.09806445158683544
602;0.07372374313630099
603;0.06720041931713841
604;0.021407740827666413
605;0.1000071957898458
606;0.1020044088941359
607;0.08689119337121315
608;0.15322805254933808
609;0.06998022448728954
610;0.09091497604015562
611;0.09285741644503519
612;0.11874945996230779
613;0.1875400689036019
614;0.1429772305307212
615;0.041981176124482024
616;0.012299249385810552
617;0.1365724990053523
618;0.16196954003744446
619;0.14570880520590804
620;0.08311519715422287
621;0.16802574688022345
622;0.0776318483320043
623;0.14654766955801635
624;0.058371505713763684
625;0.03644708298970458
626;0.03220042988603893
627;0.18408901941315825
628;0.09476766982899734
629;0.19700170443226997
630;0.044778422882837114
631;0.17617742291414856
632;0.11997952458670354
633;0.09401604771285488
634;0.17352424094547644
635;0.0067219784587031935
636;0.0805887430210843
637;0.07963589292586418
638;0.0735286675639839
639;0.08038686827604238
640;0.054019002679927125
641;0.07492565898271145
642;0.07957341996687627
643;0.008027925517857293
644;0.1775393718134361
645;0.11895516006483915
646;0.0028512908052298115
647;0.14390252870343098
648;0.06061380355131621
649;0.08326872935812533
650;0.17638895666544932
651;0.12415364657402635
652;0.06006986598087654
653;0.07038470507077388
654;0.11503541802893767
655;0.14128207479683016
656;0.1411154757728418
657;0.06368069835011095
658;0.019973297085551536
659;0.1287117648730441
660;0.19455095932860855
661;0.13526348710307354
662;0.10340250851526799
663;0.1078544568590594
664;0.1643853640644711
665;0.05075957669309719
666;0.10379956472616157
667;0.09086889325425662
668;0.17998888701168791
669;0.16992753556748624
670;0.07773444899368627
671;0.1900901834225661
672;0.18677411849604453
673;0.18561839880381897
674;0.16499004219157032
675;0.1300342491739321
676;0.015922179252748105
677;0.1767138270998319
678;0.1555697515300151
679;0.06630468951260926
680;0.09843862853947911
681;0.17855607668573026
682;0.026919216198980012
683;0.008240261421012885
684;0.10271781563210634
685;0.19780888854093218
686;0.14387688844824836
687;0.09688068659324063
688;0.019902195633192555
689;0.020943208821028937
690;0.009619209067360425
691;0.1735521563127707
692;0.19490152058023025
693;0.1785336196121386
694;0.055746756375131074
695;0.033854648957396226
696;0.08645283717157806
697;0.011354457680991793
698;0.019031092447036737
699;0.1245918826116272
700;0.13380688657746528
701;0.09712208189581982
702;0.13317187763627597
703;0.11913866084192207
704;0.08538456729203264
705;0.14569425972189295
706;0.002857178628038981
707;0.07874581880814929
708;0.04164012389549965
709;0.0414590801119332
710;0.07518956816063833
711;0.15561798769399782
712;0.18698893688061982
713;0.04579026423720443
714;6.042560689718535e-05
715;0.1264477183511056
716;0.16475943080687946
717;0.12377742035228614
718;0.1360634666647006
719;0.08610133226171027
720;0.19214640903547442
721;0.18024631811685507
722;0.16568858378615817
723;0.056416761462751853
724;0.10321668934186862
725;0.12040685463173606
726;0.16077097068287619
727;0.0335611922270985
728;0.18236885814085824
729;0.1155044679848111
730;0.17687658980779078
731;0.1598171096755199
732;0.11817395620265694
733;0.006314600535789095
734;0.12872598925891882
735;0.10707645046324965
736;0.07057366032535446
737;0.0935626003771162
738;0.06817383538080456
739;0.17617531880725387
740;0.07587400001352496
741;0.1467901492348343
742;0.1273237367098286
743;0.06860898278154819
744;0.1357532886475697
745;0.1978306109915733
746;0.1087583394532419
747;0.1987487364744978
748;0.13752532094740674
749;0.05297852508182641
750;0.049636185162882374
751;0.13666926231783574
752;0.09430030222625463
753;0.05546156446249653
754;0.12392299088876535
755;0.09396227223117307
756;0.17700348917776593
757;0.12810509749743182
758;0.16203671571084802
759;0.04960131433358011
760;0.08579316864037877
761;0.1172591559328875
762;0.14715124451431164
763;0.1349776667605389
764;0.12519517792067023
765;0.07117170462619592
766;0.051748414631165196
767;0.12040992254505441
768;0.1595987847312232
769;0.10826224830397846
770;0.08788581184683564
771;0.17057034128728185
772;0.15991771701054955
773;0.021041221711819394
774;0.16105156304245002
775;0.023296081640849287
776;0.07070135323793501
777;0.16221530739659906
778;0.1482138893026563
779;0.02316360835288185
780;0.13603094724023826
781;0.07178626264255508
782;0.07990304289157386
783;0.18547280281405218
784;0.1728316318617256
785;0.004177275801120062
786;0.03038960134585336
787;0.10682600660763458
788;0.1277322248273651
789;0.06423147083363279
790;0.10417779414095221
791;0.1939877168202771
792;0.13759865033732446
793;0.1735276666866724
794;0.04455552148023256
795;0.04585594223695211
796;0.031017354278087585
797;0.16304694964616234
798;0.09779516596471427
799;0.03475078781546639
800;0.13884556248971758
801;0.15252639204292806
802;0.13650463428925871
803;0.17146886957412147
804;0.030043590053909733
805;0.011534129253758785
806;0.10641710419087627
807;0.17349519630688215
808;0.07458791937988733
809;0.05909186445559714
810;0.07364206537400977
811;0.1465745421979517
812;0.05793820815722628
813;0.15707698058268404
814;0.03860432395450158
815;0.035771554017227224
816;0.1575633566470491
817;0.19450778941912056
818;0.0374547844642849
819;0.1046530860645008
820;0.13671244126027024
821;0.06816967997444122
822;0.09047846399251734
823;0.019588193156559866
824;0.1368716156831896
825;0.0704742861285661
826;0.106424409001952
827;0.11000028795855815
828;0.056790785850468796
829;0.06708977895826751
830;0.08992243482267137
831;0.07624414319220457
832;0.0490142425427369
833;0.12987969927568885
834;0.03058519952462544
835;0.10087538087044119
836;0.12183329894209505
837;0.013228737828806314
838;0.1747212342998331
839;0.18905729606260369
840;0.14330314756274629
841;0.06630424580243788
842;0.19340509668551353
843;0.07891920913897883
844;0.04804170222438258
845;0.1611068934658509
846;0.07447041183664842
847;0.11073866400762843
848;0.008551999829744639
849;0.15620255850071685
850;0.13684615548672346
851;0.12124182017480803
852;0.18226240343006309
853;0.017179914816775034
854;0.05352242610532798
855;0.1247432034657592
856;0.11596916969602958
857;0.19579122208444444
858;0.0990506453038915
859;0.16706316203517652
860;0.10573468017286199
861;0.02659419137000434
862;0.0993254926879609
863;0.02272506584301717
864;0.11970430536548225
865;0.17352287878249284
866;0.014417737966393186
867;0.058139055581240134
868;0.15104815032508792
869;0.1032809884694591
870;0.0975292206394963
871;0.009393675246062206
872;0.19331136546744623
873;0.05291207674897683
874;0.1644570591279704
875;0.01568892974165923
876;0.03202596707462533
877;0.15204452728646592
878;0.07121807999257601
879;0.1057961942909417
880;0.19634575602847748
881;0.19726723622789835
882;0.03864061539954114
883;0.010222678982371747
884;0.06497613966070018
885;0.02116136557058339
886;0.035131941859569984
887;0.17622005265920349
888;0.06994634211403232
889;0.0947945949916778
890;0.13355704981010236
891;0.010361010545646088
892;0.1907502863518249
893;0.16207811041537826
894;0.15531954533436043
895;0.14323986232053532
896;0.09619346918410972
897;0.013284503547599491
898;0.10747941490259519
899;0.13802888262985347
900;0.05996698440233042
901;0.11625102258904932
902;0.1974361087897822
903;0.02049872830909474
904;0.13040255550837432
905;0.05530790318388606
906;0.10166525902077805
907;0.03554244041660317
908;0.05060776365266195
909;0.14508751332357417
910;0.13781247508211078
911;0.18483004079054594
912;0.12701965323831824
913;0.05893967538077323
914;0.014628427603045259
915;0.1139027359095987
916;0.1491212584899211
917;0.041989424178545454
918;0.12595086128069277
919;0.19267285245867835
920;0.0022230053810811333
921;0.053291595779253714
922;0.1636393491549984
923;0.13555081383445777
924;0.17197347113984784
925;0.19580406860574093
926;0.043697243811463005
927;0.105732123198323
928;0.15847720824919032
929;0.08722404912856951
930;0.1603315038384461
931;0.031095311548475404
932;0.1616847428707588
933;0.023050948042835362
934;0.09060104322215777
935;0.03110308508801767
936;0.17247332893158893
937;0.14140256281284375
938;0.18064788183880548
939;0.1442332819108148
940;0.12037628261928753
941;0.16643008343665822
942;0.010411737321979931
943;0.08009423927880921
944;0.11649230540366524
945;0.08665643591413077
946;0.19043824023393927
947;0.15660427257234155
948;0.060551389940018345
949;0.14106690717516152
950;0.12520142400852716
951;0.1427578970719969
952;0.11116136274336796
953;0.15928032725618346
954;0.17215816258759964
955;0.007125030469531036
956;0.177102842518855
957;0.0499691330210051
958;0.06694447607194479
959;0.11676567565412133
960;0.1928651353464368
961;0.13320815469678957
962;0.09149606412636978
963;0.09019563640485218
964;0.09643038890599731
965;0.16300335996847634
966;0.04735516726710074
967;0.032667758340289454
968;0.0664165144734503
969;0.17350071364043718
970;0.12117521600393935
971;0.09565398202261344
972;0.1355533859181866
973;0.03993380669729496
974;0.012334654823578274
975;0.09259676069132805
976;0.1257555131751267
977;0.02243754670763334
978;0.13650774125037518
979;0.18407304937498464
980;0.07869104134083423
981;0.14915910614029865
982;0.06167552672137915
983;0.1661296246285885
984;0.18406510199530468
985;0.12368292872153919
986;0.04548780868128888
987;0.1512000164670793
988;0.0722596016119905
989;0.019107112557631468
990;0.05426646785976526
991;0.18606612075814263
992;0.17290066759826872
993;0.0336072582610629
994;0.16811265383999388
995;0.01845200370131117
996;0.17845112111448
997;0.19063807091884774
998;0.04991608550881093
999;0.05737091355500865
1000;0.12206528698316213
