1;0.019856676903945138
2;0.04950640762093849
3;0.08075366688451502
4;0.03682574224769364
5;0.016289520389230382
6;0.06701926342394823
7;0.007788896109211719
8;0.03816151021113487
9;0.034577045557303225
10;0.09801367671759934
11;0.08138256194692524
12;0.0830453357301984
13;0.0322498216064406
14;0.07759041976314109
15;0.05882445246538819
16;0.04147450696947689
17;0.021149888243848437
18;0.07133316247640899
19;0.007868900329367169
20;0.07732336754618581
21;0.07302411269661363
22;0.08186205348134008
23;0.04930898258605765
24;0.045319809067075056
25;0.055335142889153616
26;0.08114177903545709
27;0.04778922962449637
28;0.08617687453388467
29;0.08075859087836419
30;0.09071036823845456
31;0.05866469761630061
32;0.019359407758980807
33;0.0551921148254125
34;0.08540265285692698
35;0.04813609277346712
36;0.04149492464361705
37;0.061038976123513
38;0.07197715827732049
39;0.0393047898650304
40;0.017005810292940914
41;0.09884589981870069
42;0.08858895605104418
43;0.0437506937109625
44;0.07396479305805059
45;0.057505844159007814
46;0.07580969913375228
47;0.018297861927239947
48;0.0045833160600363574
49;0.0902650413939349
50;0.08357747797328338
51;0.002843691077744004
52;0.014534343457350087
53;0.04425224919678307
54;0.0740788459182717
55;0.026112659238006097
56;0.026180412645302267
57;0.04897223672596103
58;0.03952389711337328
59;0.07242481323208644
60;0.04969961704090884
61;0.04824839767343019
62;0.08667697348348591
63;0.06362813133513899
64;0.00875498977741286
65;0.023702620843765333
66;0.08039996948642697
67;0.04396719328562341
68;0.011006905565025694
69;0.09801611973242746
70;0.013173837036047532
71;0.06602657980511233
72;0.06032490002269811
73;0.09038927946384837
74;0.06015085656158014
75;0.054971634387611414
76;0.04948957110962598
77;0.043389481966195256
78;0.022676786521623162
79;0.027949821098977357
80;0.0753141395057194
81;0.0180244509654937
82;0.020281466749768273
83;0.08303713313424696
84;0.022379303085975445
85;0.06584123967176922
86;0.01803600135907657
87;0.03644893323824999
88;0.038396740693452724
89;0.049095917993548545
90;0.04064104501718263
91;0.08985731727476837
92;0.08380794937311753
93;0.04828353844418928
94;0.04739060699736064
95;0.07886971046222319
96;0.02637269781801388
97;0.04666091486865159
98;0.05833810859879094
99;0.0684559559242655
100;0.01217700156731194
101;0.03892014506913231
102;0.00024547897984272815
103;0.07861024139983008
104;0.06707820415022613
105;0.09171435764254282
106;0.030368462609311787
107;0.0866997919274149
108;0.03930070340468909
109;0.029889610253855316
110;0.0494270219798402
111;0.07309171173060264
112;0.00993595632460409
113;0.013846655146089749
114;0.01818862561105791
115;0.06545774236577286
116;0.03132447162498773
117;0.08482598978188349
118;0.0765855692465624
119;0.002195002392684886
120;0.07498480283519915
121;0.08410267712842584
122;0.031521075460573277
123;0.0947173070099006
124;0.026098362954574808
125;0.021507956628440007
126;0.08666519014650798
127;0.030072083456115985
128;0.05704457124538481
129;0.07788979732401007
130;0.0338474815418957
131;0.053905486649785776
132;0.02158256832052873
133;0.06116368541783255
134;0.08166035051139447
135;0.07841994296418743
136;0.08466915803930847
137;0.09888321494168592
138;0.041457059657831224
139;0.026072177416934173
140;0.08124025796333757
141;0.02891027165475435
142;0.05046878445978405
143;0.08340909578678579
144;0.049593148032044135
145;0.05971962886728552
146;0.02232920068096682
147;0.046342016769675136
148;0.07768484996968744
149;0.08322848553058519
150;0.08165387777748404
151;0.045159953388408204
152;0.05800176087141317
153;0.061133164850022396
154;0.052738481215819234
155;0.06146139968104383
156;0.0785128868527169
157;0.07728450696314267
158;0.08536504185485207
159;0.040242857294150516
160;0.041131754038331095
161;0.03765194442924533
162;0.03152112875244736
163;0.02124603267884592
164;0.07383442716335074
165;0.016911178010577465
166;0.05876017332659961
167;0.00902981953033717
168;0.02213081076645501
169;0.09065132704349385
170;0.024836006543067824
171;0.024124281841643603
172;0.02392838843545301
173;0.007085426262030837
174;0.0570604750405328
175;0.0645674768245723
176;0.013485411662956715
177;0.04059074566458881
178;0.004072588562361279
179;0.04827763549575164
180;0.07935302971921931
181;0.02908753077894737
182;0.03731389746572892
183;0.0925294715470039
184;0.08227510440255119
185;0.04546608288417523
186;0.009508451531825314
187;0.06991777770965955
188;0.07254103753265682
189;0.07464838751936691
190;0.01745828990137014
191;0.05213651153485706
192;0.02869897985036355
193;0.076941961655234
194;0.04326828258300887
195;0.0029150474907506
196;0.09655962832215445
197;0.07317296463541581
198;0.0778176077331773
199;0.08428418288247104
200;0.054633686768461136
201;0.06829668762466545
202;0.06157565831625042
203;0.02051005414126779
204;0.01993786831775245
205;0.030657522892038172
206;0.023320632572413538
207;0.0029506462999324247
208;0.02845132698265357
209;0.060810137761729936
210;0.08347960566241111
211;0.07122464018592753
212;0.012923959992314195
213;0.01069655903824992
214;0.030288933833137244
215;0.054434722442286976
216;0.0026424981749257562
217;0.05766263385044828
218;0.02174573160386896
219;0.057668707327945906
220;0.0898353016392459
221;0.014994114514559675
222;0.023322602250690008
223;0.05621778974389094
224;0.010713652807078457
225;0.01918371781753139
226;0.08306918296510794
227;0.06515805697879665
228;0.08747774755633209
229;0.043550826159056935
230;0.01774604829947315
231;0.04008202387415767
232;0.02894306773256207
233;0.03414572268963567
234;0.022149297465031192
235;0.09567153296834464
236;0.05730784464624921
237;0.06735021141740329
238;0.06068330027431479
239;0.01575066194146493
240;0.07937289374124945
241;0.07706113122861001
242;0.09002508490036504
243;0.03902832327092148
244;0.011283415062271141
245;0.01073310436531113
246;0.014810139185569239
247;0.08699023667653712
248;0.09993295326561591
249;0.0756439433213037
250;0.03781646133640068
251;0.028078604921857844
252;0.0443591479604421
253;0.09463790020902053
254;0.0734424022537743
255;0.08069175977635812
256;0.058897655466150084
257;0.09626286187345622
258;0.05308996240828828
259;0.007832889167683111
260;0.026316248290807944
261;0.0505145700963671
262;0.02968056251923944
263;0.009374184942561703
264;0.06789581216685792
265;0.06399872713344745
266;0.06376380751017942
267;0.07032954782500783
268;0.05720301251271587
269;0.0201325080359979
270;0.06980945908411001
271;0.05014053142826306
272;0.007411401641016536
273;0.05739962519802027
274;0.04331653903224726
275;0.023806094457804163
276;0.01688215882180173
277;0.011852079266741401
278;0.033470307128661114
279;0.05254310644119307
280;0.07588155122775608
281;0.015861362112896727
282;0.05360155983935602
283;0.04899697942773793
284;0.09689127127526215
285;0.09132923827410257
286;0.019819016454921425
287;0.0590574677595642
288;0.027173567407190104
289;0.0854810721102709
290;0.026384471136592837
291;0.029251332763157802
292;0.023920691884078662
293;0.08472280745506662
294;0.009832529854665761
295;0.09298064844237237
296;0.06688896452959366
297;0.07303855381822925
298;0.04655904237590833
299;0.013836285464508193
300;0.06892110937129291
301;0.03000434341412006
302;0.09823263929461412
303;0.05814984550067991
304;0.06072943096993745
305;0.04785386025081156
306;0.00651922846920856
307;0.05577448426195654
308;0.08016625207190259
309;0.06321194448795513
310;0.08993182075424826
311;0.02810683603506693
312;0.03372869496586574
313;0.012586713868839562
314;0.057663793217560835
315;0.0905928409880461
316;0.008714312808736514
317;0.013543890357364252
318;0.08030076720233864
319;0.032023500907878547
320;0.06936463339778974
321;0.005211901486100035
322;0.08082590248213609
323;0.002617453615170562
324;0.08604324535669267
325;0.095619875392282
326;0.05092835373230373
327;0.0560147403381514
328;0.018242577816514893
329;0.0534166663271204
330;0.02795746058908252
331;0.06547491411522974
332;0.09921932641225473
333;0.0044114732890836676
334;0.08442297711780773
335;0.097167304531562
336;0.031799323494857146
337;0.004992440731383297
338;0.036433514359888085
339;0.02950386534596332
340;0.05530595572288103
341;0.015415887133128692
342;0.032194216081626925
343;0.08290077330763301
344;0.013379271562837481
345;0.0635138972264008
346;0.050357846990748634
347;0.0919097690013616
348;0.05493456620484419
349;0.08855867043133982
350;0.054193735692714996
351;0.04882844498461617
352;0.023843000471006504
353;0.07716325228870972
354;0.020453270103529753
355;0.09366956227816864
356;0.06277342257016501
357;0.08976798203079685
358;0.03694309192113948
359;0.014155870167552365
360;0.020907778669682433
361;0.056167300268511126
362;0.05157745937346552
363;0.07534696539830431
364;0.04490879382224773
365;0.014650479604220501
366;0.0016067620594979793
367;0.0028087962697875505
368;0.06937682771762273
369;0.03415868573282804
370;0.0672039743564448
371;0.052518309620927905
372;0.07752183559377754
373;0.06453330946184226
374;0.05275846780306394
375;0.004767880511309275
376;0.00029439581173460464
377;0.008692088019971223
378;0.08692328990858002
379;0.03878959855612801
380;0.013646953604607793
381;0.09567448007811928
382;0.0969899350266041
383;0.03909399262189696
384;0.06151742470625048
385;0.03876065038727592
386;0.08431168275721301
387;0.05750920867509294
388;0.06261389822681604
389;0.05399938623034184
390;0.051786926602132
391;0.07041505763663194
392;0.049251537190958886
393;0.04704370540543933
394;0.056004926738621535
395;0.0522923935538418
396;0.022882746750708005
397;0.08261710999583073
398;0.0833522569204033
399;0.06280392933435108
400;0.09941440877462678
401;0.07095102187603848
402;0.06672140884293003
403;0.04448137123427051
404;0.09178440357250217
405;0.09465805166102399
406;0.002638388687610205
407;0.024146688231802074
408;0.012899993744209992
409;0.04437874461399265
410;0.03248595297694623
411;0.05238355020987802
412;0.06236788751778099
413;0.05797019301444706
414;0.025134293497674622
415;0.004352259486334609
416;0.06606173779178516
417;0.009768807021654991
418;0.043077116493809665
419;0.09293144363280612
420;0.09785985956583408
421;0.013501106298093403
422;0.054935573764510096
423;0.07195534733929917
424;0.04266009854431753
425;0.07496575949694055
426;0.0040184674718183105
427;0.05330503180500891
428;0.018634754401526565
429;0.043185623053010706
430;0.021076365365397157
431;0.03647559210676619
432;0.04056269125984291
433;0.07064646747469432
434;0.06103001402412728
435;0.00579130337772712
436;0.045803615782172284
437;0.02609301685079738
438;0.02103893377917735
439;0.07856267169517188
440;0.01690062128732475
441;0.09233349805376077
442;0.09984761345171937
443;0.08472805514927208
444;0.03083638640720947
445;0.027143039069593835
446;0.06630862969026462
447;0.03596460332610998
448;0.04301301170943503
449;0.0695413917900888
450;0.06640275863734522
451;0.004732977735190592
452;0.0310311853025253
453;0.03633642394116896
454;0.046899650764268636
455;0.0758545924671412
456;0.05122059866831227
457;0.08408520949735963
458;0.03050652245761483
459;0.02476010167755808
460;0.06066801380972284
461;0.07846686655352401
462;0.04468803878459973
463;0.008054864728683752
464;0.07670501716149755
465;0.011149615879238572
466;0.08638358474867303
467;0.06858574165486964
468;0.009214821557652964
469;0.08017466322311467
470;0.04670243838266275
471;0.026244830961153987
472;0.08472378627233162
473;0.011366631885337743
474;0.01694343759836845
475;0.0025032135785198585
476;0.0025276209189437297
477;0.07604074128379497
478;0.043670084354446984
479;0.07243414570930946
480;0.03174078225803791
481;0.09499034724591447
482;0.0458251827809862
483;0.047736519249234534
484;0.05431448944913169
485;0.05651903897398214
486;0.0669332137474625
487;0.008748153776684253
488;0.04985346796559819
489;0.06572482371101748
490;0.06120042587763577
491;0.02208890162534042
492;0.05279227481595139
493;0.07166303235461167
494;0.04834226915997106
495;0.00862550093352149
496;0.08183468468964084
497;0.05229731821256173
498;0.03978990003116996
499;0.028348775015028572
500;0.03459812093328538
501;0.04810601763926055
502;0.030744876578069204
503;0.019579847301958865
504;0.036229407783259705
505;0.08680592932022856
506;0.09417942338512258
507;0.04301583877146134
508;0.07713196400567224
509;0.017685979912816497
510;0.038383331581067104
511;0.06157305134745749
512;0.09604502867747483
513;0.07949389406141924
514;0.04712301914248046
515;0.03950053217121133
516;0.019706283770495804
517;0.02066796650306817
518;0.030395585142919446
519;0.04416249392086015
520;0.05618803528666703
521;0.04739329769067009
522;0.05770284544212121
523;0.010154510330074973
524;0.05167811337645263
525;0.055517487323337805
526;0.06100287500320703
527;0.013925138318971764
528;0.06868355186531681
529;0.014772574178517663
530;0.09798181419648122
531;0.016609376596959026
532;0.08470169210827769
533;0.05629236802859128
534;0.008066302451832019
535;0.03367371897706069
536;0.026701721825154425
537;0.036819158439901516
538;0.04363029438660241
539;0.03309609613406084
540;0.05626524000442858
541;0.09325866019713505
542;0.0073884765256262315
543;0.04634796777601773
544;0.05595786376210737
545;0.004442771521092015
546;0.02499337133632014
547;0.03758361470594395
548;0.04314823829572038
549;0.04423993570695422
550;0.03942825755082881
551;0.014461987231158003
552;0.06664247660523995
553;0.024484107291300884
554;0.0963566475844979
555;0.019911142861941247
556;0.014173979590774866
557;0.03648876650008979
558;0.05016277379991574
559;0.030943362499443485
560;0.038964778728818275
561;0.05577816943380021
562;0.03434908186380863
563;0.032274203309166964
564;0.02349414157155032
565;0.03652974238553507
566;0.020078993649181132
567;0.025966455646924538
568;0.07279793325174101
569;0.08882851644494204
570;0.046557189907391654
571;0.08488947813841495
572;0.055355025869796876
573;0.08865483061052618
574;0.09029403431400462
575;0.03331633171702402
576;0.0260156691909607
577;0.027001188880354233
578;0.09482351754200001
579;0.023000336993969063
580;0.004981944992202914
581;0.048418647379904256
582;0.009919524567088956
583;0.011613096983403426
584;0.06184821666808198
585;0.04199462214119524
586;0.04381167195022128
587;0.040918299589817936
588;0.03069523522004447
589;0.021806442585136143
590;0.07486161906747156
591;0.096514047909327
592;0.08933848931669446
593;0.04944180858953813
594;0.05274476769968424
595;0.009418038323338464
596;0.03573413329462231
597;0.0886139209448585
598;0.008328906018354676
599;0.09749972055018438
600;0.07588004196806641
601;0.06587069116441029
602;0.019438830271414645
603;0.09917579078342632
604;0.02967762845467156
605;0.02241738844816095
606;0.04831386407804109
607;0.04803950593976345
608;0.04107660353213412
609;0.07797170399636147
610;0.0604601599240282
611;0.09428047762457875
612;0.052298282369672155
613;0.024790551766514346
614;0.03306319701318474
615;0.022150896898455865
616;0.04233481888013101
617;0.07119923284252554
618;0.016559125168885882
619;0.09494112111714748
620;0.030656195507247463
621;0.023270055451847006
622;0.0036104267134628
623;0.03864536233818752
624;0.06948529344040376
625;0.08899131414435466
626;0.0008829801010626581
627;0.05986476190149477
628;0.08991713009033059
629;0.03859727920228807
630;0.058582084332102546
631;0.09003888595580517
632;0.008773724353961166
633;0.08432142007761492
634;0.04105636673489308
635;0.05703467282086484
636;0.023444116787235337
637;0.06091643019746495
638;0.009593521810996042
639;0.04983166544981458
640;0.04399234406807831
641;0.08975304064615114
642;0.05815127793660262
643;0.01506004329084022
644;0.09158659286118086
645;0.07087818549701105
646;0.051780706244824504
647;0.07734575419605001
648;0.00019390221787976005
649;0.030186000114637436
650;0.08591147347849985
651;0.080413054551398
652;0.011447669648613368
653;0.07641645498843157
654;0.08927522953054978
655;0.01902186747311795
656;0.07566976205105393
657;0.023655492857923868
658;0.0074358132390500604
659;0.03442294554019859
660;0.0796930741888407
661;0.01291989733296759
662;0.06852709213401183
663;0.05400752188475816
664;0.01502094294924129
665;0.0744001034717839
666;0.004406617850496042
667;0.062512954721797
668;0.012898270528598611
669;0.088791415985689
670;0.03828149289119287
671;0.06924430119803046
672;0.09601938971829835
673;0.09506312914739809
674;0.0724946215507418
675;0.04426886411660056
676;0.09088583872870966
677;0.03807651131655326
678;0.012237712779919153
679;0.06107765025915976
680;0.08810810968687016
681;0.06592911916089117
682;0.08321500016307931
683;0.05241580676413511
684;0.028769163238097795
685;0.04435956502128703
686;0.053693353745535494
687;0.09747943319507765
688;0.09178989646477154
689;0.021696082816722154
690;0.019013677063651837
691;0.007800422271230956
692;0.08626766088566973
693;0.034415121451066545
694;0.009437065823792935
695;0.06986895018742355
696;0.025971780157246584
697;0.03805001803014805
698;0.014454685149156044
699;0.0297701985859832
700;0.07811577672557678
701;0.015478542608544156
702;0.02648506859397718
703;0.0513162194059562
704;0.07931043012733763
705;0.046299490468919305
706;0.025534821033443667
707;0.08486436797792662
708;0.04379083815956669
709;0.0705498123946671
710;0.06669001189224343
711;0.02808886813565972
712;0.06038049634528447
713;0.06551691181107344
714;0.022073520108540225
715;0.08118440122781378
716;0.08146580230421974
717;0.07793647411301222
718;0.044460519809904064
719;0.08588349961311637
720;0.0783542174448647
721;0.09962528764032225
722;0.07299445911261923
723;0.08280140710758761
724;0.03492789185025563
725;0.005242290046418041
726;0.025197125266731613
727;0.06401337198368189
728;0.040140767018219774
729;0.02860827289338762
730;0.05606707365597007
731;0.0004330591692258468
732;0.03223546821486497
733;0.0737272976836236
734;0.029660823458606392
735;0.06569639051489708
736;0.03606241442841545
737;0.057650800469636665
738;0.040942579268729656
739;0.009281957466075708
740;0.07103147303926248
741;0.03903934819957471
742;0.04234160826859909
743;0.014567124682613664
744;0.09754134630420455
745;0.0803967723026332
746;0.05819715800338002
747;0.020186826251919754
748;0.06967250157594668
749;4.65335737285244e-05
750;0.050540157062654356
751;0.057814634351400475
752;0.06550140469701143
753;0.04336761680171031
754;0.07803013814944974
755;0.0178761015994639
756;0.049193248777568505
757;0.02042249341208371
758;0.055677629306711246
759;0.027006985417752018
760;0.020220549792413323
761;0.07605464604104104
762;0.03187921550423074
763;0.08890521355773526
764;0.07592518265168198
765;0.07672726298331811
766;0.08289534366328176
767;0.0319252357623147
768;0.03199494806666632
769;0.042834768887057756
770;0.05333901543859294
771;0.03851438814061588
772;0.08090558754792926
773;0.08069305026965318
774;0.09601818110431842
775;0.009502732302815509
776;0.07580055986417089
777;0.06184691986277666
778;0.024598701699298023
779;0.029622566943894882
780;0.055002679316538294
781;0.07254201761741176
782;0.019794513127910376
783;0.04917153400060031
784;0.061168809473249874
785;0.09315757903689306
786;0.08319249160656722
787;0.09271974476504521
788;0.039859110936055875
789;0.033937203925036595
790;0.03663984189075368
791;0.08099905730104366
792;0.016335652347916254
793;0.0638143813066872
794;0.07978214985109783
795;0.06975169562960735
796;0.004479517638954178
797;0.046259972859891245
798;0.021559006328282882
799;0.03683539727107787
800;0.09809407546794115
801;0.02177806752081737
802;0.010560075341716935
803;0.02767688904220943
804;0.05287811823516613
805;0.04727391661032714
806;0.011663438697580143
807;0.04412729169553656
808;0.028011125519251258
809;0.05161016254130904
810;0.056570342437084614
811;0.016814770872206907
812;0.025553006904880493
813;0.0587785372618213
814;0.051509945336768316
815;0.08049409251090954
816;0.0302901456639514
817;0.020321994263428567
818;0.07378254394894763
819;0.04512081583944051
820;0.07417441820175365
821;0.08631395151946197
822;0.08489541847229945
823;0.02784271956824015
824;0.028649200128179175
825;0.02592452294793132
826;0.06689518581126293
827;0.07858194627805054
828;0.042011362628735664
829;0.08240700526741776
830;0.08772688841533335
831;0.014427911163037033
832;0.09656442015745102
833;0.07949502374520395
834;0.08008726106567277
835;0.08761362171198898
836;0.028663568315985644
837;0.05573381041198994
838;0.001020913790903133
839;0.053803645214009016
840;0.05093078218799174
841;0.09539628797766904
842;0.07116179545467102
843;0.0961665829542162
844;0.07015319641117407
845;0.06437750698077836
846;0.039718744034045954
847;0.07725855286889649
848;0.08231718076337091
849;0.03505280818038227
850;0.027769827479087607
851;0.09494390753999617
852;0.0942509827209321
853;0.09844941397364126
854;0.005263170976935461
855;0.09234206973540714
856;0.095462447973512
857;0.016192807998315708
858;0.03293321629607442
859;0.07723748900973362
860;0.05403153535198099
861;0.005114943330893774
862;0.07683708279808023
863;0.046821084320784405
864;0.03834711281293412
865;0.06693989677414235
866;0.08628564381767254
867;0.07199341377628747
868;0.012154227652322115
869;0.09358932501737795
870;0.09635871682851205
871;0.03889941491104884
872;0.05892782787087495
873;0.043228062442143535
874;0.0637717482966718
875;0.028465004238110426
876;0.04222616484761114
877;0.010881474945606285
878;0.03646409905915841
879;0.07896305991156304
880;0.014100446123733968
881;0.009988202587551188
882;0.0951519070165302
883;0.036931472849646554
884;0.03565459605885629
885;0.09222461791559013
886;0.029469938610540026
887;0.03610920397849051
888;0.04255626943558008
889;0.006755454042631915
890;0.07018399516504993
891;0.0848684797917339
892;0.0920899209840312
893;0.0895520129787335
894;0.08771962840579821
895;0.09818265744243752
896;0.010924804494905217
897;0.009380012096396606
898;0.06396310314806218
899;0.014500917207577646
900;0.02965354089897957
901;0.02067324270765927
902;0.029751186026351597
903;0.0042002180436070844
904;0.08794870650447717
905;0.045967916409279365
906;0.09971034661572964
907;0.05498499202858001
908;0.014850393635294536
909;0.09727240190443434
910;0.03612008115048139
911;0.08924987854539208
912;0.03694999757796239
913;0.08883285071959106
914;0.07049569206717467
915;0.08464169133958446
916;0.06570083020000599
917;0.005837895029539653
918;0.05191696082301213
919;0.0721750009333632
920;0.06745037342019966
921;0.0017678784128924542
922;0.08770292105933344
923;0.04396717442389007
924;0.05866073250556845
925;0.055279293016285716
926;0.05540772870283285
927;0.006385323758461659
928;0.050475043756510775
929;0.08568524743777627
930;0.08846441750626435
931;0.04545667761127669
932;0.06661949179433761
933;0.029674738742998877
934;0.07345194866268698
935;0.04515459402968669
936;0.09149474018533209
937;0.08060498280464404
938;0.08659032989608567
939;0.03520486354881872
940;0.018045499279435197
941;0.04686233316027471
942;0.029784057921914898
943;0.0517525995317903
944;0.07831047861010881
945;0.06365777025655757
946;0.09668707707678366
947;0.08429370417961007
948;0.06427152789772023
949;0.09876162357978487
950;0.06603943669302051
951;0.05551476868882141
952;0.004843974202599577
953;0.02619572596218063
954;0.08257406139623424
955;0.04530048822581071
956;0.054188695815352385
957;0.08329290078027564
958;0.09532716094819804
959;0.02316982683116762
960;0.07913133344946938
961;0.06705504820932535
962;0.013699375158119788
963;0.0246934131424574
964;0.04213834153948895
965;0.02406135317672066
966;0.06329820633756451
967;0.09678153255372657
968;0.07845299325741646
969;0.004786003640095016
970;0.06690558837968864
971;0.02584642231560168
972;0.08286075652055627
973;0.028629214928963465
974;0.0626397488555742
975;0.0018635355094077878
976;0.08438860227362797
977;0.06351697671410111
978;0.0234411148144572
979;0.02092358688117232
980;0.07269103290735876
981;0.06314829749272119
982;0.08708707877050348
983;0.0982738184847731
984;0.05763706940366864
985;0.08275614702434235
986;0.07195966331551311
987;0.06573617508683346
988;0.03902327035025282
989;0.002242849010376724
990;0.04190701706905168
991;0.07880121538346421
992;0.01494643353697408
993;0.023853331954129055
994;0.03831267845377326
995;0.026955211710311025
996;0.03180328213744565
997;0.0353248603054432
998;0.08673027488656819
999;0.09620055392120436
1000;0.05187377177167754
