1;0.19919282586413467
2;0.11955318655591969
3;0.08510599146490466
4;0.13123397788015514
5;0.09550809209123082
6;0.06379217695566096
7;0.14346280923283075
8;0.1431194361257164
9;0.12667365893330682
10;0.15294405536699748
11;0.09904880184761405
12;0.1184528528477703
13;0.18191583506257172
14;0.028458021144498826
15;0.09646010976341544
16;0.096888687009395
17;0.053673492593601616
18;0.04160363133843188
19;0.19063266642115145
20;0.138681109451915
21;0.16479995505806933
22;0.13590261168573398
23;0.12116614451036432
24;0.15892786895467367
25;0.13491050005489003
26;0.0219043573902757
27;0.10888443527199508
28;0.08871715155859497
29;0.16382481709914665
30;0.023262543089670153
31;0.03743224898256743
32;0.16131833438863946
33;0.09679204765913914
34;0.03386441878312276
35;0.15690256549804352
36;0.11850832655902105
37;0.1442749531494571
38;0.09892537937585942
39;0.061942596479286106
40;0.1752514908292731
41;0.12827145299746476
42;0.14241227590192188
43;0.18239566023854387
44;0.17656852884017488
45;0.14012857499212644
46;0.12788209366187045
47;0.17870884658635217
48;0.12829458418655224
49;0.05423693877462226
50;0.09698895317534173
51;0.08688830880502896
52;0.19302933288246882
53;0.006488211191614424
54;0.017697718529490893
55;0.17849334814978524
56;0.12868810069906
57;0.0984329637598145
58;0.12031191508068802
59;0.04214670557317877
60;0.14184041788026522
61;0.19162510853923584
62;0.1957945464737234
63;0.17600383425905414
64;0.1373337580707842
65;0.0397202859446536
66;0.06624591802961602
67;0.14326048347890535
68;0.1303661579918975
69;0.07106328119023109
70;0.14112467296825157
71;0.08093004298601825
72;0.11239565684898958
73;0.026842784819332624
74;0.06822434046222707
75;0.19466200912189635
76;0.13634163204574987
77;0.14573806837452682
78;0.014899957588529711
79;0.12106280198612807
80;0.1957146546768243
81;0.11403193023098648
82;0.1465356124337412
83;0.03882064987684304
84;0.049052499592498425
85;0.12791767520207495
86;0.13392558842455998
87;0.16222588798159995
88;0.19449879282206653
89;0.05822147264976843
90;0.09506452021812431
91;0.1145849551141897
92;0.021938348512552653
93;0.10532172571312104
94;0.050594389427839115
95;0.14132687311022296
96;0.11190269857770599
97;0.19982654526539695
98;0.1401707514143802
99;0.10436110519581938
100;0.14406544626412052
101;0.12910577299179474
102;0.10859235387234506
103;0.17192784266645444
104;0.06940728133004373
105;0.08481271966625235
106;0.05483475598609187
107;0.06235254634121821
108;0.14935405911336788
109;0.017845645397486565
110;0.07591261915323289
111;0.1614636632321985
112;0.08423265986646591
113;0.16114613472710315
114;0.09658511400866038
115;0.11889539224059012
116;0.19279923142716598
117;0.018702923823544593
118;0.13657732941617992
119;0.0022827262189127452
120;0.0395800570159206
121;0.003124012153467271
122;0.10243326309576675
123;0.08841835659567712
124;0.11770881299617085
125;0.027189006313952536
126;0.026950006995340003
127;0.11898225276713291
128;0.13141594717978897
129;0.04263862649349573
130;0.1971449208159288
131;0.029740529201420896
132;0.18575732932653152
133;0.08330114543683827
134;0.18065127226135655
135;0.09981035905224969
136;0.11194944295729976
137;0.15183211409625763
138;0.15304675390997644
139;0.1640794693398035
140;0.018944390486664367
141;0.04680182307962675
142;0.019173157904709883
143;0.01971466172730534
144;0.17277283932885712
145;0.15234340031991736
146;0.18652769014929313
147;0.11940224485397898
148;0.05576554363181703
149;0.10200899029454091
150;0.029643097111011187
151;0.03287171300079228
152;0.16384120534788382
153;0.06465809370503184
154;0.1895187603610926
155;0.012278399818255958
156;0.19108068542559664
157;0.15295387231691832
158;0.11273686135671133
159;0.025406541928790927
160;0.007314092672611206
161;0.09555759421798836
162;0.08600042272639896
163;0.07898412326628637
164;0.022411041581469938
165;0.08906902300149289
166;0.19312418301315742
167;0.10086726225080755
168;0.1922114201886579
169;0.13399998956610704
170;0.10335668411417441
171;0.17845486780588207
172;0.14679687583159376
173;0.03572028002081067
174;0.06146403062445576
175;0.029990818033252965
176;0.12077313097791438
177;0.08213892265360795
178;0.022370359363488326
179;0.16073772829331395
180;0.00020451308941993318
181;0.11307062052465928
182;0.035240639936713225
183;0.1172385367118976
184;0.154686050075884
185;0.13502369410881263
186;0.06138261420282301
187;0.09006725732207882
188;0.06996857827248706
189;0.039100356206939725
190;0.19892387799591413
191;0.1100253461353754
192;0.05227595667446874
193;0.13026948419316906
194;0.19500393230172183
195;0.12488394727505857
196;0.10268645511453807
197;0.17391731031148616
198;0.1601586515373034
199;0.034724414181693475
200;0.18490673040667716
201;0.01782301204183907
202;0.135610460827391
203;0.15025813660185747
204;0.014099753805759497
205;0.030757117022766844
206;0.10384864786735958
207;0.022531422229863842
208;0.16783654769670714
209;0.148609072835625
210;0.0551582972201651
211;0.13657320306188855
212;0.10641138173199903
213;0.011880863756041827
214;0.003497263671474671
215;0.07690978646259211
216;0.08842806686478738
217;0.16881176461556108
218;0.16448938088397838
219;0.19626802520591413
220;0.04119357971427602
221;0.15326169613250162
222;0.18885074143372677
223;0.04564242676691435
224;0.14325348494947338
225;0.04393278409860151
226;0.049798625809500896
227;0.09852508476089655
228;0.17248667738180978
229;0.08002294034849088
230;0.0999000517590663
231;0.09366430897115435
232;0.1391606470014239
233;0.0027029520808469435
234;0.1989282763901001
235;0.19400281092894328
236;0.12459950613397441
237;0.12563653683347095
238;0.15045214741686241
239;0.11914728161506954
240;0.027472397613916334
241;0.05703759258224553
242;0.0926474138784284
243;0.03655386141627923
244;0.006612790068634334
245;0.03757644953318722
246;0.07630789288826381
247;0.13856283487513119
248;0.1981094998495599
249;0.0038899821576014572
250;0.10225474930335927
251;0.011859692060660777
252;0.058577352753213456
253;0.14839660728963716
254;0.05531999469562315
255;0.06290967728975454
256;0.1377580932770485
257;0.15910016727153642
258;0.02193935267093894
259;0.05596894188309103
260;0.037773273818182435
261;0.1737123923341121
262;0.014291131558282988
263;0.08392350489852274
264;0.16520980228963228
265;0.01964755573211845
266;0.13004505504005362
267;0.06664291489253167
268;0.17580899344212075
269;0.13257782098912926
270;0.0007520743882222236
271;0.07314772127660366
272;0.18649180085565575
273;0.1617229848582745
274;0.10894577315345746
275;0.0726254261173177
276;0.066960509808197
277;0.14017306373618665
278;0.1909655167218012
279;0.08757428395293165
280;0.013692676184296815
281;0.17684753619273424
282;0.12135270453068991
283;0.02972434063960643
284;0.1851960996109428
285;0.059488012790810285
286;0.15599883946350745
287;0.06147893353128138
288;0.16983189776760282
289;0.061358572458716815
290;0.044404159285848115
291;0.0571263154376261
292;0.05155633019097157
293;0.18451550602465472
294;0.11474397207712861
295;0.13041251583269928
296;0.008138987644814378
297;0.12635801740676064
298;0.171302788480191
299;0.07092974241404826
300;0.1384035208775918
301;0.17656802293090768
302;0.007462803489423142
303;0.13231634816830964
304;0.020128882367998903
305;0.155460414052809
306;0.1399996827063204
307;0.19057467688938654
308;0.023196486636008196
309;0.12477022432165075
310;0.16261962102791114
311;0.14894796093832438
312;0.0906450499871116
313;0.0766447919285524
314;0.1571559483684102
315;0.1673328072843878
316;0.19796805316772992
317;0.1923541327615095
318;0.032132282874269884
319;0.1431768272353125
320;0.11073409002046936
321;0.1906524936357627
322;0.10403376966778806
323;0.01997716928490303
324;0.11304789448116455
325;0.08349256020714275
326;0.1343944591424583
327;0.006056155277099773
328;0.05114954868016704
329;0.15737670872196013
330;0.052903623772165446
331;0.04067129545120192
332;0.029417140309444024
333;0.08053309913027931
334;0.04552344833566893
335;0.11161364174078532
336;0.05656380727972204
337;0.13557013118845676
338;0.002370481789340251
339;0.05475444887464514
340;0.003830079152183297
341;0.010457872862293738
342;0.18536900857407823
343;0.12214222470561327
344;0.0284980010403175
345;0.18683886259688948
346;0.02054017587183803
347;0.051448304524027134
348;0.030879032779857818
349;0.005555319103211587
350;0.1280518657915508
351;0.05766883583625622
352;0.030571234096242607
353;0.12305883080793951
354;0.19175564336687156
355;0.1449891059990076
356;0.043477764693430836
357;0.03685245760529093
358;0.11816877340856485
359;0.1284606897790511
360;0.1774919059488603
361;0.06727385719153019
362;0.11525444907466453
363;0.13128967455817644
364;0.00503182454074751
365;0.1982481792397567
366;0.14535523046584273
367;0.025047880736484854
368;0.18201428464158897
369;0.04632743614346788
370;0.12153264490246946
371;0.14369968606898564
372;0.11855164967232175
373;0.08407639763000307
374;0.1716896739961845
375;0.05995183595811315
376;0.11239657525783374
377;0.12495286000816591
378;0.08645223477709596
379;0.060518222282125424
380;0.15257041636829657
381;0.03141753240095333
382;0.16802992249490603
383;0.06359173644899133
384;0.03630252234837106
385;0.06619023448793149
386;0.12765783336824144
387;0.1238309794760758
388;0.007750844341920704
389;0.14901023360646914
390;0.17259294521594787
391;0.04559060356053202
392;0.06491936743827845
393;0.019176609157139236
394;0.07576226979383267
395;0.08740101322396572
396;0.18279263775284574
397;0.0758808875357685
398;0.12765656770882602
399;0.015221467793760147
400;0.18124440330034855
401;0.14434610843564996
402;0.040583290173285304
403;0.01481625622335625
404;0.15144656731030362
405;0.1731520213395784
406;0.15552719905667692
407;0.07544206998609371
408;0.01652218368024563
409;0.0039046004594972318
410;0.022095966303822136
411;0.07326662797037778
412;0.10035981049284637
413;0.024258757535407807
414;0.02989280199241904
415;0.06075086190540002
416;0.17297960212823815
417;0.09953326290575899
418;0.03221550497805912
419;0.030907288382456957
420;0.0032624489920284995
421;0.07492357584513427
422;0.09944094961196429
423;0.18764886787264362
424;0.0799631251492789
425;0.007893051588602363
426;0.12854147232946966
427;0.17339687497499523
428;0.07547151358982343
429;0.19790456901079462
430;0.014801253245097358
431;0.1871564434681807
432;0.17303333108540517
433;0.1298487556481625
434;7.957774003397589e-05
435;0.050272430516229094
436;0.12429881764459794
437;0.10062601962422837
438;0.12906948756788092
439;0.04177944508825189
440;0.05449199059083901
441;0.1857849101703324
442;0.13281182382560883
443;0.04370875901617051
444;0.18996261432525363
445;0.11436883684467501
446;0.11009067165918525
447;0.030123457108086907
448;0.0979959366166509
449;0.06695709865689463
450;0.13335433295356272
451;0.18929217743027202
452;0.19437607045996128
453;0.06683296058235787
454;0.15016648437013813
455;0.02604399966412965
456;0.01737389529186493
457;0.03079036878348154
458;0.17420655822160686
459;0.06683399437137585
460;0.10824538391740113
461;0.12323272941219042
462;0.043925944374959336
463;0.050298554295825
464;0.05996169309720687
465;0.1499433029055863
466;0.10117413154811908
467;0.05889042321548095
468;0.04459069207678144
469;0.11689316697394703
470;0.11051056284627998
471;0.021533967302385926
472;0.10251541765759518
473;0.14900103111688756
474;0.019675461570298626
475;0.1699050973881666
476;0.08613516678277365
477;0.19264517611361745
478;0.1976644196843284
479;0.05395272408429008
480;0.18664194099704878
481;0.10777897511685344
482;0.04068377332581796
483;0.19165262406929515
484;0.05708590137990943
485;0.09885618416196802
486;0.11908619105872216
487;0.18697492819883346
488;0.0759547801787832
489;0.022444051570756643
490;0.0970438347909095
491;0.18506892438875733
492;0.010135798438875621
493;0.16078058061380945
494;0.030814055309305324
495;0.029292894066665954
496;0.11582448228517157
497;0.13441884374958485
498;0.036784138475971596
499;0.16803955496295908
500;0.04242920841223541
501;0.13969302349000565
502;0.13519201780269136
503;0.14722255924438785
504;0.09729718726373703
505;0.10409177227384317
506;0.14123286337774973
507;0.048409660240327494
508;0.1290374984609839
509;0.028237659975255604
510;0.044009042858628035
511;0.19507302170439295
512;0.1318256845688316
513;0.09003611393674547
514;0.058031280749790186
515;0.08501962687924308
516;0.042602804241303895
517;0.06998528358416374
518;0.16229736885664703
519;0.05434749083344306
520;0.07090063637040929
521;0.017396462716399164
522;0.1880134209980973
523;0.055746376920721374
524;0.1398464366788035
525;0.1896771541205647
526;0.1276776655778339
527;0.19232167126869548
528;0.1408803902908301
529;0.01622714756801116
530;0.0972101706931377
531;0.011627344432773091
532;0.15064635970544693
533;0.15286495043738912
534;0.06824846722260794
535;0.0019787874147486396
536;0.09287220289560308
537;0.12887067054881574
538;0.1464636089922826
539;0.029536683537169053
540;0.06564663457338205
541;0.03469891890957033
542;0.04191188479329875
543;0.08200873020419581
544;0.1936802954799146
545;0.0021043983863635596
546;0.1989386007605656
547;0.0833131496046913
548;0.11902088984174992
549;0.08549450545213406
550;0.1591670409099201
551;0.19020686958667313
552;0.06406482510790897
553;0.031683497591501956
554;0.1787170425283276
555;0.06703742446945829
556;0.09386973522617768
557;0.0753752022051339
558;0.09155993750091779
559;0.10911328124684601
560;0.15931740060545313
561;0.01691812781398594
562;0.09118468653661363
563;0.034354279273723545
564;0.09414415606384481
565;0.13635964229989292
566;0.10091589904104542
567;0.1980643830375831
568;0.02123219578410598
569;0.09042228005398448
570;0.17367552335573933
571;0.16184097537921938
572;0.05530246144301559
573;0.14585994329663576
574;0.024808426377959592
575;0.07236816489838423
576;0.10985307176817434
577;0.19637693796033595
578;0.007771816413285504
579;0.1285017775594627
580;0.0051718899492297025
581;0.1862305609946895
582;0.16313737094453762
583;0.09292756847120685
584;0.05185108548689459
585;0.010737269257391026
586;0.004127716722013441
587;0.16338254629897064
588;0.06499622874203524
589;0.18492839854407786
590;0.14321255379963144
591;0.03711749846031969
592;0.0876269199649943
593;0.1835294602741375
594;0.11597143097197689
595;0.11544773240306612
596;0.056963663100610386
597;0.0197993348498815
598;0.002526490226495981
599;0.15007923523600447
600;0.14323936680790586
601;0.0022984327964844288
602;0.1909874829280395
603;0.0901071698578502
604;0.18426320287662953
605;0.06069664158228945
606;0.09118406939148381
607;0.025590045704706955
608;0.08181586074481309
609;0.08207047476664737
610;0.1295671540095451
611;0.021278838690781978
612;0.06891572329511009
613;0.04959645411009128
614;0.15092457184661418
615;0.1900703261769617
616;0.14540649400180322
617;0.16105685330621633
618;0.14629528509904255
619;0.15689192136397234
620;0.08486492606995154
621;0.0728755483088329
622;0.045653669903999106
623;0.10770959611112414
624;0.17750623692697176
625;0.003918231898867308
626;0.059161293586634335
627;0.19684837653499923
628;0.03998631973099698
629;0.11589723194524337
630;0.13306088417112838
631;0.13476266053502722
632;0.017116049525919032
633;0.026939081826806557
634;0.11969649286100884
635;0.10141123926959775
636;0.12157288888713794
637;0.032876972703123356
638;0.09588548861273559
639;0.012738961294127927
640;0.03874253768306144
641;0.09572899213127076
642;0.17038203095371984
643;0.06477521216309301
644;0.19266746114296285
645;0.14028700600128804
646;0.09036255934710316
647;0.16387294165504407
648;0.17619349685000868
649;0.1632655407664974
650;0.0887557650607027
651;0.02175872330282691
652;0.05800002657176469
653;0.19770900936288754
654;0.05920228114540804
655;0.03123697875221998
656;0.19332493617098087
657;0.10365243942882472
658;0.1516510507776944
659;0.18387873704786775
660;0.17264742554359366
661;0.046079204880918545
662;0.17035269678345988
663;0.1505589194631198
664;0.046910508525259687
665;0.016643343686654388
666;0.13927968702741342
667;0.17284461291713518
668;0.09152626642500022
669;0.0698569867223771
670;0.020949472324265694
671;0.1960436319155196
672;0.12457552739975418
673;0.042227905887084895
674;0.11600653337784156
675;0.14121485798970576
676;0.043719805525603575
677;0.06901449703264328
678;0.08824265431531464
679;0.03009939778517541
680;0.04991293917206483
681;0.10086131312545848
682;0.19145441706240723
683;0.13995247784901704
684;0.02790634785245072
685;0.17984311311990123
686;0.04235634346707021
687;0.02216431906855001
688;0.12288078139936652
689;0.021256958087954737
690;0.10928357937377381
691;0.12530059849356456
692;0.10436845513137061
693;0.12830058884609893
694;0.055123682692411996
695;0.19781697440034107
696;0.08143399633061413
697;0.12842773896074278
698;0.0469907130243634
699;0.1610133052564556
700;0.030071505093599883
701;0.11984241247645631
702;0.17187026721506907
703;0.08473809401832591
704;0.05366558932308958
705;0.03100193364230457
706;0.09068081863226113
707;0.15660397908017062
708;0.028585643128583405
709;0.06992094740478742
710;0.14038905222656292
711;0.10230661787246827
712;0.15025818579692693
713;0.15400924692573817
714;0.024482837482330735
715;0.04952914137932605
716;0.0008271706556546299
717;0.1673324682849822
718;0.0599212249618456
719;0.14832068061542
720;0.06368447842315224
721;0.19440390364888127
722;0.03042413439080749
723;0.1361635174923104
724;0.032472876954184215
725;0.07026699894081126
726;0.023741171177756495
727;0.060703256587034196
728;0.001334925793470343
729;0.09217391344582099
730;0.19054343737806925
731;0.12797592636509728
732;0.14447930598774072
733;0.15742624847221381
734;0.19852379526766933
735;0.19188086630133003
736;0.15391547402357608
737;0.18912533150517655
738;0.08822186389891161
739;0.039445797080492784
740;0.16499121271038844
741;0.07651156129368207
742;0.11615529061634738
743;0.1370539277147452
744;0.10935013101660321
745;0.06465824920240018
746;0.14450556020513936
747;0.08721027668301001
748;0.001341179959085026
749;0.18853549488318844
750;0.15339609215043115
751;0.015331587546393077
752;0.05902448003852112
753;0.05928069940476566
754;0.19581441938707572
755;0.08256882548036792
756;0.04906650239975394
757;0.1958612902787437
758;0.044691283876658286
759;0.05064867956645627
760;0.03067521895636809
761;0.1426683529270066
762;0.0037576986172693783
763;0.06711415382663054
764;0.10907064277805563
765;0.16740890989011714
766;0.001990760956824844
767;0.04026364279902597
768;0.19342648808951196
769;0.02761382854651977
770;0.19996350323819734
771;0.10334832431379011
772;0.030252260628016114
773;0.19261284341833984
774;0.09889616004392868
775;0.0010764135712211687
776;0.06000302784988248
777;0.19610419550994573
778;0.15949220349376048
779;0.14187508644446287
780;0.009288753983138354
781;0.09289788455611606
782;0.1548642946529377
783;0.06423046358739724
784;0.02637009902067491
785;0.05071994980221761
786;0.03772025383762887
787;0.15263630230196046
788;0.1582132820284673
789;0.13838250368782234
790;0.07754651711969746
791;0.12855957470872903
792;0.1788156222552321
793;0.027053186467143234
794;0.13231240571927586
795;0.07429823733791943
796;0.14082366869234172
797;0.1558351863111055
798;0.01810344843772782
799;0.12669770864008484
800;0.000274967614339805
801;0.10154735638637905
802;0.1743617473168949
803;0.0017938802341165073
804;0.03443922639188133
805;0.13724105431030229
806;0.12181509286239506
807;0.1397261490614314
808;0.17095106307848879
809;0.13794606027967737
810;0.12954010179181125
811;0.1225866320863459
812;0.13903062772081543
813;0.06665507284095953
814;0.1170064597558145
815;0.043028552686711664
816;0.07435033178705755
817;0.17432507278889586
818;0.0846781971938388
819;0.08544621574823746
820;0.15546843118468254
821;0.09237900420715556
822;0.012352848098476499
823;0.1735333064219632
824;0.0899569281153096
825;0.023388955021997695
826;0.03835588817654541
827;0.08906027520508482
828;0.02096923824347803
829;0.021587829412752103
830;0.010575195583263497
831;0.04268876069305157
832;0.161264753087276
833;0.09641720087929857
834;0.07464079177832321
835;0.07166319280218661
836;0.15437066236141964
837;0.1347835768228347
838;0.08421281628925836
839;0.1253868066055995
840;0.023496397406631078
841;0.15660204195268845
842;0.06452138036782196
843;0.11430847355567392
844;0.06821752475562275
845;0.023804842723043042
846;0.02266616659627545
847;0.1722639380708581
848;0.1406688539162205
849;0.03098095532255485
850;0.040501656834147665
851;0.10746824574479166
852;0.01165960555963237
853;0.03805535641370868
854;0.1829383785155636
855;0.12307826558983809
856;0.1529932905460873
857;0.019761423655108135
858;0.04426194350306876
859;0.1617144219465753
860;0.131700626648768
861;0.11780361344215473
862;0.06811172700554002
863;0.0028250239078974728
864;0.1481408029088702
865;0.09756595047309523
866;0.058897098257492564
867;0.12023608005241036
868;0.12495822262711971
869;0.03071535266240959
870;0.17586897728528378
871;0.061225465575834664
872;0.07338538277087417
873;0.03908747635430687
874;0.1012158723162981
875;0.06398568630554047
876;0.17255314091997262
877;0.10269806581534108
878;0.1749568668573851
879;0.1937787060428351
880;0.1818310994416516
881;0.12860732795240243
882;0.14994548770593408
883;0.19517762163108537
884;0.19842913970714374
885;0.1228027276788535
886;0.06793249542275699
887;0.18985714380307897
888;0.14453084371595293
889;0.18067979887901067
890;0.06637998669844856
891;0.08671628829392641
892;0.06313619183871653
893;0.10127479096740755
894;0.15702874695917884
895;0.1373201982354057
896;0.0018531690627914045
897;0.12193930318591273
898;0.06520878219148385
899;0.05847142335346929
900;0.15624144342168902
901;0.06436701806287025
902;0.026153278712658202
903;0.17616604752553042
904;0.06647932364632801
905;0.06541360463616024
906;0.18469422423052625
907;0.19706731437373048
908;0.12996505617135953
909;0.13232417162083887
910;0.16923275050432565
911;0.19323672284060323
912;0.16049220186109267
913;0.01239561774601916
914;0.04960286922228732
915;0.09804769645595877
916;0.1611453024341385
917;0.07210769354619033
918;0.08863451841122211
919;0.1078501104495061
920;0.19399490008886255
921;0.1710542402199759
922;0.0992073604533176
923;0.05655915164067569
924;0.03643561193187628
925;0.024750929139367963
926;0.06796562217163156
927;0.10289315863604183
928;0.0017122899310723306
929;0.03776406197772058
930;0.1798443171985527
931;0.17827397990460617
932;0.06670914974839619
933;0.16046723966149762
934;0.019243964264585613
935;0.1505933010481968
936;0.18835972070930096
937;0.11295556901583392
938;0.1832340961268382
939;0.024214010633016647
940;0.14246583129425747
941;0.10102589823440873
942;0.16111319046079453
943;0.056540982515697835
944;0.029153424130517826
945;0.19811833877219076
946;0.1175167554777018
947;0.05453828813995807
948;0.17241106011647656
949;0.02262924837638556
950;0.1466105027917223
951;0.018307008560731888
952;0.16380450041287806
953;0.10958706238739516
954;0.0433506916401156
955;0.1037546723742781
956;0.19142218897451233
957;0.1466907141007251
958;0.09851650210224763
959;0.032651911924409326
960;0.07510829790256045
961;0.02677307646425875
962;0.10805094388795566
963;0.11787803989770561
964;0.19669022785366203
965;0.10763172347900574
966;0.14971035523752135
967;0.0690083173733999
968;0.14914543592057158
969;0.061382452814648075
970;0.020118251089958395
971;0.05468438742211057
972;0.04114498438758749
973;0.009309853482484321
974;0.09590579160265103
975;0.13152597628347
976;0.06181737684339459
977;0.13152629922650957
978;0.11767933614201738
979;0.011098536069652188
980;0.06417462412977178
981;0.13617330377795628
982;0.13635853702735992
983;0.044580680099044194
984;0.13403936286763538
985;0.014781211356156954
986;0.05867650079894551
987;0.09967588197790721
988;0.10512276952825256
989;0.17189172888559578
990;0.04951266489622828
991;0.01967363086023848
992;0.1026060309994285
993;0.09839539759639503
994;0.0011520337688587067
995;0.18953209944597682
996;0.06820655738246595
997;0.12420349461404073
998;0.14511688209510495
999;0.0521388333941295
1000;0.09657499137151988
