1;0.060551034586416835
2;0.04540609617417497
3;0.06388471946677758
4;0.008499851468084208
5;0.008771963224847723
6;0.02649047260461699
7;0.09838366205075538
8;0.0373098280229455
9;0.0030290163195465184
10;0.0014099401854756777
11;0.033361241858102554
12;0.04681176901849411
13;0.06424427076200322
14;0.05328315801826849
15;0.011598578730071219
16;0.09691562419919753
17;0.060901557598522185
18;0.06429881618704784
19;0.017360141452420607
20;0.04253786037027477
21;0.08974750668601894
22;0.04671103341822146
23;0.005951503110154133
24;0.06482891148235426
25;0.05297187651388764
26;0.06708360763332992
27;0.02166538270062668
28;0.0169410936100851
29;0.06601600509844112
30;0.09655457570262393
31;0.0483534525715004
32;0.048391337252006755
33;0.07800437405530694
34;0.006276159347803279
35;0.07156433887824036
36;0.0745061440796599
37;0.013897629339841467
38;0.03502655718499864
39;0.06574932290432017
40;0.0367180614975088
41;0.011292021275176513
42;0.07275589781239859
43;0.018700765943630706
44;0.05612273599658402
45;0.038231352388616885
46;0.002111626915988063
47;0.009695602067341148
48;0.09888329878385027
49;0.06338125670780526
50;0.02667819918304365
51;0.09203801256498727
52;0.0861580492188671
53;0.006701363601217958
54;0.0005027313686073565
55;0.009838023200597158
56;0.09398024276660807
57;0.041777719751385445
58;0.02936244731047362
59;0.08623848775981786
60;0.06233617939339162
61;0.03808355515174253
62;0.04211978750744419
63;0.06471079426437927
64;0.05691666838467692
65;0.02362270037450961
66;0.05961373673584748
67;0.08343343937282682
68;0.07276288718188897
69;0.049966354226916504
70;0.048177453556464
71;0.06990334873328534
72;0.05009470753831702
73;0.04092541341779067
74;0.04510165884993093
75;0.0832090923826156
76;0.0861721323864631
77;0.05023874291892171
78;0.09912309468467884
79;0.09168349134901098
80;0.06610127917909482
81;0.09067466999226521
82;0.03482665008210696
83;0.07666157872256629
84;0.09062812216425739
85;0.0706694462785523
86;0.0065496036110407
87;0.0770363122833806
88;0.06841822424731776
89;0.08776482425171596
90;0.012507868767607233
91;0.08319485435767977
92;0.09620780104445455
93;0.03937986034577212
94;0.06621588436784404
95;0.02744922652952141
96;0.03212758939045647
97;0.0830193472391098
98;0.032601572992057216
99;0.09606607171948978
100;0.06177369609042163
101;0.09865519525683934
102;0.07914202792899802
103;0.038905424722283845
104;0.047635372539906365
105;0.0934111692533734
106;0.005525653838543865
107;0.08790904100541823
108;0.07988755309278756
109;0.0638189951640568
110;0.06423926455629062
111;0.07910868315712545
112;0.05940327323962983
113;0.046516379802659574
114;0.060429903525954315
115;0.03191753674709933
116;0.06499976450800724
117;0.021174504951328887
118;0.06032772705841626
119;0.029343050228157398
120;0.012425645291848197
121;0.018129706572984985
122;0.055430848974028536
123;0.09768028447088417
124;0.07343292383714785
125;0.004272273621467504
126;0.06557594594018072
127;0.05193891370876494
128;0.002317203334888407
129;0.07789824844011481
130;0.052837713221757156
131;0.01731847155723959
132;0.006756145843336126
133;0.04765859868551991
134;0.03719007025965134
135;0.06713792189289144
136;0.09747370008550055
137;0.0049227858172293144
138;0.08322568920316593
139;0.08853556607067804
140;0.08678834711637275
141;0.0031263530109246207
142;0.025914056270725717
143;0.052430314548236656
144;0.08658363139254377
145;0.07979646325208588
146;0.06661621038803982
147;0.0697660009784558
148;0.0269674142514312
149;0.029933790073873756
150;0.08222682878001893
151;0.03942051011521104
152;0.04753386336446715
153;0.0847572524773848
154;0.052305967905194956
155;0.0467997144756224
156;0.05535526930759445
157;0.03028453428330994
158;0.016570719530463598
159;0.08712335556147807
160;0.052149478342550605
161;0.08143711882648996
162;0.0607519287266948
163;0.02101803813183836
164;0.027402227953861893
165;0.09292571214527501
166;0.041366250082561964
167;0.052735571542199815
168;0.009223057645788747
169;0.050192018868371414
170;0.007121601272630696
171;0.03708412727506222
172;0.03242626018813092
173;0.08595172794827632
174;0.010234544152054693
175;0.020125861850453276
176;0.07675277419868443
177;0.017078940292298294
178;0.010429833998865025
179;0.011001636784496172
180;0.036863528928721336
181;0.05498181637127797
182;0.0549160715670968
183;0.07334527454889499
184;0.029127015944543713
185;0.059152138405315725
186;0.05597050846514389
187;0.05643891716456015
188;0.017660866271550425
189;0.0029167367250395593
190;0.04152412967849531
191;0.03263759108548717
192;0.08016864982372618
193;0.09977076176487387
194;0.008659570856254883
195;0.07954578086916254
196;0.00015331758237440153
197;0.03333790778743271
198;0.09908341015895139
199;0.02057953277924679
200;0.0356247188089942
201;0.032788753466124254
202;0.07520468836185815
203;0.043213634285630464
204;0.05010020215338809
205;0.09326408295459099
206;0.04899948449944165
207;0.037303410358931435
208;0.0400051308988986
209;0.07937815733242491
210;0.08048822542658496
211;0.09092367534924622
212;0.05985982215007627
213;0.02795339332568805
214;0.09014541528515521
215;0.018923615497035907
216;0.08822703282266199
217;0.07431402399884349
218;0.06881598300552748
219;0.02921886339919255
220;0.06596261664526608
221;0.048919463849709535
222;0.0482223374778352
223;0.04125772046161949
224;0.0951362881081503
225;0.04506740398330185
226;0.012645986520951348
227;0.08910077184352277
228;0.0504218110794614
229;0.0969376461639358
230;0.030995000434682996
231;0.05360435923522325
232;0.0110350962573748
233;0.046067223405129726
234;0.07508991772911938
235;0.039168342622413116
236;0.05523376715852052
237;0.04540579144330592
238;0.034215830209282996
239;0.0800005504899322
240;0.003274846740359372
241;0.0870168975305619
242;0.05370586500193614
243;0.04920468525685026
244;0.04842977369869797
245;0.09753533723662446
246;0.0970107813428073
247;0.046295441878892
248;0.020461211242094837
249;0.036807264862950675
250;0.09877870898251224
251;0.08956712595821444
252;0.08220572828539449
253;0.018458431000198505
254;0.04460359853504068
255;0.007547298810871106
256;0.053283769430739626
257;0.0531230797263926
258;0.02133613359129474
259;0.07285391890744378
260;0.01325574531462579
261;0.01393930791720851
262;0.00825622681058511
263;0.07852877062484379
264;0.010149068488448255
265;0.06790770856126759
266;0.0583493159431202
267;0.0682116807034275
268;0.09692589221999326
269;0.011558633687692221
270;0.06715082941531679
271;0.05109529096627355
272;0.07332549873480541
273;0.042078304076505424
274;0.06106301650020551
275;0.07537292456878014
276;0.05180095818011299
277;0.060629507838467794
278;0.06621952343457524
279;0.09960156719855776
280;0.04599319685179907
281;0.04738492015272369
282;0.012757121431197027
283;0.03774353108155744
284;0.07173535693472292
285;0.01988067973604001
286;0.07964958061068637
287;0.026222880740159882
288;0.053971837271019056
289;0.043780185375141736
290;0.015161439567074797
291;0.009604396312797537
292;0.06409698914754439
293;0.021694393762221778
294;0.09604674230627039
295;0.0025703987982869992
296;0.041910673731141594
297;0.03989379900514322
298;0.058300221591585905
299;0.07852669367474885
300;0.06818236302748551
301;0.03765317532284068
302;0.02583557705616012
303;0.019297610221085816
304;0.01847593274300886
305;0.019333334842379857
306;0.024615972358399598
307;0.007366430965083548
308;0.09334207291407746
309;0.028764989556830045
310;0.016621572538330767
311;0.029555638712540057
312;0.05987282123197923
313;0.010182942224538506
314;0.04506834365249316
315;0.04103936859516728
316;0.05164570997589929
317;0.062445643735051654
318;0.01954048428418983
319;0.03880827877321043
320;0.09641474995900305
321;0.09522252709411783
322;0.051823840223432796
323;0.027965485441684014
324;0.06335520052445673
325;0.015539870883647368
326;0.021486601983446575
327;0.06911662248169809
328;0.08075327772242337
329;0.0367823366859738
330;0.02133007618412294
331;0.021071005318053716
332;0.0009655719222873227
333;0.04055060834864913
334;0.009921416124970007
335;0.09954429148044001
336;0.005989339331618515
337;0.09129899541344463
338;0.08860314429814187
339;0.059636828324649165
340;0.03343284912694185
341;0.08567608429537696
342;0.025120952325234328
343;0.04470154357326994
344;0.06894498817039155
345;0.017436651330619758
346;0.08143011403584116
347;0.021048519477226836
348;0.006659083147710899
349;0.015043074611335139
350;0.04030862702628644
351;0.09661296740453074
352;0.08485307079790297
353;0.017358291741159194
354;0.0456937984172517
355;0.050557047994842334
356;0.049126070236449305
357;0.0824317730043698
358;0.009794170679664583
359;0.021257278141017036
360;0.000477143667260338
361;0.0904411611391696
362;0.05846856906450894
363;0.03605771770709859
364;0.05497997268247845
365;0.07233188739926498
366;0.007352498184737388
367;0.08184377320868547
368;0.0782213976849829
369;0.09317236054044783
370;0.06172996698824207
371;0.022588944679165047
372;0.008470487987252796
373;0.004384144898982001
374;0.08266821444606398
375;0.06303387093386606
376;0.05457751852660706
377;0.01054405192230723
378;0.021641564026892414
379;0.007084778128192837
380;0.07257833405664314
381;0.06689321146708653
382;0.07650789906552205
383;0.02490102093576868
384;0.06060262236444382
385;0.07421553409872764
386;0.06024121913965813
387;0.01914519904400146
388;0.04926578783454735
389;0.08949414907499692
390;0.09061605608132385
391;0.06914166042419688
392;0.03786939785207825
393;0.0019822280629824387
394;0.07979056208776866
395;0.0014471647540847954
396;0.061582044577308905
397;0.0871419725128348
398;0.0901829465153896
399;0.07630227469092349
400;0.0625324411298554
401;0.02064305736681007
402;0.07001236403331274
403;0.02892028721695398
404;0.045026636489946884
405;0.09425569995071
406;0.04281995202717884
407;0.08932436603745372
408;0.05093694336440562
409;0.013382952904673173
410;0.09753743760224315
411;0.02480674491463132
412;0.06287336605870594
413;0.0016340398779491783
414;0.04115595290642894
415;0.03571852307516236
416;0.07434298482062102
417;0.07285497666997996
418;0.03472524411203067
419;0.04722153980864934
420;0.07779600207468725
421;0.048301250995824156
422;0.06806112186993742
423;0.03735225645622016
424;0.057084275134137975
425;0.05248863960188538
426;0.00945691774774078
427;0.07397183432253196
428;0.08569097792650837
429;0.09651912024106696
430;0.08603873582836159
431;0.008892400063671469
432;0.08822335411331655
433;0.031131118620909472
434;0.019772303444256935
435;0.0696133737479755
436;0.026329795433437678
437;0.0559993365993115
438;0.02474194383603683
439;0.05456504463681533
440;2.011263684611464e-05
441;0.08164747603833124
442;0.021285891181348816
443;0.028569608779974887
444;0.044977249493913574
445;0.07753715513742018
446;0.022940773303432596
447;0.049327176310890036
448;0.01405575268026823
449;0.03030636768981341
450;0.09798247809270309
451;0.08597697203693425
452;0.01752075246541912
453;0.04138180216123728
454;0.06446846018770679
455;0.04885421000043819
456;0.07571482439765492
457;0.05235515884665664
458;0.04952168452828657
459;0.07554826412226207
460;0.052590770848738436
461;0.06751774215323252
462;0.09561663692385997
463;0.07319409317493157
464;0.0003653480266575526
465;0.06667385287236183
466;0.01884957880419479
467;0.051433249551361075
468;0.004642063514205763
469;0.08419276133922927
470;0.03504984866329019
471;0.05240162379560285
472;0.023883760992350712
473;0.06468662454371592
474;0.0011863921422024194
475;0.05936545863922445
476;0.04209197564725976
477;0.04671370884729852
478;0.08035693221111812
479;0.034512832794839056
480;0.09669600804146966
481;0.05204844169798343
482;0.007281104839324848
483;0.027393638375012776
484;0.06732355426444858
485;0.04386078925739663
486;0.07020377449075971
487;0.0962047084469038
488;0.08122570612889977
489;0.08981348591955934
490;0.05196338686288712
491;0.014235773779134165
492;0.061088934509986384
493;0.06983001178095831
494;0.0239633505663329
495;0.09291849729432133
496;0.017290540270342148
497;0.08138643686551239
498;0.09440189141668387
499;0.0021443250414518223
500;0.006442092724058557
501;0.07274682352336474
502;0.07882282148264068
503;0.012591243356638927
504;0.004380598843706229
505;0.017771591464848337
506;0.04248588450643817
507;0.07640768527235628
508;0.05695350349336366
509;0.05578547764313049
510;0.06316480224470032
511;0.032264363531080635
512;0.015575560201923966
513;0.01162325397475802
514;0.01675794313804403
515;0.03027513975097459
516;0.01550411841548629
517;0.033745533812743145
518;0.045783658553259256
519;0.0867916821006099
520;0.06198170717878974
521;0.039168192523933935
522;0.014428373742964684
523;0.06558365396116114
524;0.08964894916311368
525;0.07984819760712936
526;0.03697792265162996
527;0.06967089617332632
528;0.06804798492824869
529;0.09404918038065083
530;0.09870687764288258
531;0.006091873109777946
532;0.0864555444475589
533;0.04734978851766191
534;0.050752120957340274
535;0.09273226795778827
536;0.008176093573875876
537;0.007208830441946823
538;0.09651851523713242
539;0.09017780201588277
540;0.051755541211044524
541;0.0999958283864266
542;0.09637455798804975
543;0.026335678380740524
544;0.05800116778525619
545;0.03657915062505086
546;0.04522114399905387
547;0.08673304732645506
548;0.08261117891406292
549;0.0416220969850624
550;0.0974397728138467
551;0.03667448378322329
552;0.023324994159448845
553;0.08001449537320394
554;0.07704369316961003
555;0.010885230025143557
556;0.042402268668559645
557;0.07776208112242258
558;0.08460963103168684
559;0.054288902329359935
560;0.026984298362950267
561;0.03593780663036703
562;0.0029253792121804235
563;0.056337918426956436
564;0.014868345554329677
565;0.013812317974051991
566;0.08719522149430964
567;0.07794970673340207
568;0.08813825051342553
569;0.008033234338723317
570;0.03226590355338882
571;0.007657980927436437
572;0.006252983865062356
573;0.026814849992211866
574;0.09895470746756195
575;0.09208398269078592
576;0.07885844343994508
577;0.09165227410511406
578;0.024019983719551496
579;0.04332023516406025
580;0.055297247711251246
581;0.056137179066495124
582;0.04032760139520983
583;0.09022629727595179
584;0.018783783683277655
585;0.03776078234445634
586;0.08402863297277724
587;0.08443383177363845
588;0.07777493416301712
589;0.09740747475514473
590;0.029399249133672114
591;0.04407163140497725
592;0.07932764032065774
593;0.028098045953930662
594;0.0908206269224347
595;0.05115298937866301
596;0.06154495388065143
597;0.07272057087996847
598;0.02509575245264402
599;0.0059425886779956305
600;0.05222957531423609
601;0.06944560398323002
602;0.02040987906059523
603;0.05320177130894014
604;0.050943439154442216
605;0.08991987348005737
606;0.006227814711286573
607;0.000221318775525281
608;0.04052563189745854
609;0.0026964342664673735
610;0.00940141101608144
611;0.005287723462181826
612;0.08860864988005625
613;0.08760463723105164
614;0.0030103375453166548
615;0.009798193500666486
616;0.08218267121492905
617;0.05813554424884986
618;0.03730132008894307
619;0.09773628574091626
620;0.06535751930350935
621;0.08878506519290591
622;0.058070521874722364
623;0.07951972337677307
624;0.07594553841692855
625;0.0006423550677947865
626;0.0009316648052718369
627;0.009259410158274672
628;0.07625497574093085
629;0.02243514543753733
630;0.09039364377332419
631;0.07141079051100702
632;0.05275840219384425
633;0.049800863622693564
634;0.06476430362840978
635;0.043786729738963893
636;0.031018366742650884
637;0.06659019937878581
638;0.08235543890631494
639;0.07899407156404581
640;0.09435542479060399
641;0.08497414737684103
642;0.09398203151838762
643;0.03106571579586356
644;0.030847495595842423
645;0.06737484663431034
646;0.04092943938396938
647;0.05765859620481524
648;0.024374819456519505
649;0.07180632271480368
650;0.016900380424088614
651;0.017192987837652853
652;0.06717823150920817
653;0.05033205351666203
654;0.007156347435981603
655;0.09365287205526639
656;0.0024227462375459364
657;0.053272734694605674
658;0.050807338872099254
659;0.08219271947514517
660;0.039873443609702325
661;0.06054818165479993
662;0.04551160195500153
663;0.08155542526147569
664;0.05369867989715596
665;0.0419486589866854
666;0.07947464864538108
667;0.028444700099265398
668;0.08947973878781243
669;0.051688674100670066
670;0.09452486346510008
671;0.05551985088792427
672;0.06039772269807175
673;0.01796617473661514
674;0.02506995607933924
675;0.09060144162995754
676;0.013537477729142534
677;0.05334780775908204
678;0.038097588207750756
679;0.02852673374543372
680;0.06300742465210592
681;0.06319843865103308
682;0.05763433729228228
683;0.0925888437765496
684;0.031171829686863217
685;0.0753503582724126
686;0.06201239113174074
687;0.07430812545151416
688;0.04500901670755782
689;0.056255896555602584
690;0.0012991658236650274
691;0.0797384415333297
692;0.016744553253133666
693;0.09461153618277407
694;0.018701655497229554
695;0.09717604824717804
696;0.03148620416607293
697;0.07340254223115028
698;0.022058837107318343
699;0.0808246284794968
700;0.028782251273269666
701;0.04627885504314028
702;0.015707383596818957
703;0.03499564678371538
704;0.07861180737076232
705;0.017173590655026907
706;0.021796728309672653
707;0.00464299465883834
708;0.01624674045302389
709;0.07667665974558935
710;0.01170436492430903
711;0.04795219309842533
712;0.015931141112294846
713;0.047681853222355935
714;0.059565160370926955
715;0.060160647306639475
716;0.022908650114775567
717;0.001208902517297339
718;0.03686987850646704
719;0.02147575087198126
720;0.06343839001227068
721;0.06421333683193758
722;0.08279181341518238
723;0.07993259660144149
724;0.09316102787395592
725;0.02497622794700345
726;0.09270384639642955
727;0.09935382608078186
728;0.020409872336671367
729;0.06278128434707257
730;0.09924605894954776
731;0.007189600150943454
732;0.07024374525409842
733;0.08159647218858633
734;0.06893684087218808
735;0.09416335175674614
736;0.012331164281147123
737;0.06753260198071127
738;0.056666837209406185
739;0.028646902559232357
740;0.0018643910798746056
741;0.012592140456774937
742;0.009879092508459853
743;0.07055079856290515
744;0.059322888060658434
745;0.008428689585931749
746;0.07401765758308294
747;0.06533209568920609
748;0.05650375069621726
749;0.03730719260452423
750;0.024345731274614726
751;0.0776961702221119
752;0.07801787131958116
753;0.01689893328982437
754;0.013636136652745878
755;0.021954255518321655
756;0.0925018112673049
757;0.035444357065133415
758;0.09874820256897165
759;0.07757394504320937
760;0.03655428866507378
761;0.07126092605515104
762;0.05536341729005682
763;0.03178810580050519
764;0.09073828668356893
765;0.06883708591156272
766;0.038311370947788526
767;0.03953117414743723
768;0.0997417806048544
769;0.06640266246976856
770;0.019756265549280994
771;0.05051910484869507
772;0.06405521466891487
773;0.053646207205113185
774;0.06281313913529715
775;0.03945511959654585
776;0.009933912793218369
777;0.07485004084568951
778;0.02312473281294223
779;0.04774888368234764
780;0.0719006734197493
781;0.0819357069513499
782;0.005322113125103845
783;0.05441331500456195
784;0.027684234700705846
785;0.015498979985491225
786;0.0782802778624672
787;0.0478155396394519
788;0.081549043798971
789;0.06431491330890542
790;0.0959932600623012
791;0.07974798837914837
792;0.05936368825436698
793;0.055656939470321146
794;0.016874189294994825
795;0.09561536383612008
796;0.011536406292305835
797;0.07251805304180602
798;0.05254847569135473
799;0.036373964809260785
800;0.015773151730501856
801;0.049104346404505034
802;0.08510421431972644
803;0.07432102370550676
804;0.0808213524256407
805;0.07913622730924474
806;0.0056520738886033485
807;0.0936210173273999
808;0.04606144362978498
809;0.03323814368203679
810;0.053684752684942584
811;0.0955213388304874
812;0.0699241420942057
813;0.09983759164911839
814;0.07295885286473111
815;0.05174298395301899
816;0.02344386994163268
817;0.03762284379351262
818;0.05617126612382243
819;0.0655913646127235
820;0.08756287405296255
821;0.008516712786923985
822;0.03896735100634205
823;0.07522554885290868
824;0.010903213802375557
825;0.018625315719935698
826;0.008530117581942732
827;0.06758325419109398
828;0.03236171652838913
829;0.03524403632718655
830;0.05551305618477359
831;0.0565882601743684
832;0.01626664730587991
833;0.026878380766528643
834;0.07400562140913633
835;0.08143537646563649
836;0.07443914642418874
837;0.02556592887997511
838;0.07395529410709557
839;0.011561576247488527
840;0.018878042985878387
841;0.008173877081710757
842;0.03365804171463568
843;0.005671368494982943
844;0.019925270674770613
845;0.019171507579432125
846;0.01842032524655175
847;0.05216693391617784
848;0.06419780328826907
849;0.050868872559710746
850;0.03382828066285292
851;0.07564962502509745
852;0.03692417481096138
853;0.09625096822501107
854;0.05287072281096993
855;0.060517167118945586
856;0.06285976326151187
857;0.023464795429352526
858;0.040079071953701154
859;0.05259343863522558
860;0.034373411360664186
861;0.02817296099409269
862;0.049714418665914445
863;0.08767713365234528
864;0.020676643142239527
865;0.07384316273321727
866;0.020995434222333353
867;0.08285285468301272
868;0.08534279291427227
869;0.031940523391233676
870;0.026631126507837524
871;0.09040848197560031
872;0.013187608926274253
873;0.013880791037953944
874;0.0634507035786939
875;0.050465392028404145
876;0.02081374396788717
877;0.012651618525869192
878;0.046976216347482364
879;0.055614429588453286
880;0.006297790711864471
881;0.09158539520816426
882;0.022064245349976898
883;0.0026608705936889245
884;0.061864590045567464
885;0.003579745378097743
886;0.08913105555855658
887;0.029213270206285027
888;0.009559791532566742
889;0.02815109145601609
890;0.05062825170900251
891;0.06725449771450458
892;0.002712627081843344
893;0.08855926866827826
894;0.06136332574421395
895;0.09547578271267876
896;0.06391932767410252
897;0.0160860361880544
898;0.08811521534527218
899;0.07072155062576341
900;0.05584169571507145
901;0.06681420240262054
902;0.04217658528364372
903;0.05233895110328132
904;0.047712592723446925
905;0.09383849146991582
906;0.09605005753294177
907;0.06114125607282769
908;0.06680593123346842
909;0.05822292474260657
910;0.050091318113270694
911;0.09461599866085453
912;0.016716884378526798
913;0.025245349620239457
914;0.004336416249722796
915;0.027548116531397184
916;0.06802325194096201
917;0.07386294081467724
918;0.036150663295170006
919;0.08712538109117758
920;0.004042562975601705
921;0.0803299572068555
922;0.08821720671106674
923;0.02204736072430388
924;0.040293501121196174
925;0.022593846339392123
926;0.07382364733877293
927;0.0971157473288461
928;0.0270638488176285
929;0.08421490867295767
930;0.047731828402937715
931;0.08101369753839406
932;0.03249277276537429
933;0.05627901468550173
934;0.07453584010968423
935;0.00641469889652353
936;0.07129192240728506
937;0.0640507010364856
938;0.09639111214580974
939;0.05431744868352563
940;0.04474386130390448
941;0.0836708119240356
942;0.08425252183060328
943;0.019549542045003476
944;0.08708989745296716
945;0.049042262290883556
946;0.07102503797021709
947;0.044762931619922945
948;0.008199136696853838
949;0.08974946549199218
950;0.04595834109190956
951;0.09314733164490484
952;0.012476504226337249
953;0.06991778504832254
954;0.002762512656351368
955;0.015313557168877346
956;0.09673480093888114
957;0.06210050051603099
958;0.03835960330167041
959;0.08895829784009107
960;0.09347102166367866
961;0.05254485608646956
962;0.057000385871641114
963;0.09658894857252387
964;0.045401213546278
965;0.02185824156858949
966;0.07980052556674279
967;0.055590451669177636
968;0.003048674520192818
969;0.0012944557782847534
970;0.08370003864310735
971;0.049426117145347725
972;0.09324237606244516
973;0.012418611289592252
974;0.020051953713481774
975;0.030400319010206223
976;0.02789891688272496
977;0.015635395039278722
978;0.02505845327599291
979;0.038436081365124865
980;0.010662065233626429
981;0.0279337144931745
982;0.005631985621550606
983;0.09313708398793556
984;0.06762780705156322
985;0.05322749687859051
986;0.007761829142093224
987;0.0978445572691541
988;0.008142413443019926
989;0.002501119357040449
990;0.026130205515308525
991;0.032901900789781224
992;0.08859838743853124
993;0.07675175839592975
994;0.06305607517549272
995;0.025163180016027676
996;0.01840366687131111
997;0.0798889907163358
998;0.0873490229154988
999;0.054156895553602105
1000;0.04749828462203955
