1;0.007312006497657175
2;0.15948325582522022
3;0.1215671110870344
4;0.13036871331276226
5;0.07001675517059565
6;0.18443310181180686
7;0.0739447553982806
8;0.057322893952056475
9;0.11384881973849466
10;0.10151380326557412
11;0.13590195170151806
12;0.14335103471219943
13;0.19978801478788466
14;0.03100397106568984
15;0.03385481439371605
16;0.10225050583298179
17;0.093117605649823
18;0.09500895836654498
19;0.15537895456766276
20;0.0662469402073093
21;0.11936551071395984
22;0.05854063463072097
23;0.1010016870465884
24;0.05946151055882612
25;0.11377717950003255
26;0.0898867332654732
27;0.11698770127633396
28;0.009916601770140976
29;0.08169502620008853
30;0.17178429416077615
31;0.07844693539534353
32;0.038785343886936975
33;0.17528977795306844
34;0.16069860815205703
35;0.037118877566942036
36;0.045112450783974106
37;0.07387057764506598
38;0.17519618991637642
39;0.008134279765185616
40;0.09223631312319924
41;0.04716493134734228
42;0.13667822894839363
43;0.1732450876353387
44;0.19403180651310828
45;0.07872232048312487
46;0.05060253455501356
47;0.056295666806043726
48;0.022382675972022037
49;0.16926291315331493
50;0.18272543392954865
51;0.132662315097505
52;0.18822137132008518
53;0.17054460044904282
54;0.1560144164617175
55;0.12340385845569846
56;0.1128396337992218
57;0.1548668778064349
58;0.14288443480359506
59;0.13471690192330482
60;0.15690450572642556
61;0.1470948679534319
62;0.13927241239461424
63;0.03915702406987609
64;0.12878076467483116
65;0.009606365902523596
66;0.05036297661012495
67;0.02145100115660641
68;0.06840471619089009
69;0.1756513995920688
70;0.015342668439387431
71;0.10611591969589276
72;0.02209125253621651
73;0.17406174679939027
74;0.0910171664721493
75;0.11411210882427598
76;0.09706010812522366
77;0.0009575913113430978
78;0.1457760174697072
79;0.07296925278622049
80;0.1257614842985183
81;0.019476683635855266
82;0.06829516224006663
83;0.09560399398821476
84;0.10155114525074381
85;0.12221790076154025
86;0.033603825779654616
87;0.1694289490723318
88;0.04789462275106815
89;0.19128385860363936
90;0.12112008378836035
91;0.13651134522126826
92;0.04147809466316091
93;0.018693343364489936
94;0.1293605014245208
95;0.047821549927830456
96;0.11834468043759078
97;0.10931358949843867
98;0.09062139893477837
99;0.07715550145950392
100;0.08048950856036699
101;0.09804840437250989
102;0.16353384755221664
103;0.19353809737893013
104;0.19542657846570205
105;0.12146745464742624
106;0.00020516932392768974
107;0.020358634540466693
108;0.045401141932151196
109;0.07895240150127177
110;0.1281635520102976
111;0.018667716776320932
112;0.1104386270502426
113;0.09160890771074082
114;0.19300213669786614
115;0.025785631598905567
116;0.046367754358253244
117;0.10465048278359601
118;0.0920114383608774
119;0.13869382875849284
120;0.12116812649487385
121;0.18027866915905347
122;0.1708395121295585
123;0.1279400997092592
124;0.10296516128497529
125;0.1261728100763483
126;0.024240349073026236
127;0.18772729992677806
128;0.10738101526681408
129;0.10295073763443754
130;0.11930575401544108
131;0.11800467465249542
132;0.011583725685832725
133;0.10508665339375337
134;0.1946156703650046
135;0.008737320824492701
136;0.19781806158233095
137;0.1823796698631949
138;0.011727917630034135
139;0.11654072673098488
140;0.045824586019893504
141;0.03932910135606935
142;0.03733098536529931
143;0.17958210985153747
144;0.13195315714127917
145;0.165256536871471
146;0.15036227440586453
147;0.10895020421718447
148;0.0903563771461009
149;0.016331171418758197
150;0.024275109787077545
151;0.06014911562374634
152;0.1277665604742929
153;0.0489613365993459
154;0.11467999228278665
155;0.1388164424554665
156;0.03916465530804097
157;0.10434589513013777
158;0.09943749383790955
159;0.13465359673660157
160;0.038038173529111034
161;0.19121685631016672
162;0.0437120653297491
163;0.0912047750937811
164;0.08808495954769587
165;0.037893838350543586
166;0.16877082064095658
167;0.07558188728860615
168;0.06355702052161563
169;0.12259845605421411
170;0.12679991531904103
171;0.08102250954615504
172;0.04869428895892458
173;0.07260317014204043
174;0.19197669930100852
175;0.16072878705808535
176;0.02127165756657763
177;0.13756247803850333
178;0.009395429524431531
179;0.10952014111325968
180;0.08298743509697373
181;0.12315594596765733
182;0.12393980564034168
183;0.0537138775096246
184;0.1163785294554664
185;0.1439741563167109
186;0.18256641463503248
187;0.19848857001721565
188;0.1644893068768842
189;0.006116566601345697
190;0.1753965301354638
191;0.04595725407867262
192;0.15029993538641595
193;0.03554113472640674
194;0.19247435496336518
195;0.07815256051783992
196;0.020570559235185804
197;0.033474218571161334
198;0.11993461281345784
199;0.17195979072970902
200;0.02761895832948851
201;0.036839844317503534
202;0.1811570757693424
203;0.15631964827336833
204;0.1262950769814633
205;0.14761305310814224
206;0.1414246084641647
207;0.04961507020650935
208;0.06792359744687614
209;0.013464045535410541
210;0.002154947850021416
211;0.19404118674076754
212;0.05502152685239728
213;0.06467471903982853
214;0.11000108069203154
215;0.012880054285874265
216;0.03561514015832503
217;0.0635385961157017
218;0.09282570356528957
219;0.15141280674185326
220;0.1151101367952875
221;0.06840778622702114
222;0.042345489262430674
223;0.13214230442854688
224;0.07969632698273639
225;0.13787693272508958
226;0.19683021666297773
227;0.17470702982628927
228;0.15936701989566926
229;0.19170735274857686
230;0.18407258962753903
231;0.02725235021329142
232;0.18491920294020486
233;0.17761259397790316
234;0.0765705624138699
235;0.07160746153295516
236;0.19875605923181983
237;0.134049320364841
238;0.1881412331325666
239;0.03460705344101143
240;0.061699567788024726
241;0.04551705035510023
242;0.054008681569475095
243;0.0976500623574115
244;0.09418334038513405
245;0.12896783241545293
246;0.02464910006024559
247;0.1799552561840424
248;0.11306389039397764
249;0.17506419272463475
250;0.14322600597312907
251;0.11343346785570728
252;0.03610468571865133
253;0.011906866034213448
254;0.08225516198838743
255;0.037971447184385124
256;0.03017932461311277
257;0.18844365032293897
258;0.12132489517818756
259;0.0778253455346925
260;0.08669704072552949
261;0.06381401601033812
262;0.16287431969855554
263;0.09845241055773109
264;0.006040911911141445
265;0.15525807713756457
266;0.045327985190996456
267;0.1665660320556168
268;0.18270954545490567
269;0.039342211465324795
270;0.0612651324302709
271;0.0872271638849279
272;0.06916584081676357
273;0.1530654285074941
274;0.0059302531573929285
275;0.1485815888072883
276;0.15611573101013454
277;0.09501012199493726
278;0.13509753266922156
279;0.028404629427785856
280;0.08916525656891075
281;0.03593732778399226
282;0.013961895511875034
283;0.08081132667162208
284;0.1596532962391621
285;0.06492716955202048
286;0.10225544554692984
287;0.047593843673810456
288;0.15229906484135775
289;0.18142059722586473
290;0.032571079379204025
291;0.03566995998981546
292;0.15721424022542885
293;0.1283383977798668
294;0.05792184873965589
295;0.07497967399039095
296;0.08365617891156243
297;0.19249393577137788
298;0.0825077659413204
299;0.008127031253655393
300;0.13523771194739895
301;0.1591897263319655
302;0.19537383746592363
303;0.04505808363674764
304;0.1647372496335746
305;0.07692702834941817
306;0.05508150181102012
307;0.07468289146447134
308;0.10036249067380808
309;0.043639901140148686
310;0.03829849795188498
311;0.023884191393882804
312;0.17525023792947153
313;0.1273463481369058
314;0.19293422702946625
315;0.025266813690282476
316;0.17774461016440293
317;0.11093831398925214
318;0.00657626001559617
319;0.09096881027624473
320;0.03341180464757221
321;0.14794856846885407
322;0.018878757397263437
323;0.1542593063527677
324;0.0596942761857272
325;0.005969000601681063
326;0.14892080125923848
327;0.14743433721370586
328;0.13073298389653257
329;0.16284530984691145
330;0.022358673887988935
331;0.09984668488647651
332;0.15329087636477964
333;0.08021103143642105
334;0.18049797417359958
335;0.007960718827599212
336;0.14717541946147958
337;0.08654786826435917
338;0.033905448660537886
339;0.052484436538641877
340;0.12603762326813747
341;0.01700505551353231
342;0.16780564945770748
343;0.13904261365988974
344;0.15694846339316137
345;0.09075869221049156
346;0.0369139900908896
347;0.10259832033010155
348;0.05231276305354207
349;0.10342244251459952
350;0.17711210334778638
351;0.17891331494412444
352;0.04223397798574078
353;0.16143351102788195
354;0.19101779524936907
355;0.009833314634901292
356;0.024020598351680314
357;0.14938270173983179
358;0.1536040127439811
359;0.0689801633471384
360;0.026185017735685448
361;0.10901886463549854
362;0.1753394447251781
363;0.11609787632026469
364;0.05156046383382671
365;0.19803268363631385
366;0.052447823681701956
367;0.09525471998951868
368;0.15170073073454887
369;0.13100108670452745
370;0.06049975159804564
371;0.018679640065493386
372;0.012308990925016472
373;0.15139641126578574
374;0.16395054669248366
375;0.14667729425873924
376;0.061032884831722645
377;0.06450012323357716
378;0.14799110152638156
379;0.16551788907384818
380;0.09556289547628441
381;0.17744608791779592
382;0.014574544136866941
383;0.1333876560781914
384;0.06914520692032243
385;0.15117027638323546
386;0.008821343731664367
387;0.18295227150278323
388;0.16642782545218857
389;0.07575276635448579
390;0.12652669139205916
391;0.011005528827683264
392;0.057950298731513764
393;0.1266415525525416
394;0.022690675198695966
395;0.12473936226118434
396;0.1685104745017465
397;0.1574981146426846
398;0.052612968473986624
399;0.06477060112573761
400;0.16983402857703056
401;0.08923408283132195
402;0.03233127287332851
403;0.17375343325669731
404;0.06458756660817724
405;0.13834785852410073
406;0.04393952477176664
407;0.0152436129616639
408;0.06862424709932562
409;0.05007382958047566
410;0.11484035070532823
411;0.15032507941101178
412;0.055541574817470886
413;0.17239163939130542
414;0.01758406540924127
415;0.14993454411485435
416;0.09844574814673544
417;0.07937179344356592
418;0.17147382944685824
419;0.032157938489577535
420;0.08075994056322609
421;0.08492681561413935
422;0.17595438084916726
423;0.15330055610947727
424;0.0654733762363121
425;0.13169682081922404
426;0.18887474623455086
427;0.08484642272132958
428;0.08071800076569993
429;0.10447524363844717
430;0.1196139422578043
431;0.06036397650460854
432;0.08528560806569215
433;0.17320102164354118
434;0.1830040907156947
435;0.014450638598025867
436;0.11019124417310439
437;0.04523328731379686
438;0.010553080451889586
439;0.19283241726691497
440;0.16830499490748896
441;0.09703671574280526
442;0.10088088185440869
443;0.09344228913970459
444;0.08786251772419969
445;0.1159268256085201
446;0.014611750561092386
447;0.01672282400193048
448;0.023117307681008992
449;0.045602971507622915
450;0.08070747057191792
451;0.014770523220414323
452;0.025501050495531863
453;0.16920078969924776
454;0.063650075597722
455;0.16501461621208066
456;0.0003908817091613948
457;0.1859688177722744
458;0.14047988217025606
459;0.14243914130184218
460;0.14663831533139074
461;0.04444016228610368
462;0.18251886268040843
463;0.06871004161709741
464;0.054152857645702615
465;0.1906567558983262
466;0.16166667401951815
467;0.164511068831223
468;0.19334865424958586
469;0.19324591970582572
470;0.05015417069131787
471;0.11758958117193925
472;0.18339052846706094
473;0.0784971284365052
474;0.1338801683168499
475;0.12316417183881996
476;0.06222199092439898
477;0.16025585512934323
478;0.12800179869239495
479;0.17534096494536502
480;0.05943132274101908
481;0.1557554383756068
482;0.0075725084256100805
483;0.08038286806078494
484;0.09268630504652071
485;0.0851576010348837
486;0.15880710703646175
487;0.0352935067015139
488;0.17623290073330874
489;0.0562804525841772
490;0.14942836884391977
491;0.04149473882548887
492;0.056322285192938804
493;0.19940675085283094
494;0.14905518147159733
495;0.13187721570020722
496;0.07568389775485003
497;0.0519308330092112
498;0.09902514769165847
499;0.014365962463557369
500;0.06159060380195163
501;0.15113570409302074
502;0.1829413249143394
503;0.12413130514215874
504;0.045851723734724265
505;0.011878308508488656
506;0.11935829921805248
507;0.19214045278527656
508;0.0315559334790847
509;0.12902862316574237
510;0.15721610558459043
511;0.09660842629261623
512;0.025892516686539094
513;0.06951005098461847
514;0.01331809365006531
515;0.15954693264824416
516;0.11242945067640903
517;0.15401824835125213
518;0.06603215551979479
519;0.1025449491353328
520;0.13709565037085594
521;0.18049874141879974
522;0.16369567352727654
523;0.07810331850587698
524;0.1947012816086059
525;0.12569156191394598
526;0.1727030434789127
527;0.15010777853230203
528;0.07428302749408122
529;0.114459255137254
530;0.04024133112680264
531;0.12715039175627615
532;0.07929969013163514
533;0.1715341445248543
534;0.14884262553410926
535;0.09795592956061967
536;0.12044887812892249
537;0.07654638463005203
538;0.008737675363712994
539;0.16426469295971025
540;0.10378519724519142
541;0.17319019233092575
542;0.06722804873766952
543;0.18734723547541382
544;0.09840825230688165
545;0.10059789800400741
546;0.14209824667838755
547;0.057662844968344285
548;0.19605797118298302
549;0.05317882072764522
550;0.027862291993272684
551;0.16571752224730155
552;0.19984111905055657
553;0.04829325346915399
554;0.15329911256154327
555;0.05134881061307748
556;0.10728400417420154
557;0.10996965177366934
558;0.17692180183851727
559;0.18598173324856873
560;0.14488597330962374
561;0.02724247569188687
562;0.07786356367351395
563;0.14917100779209377
564;0.11002976884046059
565;0.15896378606864808
566;0.18765414044844086
567;0.19790142273146852
568;0.10655139047007463
569;0.10069334696912594
570;0.08949645206655864
571;0.008215411231924397
572;0.0888314841607427
573;0.1987282250055361
574;0.12451051442799047
575;0.18611867245420116
576;0.19029269589951955
577;0.14334257517069418
578;0.06033057421076504
579;0.035662781768505195
580;0.017603720746926822
581;0.03619627558425431
582;0.02538555316673459
583;0.004318121703842115
584;0.042787693131959695
585;0.12750094915614182
586;0.022599432149315948
587;0.09690102485289238
588;0.11127525694746271
589;0.1283628947837494
590;0.17025822515657763
591;0.04298999533870802
592;0.190827627678264
593;0.025936026557400505
594;0.10335456859808952
595;0.169755310574013
596;0.0329739105506176
597;0.18457519404710174
598;0.10398944153655681
599;0.17718021124708574
600;0.08075137080141058
601;0.1486445518278182
602;0.12603319586266917
603;0.16087781107422788
604;0.010070838184623378
605;0.08658505335175502
606;0.08557420889722994
607;0.14191827315809435
608;0.15450580205487183
609;0.15504750119571997
610;0.10866981206413509
611;0.050180850232328544
612;0.061877415142821905
613;0.15010943558444556
614;0.11779460631875112
615;0.17380397126908728
616;0.18676400506119153
617;0.11226773526009802
618;0.0921326435859847
619;0.007770861948334651
620;0.042989636434412164
621;0.16905678944308383
622;0.13659969443993306
623;0.007965756846441697
624;0.1575725308611114
625;0.09158223344767083
626;0.11310488433073596
627;0.09271393710561177
628;0.01907251043894456
629;0.15471244704404813
630;0.027714510458698906
631;0.15954597338056697
632;0.04834921496678468
633;0.16799298086719705
634;0.1910833134148874
635;0.1644012169489067
636;0.142114659420152
637;0.1080944661664463
638;0.04856585326375871
639;0.11036662475849357
640;0.01883577433288355
641;0.100382216802816
642;0.08370374993893018
643;0.10735373794130197
644;0.044830162466560734
645;0.09336727549063786
646;0.1983449021747505
647;0.1821573784949316
648;0.13357044680678548
649;0.14220575901237612
650;0.04070592422052044
651;0.14967630922187866
652;0.017845087166309948
653;0.14478797987238304
654;0.06266227691353472
655;0.04586154917932788
656;0.1482020851313733
657;0.16958829842247586
658;0.09675478336991271
659;0.19392245961002672
660;0.1554836277323243
661;0.04796335560837173
662;0.11965498639892752
663;0.011791903679160054
664;0.17764874176685744
665;0.1549814594967272
666;0.16861314164011795
667;0.17557210218298516
668;0.16154688156900954
669;0.01838479794698422
670;0.13055328414547593
671;0.09571234231494954
672;0.04033618875204197
673;0.13346873864474354
674;0.16277763930703265
675;0.057659411938664
676;0.1884111589644389
677;0.05877259034308842
678;0.010345431737697308
679;0.004506683114725174
680;0.014855116696564342
681;0.09308701685075474
682;0.16389964040853236
683;0.13799191991822468
684;0.17428762996772926
685;0.13051622742625432
686;0.11592409591818792
687;0.16581192420353882
688;0.15629006961712252
689;0.1412498336190067
690;0.19322211237561576
691;0.12239622044760085
692;0.019273702202851628
693;0.034986945919031
694;0.005947313168430113
695;0.1387499913564233
696;0.039838708053888186
697;0.16982199772827306
698;0.11760965401966748
699;0.18281283726828668
700;0.17142398691157928
701;0.04834978044537495
702;0.010957855994963461
703;0.18871958449376128
704;0.050848606168066746
705;0.1693384475683134
706;0.08166273368813858
707;0.04794282097329927
708;0.015508271060650669
709;0.054554966507075524
710;0.08641751595958376
711;0.1718103515570591
712;0.1957561925998088
713;0.10416873958904305
714;0.08770264544963612
715;0.005570191287918669
716;0.019162633179094637
717;0.14163538609856938
718;0.10671386776879664
719;0.16254126630202662
720;0.18661310591793834
721;0.09735455733948502
722;0.1818329528664879
723;0.02472121844876849
724;0.16023464096371143
725;0.1258655337554173
726;0.13332180214084183
727;0.19897295470424206
728;0.18271783939408454
729;0.11385775106148373
730;0.10843676249552203
731;0.0517453928842577
732;0.142834928980348
733;0.16459709346811516
734;0.018158632519592533
735;0.10564548071261248
736;0.021131870946082643
737;0.1836211968526087
738;0.01612761505242688
739;0.11491437304866053
740;0.08849922807307337
741;0.039526700601600843
742;0.03217453033714677
743;0.05629606538379091
744;0.17644457803043975
745;0.0696864850546952
746;0.0907717612051962
747;0.16797466760432683
748;0.09671923734287363
749;0.09248314792686702
750;0.17783905272019726
751;0.14937931441378263
752;0.005293370010887877
753;0.10666528142483381
754;0.012507987928242259
755;0.07398422930833486
756;0.103560489795074
757;0.02675701312520893
758;0.16642072653990073
759;0.11648946391318529
760;0.13136903298798094
761;0.111649651952991
762;0.054487362626529645
763;0.16582121769059083
764;0.1368144944795879
765;0.03821109368917788
766;0.15824436964201832
767;0.02746875974616303
768;0.05014981220194617
769;0.14547967114642454
770;0.06887647348511138
771;0.11009192797428587
772;0.10845384244631165
773;0.0874808927591485
774;0.04698902574169972
775;0.08053000934952222
776;0.1515098284855584
777;0.15268267018910298
778;0.14742077181737748
779;0.0879966736139362
780;0.1793101269936983
781;0.005116505621572687
782;0.1842575921435896
783;0.06946865614497603
784;0.07511692579870213
785;0.15403313287187512
786;0.01381263907920105
787;0.0003591754471205411
788;0.08050264778716198
789;0.14262570113230685
790;0.07877503101464066
791;0.031101783349149995
792;0.1191971644593278
793;0.08679222493280635
794;0.08004734779083629
795;0.14686375055940745
796;0.10042504574762728
797;0.15871320005715484
798;0.16726332530090038
799;0.07584795562207727
800;0.09887459502636962
801;0.05343276854048778
802;0.16997215821086906
803;0.13359254882995372
804;0.05485210527910385
805;0.16836259093317685
806;0.014154057998770321
807;0.09685676297414506
808;0.09089825728844898
809;0.027180760386045978
810;0.15883458514756854
811;0.14946796315534844
812;0.16753877601033035
813;0.01625163679793562
814;0.09500598222083044
815;0.06076142095567805
816;0.011066600252891147
817;0.1604120831622122
818;0.12800996896300051
819;0.12748800975260496
820;0.0968676941571616
821;0.10336674053991016
822;0.14916840818086477
823;0.029549283321193845
824;0.08745738294228056
825;0.17883672255253358
826;0.09121666703864029
827;0.10771390637742172
828;0.1839536717966317
829;0.09517031035020616
830;0.19391056718635957
831;0.17464521553198736
832;0.06987770609371875
833;0.14805165060510547
834;0.006655883438288934
835;0.12450541970950653
836;0.17537021768471303
837;0.08850499582333178
838;0.04100095179063539
839;0.14404984826959125
840;0.06958844563225135
841;0.06766622097594314
842;0.16612142656228668
843;0.14264171391973127
844;0.034816578692357235
845;0.1948718168530869
846;0.14544448215889577
847;0.0726751736766935
848;0.0003985187035662863
849;0.06414720138667485
850;0.12619148905101438
851;0.1955766039726612
852;0.17185719379892295
853;0.17012275781401315
854;0.07308077831355882
855;0.1082756983129392
856;0.12741444723840847
857;0.05561459733984822
858;0.1355090327851558
859;0.14967011061296423
860;0.19737755395205336
861;0.05070228444392171
862;0.021214319320006572
863;0.1689172079559098
864;0.03952947430399987
865;0.03043644989027028
866;0.12961691982045473
867;0.03461040888724203
868;0.029982997955206182
869;0.04846205298611961
870;0.030479115761027287
871;0.14060345275439465
872;0.026032541170769766
873;0.04459942919708302
874;0.13567038506440837
875;0.14407318569496416
876;0.07157641798234675
877;0.015342023820239525
878;0.11975779164751493
879;0.02807130708281276
880;0.19000980487488747
881;0.17113020487379638
882;0.19463032934570773
883;0.055661169992539165
884;0.11643451856412648
885;0.03316162342153628
886;0.12694456347225985
887;0.1347195231953703
888;0.16898646815173768
889;0.1924166230842523
890;0.08097218909621014
891;0.05360118932175628
892;0.12567588933681514
893;0.031936784654688924
894;0.1834688175395892
895;0.1548430127865932
896;0.05434377456844419
897;0.0840873916051158
898;0.0698968406713875
899;0.06771655875687535
900;0.0959063715544296
901;0.04400687260157646
902;0.15342114186090214
903;0.14303933763472101
904;0.04817483831028751
905;0.09958460536353758
906;0.09906146750436472
907;0.08424222317491076
908;0.08349104242901335
909;0.025227547205312884
910;0.008895586832280778
911;0.0966414173031896
912;0.1942580369930619
913;0.07228481152673297
914;0.18367567262027015
915;0.009617525627017655
916;0.1536110901804068
917;0.04080972394576843
918;0.001421320518896785
919;0.05020006947418774
920;0.1560745124386086
921;0.17913039689155666
922;0.028783318318390497
923;0.07758468472718164
924;0.004202654173007736
925;0.08457467790946034
926;0.15140198816321998
927;0.02248029581877642
928;0.03348424232544289
929;0.04730667840669585
930;0.19506954118238384
931;0.19737801414324502
932;0.17212720362671183
933;0.11929903251128636
934;0.04684570522322358
935;0.14900995708952444
936;0.11547802734725841
937;0.10321447052737581
938;0.1285623263204125
939;0.13185113608553733
940;0.14847351172240794
941;0.12029697058185088
942;0.1056327752682622
943;0.03160149179021885
944;0.02642158336500129
945;0.09820174347544774
946;0.170210110321967
947;0.027653939056289614
948;0.19977162788037486
949;0.05755444381387509
950;0.050910650472910525
951;0.09883780543970427
952;0.16753317494124575
953;0.19306005895575779
954;0.10580312640827116
955;0.06916763430207677
956;0.01968599394103763
957;0.03090467281196756
958;0.08656999817460831
959;0.013507380461565367
960;0.11947596306240259
961;0.09277568989763213
962;0.0552459824517529
963;0.04381405764797224
964;0.05951403755583327
965;0.008546595457966256
966;0.069113175932769
967;0.1742131129462553
968;0.022457637114463427
969;0.08316063880736485
970;0.1980839763924078
971;0.17867553405607234
972;0.08698978994307999
973;0.0816949401642594
974;0.08274940135751299
975;0.044597608079049514
976;0.04432716312979284
977;0.1622288582411232
978;0.1461503588764889
979;0.14220928727394166
980;0.17030683218233064
981;0.05314689302747753
982;0.19481671522207625
983;0.0021296476074935014
984;0.08441531101930531
985;0.010476788970236873
986;0.020358418545934523
987;0.010685630363206534
988;0.0899731360572915
989;0.04776525213419478
990;0.1803401501733358
991;0.03708793640231436
992;0.08195075405139085
993;0.07199649742795063
994;0.19162341819928463
995;0.13344179712083265
996;0.09218784166504189
997;0.1706521148271024
998;0.05650056608700325
999;0.15682512458718248
1000;0.08118251174176035
