1;0.14806436297066486
2;0.056572489376377245
3;0.026750903179018827
4;0.08747937445006809
5;0.03807221086442594
6;0.0006364749777287182
7;0.15206431632832043
8;0.07635685155283463
9;0.09717949629129402
10;0.0013822524244583745
11;0.1837836849163792
12;0.1668473064985974
13;0.0496849237100375
14;0.015267708451193407
15;0.025657161175880572
16;0.06210836204681636
17;0.16841780131416306
18;0.01948300119033164
19;0.07421488919238702
20;0.028240315480258318
21;0.0166427542901048
22;0.001082378979104215
23;0.15873736683891376
24;0.09525858006718407
25;0.02829513630131855
26;0.0059407848451437095
27;0.06933349888638617
28;0.18105166458977703
29;0.03148647677909031
30;0.19722845774895192
31;0.030220532293942216
32;0.07460374318216301
33;0.03054382023290272
34;0.10397179358622857
35;0.14557240359541548
36;0.1480155201982482
37;0.006047962830205833
38;0.07373089541047369
39;0.11897333381573927
40;0.16168328160820547
41;0.15629491035585152
42;0.09059548152246105
43;0.009600940033995387
44;0.08104538758423739
45;0.011763802771601363
46;0.1122277653777213
47;0.009938140467756984
48;0.0571106524749095
49;0.15772725444542351
50;0.14862917050062316
51;0.1300150610760041
52;0.08140363888883143
53;0.12527468200906042
54;0.13272557944528562
55;0.029671477353081222
56;0.11477592549478255
57;0.10410986068516731
58;0.16723875699459245
59;0.1391335091114615
60;0.05874173673774674
61;0.02698063552869101
62;0.08478073622772349
63;0.1538833664790304
64;0.14860567079559303
65;0.023143429527052173
66;0.08569631204360864
67;0.10662533958501466
68;0.10910337885845894
69;0.00266775593456543
70;0.13553188352815346
71;0.10663441676667927
72;0.17998281262520097
73;0.1580399756974988
74;0.08114163093725671
75;0.0055722769879427815
76;0.11322608143931166
77;0.057350810928299634
78;0.032048041259203776
79;0.07525977567395817
80;0.19219226065604675
81;0.07633197484625578
82;0.03302508540843876
83;0.1600766891796061
84;0.058134429793026104
85;0.13919240416461356
86;0.19434358748357095
87;0.09502542532978707
88;0.10451654458643367
89;0.03171857825335891
90;0.1441938540772512
91;0.13953821922819806
92;0.05110582324544575
93;0.07223737411267586
94;0.02962722958459656
95;0.07030401917719249
96;0.028508122113758416
97;0.03733130811090668
98;0.06749157498397577
99;0.17147802487828925
100;0.12713515975775905
101;0.10711685713488495
102;0.17951167527745143
103;0.15302495276797848
104;0.081582134217072
105;0.08984148366633643
106;0.0906967441010767
107;0.11954504516906597
108;0.03539786964652321
109;0.17590734053211662
110;0.06238485643268108
111;0.021963948393605073
112;0.17405517372983828
113;0.11537356995396152
114;0.04780933855936856
115;0.023682682493718212
116;0.053673371615734426
117;0.06487097608344927
118;0.06675838688952052
119;0.05302441362554189
120;0.04017278632001875
121;0.18282683147324283
122;0.05158726606039237
123;0.19107801809257954
124;0.16425023060000032
125;0.0470970468072893
126;0.0656314595267423
127;0.18676685838239263
128;0.026099999843338086
129;0.09032574067660296
130;0.16644232250440869
131;0.07427224936115273
132;0.15896246791930213
133;0.13309258427373535
134;0.03806542085230946
135;0.04131404756021151
136;0.04107012794398784
137;0.046839603607281545
138;0.0010073388328150745
139;0.08705410826707116
140;0.17646745784418016
141;0.009206516477310701
142;0.09217321848219473
143;0.04871563716186494
144;0.1376106589713325
145;0.1916944543232587
146;0.06323560166959792
147;0.0035525726136539596
148;0.14907333119257893
149;0.15515830534605937
150;0.053286066255850244
151;0.05377171816992024
152;0.1701119397351291
153;0.01269057459182228
154;0.17655569155618828
155;0.04244522510799218
156;0.058509023005100996
157;0.15368090518801014
158;0.17167568586254897
159;0.09619843421213342
160;0.1932159823242029
161;0.19672897357261898
162;0.18679303811429912
163;0.03526456397275717
164;0.022120483382720192
165;0.022489648968211443
166;0.018948667740770954
167;0.1118318519624662
168;0.035552423110439914
169;0.07254151304460286
170;0.15254333928834146
171;0.19125234789915235
172;0.021119860912588106
173;0.11607440995332463
174;0.11023855132423244
175;0.1427083510221641
176;0.18479643508403892
177;0.1280479684466798
178;0.052563113984794324
179;0.08790651830745205
180;0.056502576444518775
181;0.03572683788297742
182;0.0006334011609411051
183;0.08465906248627725
184;0.1599333846545427
185;0.05721837684377704
186;0.11478850610822583
187;0.18092389424160385
188;0.13171859525596308
189;0.09115035897670838
190;0.12288816432477252
191;0.166921787636088
192;0.15249191383505686
193;0.0018708353823738923
194;0.06397232409471569
195;0.12929728315509958
196;0.05585750598837596
197;0.10647552449262286
198;0.026258285332626443
199;0.14076943182537557
200;0.04089228699891576
201;0.07074299934110591
202;0.06170601203371798
203;0.1898433191733999
204;0.055194848056017
205;0.07160203185983112
206;0.13996136770655818
207;0.16822549657911895
208;0.07621802880001312
209;0.10153240476920829
210;0.011505975137950175
211;0.17959050865983034
212;0.1482140285972659
213;0.11186745753928946
214;0.10226695859316765
215;0.058356463006971684
216;0.09890277254623653
217;0.11873010067224027
218;0.13340178731644745
219;0.19518202544812194
220;0.17188302078453338
221;0.15113527496090398
222;0.17870064637675825
223;0.04654250545880867
224;0.07939640089107713
225;0.0899987238453281
226;0.03548438950743149
227;0.16619353493475714
228;0.11468171140061315
229;0.111921746570295
230;0.11849728558972879
231;0.18890260488631216
232;0.0028265766011292604
233;0.1581841948249067
234;0.009423175505267523
235;0.1380359011605143
236;0.11432140411337365
237;0.05949880962316012
238;0.15609179879582297
239;0.19306025301872995
240;0.18082459593723202
241;0.031834329936494356
242;0.09059803926952364
243;0.11824413583928679
244;0.18922043104613445
245;0.16570853555834186
246;0.00044764235316367977
247;0.17916526420660073
248;0.14294216993733835
249;0.0808087689605785
250;0.12779343444738867
251;0.09319477008070157
252;0.08853581349410602
253;0.022860137212702747
254;0.04095641933990271
255;0.12452506047467414
256;0.026969683023400304
257;0.020436750395485648
258;0.04089878101187723
259;0.06329835325627564
260;0.01831601430142753
261;0.08079911453644634
262;0.024166819610139778
263;0.13678864182812703
264;0.11595770768961428
265;0.037898085905589386
266;0.19635200107599893
267;0.07473506537943589
268;0.04441495065377313
269;0.14511233814336397
270;0.06418987575718692
271;0.0420897463234792
272;0.022242779788209367
273;0.11923625571325978
274;0.13529673407430393
275;0.0634288096362252
276;0.12398037664810764
277;0.016689291467259882
278;0.08139744349718787
279;0.14581125516965082
280;0.13733147241801524
281;0.005188559652756619
282;0.1586179202201532
283;0.13003182549457734
284;0.16746035295058503
285;0.09860758127600351
286;0.11736789761997231
287;0.17774646233611577
288;0.11639047520864126
289;0.19351039134946546
290;0.04121574467571459
291;0.04819076129531379
292;0.026924616550853188
293;0.016463262899785083
294;0.19912233562017229
295;0.1936706042482195
296;0.052747583573680284
297;0.16986193343098888
298;0.051905230974729724
299;0.06982107186865653
300;0.16617394508082217
301;0.11967017340222236
302;0.1213132114899474
303;0.04755854178084676
304;0.01251631534577291
305;0.01499035694779327
306;0.024980810351999706
307;0.10561996544219372
308;0.10438659084083353
309;0.18337542365138412
310;0.19640551094373634
311;0.1935351207533098
312;0.16372506116827393
313;0.049301596383163074
314;0.00313446059635758
315;0.09336721730119873
316;0.12949319108850188
317;0.019072803896592296
318;0.07428249817069446
319;0.12879186396425696
320;0.05359431940357273
321;0.03487756561048927
322;0.10892083317991835
323;0.19729960013206285
324;0.14849173759092213
325;0.15439422904138736
326;0.11154144140543408
327;0.09862871824630325
328;0.01422990116037124
329;0.10270067308055474
330;0.1446995375169649
331;0.14110217257494248
332;0.0729832551929728
333;0.14306150578315188
334;0.12161158529104728
335;0.14197386494184855
336;0.14494901691724338
337;0.0702995414889258
338;0.19760048093384933
339;0.04840823128198533
340;0.05383502739201221
341;0.06811098197523335
342;0.15716452616609058
343;0.08767415942009278
344;0.07526298007002968
345;0.0024449508920301845
346;0.17509047076404205
347;0.1228804060588349
348;0.15946416389966298
349;0.005953680998867461
350;0.0821436234191231
351;0.11587366799190607
352;0.0847139455403525
353;0.07504810430598748
354;0.12495844514823054
355;0.019916850852643386
356;0.024783086292419633
357;0.09853279775215161
358;0.19197367206229587
359;0.052663470384017065
360;0.17594341962657212
361;0.04252934785762855
362;0.01850575512078605
363;0.17632223070901026
364;0.15936227328089958
365;0.05345560852245937
366;0.08836140485617988
367;0.06224764388363109
368;0.03405615965404309
369;0.152341262137221
370;0.1480103588162764
371;0.08866921859397872
372;0.15774052006655737
373;0.11072181601477221
374;0.12705854579338272
375;0.10574306900435854
376;0.020961561884154014
377;0.0884223127852759
378;0.06887566304870384
379;0.05146305310725052
380;0.12343574305312506
381;0.1176977625940896
382;0.19199050982384105
383;0.18596369145322178
384;0.011883796598418274
385;0.008148449197954455
386;0.1349367030811487
387;0.0006241822419742471
388;0.007411561243383203
389;0.04249199825071914
390;0.1548695340987103
391;0.1795179479140787
392;0.026159880902299506
393;0.13183636878134447
394;0.01477686244329597
395;0.16776117286672498
396;0.1522944886148523
397;0.04929655040742884
398;0.008781558831545012
399;0.08062713427155022
400;0.16165936862051852
401;0.1574532590790143
402;0.08704233605239407
403;0.18429967169143066
404;0.11797544667928726
405;0.011917511924454694
406;0.13755225981908786
407;0.16990841769148232
408;0.05741384267818042
409;0.04355502024714804
410;0.13847069033976908
411;0.060020047804543
412;0.014677589056677688
413;0.008829684422687435
414;0.14490061791292158
415;0.019370666524807612
416;0.0673674126445333
417;0.1595943238205845
418;0.1438392922403398
419;0.10298432060889107
420;0.04795023611172216
421;0.10838105753836147
422;0.05043678768764109
423;0.19703814819011775
424;0.05266246534504873
425;0.11204081524568497
426;0.0972682899624971
427;0.0010931646864577483
428;0.10263341978367012
429;0.0724625855536748
430;0.008981548714717258
431;0.03355137381480649
432;0.1249488305389594
433;0.0579576690072752
434;0.16870314984124374
435;0.08323975910814935
436;0.016712542745337355
437;0.04324411108621069
438;0.16787733491187262
439;0.1954879329365868
440;0.08063564532038324
441;0.15683790403086387
442;0.08762518269862117
443;0.19809250530089648
444;0.15457568450319767
445;0.03896694550420041
446;0.0864318886757539
447;0.1553535823438962
448;0.08503638664740297
449;0.017106763520118508
450;0.0029142936558120393
451;0.06788752880203242
452;0.16169510639101473
453;0.07761097228014638
454;0.08756360769645827
455;0.19325286574955303
456;0.12286828295485326
457;0.10070088882950164
458;0.19980333737182374
459;0.18523798312591255
460;0.04345368641507319
461;0.022813837202337362
462;0.18556528742875117
463;0.18293520857997342
464;0.0269704495946703
465;0.12882088828057825
466;0.09235406955846995
467;0.13158162327018894
468;0.07723753890818415
469;0.05333483834935271
470;0.1564719457271334
471;0.02190149318917849
472;0.07950553334466853
473;0.17300943623990872
474;0.10110491762148364
475;0.15603617892721378
476;0.14545247038928938
477;0.017989468949050024
478;0.17374760996256058
479;0.17812344362308197
480;0.19183320603223472
481;0.06767975793747712
482;0.06622208099645842
483;0.17883074269001287
484;0.19412814507471232
485;0.15429858536647445
486;0.06695413272761241
487;0.177161165795502
488;0.09138536192589852
489;0.1761278295690779
490;0.028161241332392062
491;0.12190094747223211
492;0.08528359706950356
493;0.029409309845298815
494;0.047102840691055796
495;0.15843368180141482
496;0.07263997491978579
497;0.05937264328480481
498;0.15473619929752747
499;0.19716526958043634
500;0.17487942632008055
501;0.007554722416583105
502;0.19956546698881567
503;0.16634213018464505
504;0.16692753584249095
505;0.03881338366651415
506;0.01253891166173895
507;0.13250810036812077
508;0.17317110952694648
509;0.04328925476327155
510;0.07412286900876346
511;0.1896650767847776
512;0.10699642932721819
513;0.02370947665232137
514;0.17254621003856113
515;0.17187122983318595
516;0.1645512761157475
517;0.1143000373112144
518;5.88947445258059e-05
519;0.19412146841186617
520;0.06354566375726349
521;0.15153677619303862
522;0.1943319544055344
523;0.16374841911698176
524;0.1599224988652748
525;0.16796520015332286
526;0.11017664770202501
527;0.009680695217548753
528;0.09929468070862585
529;0.14361029294166436
530;0.12172358474481065
531;0.031634849800856846
532;0.10813083081648674
533;0.03107990136726038
534;0.06887351762186336
535;0.10145056326353195
536;0.15398417481335022
537;0.1138438185370688
538;0.11633615365262912
539;0.17696470877658857
540;0.13323670448712238
541;0.07498719715815749
542;0.08466342640519785
543;0.13228492836103256
544;0.1964506042528648
545;0.12573012936636382
546;0.12898374652696404
547;0.14177275180755206
548;0.1417703895793136
549;0.1517223443596868
550;0.011615975778255128
551;0.01657259141878027
552;0.07925277563764022
553;0.04361450570395491
554;0.011810259950530401
555;0.08026295265554073
556;0.18509707301733583
557;0.0578239331808349
558;0.12009351713368155
559;0.07689345184755472
560;0.13354118592646078
561;0.13891676956337015
562;0.004617652299074781
563;0.0147749002199421
564;0.08746648823273083
565;0.14856762112884098
566;0.1004373550769821
567;0.04420819327089112
568;0.1535824190599735
569;0.11551509567822826
570;0.11773089585446309
571;0.1012086371119912
572;0.13116844478642173
573;0.19622435647537143
574;0.14464927576828854
575;0.12776163828829035
576;0.1834116389495276
577;0.18100305024330057
578;0.04988101528536737
579;0.13516854324633867
580;0.0642017430836886
581;0.0033843286938755046
582;0.07125439460053466
583;0.04060548396903259
584;0.14233196869377165
585;0.11723253312659282
586;0.16500572612375122
587;0.17662272872409812
588;0.17225297257674832
589;0.19287146600235827
590;0.0774009061992884
591;0.08197022438222386
592;0.019097839527112904
593;0.14480969111269637
594;0.05284368733440519
595;0.03642437475485547
596;0.1013455320744616
597;0.12317661185659155
598;0.06455714366850054
599;0.14547719152634153
600;0.06168518431606989
601;0.04481930984765701
602;0.019230156532862575
603;0.08882670354673113
604;0.008903511774231765
605;0.1537519155489653
606;0.06491711042740496
607;0.12163251687144422
608;0.0656832576979427
609;0.12245138749973315
610;0.18225524818788896
611;0.05396277421683085
612;0.08067495603912807
613;0.17228920823431418
614;0.029912976475669706
615;0.1259689804726551
616;0.14903870849818923
617;0.1239942207310244
618;0.15340228103337072
619;0.10596679959238707
620;0.15589576852593964
621;0.10328894836062762
622;0.0010374902488275773
623;0.10797665507005694
624;0.09029320153258935
625;0.021346156108715375
626;0.08670891280438726
627;0.06209835284629737
628;0.18716852707882964
629;0.16372944053038366
630;0.015321733299877072
631;0.100933328634564
632;0.13201674997575216
633;0.1543662362771041
634;0.07544216081371957
635;0.19469538598977004
636;0.18274622692989254
637;0.027202176958097613
638;0.0858812183374988
639;0.16535818814124745
640;0.17453060233936635
641;0.010720640489094957
642;0.13052807017087226
643;0.03708195336464082
644;0.10463890879174392
645;0.05771205537269213
646;0.03982710078014793
647;0.16033618826556958
648;0.14981761795305903
649;0.13728544125164474
650;0.04366151064263977
651;0.14175880419335526
652;0.0025580843709241963
653;0.03249494505105826
654;0.08144614797847397
655;0.1254683946005942
656;0.136200912164036
657;0.1521621106965836
658;0.1222106476307415
659;0.11883481192325818
660;0.06813565575307905
661;0.1597127701281795
662;0.11793642467327706
663;0.06439454282955233
664;0.04612757170439315
665;0.17366437898977066
666;0.11220682990305227
667;0.04500769579271369
668;0.13197787314635
669;0.00020356743877480987
670;0.18825704981700547
671;0.18013772012847853
672;0.03822000798513195
673;0.1614991524558672
674;0.15294806429684304
675;0.13715380580595704
676;0.09215798978294976
677;0.018207056123754818
678;0.0026071446933031207
679;0.033972971490466096
680;0.08360194816495592
681;0.09000530719112423
682;0.17698757106370597
683;0.1262586425624844
684;0.16424237513864315
685;0.16823933045797135
686;0.1279455729376867
687;0.11073631932679895
688;0.14199822768753964
689;0.0201104720881953
690;0.09205382954378903
691;0.024684472840860974
692;0.1449952347764008
693;0.14420441087852404
694;0.07482429232635157
695;0.034564315919297275
696;0.04762953798169381
697;0.17726874030169326
698;0.0335307020680683
699;0.117528151611794
700;0.1484918753208212
701;0.14282802796165978
702;0.05777603419390496
703;0.14658185829205517
704;0.005163136997743956
705;0.11005442062570424
706;0.13691662984372457
707;0.03965166365629702
708;0.06558143481328649
709;0.19582590305280936
710;0.0544487464369893
711;0.11679950053332576
712;0.08103051125126433
713;0.07739039228155141
714;0.020525198022904447
715;0.1446757877846384
716;0.13044555334013647
717;0.12586998028710836
718;0.029975723286063863
719;0.04499208818422809
720;0.05870432155365033
721;0.058793119942840866
722;0.15143716676489025
723;0.12064810684314593
724;0.17572961909692347
725;0.173772408387099
726;0.16689606129031065
727;0.19255928264033473
728;0.07628185573946292
729;0.07525488576240147
730;0.16069674659082833
731;0.05932537034372623
732;0.09437653316481648
733;0.06701237166877745
734;0.12911625386332204
735;0.09101218982946904
736;0.08179829635736027
737;0.07401313065233332
738;0.19027298300174644
739;0.006179109773209302
740;0.18791759919548626
741;0.09439632964608527
742;0.17251317670496846
743;0.11726558427414713
744;0.16376083866794855
745;0.19972122582372057
746;0.10328973199884453
747;0.13003824308602552
748;0.08869203575776166
749;0.0004076736212395238
750;0.0006181963878829189
751;0.19856911758193524
752;0.19686185125079098
753;0.17655503933717867
754;0.06551604497504873
755;0.1544089621117939
756;0.1988198577189312
757;0.13551070197476342
758;0.006671051009147444
759;0.03299670608639258
760;0.09032312459110535
761;0.039603927115483176
762;0.07988753606776929
763;0.053152685276670365
764;0.1954586573417673
765;0.1457039440853337
766;0.19457487783956115
767;0.16312048007428886
768;0.19418245043151167
769;0.08423623485091554
770;0.02235969388103365
771;0.1972676162164502
772;0.046633215473452165
773;0.12683354215889583
774;0.06782950482991112
775;0.15625699726199452
776;0.13566405499339362
777;0.062209157911505414
778;0.18514084858136526
779;0.08901767246617326
780;0.19274790683846738
781;0.16790439540568391
782;0.13919978188756588
783;0.010018099685521387
784;0.005589024494207884
785;0.02593929025944528
786;0.12701360795417535
787;0.050558262856232154
788;0.0704189189624818
789;0.14559152417005627
790;0.037197509655884
791;0.09589989996203625
792;0.03449197384841203
793;0.0688412947987481
794;0.07394667985921476
795;0.12071256334954235
796;0.10115045798679988
797;0.13803832064661156
798;0.009298796690740475
799;0.03344689213469237
800;0.1685577112345361
801;0.04954342938530301
802;0.07470887293297704
803;0.09560854628667244
804;0.024154935775778763
805;0.13336113534714544
806;0.1750369027495049
807;0.1256252320160776
808;0.07114004306286624
809;0.04790915756546408
810;0.051022376977056805
811;0.043618080692852716
812;0.11135113813946734
813;0.027300416009521225
814;0.15290329587190635
815;0.0704828861881597
816;0.09722494495922827
817;0.12412651497663117
818;0.020556831622429186
819;0.01574454098364444
820;0.17332412934171096
821;0.03323302233469934
822;0.18613432970955623
823;0.07126366010024435
824;0.0746121747058004
825;0.16929264450002207
826;0.17769115553429385
827;0.07206192998580636
828;0.17088663442862878
829;0.06037722304884039
830;0.004758392887686669
831;0.12620008728490156
832;0.18780265083089034
833;0.08886268184080577
834;0.08548121119042838
835;0.06167293023452772
836;0.1380200541597594
837;0.0426517912265022
838;0.04678274702274876
839;0.1837254938000171
840;0.042543282111194874
841;0.04277342261877788
842;0.04135050983384461
843;0.054181705995102906
844;0.05167878682536036
845;0.17659971658475124
846;0.040201936548095896
847;0.08073394928858967
848;0.10509439170319353
849;0.09411170943762737
850;0.06903757328272589
851;0.002142915674376922
852;0.113116926796154
853;0.008460539716976667
854;0.032929326270698576
855;0.13406126630081844
856;0.11125453427288604
857;0.14581351973581502
858;0.003437370230970127
859;0.19908159225078667
860;0.14177103464148424
861;0.02890004116565832
862;0.1394400024063527
863;0.19636810849993003
864;0.19103621513343572
865;0.1266935651624874
866;0.008963636775894868
867;0.19509162141455486
868;0.028229294153837237
869;0.13539658628841147
870;0.129280407266923
871;0.1631242054255263
872;0.03459038243326971
873;0.1239903637502706
874;0.10202232050439869
875;0.08261209182964394
876;0.06371583712174515
877;0.04701903334344937
878;0.09323790346721982
879;0.12968071111512441
880;0.004525039476463988
881;0.03832219561526622
882;0.06019584971320842
883;0.07441048074953963
884;0.07752157228837434
885;0.18451788049357112
886;0.05900803299020703
887;0.16442033820944335
888;0.13161592928036694
889;0.07787217649341792
890;0.008095877054291467
891;0.14997432671522953
892;0.10953330006549383
893;0.18959885718669633
894;0.034403819731462205
895;0.022191016563531486
896;0.11388720293112434
897;0.0016921908229432293
898;0.08351585945334124
899;0.06360330290616936
900;0.14155191957833632
901;0.12442704463763926
902;0.008783668682878455
903;0.0018728516412711339
904;0.02320034218120222
905;0.11192415957059497
906;0.07180156227736241
907;0.0008693863668903124
908;0.14046987715979173
909;0.13897642985467742
910;0.08501649384939312
911;0.07840646732733642
912;0.14936891725201504
913;0.13072225046251731
914;0.19512580182895997
915;0.09789568109503313
916;0.014397388224176445
917;0.1871628115823719
918;0.1611804780971841
919;0.014008186322518257
920;0.02185925534790949
921;0.007716253677622232
922;0.19686834630189753
923;0.009454549691916326
924;0.08260616840792599
925;0.0999211181959236
926;0.19631004662941232
927;0.11858547689298811
928;0.12218079258038875
929;0.19752060404503788
930;0.10539886659019962
931;0.17318159685952553
932;0.044663294875507686
933;0.1618106808425614
934;0.05525491264188631
935;0.04364893852634702
936;0.01497137881239128
937;0.1399022951941514
938;0.19243519849512428
939;0.1518864252013582
940;0.16360421290442387
941;0.101343203350517
942;0.14741787644256424
943;0.15854451031248293
944;0.12944247553368643
945;0.09758221280644808
946;0.022408623556808463
947;0.06829409628818688
948;0.026045618437194287
949;0.017571005452212306
950;0.047729228890977464
951;0.1405523840477455
952;0.17615747297782017
953;0.08787137598014177
954;0.06929673660659473
955;0.1705907121265396
956;0.053550167048028396
957;0.16846885726128774
958;0.1522519093745342
959;0.029590592028417365
960;0.07075878414882496
961;0.1456472369650946
962;0.1525624086624719
963;0.1366912173933862
964;0.039555035235967956
965;0.01664009598289782
966;0.1209447729745228
967;0.17721976626400973
968;0.02379403525647177
969;0.06876312773782377
970;0.09166758170113061
971;0.06461357214545818
972;0.1358780973986742
973;0.052550156000996134
974;0.024630007343894113
975;0.14892792674964658
976;0.04376506667872074
977;0.09921744388273648
978;0.00425910328560124
979;0.028538235202077124
980;0.09684284562636301
981;0.10866623224991533
982;0.15000635426033618
983;0.17277000381442054
984;0.042729484054297995
985;0.17515913541569186
986;0.009586563532900973
987;0.17299131568649392
988;0.15804405196865864
989;0.0036128480922553944
990;0.05717872512399476
991;0.00277551538874683
992;0.18940435736089012
993;0.17068441763324094
994;0.017274264008955043
995;0.1421523869416156
996;0.07572809175750202
997;0.03174340848538666
998;0.10473655278688394
999;0.1169968721509926
1000;0.1373840370369522
