1;0.039311576309778086
2;0.0028831198037485685
3;0.09361989166670537
4;0.08855956699206337
5;0.018113008092141482
6;0.07266898153986298
7;0.09476623025365544
8;0.03879511355313358
9;0.029386627787223632
10;0.07967468401062232
11;0.028326156329544928
12;0.06352535838599369
13;0.023555946453457835
14;0.0606004421720902
15;0.0833601969712585
16;0.07823524493097184
17;0.006307134284631766
18;0.0019428428366046746
19;0.09158532616072623
20;0.039461709003448364
21;0.06926688948564749
22;0.093916992987949
23;0.016150973602990504
24;0.0720186986597892
25;0.08757393259966403
26;0.06513934499694815
27;0.070595744870307
28;0.02821675769283191
29;0.006131119973002486
30;0.019974705910782577
31;0.07543231626236314
32;0.010329911801350233
33;0.01610697380883195
34;0.036718582079998244
35;0.006530629537332544
36;0.047640312384797205
37;0.051329850070718934
38;0.0823891109507546
39;0.09223835377739298
40;0.014705027697052498
41;0.026901441071398226
42;0.06507803097828017
43;0.04793807574604249
44;0.07526437540944314
45;0.0575261630689142
46;0.0912046264803539
47;0.06685415493253481
48;0.07350464994718861
49;0.09592951094547278
50;0.016188002892163135
51;0.08859301181800444
52;0.06309908488948714
53;0.06515080657681016
54;0.016530194003924293
55;0.07650862529826574
56;0.037821804031863096
57;0.010384588438242859
58;0.018402904084053383
59;0.03515029992124696
60;0.03170272488152788
61;0.07761877321035772
62;0.06180460463687148
63;0.01766853966154669
64;0.017466883516907106
65;0.07943701289943647
66;0.012565541679409653
67;0.01688619693691549
68;0.06092350270312202
69;0.08553548746857435
70;0.0011929695483152815
71;0.06517098347342348
72;0.06208717588780911
73;0.0026393072380882067
74;0.0035459493469869544
75;0.046158058019589936
76;0.00196515111594493
77;0.08948567846618016
78;0.041141257701054215
79;0.050755504894038676
80;0.04433196071908503
81;0.005466049480076441
82;0.09260876693825795
83;0.012105205821753062
84;0.09957455133184513
85;0.0646952185261503
86;0.09632618659462724
87;0.07097017729243624
88;0.050995172282676776
89;0.08416248254004113
90;0.044143846309081185
91;0.061525812926710145
92;0.07759017374980849
93;0.025093040260041635
94;0.004043783609504792
95;0.04886176783906816
96;0.0537129041853739
97;0.07750441991991322
98;0.039942256583110916
99;0.08571404543540907
100;0.09651324626875385
101;0.023758525132489453
102;0.04587251837246367
103;0.07218045172881794
104;0.09735525519207959
105;0.0635430622324588
106;0.07673638780977976
107;0.030974048439505367
108;0.018491137550990112
109;0.03841608437821299
110;0.076838103038659
111;0.0695626180330776
112;0.011201561929264615
113;0.07879628751116907
114;0.01184612840165361
115;0.09506987941238232
116;0.08670572683321116
117;0.07878019191525738
118;0.07683573137038047
119;0.05912296260815674
120;0.07496571382537627
121;0.015069871869892138
122;0.07406320791514345
123;0.08229113554558568
124;0.07271507211773517
125;0.052128571199367306
126;0.0767706099946156
127;0.02293330368567871
128;0.07671892498983934
129;0.051967637954468585
130;0.06897860165871778
131;0.032389749244430735
132;0.04026419496954445
133;0.033732877525527526
134;0.023304218567495052
135;0.07533415251613951
136;0.05851070365710642
137;0.06604122821363399
138;0.08939724523662752
139;0.09832075399931448
140;0.03035551881609888
141;0.0059151145527488016
142;0.08119875541315372
143;0.07977499593236914
144;0.011129423746286471
145;0.03485812881078163
146;0.08069772404941791
147;0.035664369558682164
148;0.026569486235502995
149;0.0818541221852231
150;0.07349339626205346
151;0.03162027306495368
152;0.08224410199548106
153;0.0449510188499152
154;0.088744412677423
155;0.0307299990153717
156;0.03128285542490102
157;0.09351428816903541
158;0.07299297240006729
159;0.011034405343797883
160;0.06675703873345346
161;0.003769129039382302
162;0.048323192003194654
163;0.07601294869057645
164;0.06355622824027038
165;0.0494951290922088
166;0.0889766076200576
167;0.09997285907284326
168;0.07476875504239182
169;0.0926270898473017
170;0.0928019489022151
171;0.05330282906391218
172;0.06254383141268342
173;0.027892328175382886
174;0.01973488402612743
175;0.08987740250773434
176;0.02993544783867739
177;0.03421252587787337
178;0.032832642582490947
179;0.03752855129262683
180;0.0501828919870721
181;0.08746900779893907
182;0.09790082419492593
183;0.07918870552729793
184;0.07392572707402052
185;0.07299458735067638
186;0.006027106189791776
187;0.01604226114376908
188;0.001099863834755055
189;0.0934290263062847
190;0.09500901821800536
191;0.09924423542993296
192;0.05629748735803114
193;0.07468037964377625
194;0.059945124430054134
195;0.0028208822433883896
196;0.0409746292198285
197;0.009032272609646131
198;0.09052965727672588
199;0.04585611142891432
200;0.0067142129791233135
201;0.06611880116299103
202;0.07658902296360615
203;0.03330620940692321
204;0.008252754444439726
205;0.019861673298932195
206;0.021224069849254082
207;0.027669617341902132
208;0.09497719860377782
209;0.07109831076524295
210;0.0707981849918095
211;0.0422167488775184
212;0.08881843956051416
213;0.0870203766114324
214;0.06306099794874889
215;0.0926439652508264
216;0.04184589484402673
217;0.053622589665939205
218;0.08113593186787289
219;0.02395592165529531
220;0.09438752839065406
221;0.022634811405475644
222;0.0047852725096609655
223;0.07145261726659412
224;0.007822701953656353
225;0.011403303177292956
226;0.07312616767574011
227;0.09822407724395679
228;0.08973133436941567
229;0.09659948496253665
230;0.05459988093571266
231;0.04242340511539494
232;0.09191149310538298
233;0.03642978915154954
234;0.030601819408362242
235;0.031011033160667657
236;0.045320753899439105
237;0.06496317947345441
238;0.035994609714525526
239;0.013474726156323126
240;0.025250106583080602
241;0.07666906848043259
242;0.04496164350871399
243;0.09415301273807923
244;0.0317420066595983
245;0.0465384419303542
246;0.030218708329067326
247;0.030420253623374572
248;0.033748210309251424
249;0.045369893677511236
250;0.042685099003433084
251;0.07358481560084383
252;0.016549352155731823
253;0.04431662230219357
254;0.03768557028486315
255;0.01120536112814624
256;0.07570406819347428
257;0.07022639086297526
258;0.06381562035965678
259;0.07370411111695188
260;0.02807520625769311
261;0.06989240534235171
262;0.02735941976455233
263;0.06339633700528717
264;0.05968712307141564
265;0.09291397521549376
266;0.03364501006191387
267;0.011699011203996868
268;0.06329290211896438
269;0.042291527007400825
270;0.03657211741266676
271;0.02516761859561313
272;0.009085741352648257
273;0.07208146713238804
274;0.08078924728937344
275;0.036961856456887925
276;0.06934647877323398
277;0.04320827198073382
278;0.08773253413587326
279;0.07164728795038285
280;0.025727514585973568
281;0.03280044115147488
282;0.039883774965714006
283;0.020523736980367448
284;0.044232145374108724
285;0.07539382338826961
286;0.034429779947163466
287;0.046819792208234956
288;0.027223455925236863
289;0.010045391199955423
290;0.0976040209029298
291;0.01725687217544595
292;0.002661832783575258
293;0.09805102269242721
294;0.056279192868946885
295;0.05040309399911141
296;0.09335479823017458
297;0.08768392923825198
298;0.042503566419603414
299;0.0896177690528869
300;0.08264060763017453
301;0.08482663143353489
302;0.06544578290838007
303;0.06661442715692686
304;0.009508294695674026
305;0.05993514236518648
306;0.02245772540937545
307;0.025516468202186206
308;0.08779186479853993
309;0.05814158326688007
310;0.09515844242967175
311;0.08147685658858111
312;0.03669339386527017
313;0.030319146266987895
314;0.08594693073419168
315;0.015899782229995895
316;0.013971817183340252
317;0.009736385944156567
318;0.09894892151719177
319;0.028583243559122607
320;0.081019485993216
321;0.062134311970921174
322;0.025609515648081328
323;0.031059785142198516
324;0.030124332966428292
325;0.06310202061578364
326;0.028197423059722684
327;0.04347805701552833
328;0.095954569765343
329;0.007464884716173448
330;0.018003860949067453
331;0.08011328011505449
332;0.07691971029688428
333;0.07067248945293862
334;0.07582872961102088
335;0.0043383587670986715
336;0.09749283516451553
337;0.056616581085299926
338;0.009800066948069742
339;0.09559404205975613
340;0.022701779457734383
341;0.007928752950220386
342;0.04628626057013838
343;0.09926370896734146
344;0.04793192602764034
345;0.0699566510562609
346;0.0628952054716249
347;0.06974949345915075
348;0.06705748963480818
349;0.06943451573206798
350;0.04920737599447788
351;0.09566728764004483
352;0.04562153657074561
353;0.08598421742365409
354;0.0790049948078424
355;0.08428818782544392
356;0.0362530931865417
357;0.02090730445738608
358;0.046943403934916306
359;0.06812387685925796
360;0.015255804223054937
361;0.09638305435135743
362;0.09876983613376802
363;0.041555421974202415
364;0.0071390591396407466
365;0.08078120408613
366;0.052498049617184885
367;0.03451629958954453
368;0.01700175466405032
369;0.06320233591525937
370;0.0712855338704098
371;0.005115799869352667
372;0.05869366456690496
373;0.03554661974183241
374;0.07837478576176223
375;0.07297261314229907
376;0.08677772316199069
377;0.060777185724780004
378;0.08020106846647596
379;0.02297550046995044
380;0.03846200103078924
381;0.002882439866847808
382;0.047830521051849956
383;0.030668932319912846
384;0.05872488218975913
385;0.08558917771521095
386;0.027729077179216178
387;0.016936019280658045
388;0.03242275701119331
389;0.059182801466029646
390;0.019753918534428094
391;0.07853974011983178
392;0.014376687891473361
393;0.04552750844358409
394;0.005602768239802981
395;0.0236729307551137
396;0.005141577397539632
397;0.044485980404222775
398;0.005973435577922626
399;0.0077456141241432075
400;0.04741621122122317
401;0.08869652526759367
402;0.021897582612771072
403;0.07240085106935117
404;0.08810640507139876
405;0.06403900552619766
406;0.007456369981149014
407;0.040402118660744904
408;0.08691490378226535
409;0.0621601641705969
410;0.03966347958897261
411;0.01653559284085676
412;0.06602107470350774
413;0.008067816667470395
414;0.08986044068692262
415;0.01989793050733666
416;0.05238117855592907
417;0.05483358714169926
418;0.028611932519394624
419;0.08424425976332195
420;0.08514924529550703
421;0.065314071054164
422;0.086652656639377
423;0.008792678720328318
424;0.01805468555371328
425;0.004833257192702823
426;0.0077368894297938145
427;0.012256883477520375
428;0.05968502521668049
429;0.0008682882390238623
430;0.0725642960745712
431;0.0546467140021483
432;0.01250989513064118
433;0.08121206929409147
434;0.08524823305074458
435;0.06181804040743566
436;0.016471206027593912
437;0.024232208342600394
438;0.06326916715312063
439;0.023018364297682226
440;0.03583852654998392
441;0.07314171655930513
442;0.05461234513545315
443;0.09254787042577503
444;0.046755595501560825
445;0.03248445137482838
446;0.040257096652043495
447;0.011955792928484988
448;0.050231524747127936
449;0.06603573825788053
450;0.06029340441921042
451;0.03340013704953572
452;0.0574766896774362
453;0.07064299344687512
454;0.07884660242056585
455;0.008479431870127686
456;0.013985790563567836
457;0.04185730661778645
458;0.04873423342224306
459;0.08137549336806593
460;0.07518353825290464
461;0.098537432458902
462;0.016557203823201704
463;0.0597149014348914
464;0.03844930183008204
465;0.047654637197409845
466;0.0025741923314120843
467;0.0016182162761036014
468;0.07719805687076381
469;0.0015799321774650822
470;0.0176260809610162
471;0.0018526251701613374
472;0.09264139220937653
473;0.014827968580886454
474;0.024619062833065843
475;0.09065790681813346
476;0.08400967213498431
477;0.04762139963506698
478;0.03607160210364794
479;0.06857123306410831
480;0.05755005354876517
481;0.026463422852666563
482;0.017729443235249578
483;0.05461827157396864
484;0.08261791114484895
485;0.03898783028028018
486;0.06490186540824892
487;0.02162089291331515
488;0.058704945649534296
489;0.023214928780830438
490;0.09317382398118738
491;0.05493190902146421
492;0.06480029744262361
493;0.04753380715539623
494;0.06082219965915592
495;0.029423225860713588
496;0.009610102038531477
497;0.00843469503764145
498;0.05847769808297163
499;0.03103068878458648
500;0.05339556826801162
501;0.014391344985005161
502;0.02176416801006008
503;0.06509910641844088
504;0.030584575580597795
505;0.01330137936029857
506;0.01628065670664024
507;0.004390731531540371
508;0.09204939070131368
509;0.019806871659260164
510;0.027580576028196302
511;0.06695118138096408
512;0.002999577418974275
513;0.0835980220264348
514;0.05229222021428878
515;0.08221277960543606
516;0.09190264278806279
517;0.05753296687045443
518;0.058079072866819736
519;0.0476879823319926
520;0.08481348529369002
521;0.029243382438424406
522;0.06649990296770923
523;0.05772309860701245
524;0.05606373645955132
525;0.04657351513226387
526;0.04316571917335649
527;0.0872247591540048
528;0.013927060789832836
529;0.014957958973064935
530;0.0005976133627406456
531;0.0711818834191542
532;0.04505673920905197
533;0.05776277527519746
534;0.03812361296387129
535;0.08800707816341026
536;0.05492474753664683
537;0.005628272978899196
538;0.09638117995105039
539;0.0565136867211158
540;0.08287921893272093
541;0.022735184886174445
542;0.04342621482600019
543;0.054218249392424527
544;0.04127622686640508
545;0.012222658450107638
546;0.0881057622746404
547;0.017833979601851013
548;0.06436315826123815
549;0.09641515245960029
550;0.003059076910345815
551;0.036930348742088684
552;0.04284372229632662
553;0.06003216226254038
554;0.09050745252241021
555;0.021557441548507163
556;0.06076032747853436
557;0.07401013943495276
558;0.08715304617913006
559;0.03934482287323535
560;0.035760643963048414
561;0.017112278270068382
562;0.008586903021357594
563;0.009867042140447368
564;0.01699696162004578
565;0.05020140409333893
566;0.04453791913793256
567;0.08308244627665001
568;0.042106898424636066
569;0.0973827621201333
570;0.04588922907344045
571;0.06950196707689675
572;0.05459776823002774
573;0.0698817701178537
574;0.08533464331340783
575;0.0538111712391138
576;0.03469502267225127
577;0.06057766155538968
578;0.09147946574623952
579;0.08114080998826842
580;0.001626984831044731
581;0.053629620571356555
582;0.025898959617702833
583;0.09158221975450509
584;0.03765808424189115
585;0.024945761674516776
586;0.061355646248595075
587;0.0006731857788057516
588;0.02882237131634722
589;0.04453324309643308
590;0.0487167079926977
591;0.0998369260834203
592;0.0355004969365734
593;0.09994534403077798
594;0.09779739423263514
595;0.07065759419756318
596;0.0767814790703657
597;0.08847922649809321
598;0.00015531195771265605
599;0.07242916421207668
600;0.0012374656170434208
601;0.07709654828162993
602;0.007111285792382272
603;0.0031165512177195767
604;0.05435535485624137
605;0.008362598403009059
606;0.06068236806775547
607;0.05039751382979111
608;0.02894620273459062
609;0.037572011577781665
610;0.021193002629267134
611;0.010143509392436623
612;0.048644519115053436
613;0.09883030271002652
614;0.08807827104798584
615;0.05946702796795217
616;0.006144317463952532
617;0.029027063735830708
618;0.09910198010064744
619;0.023572427105185048
620;0.058068006236767146
621;0.0031319041359356703
622;0.036385223927243804
623;0.02721665348078106
624;0.08415829832577604
625;0.04194338727678833
626;0.02550166294135933
627;0.05960474435522936
628;0.08185084439917725
629;0.04738853022263742
630;0.06016424857202817
631;0.053131549282371654
632;0.05814767524800747
633;0.023242774182818827
634;0.030647678389181133
635;0.008496144058788768
636;0.009569567654080104
637;0.07468640645284633
638;0.06639786339407391
639;0.03391753505759106
640;0.0945552557527536
641;0.09778542736227193
642;0.028317047952647747
643;0.02488002561393974
644;0.011686197450441317
645;0.09214808117696549
646;0.012404329891563494
647;0.07936016095151806
648;0.023434469490129475
649;0.03412536383472253
650;0.038078124463737886
651;0.0749950105501092
652;0.04202778686189645
653;0.04791764764174294
654;0.08782815766678176
655;0.08284690962560315
656;0.04696572729984764
657;0.07167633011776682
658;0.09607424755000904
659;0.029612480078995196
660;0.08496973920290218
661;0.00036052568079482096
662;0.04110826151020258
663;0.0008859524284450027
664;0.055420170632259326
665;0.006708185116322607
666;0.08466653582114343
667;0.02139701290891144
668;0.07854218958442545
669;0.08704234173627082
670;0.07201745792033722
671;0.01895406587063423
672;0.04868703875881543
673;0.057695372721154575
674;0.06206151389126844
675;0.09344598819891729
676;0.011451368478901193
677;0.07862885452370044
678;0.045138489436961575
679;0.04913206302630633
680;0.006155816120223279
681;0.060263936268236555
682;0.06453052984590942
683;0.09339734309038274
684;0.09933572751712855
685;0.011767778962459242
686;0.0973041497683855
687;0.07510842253080635
688;0.09680376200968481
689;0.04265683554991361
690;0.0057701596059120735
691;0.01092455023913419
692;0.0402371674868263
693;0.04447018805545897
694;0.06005972640102783
695;0.04730628390147691
696;0.04306419809775202
697;0.05168220159549544
698;0.008407880369361565
699;0.003912949061341243
700;0.003411040679995203
701;0.059132960939149715
702;0.040053784863291864
703;0.07028049398297621
704;0.022133582875241677
705;0.06400276496836142
706;0.09703640190691347
707;0.005599918319835673
708;0.06855410140210119
709;0.049494769976973954
710;0.061818210335429
711;0.09604817120546769
712;0.01042882043461414
713;0.026695080004601926
714;0.03411604215150143
715;0.06038978716399649
716;0.06246908537976904
717;0.08078291747800988
718;0.011949318853954338
719;0.00393328523351093
720;0.049621630112801664
721;0.08202108271011516
722;0.06425895735988625
723;0.021625029980336496
724;0.012396698277611896
725;0.03705950180454204
726;0.08506069860013359
727;0.0541250576802514
728;0.06581548971943775
729;0.08152358742552741
730;0.0812328477146462
731;0.09521490706681773
732;0.0836342922914003
733;0.03876463597747755
734;0.0061716481657974505
735;0.029899732509439426
736;0.01764201897416753
737;0.03763459017747019
738;0.042758450861454966
739;0.04581193657297751
740;0.01097933193251658
741;0.03759631439015453
742;0.08944400311028633
743;0.0534650926917146
744;0.05942894496197754
745;0.0886126427362042
746;0.055495730134369016
747;0.08623715765378695
748;0.053835193317789944
749;0.04553043973539431
750;0.09151159924109731
751;0.044123368671857094
752;0.024765515008295703
753;0.06953816815408219
754;0.09417553246812556
755;0.05991433496137697
756;0.09852620669518938
757;0.0823137434574472
758;0.09751836031439648
759;0.010906691823729575
760;0.04231435963269814
761;0.024250659377050954
762;0.06851963731977385
763;0.048425129004773006
764;0.010078756197209104
765;0.067094847269255
766;0.02730137591678851
767;0.05758145974731635
768;0.048904080559892066
769;0.08669110451783553
770;0.06512243299904688
771;0.0389456147022289
772;0.07413401311210538
773;0.007519506536746202
774;0.0456399671595418
775;0.06285248689285235
776;0.05094139321668689
777;0.08573804665770127
778;0.04990521634239467
779;0.029362831119692824
780;0.09759114002045353
781;0.04914954725795904
782;0.009294612636385247
783;0.07191139532527034
784;0.09048356162607908
785;0.08822636055356933
786;0.03024160827377689
787;0.01799748092784356
788;0.09665303965266347
789;0.0065982551786151755
790;0.03119031844071768
791;0.0797345046797095
792;0.06394690495674009
793;0.008326242644575111
794;0.0617904937060452
795;0.0535547817622863
796;0.017200979101702242
797;0.014465557918846551
798;0.03202579901151952
799;0.042152198578827044
800;0.05477122158032197
801;0.06935567452557366
802;0.08657013501140517
803;0.04856262406239629
804;0.059850402479115605
805;0.0398179897008109
806;0.027856067978117363
807;0.012871543215204617
808;0.04023842295764199
809;0.09526595056662979
810;0.018073633070735406
811;0.07066393510293495
812;0.0808280646459411
813;0.08304155306197931
814;0.017227723161145948
815;0.050221905143472356
816;0.035995001829269416
817;0.06702251717108836
818;0.09526444158087592
819;0.03607261432126615
820;0.05245230421193118
821;0.08028172968253852
822;0.07194694926479688
823;0.08607653568026247
824;0.08294490978005416
825;0.024651067367053206
826;0.04068374506752999
827;0.03989884922014948
828;0.033603622384971825
829;0.0033561222196348273
830;0.033101682949835246
831;0.04000118771500391
832;0.08746960040364973
833;0.04840810775778686
834;0.08503357739616495
835;0.05135661831597426
836;0.005849594954530801
837;0.027080360125956306
838;0.0033789697554100443
839;0.01688297111969015
840;0.054154571477214246
841;0.04441340774921979
842;0.09152173635562755
843;0.04361267319656231
844;0.08921879374900087
845;0.03719228955163933
846;0.0575650402124012
847;0.028610885663169827
848;0.06850921409808977
849;0.08621329986686138
850;0.06317035379443008
851;0.07056676105775346
852;0.08898266565621743
853;0.014416501651370884
854;0.04451648823024676
855;0.05864161829438408
856;0.040544489113254624
857;0.007851942222863551
858;0.032841822151023194
859;0.09428971997739707
860;0.00594209492026574
861;0.022389604737101276
862;0.04137412781877864
863;0.0766178736221469
864;0.06630368904139435
865;0.06428879538029295
866;0.00836661409263334
867;0.07515446439586357
868;0.04087581411578725
869;0.0030362104867323273
870;0.06544403320753754
871;0.0762940967333893
872;0.08853731774557004
873;0.0035042822727535117
874;0.08834466146687334
875;0.09436352796248547
876;0.01717590937169523
877;0.022886731683194175
878;0.006989576025669009
879;0.04139951832606889
880;0.08449952929220028
881;0.03085477334022979
882;0.0053654328911776576
883;0.07178504903000997
884;0.08996564636672551
885;0.03193186831678523
886;0.098730457007763
887;0.07934714619100831
888;0.05401631829688176
889;0.05685379094002877
890;0.09168378657774423
891;0.03200552952885899
892;0.08722225946970902
893;0.029720380454820408
894;0.06131044809212597
895;0.03884210496478866
896;0.004592437762205893
897;0.049487948906567304
898;0.0676613488132122
899;0.011274532492402478
900;0.04881774513825721
901;0.02652443506091059
902;0.009872936070248273
903;0.033563170757776185
904;0.0530635693046466
905;0.06439519828374272
906;0.01785887992721491
907;0.07878426648937412
908;0.06095741524390638
909;0.08153851966568898
910;0.025952846598065793
911;0.021519617065884258
912;0.03443062224896877
913;0.013307910739894836
914;0.021185251635318203
915;0.060618975421528026
916;0.028821053423116194
917;0.08127517607771695
918;0.06111401888973439
919;0.014741687220121714
920;0.04066852337156716
921;0.06248003460117627
922;0.012214836392872075
923;0.08020234999902522
924;0.009301221478258138
925;0.02694562435958118
926;0.0013870184998081793
927;0.018436791149317133
928;0.046959394447418805
929;0.07785753995231186
930;0.024888104591048434
931;0.03981805830204266
932;0.0822222317291545
933;0.03130253230845742
934;0.08499221493651031
935;0.08208624737169543
936;0.0074310768844033205
937;0.040162423166715866
938;0.025620338374107668
939;0.06822726673484066
940;0.06556199283939473
941;0.030641202209830045
942;0.0870922154105558
943;0.07979182456468106
944;0.01646668002375552
945;0.08500708050333211
946;0.035243203112043375
947;0.0007317534682010241
948;0.08858854902565771
949;0.014173446478559304
950;0.09542533737553915
951;0.05271462404542936
952;0.021251035743785687
953;0.07458642746910932
954;0.0708354056287314
955;0.028511036364118305
956;0.08932978473758403
957;0.0034015411895100714
958;0.009847586050881374
959;0.04649094339221824
960;0.07252332145859719
961;0.049223118086684885
962;0.03322397747090874
963;0.06940588582568676
964;0.009829564713601024
965;0.08944029008448014
966;0.011096760238294645
967;0.037279132867122054
968;0.09267131903262432
969;0.09275907882661355
970;0.04476296241874936
971;0.07192138863913491
972;0.019100016566806346
973;0.02025601900593197
974;0.06727725582455849
975;0.09155810837031853
976;0.011667089171615764
977;0.03935481251788946
978;0.01855678581319985
979;0.09516300394619107
980;0.021802665327650086
981;0.03820745569119012
982;0.05787521618560614
983;0.002420114325962075
984;0.02544927261254574
985;0.09208844941103857
986;0.05114604174200141
987;0.03203931126058061
988;0.009089392303658827
989;0.0691398764628851
990;0.04499209096680076
991;0.08785146231095686
992;0.014132189417957675
993;0.05337279818088936
994;0.00012022064792860387
995;0.010689592273219218
996;0.09849855064053356
997;0.09806100876013357
998;0.07894839372485939
999;0.0781189814469464
1000;0.036383911575264896
