1;0.027594006783276503
2;0.003943915086984962
3;0.06907376211408682
4;0.009766655998982899
5;0.06244576526582966
6;0.054619571752906396
7;0.05789345695408421
8;0.06645028030598042
9;0.09173486024215273
10;0.028160306055514107
11;0.0927413945959696
12;0.057853043774775875
13;0.023640356872600823
14;0.010739108373159357
15;0.01026906938497425
16;0.09735224926861129
17;0.013583735515498609
18;0.07893922651260028
19;0.06120510007916692
20;0.030394039444606825
21;0.03747798838998524
22;0.021134283190930303
23;0.03800546281813915
24;0.07633253715207826
25;0.0672677099337514
26;0.05844097363967912
27;0.07051224810385927
28;0.011295976208625148
29;0.008515637943524756
30;0.04757332914805787
31;0.04732471489069581
32;0.005584378196883933
33;0.02344045194174199
34;0.07730693728260873
35;0.09884699328749919
36;0.029234665837917485
37;0.08544276570281042
38;0.09469426115498347
39;0.02466191097952143
40;0.034980316333994545
41;0.07502122300401716
42;0.0012971808267268849
43;0.09990415657409044
44;0.08728998205740113
45;0.06550904273007029
46;0.02830065885978389
47;0.0058503028472454595
48;0.005558098920110766
49;0.0027773003725164894
50;0.019275346506396108
51;0.06812263215347915
52;0.06254817942004806
53;0.019567890665533296
54;0.058841436916756376
55;0.03968329939106502
56;0.04140656358577641
57;0.06458438825080053
58;0.0336685114882075
59;0.09897281957335678
60;0.027163057305644334
61;0.06043087112749124
62;0.021754925503099855
63;0.08150645860286304
64;0.07547976483624423
65;0.041406009905719104
66;0.09336826477959008
67;0.029085978890875164
68;0.047818316858322885
69;0.006162476012542828
70;0.05987326727300834
71;0.09606279715551627
72;0.046610422938712016
73;0.08123581487428519
74;0.07123220594766352
75;0.024759811197181614
76;0.04543823702934696
77;0.0960279016196859
78;0.07656817980283395
79;0.09928338079433474
80;0.02313769049680825
81;0.07995545914309043
82;0.004463151775766183
83;0.0960459596477111
84;0.03939286516871483
85;0.09935709357282803
86;0.05217136968805766
87;0.051540538161069044
88;0.025994062115006423
89;0.07552419196984485
90;0.012507327299058346
91;0.016106506500061492
92;0.09964081197578835
93;0.09579473494393796
94;0.03583574219997755
95;0.042395051726685166
96;0.08141609904189112
97;0.0614259502562219
98;0.08450862535978475
99;0.0982197786236456
100;0.010897882873395028
101;0.06232336783768181
102;0.041572240720114485
103;0.0625960800668618
104;0.007666970904661241
105;0.017274346713171407
106;0.025190711025508097
107;0.05602561198065578
108;0.09696508740440901
109;0.06978702216773636
110;0.08141724176192938
111;0.09023978777593925
112;0.0881180227590616
113;0.043557172154806735
114;0.07575938720000995
115;0.04778564841470713
116;0.048204592150061204
117;0.09877161227513397
118;0.002654770225914549
119;0.0539343757092696
120;0.025220292698579595
121;0.002970739217328855
122;0.07253019393492813
123;0.09726174566542538
124;0.048435480536052816
125;0.09324813083230338
126;0.09822760800184695
127;0.052339032497185814
128;0.06303259848951734
129;0.08028055512089852
130;0.04896074346272398
131;0.02270299031778803
132;0.08966391847117533
133;0.049716485062802185
134;0.026741105298728897
135;0.0001429550292794235
136;0.032804845995595126
137;0.01247293118589723
138;0.04666138541597473
139;0.026485483045308667
140;0.023886436923054845
141;0.06919707636004375
142;0.0714549694805334
143;0.04684291753726921
144;0.09646092232600878
145;0.08356466403606969
146;0.05129483072266159
147;0.016821489377633825
148;0.09125237944375524
149;0.038877920751345975
150;0.04691444789059656
151;0.05826658774669827
152;0.039045282978586504
153;0.09875180452940863
154;0.0706955794721678
155;0.04284746989613783
156;0.06297052411635189
157;0.05026449380198489
158;0.09194906376392067
159;0.023046790345632243
160;0.0003997419958511328
161;0.06574678247637163
162;0.08456432966758916
163;0.030149016747605853
164;0.06372558128212832
165;0.04581952362748279
166;0.010567514005680312
167;0.02779066223222587
168;0.022114472137066157
169;0.0006319948003715603
170;0.08610676004452897
171;0.07620197531543935
172;0.06315952874418856
173;0.029683013971521278
174;0.052152457984901916
175;0.04185588382546027
176;0.09123561069297584
177;0.004942709680991109
178;0.06518085999603672
179;0.06662007943090421
180;0.04962560850225776
181;0.04956390047171583
182;0.07960485519252597
183;0.08187001160077212
184;0.0021096347227984257
185;0.06644626307217541
186;0.03121727159011303
187;0.004753250484064386
188;0.07185171950246952
189;0.04663712512512791
190;0.01563070332149921
191;0.07860176549964198
192;0.04774385165759553
193;0.0682194784595906
194;0.05072781019923778
195;0.04710824336171761
196;0.058843597429812225
197;0.009715201035437116
198;0.04023465235370166
199;0.07180970623323156
200;0.08942892200493602
201;0.04278836743263503
202;0.021378157396381794
203;0.08175346082183704
204;0.0825400719680192
205;0.020493679750024675
206;0.07993743918622165
207;0.04398358379231648
208;0.0949234978695842
209;0.07412812897311155
210;0.02901381734629073
211;0.0523823398847634
212;0.07419894122050294
213;0.06391156742023825
214;0.08527130789731867
215;0.04154971276979916
216;0.08379997915708291
217;0.05468323057830245
218;0.025742105502695234
219;0.008994836412941498
220;0.007586939853034203
221;0.04981494686044211
222;0.06652252462804738
223;0.024099039771154143
224;0.025470099082834985
225;0.03503768515926594
226;0.09054039673899153
227;0.09581902124531044
228;0.052400845815511944
229;0.05538350445775391
230;0.016379029187979566
231;0.04138674098757799
232;0.048191430300019295
233;0.09322776433513585
234;0.09353299418900195
235;0.05270131970257341
236;0.0987684349841295
237;0.06174596719910515
238;0.0897635086649593
239;0.030065647493852588
240;0.035969063721855835
241;0.0007617034154731473
242;0.06597766094197689
243;0.008473167721330123
244;0.06091362682718585
245;0.008697279676581904
246;0.09300696389638888
247;0.029660269364453873
248;0.028998549863688963
249;0.09198487205752
250;0.09178311760274009
251;0.056497207535317576
252;0.06150929110382687
253;0.07826123941232478
254;0.029883859166311113
255;0.08641338518150388
256;0.09674344228555576
257;0.04512892498909438
258;0.02265626378941321
259;0.07055269693693954
260;0.0067597418876583
261;0.007398862363390013
262;0.0686313572069057
263;0.054710726826544535
264;0.018459136633608732
265;0.078093615738547
266;0.029595614330837006
267;0.000892436686589071
268;0.005545963511559749
269;0.0004059698291020708
270;0.09860673207906073
271;0.08228190755338365
272;0.07428938852057228
273;0.08531218769858362
274;0.053581968135856174
275;0.050662486495755214
276;0.04332028074607384
277;0.0916599215158187
278;0.09406039147167207
279;0.056842447290237345
280;0.04969929180470431
281;0.003696081140481711
282;0.0610174610800036
283;0.07460614863351896
284;0.07229783935921133
285;0.009640513987042576
286;0.0715662140020115
287;0.06476922699019987
288;0.048727335084026935
289;0.0011004538418615927
290;0.06445232368141615
291;0.07664578607742284
292;0.032695393617108624
293;0.06506700500114783
294;0.06688749214678152
295;0.00999665311450032
296;0.02348669106001481
297;0.01508733100135149
298;0.09444075306078356
299;0.05570357720442464
300;0.01645620499771764
301;0.023874026787792036
302;0.0027459573737277036
303;0.06597173483549451
304;0.03294240420309117
305;0.02968309870883027
306;0.0021684244066070947
307;0.07422953067898713
308;0.08912704052131137
309;0.0065870806440623715
310;0.09539147309891262
311;0.02017285946117572
312;0.07281727130956955
313;0.04144447065010476
314;0.028315303427312012
315;0.07571866373800848
316;0.07176649963491206
317;0.0938397571429793
318;0.032547177826193666
319;0.04431909532052039
320;0.06797321042540674
321;0.03916276641330149
322;0.07338515092039419
323;0.025473882198710763
324;0.041354549058039626
325;0.08534020070979344
326;0.035562561610293246
327;0.05642425573301255
328;0.026967266278857538
329;0.036677992914896165
330;0.07758999189546238
331;0.04468962675496179
332;0.011593008741728151
333;0.08480366993809295
334;0.055354299258364915
335;0.09517659801681849
336;0.018742330664091447
337;0.08553737886689378
338;0.05806916855001797
339;0.09925523310965523
340;0.016452788037565624
341;0.09033366708084095
342;0.018421366824146114
343;0.007019130868273349
344;0.03913013663560795
345;0.04344478508780525
346;0.023716125513187514
347;0.0850862464823754
348;0.09296302518385767
349;0.032686010910587725
350;0.05508105300601385
351;0.05043742594468025
352;0.0005840464785049848
353;0.04977862627406802
354;0.09833797975437744
355;0.007859535580220256
356;0.006726368151304918
357;0.06006887404123289
358;0.028126444323344546
359;0.018159125253056064
360;0.04672883484067613
361;0.005323879940245236
362;0.06962645508628698
363;0.014373812140586806
364;0.01064275797576133
365;0.03383574719109666
366;0.07648987575526857
367;0.06781851644877533
368;0.08871937601816486
369;0.056141596904810964
370;0.017156178576837766
371;0.002018846707523314
372;0.07979876008807762
373;0.06488574277467293
374;0.08232585891830592
375;0.09485188161162733
376;0.06106101684316102
377;0.08708476603804172
378;0.009800150635178652
379;0.002745769889883143
380;0.08475154142979291
381;0.033441824294098754
382;0.07797058567659475
383;0.08623869250832776
384;0.0454566459136381
385;0.014855099770898762
386;0.01342968713387993
387;0.04136568585983307
388;0.06926492254560859
389;0.06050500984341698
390;0.09604289672139368
391;0.05330206713553775
392;0.0740987115683099
393;0.019243572848762283
394;0.043698323366689495
395;0.04388873232730557
396;0.09540133263222839
397;0.09960126060347352
398;0.022651657054865507
399;0.08709099080784177
400;0.039977942561746964
401;0.0828717806668479
402;0.07350684911706908
403;0.026034260114059328
404;0.0029459129516988813
405;0.0408528634831376
406;0.0003541520834865364
407;0.0031488276489300307
408;0.013638435181826081
409;0.0650315123671723
410;0.00028474108058917924
411;0.017809799038083395
412;0.047273889934641315
413;0.00013282790454082207
414;0.016319878427146852
415;0.06937164315854558
416;0.07805182407985244
417;0.006239094977667781
418;0.08878050765904788
419;0.04059612997178224
420;0.017928481036125134
421;0.01567958724076096
422;0.09168375625332917
423;0.03181118935877728
424;0.09728848902918873
425;0.0556616676955926
426;0.07139530717242965
427;0.023488016070096943
428;0.07990546745393377
429;0.0996124028517729
430;0.029474006483293957
431;0.052504110342032465
432;0.02591884004187497
433;0.09936890323476857
434;0.03582425657192828
435;0.0202597691538408
436;0.026899659275072887
437;0.0724075341843735
438;0.05844809608712111
439;0.07840635588787168
440;0.08690923087578035
441;0.08137738450284104
442;0.08813268313261174
443;0.02937180011791395
444;0.024980667921575606
445;0.05876860129126996
446;0.06481036638059265
447;0.06560410817170399
448;0.015650918758372812
449;0.04407489293054423
450;0.0985971757149966
451;0.08905954710916031
452;0.01990422393601793
453;0.042684462682113095
454;0.022128480465421898
455;0.06612266774776482
456;0.0582238989486886
457;0.002516046130644023
458;0.08408332009246001
459;0.010158287652550958
460;0.057330569920630715
461;0.012209111850163702
462;0.021469248967595802
463;0.09834625343572799
464;0.0043223441962743974
465;0.07934063328891795
466;0.04667940535122337
467;0.014790473244838799
468;0.06561642111687781
469;0.019362155186009936
470;0.08230251604620423
471;0.05497026734971459
472;0.0058167697966753145
473;0.0435665289166309
474;0.08707534379505916
475;0.005365893461908589
476;0.058982942273516185
477;0.04181866170493079
478;0.09729678278048481
479;0.04896720247008029
480;0.045904459767303264
481;0.0488764129974978
482;0.011731175745209677
483;0.09539497818574888
484;0.014358368123626487
485;0.011975477971439497
486;0.019423555951721586
487;0.029997312646520637
488;0.08482928825418783
489;0.0872456000727815
490;0.01849113551284084
491;0.02589496773046206
492;0.09032149796976013
493;0.00906953362712135
494;0.004304349438151167
495;0.09046306329318443
496;0.09820498338209548
497;0.08156572587431841
498;0.0370867940643043
499;0.013332393630267636
500;0.09300147749435497
501;0.08564115077413514
502;0.008553702085339244
503;0.050882687691700415
504;0.09559270136105505
505;0.07774458809271746
506;0.04481190400581754
507;0.024006917138796314
508;0.014727479204492867
509;0.016718254167682144
510;0.09701901191676637
511;0.05578273521609698
512;0.0355014101082634
513;0.029848989920026648
514;0.026716188598320714
515;0.09607412055673814
516;0.03777759932422882
517;0.08587050119407404
518;0.09280345368870212
519;0.005352082202701181
520;0.028021768619119536
521;0.01657537260065404
522;0.03976657782429747
523;0.05971444342629563
524;0.09791743054822843
525;0.011077024256182656
526;0.05949861139626657
527;0.022808344860834297
528;0.07131534643906924
529;0.020342836354743578
530;0.027599846538160645
531;0.05045592858542221
532;0.060155168960583295
533;0.08259192914558644
534;0.07108662285455666
535;0.0689316549841776
536;0.032114149735546195
537;0.03598635314809393
538;0.09675867343870592
539;0.010965421384674557
540;0.02746191287760953
541;0.06130284139909144
542;0.0035073993606664525
543;0.01957735547633036
544;0.07559876211518979
545;0.029567340162308553
546;0.02537597605244344
547;0.02636444435500747
548;0.03089214330118334
549;0.006206601538311318
550;0.03449922794442969
551;0.0663658871096468
552;0.07638024821922967
553;0.03594193252852906
554;0.08843426135582705
555;0.07804514567459724
556;0.05961240816917305
557;0.033483696848454716
558;0.004355302927320593
559;0.0815059001363076
560;0.05428286042022373
561;0.02878357119990395
562;0.08280157529424176
563;0.08698602233014009
564;0.06578992164594615
565;0.09513364101492484
566;0.05102645330385813
567;0.0415095634188628
568;0.0835648558142404
569;0.027387427778678808
570;0.04198256574279824
571;0.09120112437288735
572;0.02211602503272786
573;0.03837265586098713
574;0.04172956711827974
575;0.020965440614682695
576;0.011889509256251886
577;0.09196463223323083
578;0.033892856443376106
579;0.019899628280691396
580;0.06087560068924907
581;0.0985229475705138
582;0.03621503039902877
583;0.04059803820810132
584;0.07566320199466066
585;0.015628687500732298
586;0.007222017474648623
587;0.004819283308261257
588;0.027255189007839842
589;0.08708367033790246
590;0.052551256095799276
591;0.03263855005625551
592;0.033432565981042016
593;0.036394583924276525
594;0.09186726509525239
595;0.022917328339557133
596;0.007925092619649144
597;0.002378769629426991
598;0.07453664286540111
599;0.04031616413352862
600;0.0686592810240665
601;0.017921401091577017
602;0.05629316553073406
603;0.010597183798005227
604;0.09422317632669965
605;0.02284157078906789
606;0.010251748592352916
607;0.03595142467957797
608;0.060112444828820694
609;0.03813120758759008
610;0.035582534677428834
611;0.039965851756064874
612;0.027007268882023427
613;0.009930767338943115
614;0.04400512923924232
615;0.012021353058866036
616;0.030885095241586825
617;0.08946467789256549
618;0.03756826075365919
619;0.06695942134452364
620;0.08419122465799571
621;0.0957206278734679
622;0.03934662357027402
623;0.09602868460362685
624;0.028080398852519062
625;0.05584176355852158
626;0.0697673578800984
627;0.08988408566311157
628;0.026281953028725782
629;0.030479892317739777
630;0.08334997924131687
631;0.03467831095120618
632;0.07233654951595143
633;0.026781632575410243
634;0.08054881692256141
635;0.06048393326848672
636;0.0021133654039244723
637;0.047678708209358024
638;0.03874342633191472
639;0.023317060740136255
640;0.08176145236811289
641;0.04485296394225305
642;0.07045657915058053
643;0.025136837249075297
644;0.06480030168496027
645;0.050138991947468015
646;0.06419280342931293
647;0.019039683986986602
648;0.040701121755138986
649;0.022458652577196092
650;0.0034769169115564935
651;0.02343962578345804
652;0.06442414000155584
653;0.06288614903149163
654;0.05850801346660194
655;0.04819643518213154
656;0.06271484349296945
657;0.0018572882140016622
658;0.05572446519829515
659;0.04122984988424078
660;0.08372965055163764
661;0.011729385011082217
662;0.04842555651774271
663;0.013506729161999131
664;0.03150720124087055
665;0.02549622333421503
666;0.07029441851845379
667;0.0842293983193938
668;0.004185897487103663
669;0.056818370402982814
670;0.030410850962566672
671;0.04610732518603442
672;0.05615513780653161
673;0.09297336746722114
674;0.09895858252762617
675;0.09017238719821326
676;0.0595539478293852
677;0.06552235081629436
678;0.08956143662075572
679;0.08385930824477444
680;0.060873581177687056
681;0.05819703114094428
682;0.02529853964515845
683;0.05143575044970396
684;0.030385358182437386
685;0.05302435515048708
686;0.07185509314801533
687;0.031997380907627396
688;0.0660069758394241
689;0.0292865631113453
690;0.001415983585904168
691;0.04534439933803672
692;0.012183994583696478
693;0.07251100900248061
694;0.005463787727654579
695;0.01993243487706612
696;0.03168767290999615
697;0.09635084015051958
698;0.00922169970201371
699;0.034955015553519445
700;0.05326501823856457
701;0.014882207101085588
702;0.09806314102740811
703;0.09905643795273247
704;0.016034552977564044
705;0.0848561372406253
706;0.04016772566801206
707;0.008966192977187494
708;0.06308319583811449
709;0.06893277887669426
710;0.027959905430929435
711;0.09188782010690427
712;0.03894386925655905
713;0.07380811115794718
714;0.0002615118745215028
715;0.01972770124953558
716;0.0033348032248937455
717;0.07473403831445276
718;0.057448916667352225
719;0.003062079297549747
720;0.04224247314566903
721;0.03158659500523199
722;0.010334738714241698
723;0.03986847520622205
724;0.03911790127844409
725;0.09899662657735106
726;0.051686633314050726
727;0.028096697530147263
728;0.08033521002549072
729;0.027266523623896324
730;0.03471676349247876
731;0.05527062636842235
732;0.0593159697334768
733;0.07006562375731867
734;0.03280494758494275
735;0.01412132943263288
736;0.07539856583193853
737;0.0986164731080798
738;0.09478978538150785
739;0.06570893286439479
740;0.06435818221407816
741;0.06343266283487849
742;0.056978132089288897
743;0.06932642591645467
744;0.05418081273581076
745;0.003106320253771666
746;0.09028086245911567
747;0.006086722182567517
748;0.08818888953462312
749;0.03518065830738137
750;0.03321171552998059
751;0.06969893734966816
752;0.0268559890738755
753;0.09540176354591647
754;0.09085945075780168
755;0.07328322006418937
756;0.0006373638148283623
757;0.0022691465034167745
758;0.015450422084978677
759;0.08213038623618102
760;0.05965911038825947
761;0.057911817171858206
762;0.005390343921334118
763;0.05245457244920574
764;0.016300480685983776
765;0.05299030122651888
766;0.07513327955815585
767;0.04742027341125341
768;0.0681171692574821
769;0.003508970713983717
770;0.05566151027120236
771;0.04947855046498383
772;0.015033518908831778
773;0.02855810065887814
774;0.04128358010437558
775;0.0753836302530095
776;0.04373503641113405
777;0.0019483655528338196
778;0.06770544136891503
779;0.08938842979209044
780;0.06212633040131357
781;0.09878063962276694
782;0.09496651634606663
783;0.04572458515779779
784;0.027108431783261
785;0.04675614876265937
786;0.09202000129480001
787;0.08290565130630517
788;0.09128760902237669
789;0.05061132093450196
790;0.05705697928091377
791;0.005306247348669824
792;0.07958755504186873
793;0.020092379483940104
794;0.07217466734293891
795;0.02192517038815549
796;0.0202585108233181
797;0.0843330224754206
798;0.08157194772352952
799;0.0982964417263818
800;0.06691098245067834
801;0.02990609337378617
802;0.04549210443847717
803;0.058415202500453345
804;0.05244624890915527
805;0.07129450913251464
806;0.07212567784685095
807;0.03179239635098443
808;0.04257943731958667
809;0.043504016029183704
810;0.07445137260706905
811;0.0397967842316063
812;0.02944168155165855
813;0.02721695822041247
814;0.07564314434001902
815;0.09830710374083577
816;0.09267566730154404
817;0.004817111864044987
818;0.032546904484680915
819;0.034395555271713195
820;0.07104078760346155
821;0.07804320809670734
822;0.007441856569401806
823;0.05337485682779284
824;0.012951745174488872
825;0.02571130493029892
826;0.023979492802482485
827;0.08787937073068379
828;0.05083641637712838
829;0.035567265996488906
830;0.0469720873165537
831;0.03530072864166436
832;0.07019639295599077
833;0.04939232649826182
834;0.0738431442484263
835;0.06920366646131314
836;0.006140512079546523
837;0.032006560158267285
838;0.04542776717577496
839;0.07712075889164811
840;0.029458845918650434
841;0.05854646567542268
842;0.047430727120787886
843;0.0519556965651719
844;0.04234817498258301
845;0.058623543495088276
846;0.030600400898019853
847;0.04881690810458472
848;0.01872795305312355
849;0.031556839928693126
850;0.03708810102178907
851;0.04580391338871154
852;0.06053222715005466
853;0.00580644547285436
854;0.053991550029176376
855;0.05824115563050704
856;0.0009916855370241783
857;0.0841267402727889
858;0.09855490876750939
859;0.0999359742973433
860;0.08418284430748885
861;0.03476870916085454
862;0.06304652623812257
863;0.03233750311806393
864;0.05362933395069389
865;0.0012077145555422942
866;0.04561498979889953
867;0.042908516613427275
868;0.035017384301314694
869;0.051761958089453254
870;0.05337886608212059
871;0.07822168921939253
872;0.05414558853602443
873;0.09929704181935449
874;0.03221514975749378
875;0.032045915853016804
876;0.06645196194824819
877;0.09131070956464343
878;0.07858690012377817
879;0.03978050395299662
880;0.03676730108236115
881;0.09064143760465332
882;0.045420969011490286
883;0.08273813363084598
884;0.06775350259776011
885;0.0376209081904098
886;0.046812293654488094
887;0.009911547628589958
888;0.0010611219017688134
889;0.004962565866344315
890;0.007065955396046453
891;0.002397843535614408
892;0.08703770331582636
893;0.0871921911399215
894;0.09325335633127069
895;0.04465683511087742
896;0.03865205937471568
897;0.027989354994187556
898;0.07816668384441353
899;0.0746483440203608
900;0.09872452388734389
901;0.03406536580256725
902;0.08222610965880905
903;0.006929544178253689
904;0.059162514139796965
905;0.0869612695368708
906;0.06404113504247078
907;0.03732218996950295
908;0.037080686168250644
909;0.025911378570668133
910;0.00867315951349693
911;0.0007071168380463289
912;0.0950990099188895
913;0.057490530411240005
914;0.06762364558693275
915;0.04169225931481107
916;0.08128014103111779
917;0.04640497368983847
918;0.0521808808394583
919;0.05509422634251007
920;0.09313997218124287
921;0.05377920371840104
922;0.02327705652812878
923;0.08384186862141628
924;0.012975088177653428
925;0.0834344142742107
926;0.030685072718583086
927;0.09882410404510578
928;0.026651347156691575
929;0.06647703267097256
930;0.06110188120662196
931;0.07316943313759532
932;0.09770412879331279
933;0.007148734155871217
934;0.03646095514349227
935;0.09512259165344007
936;0.05183005494312124
937;0.003468139747379773
938;0.007227850919809664
939;0.08626711637769163
940;0.08823128513787615
941;0.06790126046275106
942;0.029299620669982297
943;0.029288658032429072
944;0.04514380642984966
945;0.08069011983610487
946;0.014687605069324117
947;0.0283577913352969
948;0.009157170103849943
949;0.06377194062569773
950;0.052381159457397686
951;0.00733266299469606
952;0.015474028881575364
953;0.08181167876041913
954;0.060166424120430856
955;0.0257735301160949
956;0.07836373374031107
957;0.01989073805841354
958;0.08033607398125794
959;0.022879215500622597
960;0.031924796160491146
961;0.006621680633131056
962;0.06516355902331002
963;0.0026734794730650328
964;0.043782387390091174
965;0.026012031135329117
966;0.010181710483565132
967;0.07907410051529183
968;0.09893684853779483
969;0.04391658733871934
970;0.057649292548561604
971;0.09880140327541091
972;0.08905063706722623
973;0.03359095374265963
974;0.08739469194990397
975;0.058601893363890406
976;0.05308566602462716
977;0.07897752789380695
978;0.0769658378195261
979;0.06731441405989007
980;0.06730744335028079
981;0.05457132647146168
982;0.018327972961310057
983;0.0948025322451051
984;0.08164960922552454
985;0.0928385665727163
986;0.030687371650599593
987;0.06185880836506944
988;0.03941616096075935
989;0.04480827600994547
990;0.021224209051144072
991;0.019459737284780745
992;0.019978544937059153
993;0.04158773400889781
994;0.0283814433786988
995;0.08067854445750611
996;0.06016300988501527
997;0.022735499996154776
998;0.04812595375661554
999;0.0015582630005366194
1000;0.00030809712955800486
