1;0.04297175783971581
2;0.18346604518324694
3;0.0038902960489916928
4;0.13842223855667854
5;0.030457286029219866
6;0.05479847583584294
7;0.0726966514543215
8;0.13104532629336207
9;0.15795475882903937
10;0.14529621351069813
11;0.07074337364563799
12;0.03850185346060491
13;0.011053444884145926
14;0.11523260821599451
15;0.1080605769458427
16;0.10429070298185966
17;0.08382095755898354
18;0.004945504303334403
19;0.06093472765482064
20;0.06751512250091847
21;0.1672011738328717
22;0.0982951193178318
23;0.07616515745933108
24;0.051247763596369025
25;0.10130145259669099
26;0.08698339372544815
27;0.10539100603127789
28;0.1058820155045168
29;0.03553543203668002
30;0.12594740340948438
31;0.06380983016257787
32;0.10392990839059
33;0.014277354568124779
34;0.012600252135380985
35;0.0645168542981037
36;0.025115250222764153
37;0.14105011271771498
38;0.15422113104197308
39;0.06950289565353254
40;0.1209755342015586
41;0.0025869054818858706
42;0.089864245604309
43;0.19693292112392857
44;0.12401110432792761
45;0.09900539382032288
46;0.08326755135565629
47;0.053742497545729996
48;0.1176525563073771
49;0.02771141639403505
50;0.15484998965328564
51;0.05992189958557075
52;0.12806487538280692
53;0.17443268466385187
54;0.023011258519393365
55;0.024678259937541625
56;0.12522176392029732
57;0.13353574484202724
58;0.17243744612667514
59;0.06038424306472223
60;0.1754102095388432
61;0.025130263640332863
62;0.026010314035173933
63;0.05768018094453569
64;0.1030856554565099
65;0.07051528619990154
66;0.07281471175299514
67;0.09449041544684303
68;0.03610476698861818
69;0.0888631086114563
70;0.14785027132704315
71;0.14491163961492817
72;0.13698095498260493
73;0.10188798823580542
74;0.11574640600169919
75;0.04403325467658708
76;0.09425236001391435
77;0.00032692499751982854
78;0.187740310336716
79;0.010419388038510903
80;0.1200942213082328
81;0.12474580503005933
82;0.04216203918750543
83;0.1444673164279173
84;0.16141495945098483
85;0.1861200204230129
86;0.1830460755335701
87;0.09328682958648954
88;0.18237163739475618
89;0.03805329843039565
90;0.09674124868447792
91;0.01436954915488562
92;0.04110717764854051
93;0.026128266419128177
94;0.0149465566863765
95;0.1312861613871765
96;0.11992778032728563
97;0.17704082153391987
98;0.07605013586450123
99;0.11007839833045507
100;0.02314117430469418
101;0.15510941115259602
102;0.004271457152925118
103;0.10458966647434971
104;0.04358830760216164
105;0.08913440487324793
106;0.06531339859726419
107;0.1543087690172382
108;0.0620866088776024
109;0.08057715223672357
110;0.09978883965779434
111;0.09056511864591194
112;0.04987917172431955
113;0.019746026410537045
114;0.19731392150514965
115;0.10944252056265108
116;0.1316818010542197
117;0.08219487057677394
118;0.02300207246222983
119;0.06471200281167662
120;0.1613703057357113
121;0.001183191164709485
122;0.06759812007808828
123;0.12042668842403158
124;0.10717754178147834
125;0.12591581978985145
126;0.07908123645644637
127;0.19850432213618957
128;0.18133795477581793
129;0.13787288790691554
130;0.1694509469881799
131;0.0002440713093627256
132;0.09630019669645647
133;0.09941059971723343
134;0.13570186031421533
135;0.04264745065791964
136;0.045061092282828646
137;0.1642118813206271
138;0.040493662776194976
139;0.018710189642354803
140;0.06083397261968209
141;0.16445936347216897
142;0.16216401320498916
143;0.09173475735649028
144;0.025994196090417955
145;0.09028929315081431
146;0.07960225944359889
147;0.00749947432631668
148;0.12645012511214268
149;0.16612515460769456
150;0.15457831770117314
151;0.11463352841865265
152;0.040143772271879
153;0.10870730570503102
154;0.19089561648525671
155;0.09055643681071167
156;0.16037266072925133
157;0.028488727298507467
158;0.0662047327853325
159;0.0025980325504236126
160;0.07073619742425832
161;0.13438032057914154
162;0.08902154862410655
163;0.19266552870941575
164;0.15914881197058314
165;0.1364885465733731
166;0.17313843968074766
167;0.01799009859977292
168;0.01590014981821104
169;0.17658304410104392
170;0.17946157782787028
171;0.13583616434639756
172;0.19371618772111288
173;0.015484357427725026
174;0.11479076818856959
175;0.15604148545269791
176;0.06760047501542679
177;0.17685614595579824
178;0.06610467289921373
179;0.04763680906533965
180;0.06961389771852011
181;0.011017052113283765
182;0.16816425981664251
183;0.0446739469326068
184;0.065619156915518
185;0.04074847363358036
186;0.12256228723878826
187;0.127208020005113
188;0.0552355516984449
189;0.07911112761655868
190;0.18010602978307275
191;0.19848733962793397
192;0.06999679603583919
193;0.11121236223546327
194;0.12041150097116403
195;0.019993523427774187
196;0.11723897528297669
197;0.03881232260446399
198;0.14349889447139402
199;0.0860726195386588
200;0.01807673995231356
201;0.14284094677471287
202;0.06315978086886997
203;0.1290567634042682
204;0.07981101224345054
205;0.03238979366356718
206;0.04793286915633399
207;0.17407579229244605
208;0.08430408621571006
209;0.1254091201924585
210;0.12239720779820024
211;0.008405443253184887
212;0.03995959735224424
213;0.016942689694986825
214;0.1593140894796368
215;0.17095418068136967
216;0.08170667835390531
217;0.1820489397936218
218;0.05453612702388797
219;0.1134705972967375
220;0.0973746283912472
221;0.023182607503574728
222;0.08065556530776741
223;0.0021176971338384477
224;0.07623923796876711
225;0.08775189282128336
226;0.15917525130009946
227;0.06075694820610514
228;0.19421127656705162
229;0.024984725753740403
230;0.046610754778616606
231;0.00421788999969055
232;0.04455212134854594
233;0.0641911117226059
234;0.18726310242278577
235;0.043462895143192196
236;0.12299277888370463
237;0.0994129700277169
238;0.0783009333208473
239;0.05784952185806496
240;0.0880134692600984
241;0.02981968709118197
242;0.11223688335281151
243;0.09164893267671692
244;0.09499609021512266
245;0.14463239160276714
246;0.0848804257008984
247;0.19711015418071443
248;0.15692388746527353
249;0.0013383366196936476
250;0.006015706231273255
251;0.04421627168861935
252;0.05707393751729746
253;0.09490507196947379
254;0.09451486601939636
255;0.07115066887085526
256;0.15551604506052102
257;0.14672924681292435
258;0.1356819757922904
259;0.13428075497788497
260;0.09725753219028338
261;0.16740951854032626
262;0.12470345789781463
263;0.03109380848541148
264;0.027166765664645598
265;0.19638639234901484
266;0.15298760367837075
267;0.0120702140085037
268;0.19773541193154748
269;0.08613276710536358
270;0.050349751163722645
271;0.018098356476174682
272;0.055305496099250596
273;0.012961930062122673
274;0.09106484206144497
275;0.01900235242055164
276;0.14929856271645697
277;0.16197686128618408
278;0.0340962758535591
279;0.07245251164176576
280;0.12662875638135834
281;0.17538125792606316
282;0.06808393588155388
283;0.19338273793645555
284;0.07351294060237042
285;0.07569379312319435
286;0.0876596691140936
287;0.10997627989523898
288;0.10963206752543449
289;0.015008430193608958
290;0.08674992363495937
291;0.09766219430447252
292;0.14802714234863387
293;0.09900302162854153
294;0.0502562445687492
295;0.06506924794247089
296;0.11342732789388227
297;0.08015374071586662
298;0.17459866348725395
299;0.05719232687396578
300;0.19825066101147557
301;0.01717289249659242
302;0.002222991259925666
303;0.0038599716354615014
304;0.014379515945417466
305;0.0017758971545086767
306;0.023419898158913877
307;0.028106515611474682
308;0.18656735805371608
309;0.027065153431069966
310;0.05422080274907864
311;0.07992036943275307
312;0.11453166250400325
313;0.053537855005905736
314;0.18227532825654832
315;0.19387506339832866
316;0.15712666126048452
317;0.12994796043686715
318;0.06556714959810421
319;0.029861064520045777
320;0.18189198699398867
321;0.08858774327843662
322;0.03430072608545196
323;0.1282451760307748
324;0.16391035449841868
325;0.059139380818186905
326;0.1984828083789515
327;0.10996133508693484
328;0.15298874296947762
329;0.19604099902413274
330;0.19762467390902527
331;0.15310410072496178
332;0.06043537337602572
333;0.1872861789002982
334;0.17135656798754334
335;0.0664177903451217
336;0.12696320393795954
337;0.015206619780460673
338;0.08071085463451232
339;0.09900019729746178
340;0.0525751779986785
341;0.17322252214033673
342;0.0944842723710212
343;0.013712778137235572
344;0.10614830296917109
345;0.01622134911662563
346;0.13180656997573167
347;0.19565565760378892
348;0.10399534670847539
349;0.17690231804205525
350;0.15449573188930757
351;0.029884378441664028
352;0.15619583408641577
353;0.1617451105863338
354;0.14255276888983784
355;0.13404248686074266
356;0.07721021728161193
357;0.17667696600519567
358;0.16087583913197473
359;0.1570593990690763
360;0.05415605977820888
361;0.13336001453899823
362;0.09955579025632327
363;0.03892845888704049
364;0.18016210130516294
365;0.14651743568225722
366;0.18792192266840418
367;0.0871123158957081
368;0.1846917743310572
369;0.11894646023493537
370;0.06459454447932354
371;0.06063333017135282
372;0.13262463641347036
373;0.1926476238080248
374;0.0320194260527493
375;0.17257251353967518
376;0.05347822201685526
377;0.13397686915608828
378;0.19562264943350618
379;0.1642752015515867
380;0.18349715912427123
381;0.031191991957011656
382;0.16653938999179876
383;0.12096270730304615
384;0.055152174953598476
385;0.15218605921074368
386;0.09115224342268738
387;0.15988953175069964
388;0.10321048093587826
389;0.12963469996719953
390;0.04491992674358119
391;0.10521749122699289
392;0.11558892207426508
393;0.032048747376101264
394;0.18840508201682513
395;0.1034292169853623
396;0.11008254913718224
397;0.19569919717195272
398;0.16010813982368205
399;0.01858718236544026
400;0.06355544628928665
401;0.024418433435694477
402;0.034253754055157314
403;0.12484921632492446
404;0.14415681212253129
405;0.1131067978561164
406;0.11475732122503723
407;0.0992577433468868
408;0.02230066231212995
409;0.017513303787481838
410;0.0071662994813296525
411;0.05720637728377938
412;0.0346127015509524
413;0.08073574536522284
414;0.044556734144633216
415;0.15921974818386986
416;0.13292387639852787
417;0.19479967146248353
418;0.03672240623457625
419;0.09363507640094149
420;0.08824035632698626
421;0.03529569981552401
422;0.08834369121499706
423;0.06155615511032395
424;0.062095234233439704
425;0.0959850270517506
426;0.10545977674203336
427;0.028628341004184057
428;0.048532112553000675
429;0.12225474100578562
430;0.19050652664720905
431;0.040418469643817484
432;0.018717435829430553
433;0.12851097228711303
434;0.19085860492776185
435;0.145016985301863
436;0.10010828920561442
437;0.10511235742012742
438;0.1593386128311571
439;0.047156686472103894
440;0.1965040441252727
441;0.06673741941874366
442;0.1692962891666725
443;0.07561226373713187
444;0.14522805342623188
445;0.1704788313027861
446;0.18406255415279038
447;0.06904800945723792
448;0.02588974550617389
449;0.004388244115871198
450;0.029870043860888318
451;0.14958890317485127
452;0.06064342205652782
453;0.15130281389758624
454;0.12158304037680989
455;0.19293812957264334
456;0.06266097605231584
457;0.14768136479254873
458;0.030877319773741044
459;0.17794914326967784
460;0.15596551915873258
461;0.04514415377770547
462;0.1842782897687515
463;0.11045358859388643
464;0.011374065602118268
465;0.1315392783745135
466;0.12715771447129326
467;0.05193476677675229
468;0.044436924852596565
469;0.1522314954774355
470;0.13174373862587302
471;0.14186278308306013
472;0.13959185116041822
473;0.10915002905313265
474;0.09378349800401263
475;0.05750882837168885
476;0.07179540540592735
477;0.1262913568940908
478;0.16332510329175526
479;0.09226034975384455
480;0.16022964550808755
481;0.15176375073093984
482;0.10366439261868106
483;0.08298669285704462
484;0.03284281070019279
485;0.03776857952913542
486;0.11968076750602717
487;0.1615870654968636
488;0.13092249676297846
489;0.18024602380497157
490;0.16498022997492345
491;0.16605732029890827
492;0.003209069091386918
493;0.0207576640507529
494;0.07024578500039123
495;0.020090772528852077
496;0.04490383333997699
497;0.03325715887389746
498;0.08600532023495729
499;0.011277733902444399
500;0.13378741442722228
501;0.10950886628582286
502;0.020344975725633232
503;0.1436733640391105
504;0.13897169237738335
505;0.04506183528419592
506;0.031237413750476353
507;0.0468671770075779
508;0.09297953040534437
509;0.1621892059310279
510;0.18895734771148942
511;0.006333348937600292
512;0.192999202744147
513;0.018640877799272305
514;0.18638529587906644
515;0.09296060455126354
516;0.010485341157260054
517;0.08977322972508849
518;0.0718536829750144
519;0.06233470093298974
520;0.05829881252008491
521;0.040877885714463935
522;0.10029389903855307
523;0.163643561918384
524;0.10066224373125364
525;0.026479297109883705
526;0.02909054780804037
527;0.004409673640348922
528;0.19985044907713598
529;0.05511209381152844
530;0.01751889733687675
531;0.010745453067767042
532;0.0248699459569697
533;0.14303793879869559
534;0.15061658764459412
535;0.08511126180473093
536;0.05214994526240986
537;0.060792028159434235
538;0.1604458999621003
539;0.02338082146765541
540;0.10633689566984893
541;0.14857411894547665
542;0.18479458144727007
543;0.10844448334154587
544;0.00013547960653566006
545;0.16460782244531266
546;0.050620589174315
547;0.11949440814912034
548;0.17862710582604507
549;0.12453215653224184
550;0.1982058304481984
551;0.15700473152860422
552;0.06412973719724324
553;0.14967284261706829
554;0.18630875439574976
555;0.18219656416257582
556;0.14147684908416722
557;0.038954174795593405
558;0.09292686380100819
559;0.059591999993395685
560;0.052670273655882886
561;0.18638962198055387
562;0.08093082943401447
563;0.13551876278499955
564;0.06156021326481307
565;0.11713189725231775
566;0.06586265701225018
567;0.10339234584394533
568;0.13585756280475964
569;0.12442279891780378
570;0.14536434236821338
571;0.16529244683884947
572;0.07583107762694848
573;0.025813746702280562
574;0.03223696150281632
575;0.1428217177360282
576;0.14894210319320533
577;0.0918805271035435
578;0.0021336571569059216
579;0.05895284889997443
580;0.14666796827785342
581;0.17880990561959798
582;0.11940205978411299
583;0.16635225678520862
584;0.13787372875486756
585;0.0661866168815791
586;0.0563509538902967
587;0.09389385954550677
588;0.05896464593711018
589;0.03570863342357238
590;0.11825626488501842
591;0.024341860180541387
592;0.13107028419212177
593;0.13702180217291446
594;0.1408091821051804
595;0.06346562521438728
596;0.17195132213509784
597;0.14639097194369619
598;0.013645646989939642
599;0.11221184004890604
600;0.0020810588488038516
601;0.13999308681335057
602;0.06656450736446899
603;0.13091465932532262
604;0.03485666273411965
605;0.07179864202548845
606;0.11905108334594401
607;0.05567601735368482
608;0.0837451807090704
609;0.10959147471860287
610;0.06250820522925662
611;0.1623411870454227
612;0.16627819703383917
613;0.09723487489494234
614;0.1474503570359621
615;0.1223778596655424
616;0.06726797527425066
617;0.18734700213753502
618;0.157771897421081
619;0.1146527612109888
620;0.05456681065598861
621;0.14245139288120043
622;0.07898003473940987
623;0.059635482255872764
624;0.12393427155585134
625;0.167149331543786
626;0.012475642406089138
627;0.1380271476832293
628;0.08763313625065289
629;0.032301342057708585
630;0.042731903941841766
631;0.15617517359481578
632;0.14384376607961624
633;0.038558701847506295
634;0.0328492813394752
635;0.14968582478655304
636;0.13058323920269754
637;0.06058444605676483
638;0.13180040197392703
639;0.19502693367564272
640;0.003947152793846942
641;0.043217877904516214
642;0.18007719525852262
643;0.07325245476630891
644;0.0003380052847700599
645;0.1281350613657766
646;0.1839540580721676
647;0.07032767004101907
648;0.1712931241443026
649;0.1582645927983819
650;0.0786768608895539
651;0.14328902293405935
652;0.03788767508967297
653;0.04103228674706223
654;0.085236167189991
655;0.11072188072973849
656;0.0403597165218687
657;0.024728034362208873
658;0.06480857991524354
659;0.1922264584581383
660;0.08048130132764697
661;0.19771968958252975
662;0.15820103734906188
663;0.024567554251773552
664;0.09506966586188684
665;0.09877490766090376
666;0.01550211482427737
667;0.039216409068771774
668;0.003905707635361244
669;0.18042327465056895
670;0.082021162589409
671;0.10912956960706369
672;0.11132970972103867
673;0.15710324633131165
674;0.15542640302361882
675;0.17268498445362715
676;0.002783591886491821
677;0.1758625209450501
678;0.10576747627937558
679;0.011644328890344259
680;0.16244594567948786
681;0.19632207321004583
682;0.04818701996753747
683;0.10809185394776007
684;0.011976457031997102
685;0.05645270374598868
686;0.0004020083504668426
687;0.06465593391529083
688;0.020121221491285837
689;0.10654978769075599
690;0.008080973544764114
691;0.17157984490430217
692;0.18606547703484866
693;0.11425221179898722
694;0.031171005665366416
695;0.10049766949403778
696;0.04204909553382481
697;0.11529371708030603
698;0.1877026168648146
699;0.17005631000376073
700;0.09462177464372973
701;0.011671585500196625
702;0.08542931784957988
703;0.07655837774031159
704;0.0900457083577738
705;0.006238573616570853
706;0.1109137003724585
707;0.01236414825447354
708;0.003194924425886936
709;0.1892671440271304
710;0.1810482866100113
711;0.03403803684582161
712;0.1660529969323393
713;0.03313618439839614
714;0.18727784760140528
715;0.020663267122447527
716;0.13462259083143713
717;0.0129362521957219
718;0.021043386032578715
719;0.1431215359839336
720;0.12122812449642682
721;0.031607647105525286
722;0.052183835481341714
723;0.09270830612045422
724;0.06526174160990963
725;0.17794795456969914
726;0.029084038755042108
727;0.055269876448337835
728;0.16467350877428472
729;0.1933454217478732
730;0.08838253894780163
731;0.003713852268053164
732;0.05209858170730193
733;0.11303230425219611
734;0.0705251059486804
735;0.07481643673080843
736;0.1180798976666156
737;0.16280580661676744
738;0.05560465541530031
739;0.015323685408859089
740;0.06290236037700685
741;0.11251219816814942
742;0.12120380978602224
743;0.1975044996197008
744;0.14383295741393975
745;0.02193413118828358
746;0.1930294649202453
747;0.17826188579610883
748;0.13832381744795025
749;0.04709851003138284
750;0.16238517391492424
751;0.1346563467798688
752;0.18054297083169063
753;0.13113980199746247
754;0.15256858233808657
755;0.16139013842961258
756;0.08646089801452642
757;0.14649512037960807
758;0.06398619554750565
759;0.03361776116834243
760;0.06736818702958643
761;0.12762134850327092
762;0.19594880520239302
763;0.1671052917428695
764;0.18405275054760772
765;0.11633323717949384
766;0.04519205603534
767;0.08506826686102259
768;0.020876330731452054
769;0.1235295918808108
770;0.1770089949697421
771;0.04769435697920872
772;0.18931064068809936
773;0.1836858150786518
774;0.1348510183544734
775;0.16225532367343964
776;0.03559497440728104
777;0.15546461659057986
778;0.19817547876767228
779;0.10783727847262284
780;0.0864666666640856
781;0.0335616341834653
782;0.06942297255003003
783;0.012679056701169046
784;0.04898221834800252
785;0.06011871112700982
786;0.032498646570285276
787;0.19712203160205624
788;0.11698460037664271
789;0.19493426705421713
790;0.042707398682352564
791;0.0750566394861319
792;0.1038082148633177
793;0.07642156728042566
794;0.1714748521764996
795;0.09608486638826422
796;0.07004870440279341
797;0.07009709264173306
798;0.013079282809166193
799;0.03835540856103217
800;0.1618196631601987
801;0.10517211564965134
802;0.1818488161223255
803;0.13105321144494814
804;0.07801055280202125
805;0.1667895463914295
806;0.15844333954988776
807;0.12409953294099536
808;0.07113060153276517
809;0.16642656564637467
810;0.1984488282916648
811;0.1729663101800438
812;0.18425268243579193
813;0.062451550161477055
814;0.1841333419483113
815;0.015355316136842113
816;0.014583867347242152
817;0.16667922075950375
818;0.1361640884849892
819;0.08201695050212642
820;0.06099066995550866
821;0.1519780970428584
822;0.15371185300998688
823;0.0858922740853918
824;0.07511528059008513
825;0.17043313285491202
826;0.18221223510220294
827;0.08795233108647907
828;0.0037171400521752275
829;0.18709202176507783
830;0.1613624919526222
831;0.1970111271563608
832;0.16866398416228456
833;0.16993631038087528
834;0.13531220930911603
835;0.17318069338212602
836;0.026363898072352666
837;0.11762111419007991
838;0.14146035116228162
839;0.09568942483421033
840;0.033512169250517365
841;0.17330871865138933
842;0.12789412878873396
843;0.09861432832797419
844;0.018749087863431237
845;0.12443978841924928
846;0.13909097311148763
847;0.1698031761891868
848;0.16245667533527486
849;0.076422916113346
850;0.19824155879054375
851;0.054019733490005196
852;0.13166284473700937
853;0.19580591539194037
854;0.1925022688446314
855;0.10299892780315048
856;0.09716141990933967
857;0.09616977649133318
858;0.1639588535071001
859;0.10225501564485276
860;0.09685928331309926
861;0.10806003535255303
862;0.02736486757892396
863;0.15193502602711362
864;0.06351810554929711
865;0.06475836795397372
866;0.11651548286712739
867;0.0917616024224178
868;0.19742299442077066
869;0.03271448174878302
870;0.15462866721741061
871;0.020888268165720758
872;0.10421725664539952
873;0.14627309737577573
874;0.016338615629670827
875;0.16395556312483778
876;0.17643014127024484
877;0.007082307828253209
878;0.1601092196828564
879;0.039623500053361176
880;0.05494377174591232
881;0.06510048004421608
882;0.09324782872272308
883;0.1549499477519044
884;0.11105538620017526
885;0.01577609281197936
886;0.04019091436429434
887;0.19109091835825276
888;0.13083339874106933
889;0.14694059947438642
890;0.08017997699511988
891;0.19335530528184944
892;0.08435043633338324
893;0.11520209326432213
894;0.03814057524420627
895;0.008641447021306559
896;0.11491705309330157
897;0.07393018225150338
898;0.1735432635561112
899;0.061327138370950586
900;0.14863259841994286
901;0.1608907665701489
902;0.07987598811241794
903;0.03958059814871295
904;0.04732728044993737
905;0.17920770434044425
906;0.018211032143925387
907;0.018047598850926504
908;0.02223335968920699
909;0.005024557805026775
910;0.1631098434642045
911;0.043280718279418776
912;0.08460718497005303
913;0.031349807501802655
914;0.15341464344594485
915;0.15924483957227553
916;0.19016613395916038
917;0.1387097976062527
918;0.02446704266262685
919;0.023079341239426322
920;0.10121261454927617
921;0.014868462770604541
922;0.15450191170986224
923;0.12934314931435129
924;0.13380963468951274
925;0.17342493657435862
926;0.0010592626640147263
927;0.09497852994506154
928;0.06303694304041417
929;0.11583426122163996
930;0.12408491014729806
931;0.15988937067775383
932;0.17631000034800903
933;0.09320072282249797
934;0.08605640433875097
935;0.08895116615225596
936;0.06681058194999581
937;0.0322872819132882
938;0.18402435337395415
939;0.0526566724238881
940;0.025019994149299254
941;0.19897668095425042
942;0.17839318153109995
943;0.09091509004377935
944;0.08508883739198125
945;0.19626045414048252
946;0.046056283011696
947;0.06947836732121153
948;0.020002099944600338
949;0.022957507205058472
950;0.017885581308724398
951;0.11478284506891052
952;0.03722143241384173
953;0.009074797137104308
954;0.14008905991175832
955;0.0651476731669733
956;0.05295923290917102
957;0.06718823795560358
958;0.03737141403937585
959;0.004966375045040983
960;0.14645697123039755
961;0.17658325970438643
962;0.011410757101716174
963;0.11208302773412696
964;0.11179686871502155
965;0.026923974586715495
966;0.007728695343065084
967;0.08521110487510351
968;0.007088495658220917
969;0.19449868951167618
970;0.17109013039364102
971;0.0103464592487718
972;0.001264623512922558
973;0.1264385437550425
974;0.17278050219021868
975;0.09863226375117982
976;0.03156837206891805
977;0.03578266475539669
978;0.03400514930781014
979;0.13443092985310895
980;0.18079182501965171
981;0.08423975902415524
982;0.060807636334713804
983;0.05971032618714041
984;0.04724649800089573
985;0.040211196996484455
986;0.1956638591537772
987;0.15913296516915001
988;0.15815616272896024
989;0.19728941358798704
990;0.19659190432520637
991;0.09071727831391702
992;0.19666322804700886
993;0.07533518198885186
994;0.15299717099323124
995;0.050565627958594296
996;0.07152995927119728
997;0.159933042003529
998;0.13595637899617413
999;0.1925374366654883
1000;0.13984173222797017
