1;0.1955102520040299
2;0.09498527799254619
3;0.1415573784681726
4;0.05895339650412728
5;0.16976008574425314
6;0.09230279108813787
7;0.08229912129218252
8;0.1512571390506204
9;0.04219426782288585
10;0.14936980022000765
11;0.03145737925575587
12;0.1880793146991236
13;0.08732573862257381
14;0.03276467110134216
15;0.042772308331926294
16;0.15724000568499696
17;0.06202376231105669
18;0.18282727365845897
19;0.032347398145965725
20;0.1543833878567048
21;0.16976450119771305
22;0.14058348428343334
23;0.1708530508211614
24;0.01825323854098466
25;0.055789738308642645
26;0.17185454934975083
27;0.11231108493659521
28;0.13253080331247188
29;0.10959460756007067
30;0.01249312353659744
31;0.012227541108838903
32;0.08434208313940175
33;0.12315111206290015
34;0.15721823458970025
35;0.054231116510233074
36;0.1477993312720711
37;0.10851779967595938
38;0.07391014674207978
39;0.18994180016366577
40;0.08724310939387535
41;0.1534851402760652
42;0.06669191242634116
43;0.11481866326591005
44;0.06056897976524909
45;0.04906566564424733
46;0.16659490419475487
47;0.08670345517462151
48;0.06065285815126642
49;0.10092849581404034
50;0.0703302830798278
51;0.1623693976472931
52;0.10882103944432027
53;0.04128561379180611
54;0.04555557230549863
55;0.1745178862022082
56;0.0665357075035518
57;0.015436845268239319
58;0.0887933898200402
59;0.1974300615561249
60;0.17320198847591506
61;0.15869537310751233
62;0.12802474305866615
63;0.15908063959720095
64;0.06291742550799827
65;0.0968205402300699
66;0.046054809022088916
67;0.07314854643871664
68;0.08181934130555175
69;0.12524884896691987
70;0.09873911681318584
71;0.015442535902864908
72;0.09835812430181912
73;0.191824893998785
74;0.00022559968014219668
75;0.053050869092290356
76;0.011517786617229221
77;0.18075275180363737
78;0.07026538037833699
79;0.19240622135850394
80;0.027346530278426196
81;0.15697800068221787
82;0.1111061131946113
83;0.14672251088720062
84;0.06690311432678668
85;0.021366230776041762
86;0.17840107467885613
87;0.1602569185241098
88;0.07101265527569654
89;0.0750434544978682
90;0.1363243340547145
91;0.004559334501326062
92;0.07718694371947461
93;0.1368956638824094
94;0.007467640047323876
95;0.1922017091480162
96;0.14770252434081885
97;0.10876085890097231
98;0.137951412567084
99;0.1836762512507965
100;0.1538430456269557
101;0.18813998137537763
102;0.09483133510487328
103;0.1324345019851244
104;0.017790400196867062
105;0.11485185167672521
106;0.07994939499892112
107;0.18413015282242312
108;0.18878294851117935
109;0.0275896520884525
110;0.10781632945512774
111;0.006381316064909282
112;0.19181930150358
113;0.16253694282339948
114;0.0992223950767782
115;0.14825157145270004
116;0.0065656255759180444
117;0.09295899218656455
118;0.032578099484552724
119;0.051890855360094856
120;0.1402901881280432
121;0.17426652853323985
122;0.024766898284113117
123;0.14857149615195897
124;0.17084233145351352
125;0.07703620878394526
126;0.0429229550174459
127;0.11120847635376228
128;0.07127510660830323
129;0.08236610251026998
130;0.11822806314051898
131;0.18066345382213528
132;0.060603157813545
133;0.11815556587485254
134;0.03642452451640672
135;0.03151908559979988
136;0.028099261472284767
137;0.022906008784946443
138;0.06362687386266296
139;0.15735732659673532
140;0.10324274260045206
141;0.1926468020000971
142;0.19165377451054477
143;0.004984079643203021
144;0.14524193620910925
145;0.07396220094834045
146;0.0016581635590792176
147;0.06189188715264263
148;0.08946524617952788
149;0.012863170148872262
150;0.1968130620936676
151;0.10658053841094768
152;0.05833135306962192
153;0.02064945610080167
154;0.04369352548324632
155;0.18710497376157223
156;0.12781723312234647
157;0.06576461206644178
158;0.10830801720088407
159;0.1268821909138286
160;0.01580628836603857
161;0.1926737814847881
162;0.1350249605038771
163;0.0014360345967141088
164;0.1459579018682165
165;0.05140909560610965
166;0.03610850382880881
167;0.033664560700719125
168;0.05664881313760848
169;0.11332826744218086
170;0.021814225127493272
171;0.12688758661829658
172;0.1430983513361587
173;0.0565442348245679
174;0.018785961867188172
175;0.066694010669514
176;0.05985078383294458
177;0.15288270276834637
178;0.11174681562639165
179;0.07962752624102121
180;0.11416505199747747
181;0.15804187398176506
182;0.171209801494846
183;0.0661764674456822
184;0.17898605948885019
185;0.02982703018272337
186;0.1059417824148383
187;0.11393692409215411
188;0.1276125022230402
189;0.1595285729293053
190;0.04943962675541924
191;0.1972691719615129
192;0.007578246274219081
193;0.12864467091984164
194;0.07428846946334165
195;0.19719064164237854
196;0.07524593388066805
197;0.012383981192939708
198;0.1803868643562268
199;0.06553798753999114
200;0.09365178466610398
201;0.18388157161000698
202;0.0793513409130263
203;0.07366137550077859
204;0.1774269415015954
205;0.034639570765149584
206;0.04577765982036206
207;0.06065736212151889
208;0.11410695336255357
209;0.18443453049347622
210;0.17504444552973697
211;0.12989821811242183
212;0.1847166449750005
213;0.1666845933467713
214;0.12533548214542575
215;0.19691850386163773
216;0.027145332956659884
217;0.008892259134370662
218;0.15497328703226326
219;0.10700463198926927
220;0.10099054745153363
221;0.13200492355958834
222;0.05456176360177689
223;0.1752635361725384
224;0.10091551657341213
225;0.05692128908587782
226;0.15981794955990525
227;0.03994695134929141
228;0.1063629825777766
229;0.07273873180228337
230;0.18849790423824458
231;0.10004302177500674
232;0.11056731658490203
233;0.005801296501598685
234;0.07589531223437032
235;0.17601822206215556
236;0.12357980503713295
237;0.013355156010140791
238;0.0667378954826071
239;0.08999705654896531
240;0.18951875805231358
241;0.1778218631229214
242;0.09495085153887278
243;0.03284524907169493
244;0.12237974825014895
245;0.1519989921345585
246;0.008476776546497278
247;0.12147372470451155
248;0.057296838798293837
249;0.08255905782907597
250;0.0706390420651172
251;0.009862668229801575
252;0.0393352748752019
253;0.05357034957004503
254;0.07197746963621268
255;0.19550109763302215
256;0.07017946897765802
257;0.07854276475194633
258;0.06361073167597105
259;0.12305676283246361
260;0.031104479597108072
261;0.02448132876068292
262;0.13259511500403648
263;0.01540660557458502
264;0.1997905036758376
265;0.07445599699561037
266;0.014055132821909245
267;0.15868683448719212
268;0.006560225346964499
269;0.15711576348652365
270;0.09664574003878404
271;0.14910856059335373
272;0.09024376959110761
273;0.031007365259498033
274;0.059612378594016004
275;0.06596429298688163
276;0.1261260195416061
277;0.044637856955571986
278;0.03730872752961314
279;0.0928716024780739
280;0.06238044136154611
281;0.10224121425053817
282;0.16545780838727617
283;0.05511444276478437
284;0.11048153356061617
285;0.04626725228858302
286;0.12143546214462542
287;0.1357303557490593
288;0.04950169508952958
289;0.06983535659960967
290;0.08021809608274595
291;0.17127343764301883
292;0.10354172143797997
293;0.049868546620191335
294;0.020993212959149066
295;0.0784330059266174
296;0.16998133496133205
297;0.06496056352406447
298;0.08382580280353202
299;0.04560280766978451
300;0.04462543622195523
301;0.141001058728212
302;0.12839288386250347
303;0.13371752172730114
304;0.08147397603991116
305;0.13809792260774154
306;0.14964744604298152
307;0.02946667394882332
308;0.14138757845318659
309;0.10061700114541804
310;0.1486642341524208
311;0.13795522333640878
312;0.061687161541450555
313;0.09641468454707834
314;0.08465915672903579
315;0.08660454033216439
316;0.06006143241024886
317;0.038094383217925756
318;0.12605361495032613
319;0.06173577242683786
320;0.1606942994298635
321;0.14616659875104632
322;0.029697972600473046
323;0.07595030324720692
324;0.17501057517846652
325;0.06022592601906623
326;0.059422195907000465
327;0.10714689162214913
328;0.08438240342502548
329;0.021699782515887202
330;0.13535287822380707
331;0.1939415703691733
332;0.0039956771064124435
333;0.12254608933587428
334;0.008058159409120403
335;0.08420645371501881
336;0.027069028950392204
337;0.0442107852004549
338;0.040258010495551624
339;0.10598567556074573
340;0.18682241205917163
341;0.05125627027799062
342;0.18158133716565306
343;0.07644572565766916
344;0.1919384283698383
345;0.14325858678672865
346;0.13177805094432704
347;0.10749068683047357
348;0.04633773011298634
349;0.028593462430458128
350;0.12892332872548526
351;0.0031792525391019844
352;0.14690422261904712
353;0.06711668070398968
354;0.05940281075038181
355;0.08312335020815242
356;0.1345276928796449
357;0.1994759486450062
358;0.05499438205929905
359;0.0031450176863551116
360;0.06154144544780012
361;0.04619973883187461
362;0.068753330885304
363;0.19224545143199667
364;0.11199673795193472
365;0.014319946494395453
366;0.07668464169014391
367;0.12211940109767179
368;0.11065907721313029
369;0.10211033161978891
370;0.19447081248847872
371;0.0391599647010144
372;0.04666430817811638
373;0.09914654642908705
374;0.05499922972684715
375;0.1703886254522653
376;0.11408311929429225
377;0.07754180322780509
378;0.12971720671588302
379;0.09215678176925773
380;0.08099298793339012
381;0.15794484453808547
382;0.13062488246161733
383;0.19621138638423793
384;0.029684994556536504
385;0.15445214945925242
386;0.05507297653139172
387;0.1090157721981948
388;0.03197492253574146
389;0.028043147890615128
390;0.004054501171046043
391;0.0633314146129063
392;0.18428816547365776
393;0.15879338062215714
394;0.16835442134357972
395;0.13947911521188158
396;0.1485762153146412
397;0.14284968223344205
398;0.15263790829997467
399;0.06393513086612172
400;0.18812991013823507
401;0.17599954890804193
402;0.1477908133658499
403;0.13583271417922557
404;0.12425005817262268
405;0.10110547648886337
406;0.03216900571500227
407;0.12930999759242676
408;0.0008126994284216815
409;0.03344567017586619
410;0.0015085404674481274
411;0.16635890288116262
412;0.09798896104735928
413;0.006312397613167687
414;0.05093284020650897
415;0.18297537180382203
416;0.09751670033441598
417;0.026732622802828645
418;0.0747759880977572
419;0.08530995598266373
420;0.09701358307205564
421;0.12442199497781632
422;0.17202479274262214
423;0.03354709423196989
424;0.1828415136225645
425;0.09563337714439389
426;0.051336070447259345
427;0.05939610632396406
428;0.08172287932334513
429;0.07082344327750605
430;0.08655681632226164
431;0.04229937978690162
432;0.182453178788582
433;0.08611253684936773
434;0.19989453931819767
435;0.015029271730079308
436;0.19211516380291008
437;0.06625656155634845
438;0.03180344392272796
439;0.05580114915611983
440;0.005728201192269845
441;0.1052729349313612
442;0.13968155486027123
443;0.019593902037683766
444;0.09455011656246991
445;0.15455148549449177
446;0.12200983243416937
447;0.054472650894861044
448;0.1274152928777715
449;0.14207047205484435
450;0.05023881387965348
451;0.1528380528520008
452;0.19885459632477936
453;0.03466963750812957
454;0.06217225311053723
455;0.022271934044326414
456;0.03373909629155023
457;0.15845401311186796
458;0.15531970619482083
459;0.015022349765532628
460;0.09203074433080634
461;0.19959944190614332
462;0.15778957064532984
463;0.07900856549871438
464;0.06531276716385374
465;0.13216761947677444
466;0.07601604182928211
467;0.0448844643998487
468;0.057486034015252166
469;0.03145979191713395
470;0.0772096696810126
471;0.00409352371808025
472;0.13794562827671344
473;0.05147915941290762
474;0.15056989075313315
475;0.029614208499317087
476;0.17793791213742527
477;0.048749078873097276
478;0.07195929485699029
479;0.026849275204548474
480;0.17525525907181608
481;0.11164443707708911
482;0.1639467032888662
483;0.030437695620591156
484;0.06930338237136634
485;0.18532130166404015
486;0.04194062411187634
487;0.03931870187352054
488;0.0613975159850603
489;0.15151036439306595
490;0.14137984048696065
491;0.05179161451047574
492;0.1450067267167667
493;0.016873035169933038
494;0.0298823081383782
495;0.17095883213490728
496;0.14891401084060216
497;0.11648456892701707
498;0.19951076438458637
499;0.11033469661678369
500;0.1999436341467621
501;0.1672281663091811
502;0.15225030859886637
503;0.09001210457055625
504;0.012328372354830464
505;0.002803104926203304
506;0.19657710517983062
507;0.1954917341803362
508;0.1657014372836394
509;0.08580034555078944
510;0.16639827476014094
511;0.07685044092978764
512;0.1841127239998212
513;0.16353452817195407
514;0.03483856505530116
515;0.10238168930330656
516;0.10387687010344991
517;0.0930240121172446
518;0.11775473027786224
519;0.08783784605995909
520;0.19734545238515228
521;0.07354151262377417
522;0.04770667605238295
523;0.19359153283973526
524;0.1939159194327855
525;0.1644239434780753
526;0.026154717593970835
527;0.1336444464765305
528;0.10887783421131898
529;0.09563832700827164
530;0.07063648039205173
531;0.10634316776946484
532;0.03383312709155311
533;0.12740593853519983
534;0.06299057120870359
535;0.025564580582713783
536;0.09012598734461433
537;0.1843631446000223
538;0.15993910836660788
539;0.1246087986731717
540;0.12966591254842963
541;0.13482503321789263
542;0.1188167973528965
543;0.0007043375125965535
544;0.18086285474881758
545;0.0005471970045650476
546;0.19674295620842178
547;0.08332773981687232
548;0.08210212912437138
549;0.028928183231560392
550;0.13956661961826308
551;0.13552986639844608
552;0.021485086084728034
553;2.335083512998715e-05
554;0.0821442651458691
555;0.08729589603474922
556;0.07398434516261343
557;0.12965808587779412
558;0.1080198710688858
559;0.0033277999616937895
560;0.008497379827293372
561;0.1835211991976661
562;0.04533084990589305
563;0.0110387716360969
564;0.08049820033425883
565;0.0656121219747459
566;0.0077647649523518774
567;0.028291679453298604
568;0.1548545952540471
569;0.07520206997483576
570;0.0552040908314512
571;0.08534901221716347
572;0.1448708960602076
573;0.14357520378225444
574;0.05003957676771942
575;0.16312886935551574
576;0.05481141156132163
577;0.13522694484547285
578;0.0695695084819794
579;0.18987065114859578
580;0.04636680502706403
581;0.036173687162376546
582;0.03577709058634087
583;0.038786984579210995
584;0.001478029818732729
585;0.035092196490940045
586;0.05725226826016059
587;0.027721145468973973
588;0.16714196399646863
589;0.06334237707187067
590;0.0033439457009839303
591;0.04319972680599041
592;0.05488790483068293
593;0.10292434190880372
594;0.08417067130408568
595;0.15983962115713538
596;0.1677250091101848
597;0.032214653376795875
598;0.045635507551949075
599;0.05916531471160678
600;0.11563829629787499
601;0.029570397864034016
602;0.0820574470672642
603;0.07314446083937946
604;0.023769793233352734
605;0.039320390680874985
606;0.023734868136118182
607;0.18740730410135797
608;0.08344319402641849
609;0.07841814462595256
610;0.015627422362494505
611;0.16905032373913886
612;0.17016657568204785
613;0.0516331766534593
614;0.0022371202268891333
615;0.16975421389261436
616;0.17626038344296047
617;0.005445580256354665
618;0.107602600472985
619;0.1440029933231361
620;0.10358707481196106
621;0.18003916696452293
622;0.01100167641549097
623;0.04782794586563075
624;0.09194084868932495
625;0.0350081603260586
626;0.12018838179632654
627;0.00020339806689746444
628;0.05926305190844137
629;0.14716758799137497
630;0.1737322488257842
631;0.006257885875304093
632;0.16046181551543123
633;0.032598640634501866
634;0.18477075825346556
635;0.05407305475301976
636;0.022357403203589345
637;0.04042242913362999
638;0.08581530807701541
639;0.04915650593712924
640;0.1499885329645548
641;0.15698846280719236
642;0.09697425721861729
643;0.12479371228411043
644;0.14166821169706703
645;0.1163726216143015
646;0.11466112301090133
647;0.16995013446307997
648;0.0009407001825332052
649;0.13096928196603794
650;0.0031430309969926688
651;0.04832620746185301
652;0.13359500908974606
653;0.19904177060824224
654;0.009696519027388351
655;0.017656542459952296
656;0.12192313158742869
657;0.04196000843439229
658;0.07668579339231218
659;0.16207037180168896
660;0.06585849492907914
661;0.11466167911916512
662;0.09007211630651449
663;0.1901175760669538
664;0.03994187309699942
665;0.07205250303813553
666;0.18002383202526054
667;0.11193660117623366
668;0.17726121090772662
669;0.06176778043738127
670;0.1728799385632066
671;0.11064519251379912
672;0.19639252475167765
673;0.16353762181329978
674;0.161231132788718
675;0.1744260448400098
676;0.15779775446269206
677;0.10053805451491732
678;0.13710700258453007
679;0.12811276579506578
680;0.09690792421277071
681;0.10544006390564448
682;0.06426127507271194
683;0.14266433583308583
684;0.06979854703222553
685;0.025943207300032925
686;0.0004660947639104629
687;0.07931223556789138
688;0.05657079523291633
689;0.04941665622183085
690;0.17099220629493622
691;0.039257982325374675
692;0.13193225914796586
693;0.00920951218972761
694;0.11245279611362398
695;0.19563382374194468
696;0.03730295750887791
697;0.04062344855315436
698;0.1293841948014294
699;0.07122765956383903
700;0.09233981856708202
701;0.13274388279848956
702;0.096224287642868
703;0.043762788236245735
704;0.01567580258024617
705;0.09589311909258427
706;0.09771648380070892
707;0.04913536065589311
708;0.04531480128565102
709;0.17389382843397047
710;0.12771545574625096
711;0.16329879698978295
712;0.17491489547763572
713;0.14661508588425062
714;0.0416944801134026
715;0.10666008360972411
716;0.168614450452925
717;0.06907360024351959
718;0.01607502503411944
719;0.0465033434514972
720;0.009906200131397225
721;0.00246318144993154
722;0.13112186553777092
723;0.09491079795031146
724;0.048683101739068535
725;0.0032180987807167273
726;0.19728748453255035
727;0.13004735474985915
728;0.08456507143973309
729;0.01542486270736947
730;0.04298106128472792
731;0.17186117680952753
732;0.17458191927713354
733;0.0735988252746447
734;0.1512808792397561
735;0.1941951418697827
736;0.11150877835715418
737;0.06190212336217509
738;0.18870984036492253
739;0.034962927249316156
740;0.037721234198994785
741;0.10116424782696792
742;0.1060968924707241
743;0.08669430800536977
744;0.08853269706982834
745;0.13817489199280705
746;0.06048926526860868
747;0.16798805884087137
748;0.024666920903791037
749;0.0272040968562733
750;0.023027395338843085
751;0.11302445635962684
752;0.07894648302463525
753;0.08706015049893881
754;0.00834279137773184
755;0.03434111017007448
756;0.09186939201769491
757;0.030667309003075904
758;0.10065019129019862
759;0.03591554260287642
760;0.14613200666438272
761;0.14606532904778036
762;0.1718151059987917
763;0.19662770800600993
764;0.0702606687362922
765;0.06460701468885562
766;0.14732209511590047
767;0.11584021729530479
768;0.0320225502611877
769;0.12047411157860449
770;0.1754105200666074
771;0.02919080355005235
772;0.023060966306276034
773;0.09672523166408734
774;0.047467370443492855
775;0.040762285600412486
776;0.10353874996217989
777;0.08537845422283948
778;0.09779184598209512
779;0.12609576443147977
780;0.16800294192789933
781;0.19885388236894339
782;0.041960892811300665
783;0.11329454027649162
784;0.06507409157203939
785;0.039375903309791085
786;0.19918806124005364
787;0.11817707932725424
788;0.0170417152665743
789;0.1023840551893517
790;0.18700060506874838
791;0.004809657627287534
792;0.16815392300671503
793;0.19433274597782274
794;0.12290040368793043
795;0.03289327129905417
796;0.1285157759890386
797;0.1268776036459778
798;0.06721089535220992
799;0.000944835306436409
800;0.0037121495416511776
801;0.15059897625303198
802;0.16232084086650136
803;0.11818316714930051
804;0.11396539448662878
805;0.04039039212440443
806;0.11645473719379794
807;0.14428519674476867
808;0.09791804605887233
809;0.18672195377095072
810;0.15157586793174196
811;0.027617803269924912
812;0.10025161088763897
813;0.014296645583912748
814;0.049171419202754946
815;0.11146472227207178
816;0.06506977895353042
817;0.027374373366856133
818;0.018124071554793675
819;0.0460124381165439
820;0.15850318461422244
821;0.07149963816087093
822;0.02361254695491204
823;0.08200452467242812
824;0.015903758426365044
825;0.10580984778897529
826;0.1075787903940153
827;0.18400728411774342
828;0.09384260401158218
829;0.18040457648412525
830;0.1667984912803008
831;0.18566280568673188
832;0.03998774923215498
833;0.11849663596264598
834;0.13472344647183435
835;0.06517109095048512
836;0.048923054341281906
837;0.10438389997767124
838;0.07715152749581414
839;0.04447828443509638
840;0.14506798419964229
841;0.06422243691140099
842;0.19096717493994875
843;0.01472356948691509
844;0.18414255993264506
845;0.17658935956640925
846;0.07534518462336069
847;0.14583850293015396
848;0.002119867687642918
849;0.1089652369914749
850;0.04807639644834119
851;0.038995765401889676
852;0.005073174055069263
853;0.15172115453896903
854;0.006422277897629192
855;0.16670389405691238
856;0.17017630265135503
857;0.06891602751503263
858;0.07834759750710879
859;0.057228645350617384
860;0.015083877559736548
861;0.05911175455616311
862;0.19251040551423848
863;0.19374852544224097
864;0.11601954547038454
865;0.007845200706372247
866;0.1275544152316777
867;0.11807312919260737
868;0.05195771223018833
869;0.09574959154044049
870;0.08096524989484054
871;0.08075851626046092
872;0.03919651337251811
873;0.12835762478464138
874;0.1715019040863573
875;0.008760051672041524
876;0.01817025097244891
877;0.18848868928110707
878;0.16327987737910674
879;0.18665509732355912
880;0.15111310461087157
881;0.060363580203213266
882;0.09580879279478645
883;0.07940864717721696
884;0.03568319150589028
885;0.15786122325568083
886;0.06557104234490733
887;0.029657838266843806
888;0.019198656484744482
889;0.1283237300114128
890;0.149048707271289
891;0.19096600558412913
892;0.14647413838008147
893;0.13470788204748502
894;0.1490138532416607
895;0.11994140635236616
896;0.06519094357405611
897;0.06297088527625343
898;0.028107803859451955
899;0.0947255393366227
900;0.10479188076671811
901;0.09013674498752229
902;0.06331963546294883
903;0.003516972057366208
904;0.15397827389170815
905;0.14794445477977056
906;0.07304888537123733
907;0.046592574869374674
908;0.05945457951687057
909;0.16507028500651852
910;0.1841488569557017
911;0.10370433620731745
912;0.18765647448649103
913;0.1555708851014183
914;0.17028831598677407
915;0.11763636521838178
916;0.19163976483622394
917;0.011114777580823354
918;0.159778164459714
919;0.1875055016990167
920;0.1983824958932453
921;0.1638568272942056
922;0.19599305666375122
923;0.046716388793916264
924;0.12155568227484043
925;0.15395338254514634
926;0.1455764641552011
927;0.0007063342025940722
928;0.15297695698337654
929;0.09907616277943575
930;0.19930014263930607
931;0.05020701822712124
932;0.1508015033789403
933;0.09894329116437456
934;0.05629930660917737
935;0.14668910218700146
936;0.1202171504212998
937;0.08761269580986873
938;0.03232766251156871
939;0.09195493696003519
940;0.04862324472973992
941;0.18365554835158626
942;0.013671713973895307
943;0.14148948020481256
944;0.04940990011236999
945;0.06477794752226032
946;0.03696890060343894
947;0.024681960590903707
948;0.021436484825809954
949;0.15861911673953222
950;0.10521252686509844
951;0.17888502450831217
952;0.05123789832435819
953;0.11347865079753597
954;0.11238637284039539
955;0.1561993756434439
956;0.14973280932076555
957;0.14471093620632153
958;0.012776643478361095
959;0.16560134190868772
960;0.0024221026667763158
961;0.13203230524518947
962;0.02290550781699099
963;0.1499443261818468
964;0.0013059718739425687
965;0.17102293706540428
966;0.04909681386035636
967;0.16490637144842482
968;0.17881765613322712
969;0.15572235071621493
970;0.08793647114736353
971;0.08002201482279761
972;0.02438954230270909
973;0.010322201497132389
974;0.1967503492130093
975;0.17878136021345928
976;0.04936004793548483
977;0.03955484623114278
978;0.07061233913646596
979;0.04110234382906713
980;0.04023909951737308
981;0.08857403883274573
982;0.003916973947048752
983;0.1755777152328191
984;0.04730064444091207
985;0.1527100507347285
986;0.08796355452468807
987;0.12455918789479165
988;0.19733639585108229
989;0.035516083189142414
990;0.00026790396264650965
991;0.190716101819358
992;0.06433126413577532
993;0.17938265603415907
994;0.15035520772393743
995;0.18893952685667237
996;0.18731059806899544
997;0.019682865976597387
998;0.13827334265476968
999;0.04688020845103931
1000;0.06361633828762839
