1;0.0031168535377061437
2;0.07660803890632566
3;0.04859338637769504
4;0.0939266184196824
5;0.06085207102920418
6;0.0944205854504393
7;0.02368645839012732
8;0.014847795251077678
9;0.07834077109422133
10;0.06418098234195022
11;0.09862404862221646
12;0.0388589078264753
13;0.07466957992116198
14;0.0389569581842787
15;0.043279755952660204
16;0.05470056542429713
17;0.06427910455755868
18;0.0638411950069527
19;0.0941428367899505
20;0.028101925674456088
21;0.006735962711369049
22;0.05645670769918533
23;0.08660204030294465
24;0.0732904668125412
25;0.06292652529131881
26;0.061359863732752984
27;0.07682811311177981
28;0.03703628456653481
29;0.07088233591926998
30;0.04103296974361878
31;0.02386072540084221
32;0.017060099769212456
33;0.02030519705986017
34;0.07315812521667686
35;0.082376124062806
36;0.012149177286956714
37;0.014556377266195476
38;0.028394017616532697
39;0.09453896677191638
40;0.033866613395075386
41;0.076363041831204
42;0.0714602808802421
43;0.03443539724992668
44;0.011709965828683878
45;0.04151395215440215
46;0.02000906449304192
47;0.058607773454233104
48;0.07852128409638469
49;0.03492460713960536
50;0.035800432570782574
51;0.0014322330688365304
52;0.05495055441466745
53;0.060355186271979944
54;0.07402658134882963
55;0.049478055507741016
56;0.0705539753247235
57;0.03510086682742998
58;0.0013724778646862059
59;0.08637163042994189
60;0.04544518312564573
61;0.05896811941545117
62;0.06709254445222244
63;0.0432450446583385
64;0.02337033426598857
65;0.09426702833083805
66;0.08488023805417966
67;0.029606621923464374
68;0.01891845343041866
69;0.09599445896572681
70;0.011542996913315362
71;0.06616390551613267
72;0.004550910007942033
73;0.0683745442710051
74;0.007283365804431197
75;0.06575000598778587
76;0.08993275098877632
77;0.04479199840271219
78;0.07195152854738922
79;0.0050300923998371945
80;0.056611796807791714
81;0.04039671199883445
82;0.041492626267542715
83;0.06804109610397856
84;0.0634565253919623
85;0.02808338690993738
86;0.08657358459487376
87;0.09258717067198555
88;0.05239178556255998
89;0.04841985743580321
90;0.05266978260658657
91;0.08595248882195843
92;0.02702541311065866
93;0.08778158869911186
94;0.09303899725335107
95;0.06084570934244086
96;0.04710774608589983
97;0.022664486341775883
98;0.0681810470534154
99;0.07565726686757918
100;0.06634723549768766
101;0.0368553325928928
102;0.028406332916566357
103;0.018323445686530018
104;0.022406671503378463
105;0.07485009372436101
106;0.07442300770617082
107;0.05744871632368496
108;0.04700963557105839
109;0.08789008078387463
110;0.08375191491776451
111;0.011377179256102255
112;0.09641047313743903
113;0.04368262610285076
114;0.041309159604079305
115;0.01806036418227022
116;0.07503016177021463
117;0.08251943961520336
118;0.05173875993785396
119;0.06989868176972522
120;0.09115701539954796
121;0.017388931069517177
122;0.09590249739936091
123;0.008646556105271387
124;0.0031299810304462276
125;0.012325451623855078
126;0.01154464905600553
127;0.0211683699033971
128;0.009165198576373245
129;0.06779596764005656
130;0.026964796793788628
131;0.07474073339532354
132;0.09546419580504233
133;0.017545197114080504
134;0.011273031172678383
135;0.02124674431235163
136;0.011829171013787422
137;0.00938238115117156
138;0.09354979635827182
139;0.0015974654745712358
140;0.04092046909366614
141;0.0019201855613316333
142;0.08647309116480217
143;0.019187047056431917
144;0.09791491728467665
145;0.07901447240387822
146;0.09495780000835315
147;0.056767157232433973
148;0.037842827205654544
149;0.03189843725944761
150;0.0029733918753140354
151;0.026581125026469588
152;0.07594001563143073
153;0.03110829798964644
154;0.03201910751522404
155;0.07559851193905087
156;0.09346640865909218
157;0.08184947428759816
158;0.01985895946053593
159;0.08559361631192186
160;0.06239312634901888
161;0.027300874890380855
162;0.03141079970213474
163;0.08200533004357609
164;0.035618405182984106
165;0.026007158328667082
166;0.04690138899440205
167;0.002829144183106991
168;0.060693752642230495
169;0.05714019986177409
170;0.0850081055887858
171;0.0786910678959482
172;0.07136074383552432
173;0.02800669442055097
174;0.03354003913198963
175;0.057733534568449145
176;0.05129585454875718
177;0.03881149604309471
178;0.012087670828527486
179;0.0798159477838904
180;0.015993223576811533
181;0.09724552467006106
182;0.022316756772385805
183;0.09587638962893916
184;0.08874754251647947
185;0.07053301519729638
186;0.07091508511037899
187;0.037248965320379225
188;0.05738906685569028
189;0.05113417614961612
190;0.054351686605154374
191;0.020821563727436956
192;0.013537140268152515
193;0.04236044757239708
194;0.007170147523770487
195;0.09433735181242914
196;0.015148607458991393
197;0.07847444595632808
198;0.015541003314768875
199;0.06379720200028484
200;0.06256815019341767
201;0.06283828652320272
202;0.0417907794767499
203;0.09297526164008196
204;0.04348865247968025
205;0.012413783019303005
206;0.043197894102211414
207;0.016104327741636806
208;0.020664915824851506
209;0.06439759863537031
210;0.09584053905910365
211;0.06585722922042499
212;0.005268648559170886
213;0.08246370836152506
214;0.029508970578601613
215;0.07227401084187356
216;0.09119635339902993
217;0.05000060774186902
218;0.09390752013423952
219;0.038018890096210047
220;0.09829428395798401
221;0.04520742642033505
222;0.0997719438863914
223;0.07954858166691024
224;0.039578536966645775
225;0.04768760701958568
226;0.012404459092029098
227;0.09259444766087055
228;0.018783380760835945
229;0.09593397435803179
230;0.06671476044092438
231;0.07932802236498741
232;0.03200223145985687
233;0.0594032115032928
234;0.057663320550961156
235;0.05617241789152987
236;0.07918732222808518
237;0.04146430358269006
238;0.04280594745400976
239;0.07067190003845125
240;0.06627643139689034
241;0.028040669990506598
242;0.09456585952841715
243;0.0583483731585269
244;0.050800273985019906
245;0.022130321601112137
246;0.005117643570754615
247;0.017847565850459258
248;0.02491473385723929
249;0.06324498023659998
250;0.022652707027865274
251;0.029762176492138838
252;0.06991769393032747
253;0.03895716978310353
254;0.05834567957872168
255;0.008106417578862135
256;0.09107889123555046
257;0.08303622846615977
258;0.009455180966476118
259;0.057900139264490426
260;0.06095961977822825
261;0.059742957561377666
262;0.06437048043728211
263;0.035308796295168234
264;0.041775223777323435
265;0.04832389186244192
266;0.031877293219498885
267;0.07456927185727256
268;0.016309030320683128
269;0.04362678736137252
270;0.00938687983821186
271;0.09998688979881068
272;0.05818492771956821
273;0.05961814519591814
274;0.009294499812042
275;0.02512976189392482
276;0.0593060290898188
277;0.024554412778854052
278;0.0634854942402887
279;0.029945838144881932
280;0.0704086569736141
281;0.08267327798987054
282;0.08859176093243454
283;0.023158853906343837
284;0.06144265498862869
285;0.07879923627543281
286;0.06047745574642192
287;0.0222873522989547
288;0.06308285862415931
289;0.09867890292222055
290;0.028023478236781432
291;0.05682564686370262
292;0.02114427463858992
293;0.045214538714627175
294;0.015692120514507458
295;0.05923239679883061
296;0.06297318408217398
297;0.017076255994993194
298;0.04415908036810551
299;0.04757320015342721
300;0.006404418893355446
301;0.02149708008138923
302;0.009142419655867418
303;0.01396916352751575
304;0.0037166076078037126
305;0.08041736734708016
306;0.02213620961855747
307;0.057235815832066286
308;0.04104282793807379
309;0.07062931785575209
310;0.06531605396169053
311;0.014693592697200787
312;0.019842196677649415
313;0.049975453861409294
314;0.00703822072164757
315;0.011257705690871311
316;0.03584379680204204
317;0.07065881006186901
318;0.095460603105555
319;0.050654917349845
320;0.04071915751627217
321;0.07712315891804616
322;0.011837738383708642
323;0.003712916799138011
324;0.06823723052523446
325;0.08987352796869832
326;0.09946307396646714
327;0.01815040436085935
328;0.0867267246587655
329;0.004029475542692606
330;0.018504003632625932
331;0.07972979152907805
332;0.07982076245826232
333;0.09802637612617844
334;0.05464118127941801
335;0.09852925798506901
336;0.039265147220027025
337;0.0744268276025445
338;0.0365967109792555
339;0.03162323403452651
340;0.0054649237821119525
341;0.02329549781690328
342;0.023905511210775266
343;0.07463631395197705
344;0.05315466073713
345;0.05708180462352909
346;0.03409830818738626
347;0.06359659092005242
348;0.04317593534634254
349;0.06100022919792517
350;0.017039355372644005
351;0.09177386199937121
352;0.09719155731558074
353;0.08999038256545129
354;0.05366807434070911
355;0.06361938901865079
356;0.009074127628193363
357;0.05848530591247732
358;0.02846138166113045
359;0.04045903288269658
360;0.08382630326885239
361;0.04314363598908377
362;0.09043811273545832
363;0.052298920282888905
364;0.019228968246139677
365;0.047487064902676124
366;0.06567913773661115
367;0.008747877675297822
368;0.08594128054556283
369;0.09925468648714655
370;0.03457583376754878
371;0.018468534473603027
372;0.009946315718406974
373;0.053187758833495385
374;0.022823871827802922
375;0.05143241378662673
376;0.08062382975142855
377;0.06785915403664257
378;0.07034368780626642
379;0.03644432166934998
380;0.00876666757657062
381;0.017872384689168453
382;0.09408124707204785
383;0.04208457924609996
384;0.02739637652656689
385;0.01426512970463486
386;0.09673452684350814
387;0.0016339946963384812
388;0.07005494290650023
389;0.08365831588992428
390;0.050835605806361865
391;0.04052523197959632
392;0.006242655049592816
393;0.022894402503949075
394;0.06230466881513132
395;0.02706371183519425
396;0.05101157187086452
397;0.0327107586525758
398;0.05048639369093458
399;0.02563518537486702
400;0.07037199004058613
401;0.03942496750196631
402;0.05843368897780715
403;0.09257140672941466
404;0.03259450474989863
405;0.028296319538514515
406;0.008662308995006052
407;0.012294599526698724
408;0.03353632351480024
409;0.05543093641363735
410;0.04436923946948499
411;0.08032192977029926
412;0.08198156884863879
413;0.026964829779417922
414;0.06736102990628179
415;0.08030315153344016
416;0.04875189486305265
417;0.03672039853185839
418;0.08161246855047548
419;0.08914054306185577
420;0.0768806789971811
421;0.0754494405019511
422;0.08866087988700748
423;0.021252945735974117
424;0.08452118335655129
425;0.030528013529103927
426;0.04655250955874486
427;0.014330986043782324
428;0.09777768340717541
429;0.03980186885576649
430;0.040651773791599025
431;0.08373344499771074
432;0.08782137901325412
433;0.03402508172097394
434;0.06791145974980549
435;0.05359480995386005
436;0.014845867869605312
437;0.0586251474857784
438;0.04590271408747946
439;0.09790611491263995
440;0.050336177985346856
441;0.06310199806288848
442;0.06341412978392293
443;0.056727125874531194
444;0.00782030244170695
445;0.03436128606539279
446;0.03171162599825319
447;0.056026809846222464
448;0.08820541022438072
449;0.09418828546898458
450;0.0960892759297783
451;0.07436595063698573
452;0.047412741587318244
453;0.06303828022727048
454;0.0644022409031891
455;0.01734995842839383
456;0.028243209498861156
457;0.030046018793176445
458;0.05761668943772879
459;0.09623195480650389
460;0.053475399074642854
461;0.09622091757932079
462;0.026293796700501304
463;0.06880532469587908
464;0.04255907793635854
465;0.09347583676086929
466;0.06432668732193576
467;0.09125141185251115
468;0.017441638764925906
469;0.0005205869279557573
470;0.015972654424228874
471;0.0016806452556277773
472;0.04631398414026461
473;0.09227752351364016
474;0.028676642872899595
475;0.09521169806081431
476;0.017204108968339495
477;0.06325090214868201
478;0.018931153646767895
479;0.0012446819189247283
480;0.03233335609344704
481;0.0904091186761156
482;0.06580140152756106
483;0.09372737808155016
484;0.09891884781909177
485;0.05100763198724383
486;0.030373833292156673
487;0.034492339120759975
488;0.020504182266126603
489;0.011904531826315812
490;0.027412564688634046
491;0.08680650009661453
492;0.04041507735653486
493;0.05065318182705092
494;0.06321348418039782
495;0.043861024983791325
496;0.052112169680279596
497;0.07175893690535026
498;0.09264801262060393
499;0.024818848739351196
500;0.060983011105214126
501;0.05457662121663816
502;0.05469504940793939
503;0.03524619051138309
504;0.052593188959112074
505;0.009707038021315218
506;0.0621658586225157
507;0.05354686224873634
508;0.037282127384771636
509;0.02154413585598608
510;0.007687519483414707
511;0.06189397527234574
512;0.01985300213251309
513;0.0009666689910607373
514;0.022201710232310868
515;0.012568248913582592
516;0.017043871577004776
517;0.021725717459360683
518;0.0602582586175121
519;0.05522771118347006
520;0.07520021203429403
521;0.05654039768029169
522;0.0015069369790085664
523;0.013412267375518039
524;0.057593197104703835
525;0.08146471605860209
526;0.060250756613717885
527;0.0342548743206193
528;0.09671843231093545
529;0.07288328708940646
530;0.035678472075861604
531;0.011848362730978224
532;0.008701152160868099
533;0.024920215042441907
534;0.03411853404372117
535;0.03718981430338874
536;0.09638459700952329
537;0.09939928593446608
538;0.018785835131267626
539;0.07059788873456921
540;0.0028999600085173995
541;0.01302772685400072
542;0.05443131120525555
543;0.014154535765036148
544;0.014492749540852314
545;0.09862615201579021
546;0.02769163252633147
547;0.06466773050238485
548;0.03159272310771701
549;0.05033262081884096
550;0.08368380565479477
551;0.09164969585950163
552;0.004503408810415166
553;0.012334760640011789
554;0.07256448883079729
555;0.014643275690645708
556;0.050315902464475426
557;0.08628463327396088
558;0.015237157955472558
559;0.07052712163819078
560;0.05183786143513217
561;0.026599483271796433
562;0.0864351449334105
563;0.039345483029507515
564;0.05286560830141022
565;0.06588133233665731
566;0.05366057978500656
567;0.08205332384468458
568;0.06598446296875508
569;0.0792624708146822
570;0.08041598544138379
571;0.03699949547731745
572;0.07508740428951648
573;0.07086594001763036
574;0.08505846011314536
575;0.00700915077428298
576;0.06361826165107136
577;0.04611352327677645
578;0.022593767631308406
579;0.07568705651737573
580;0.06186199373308208
581;0.02812027006377924
582;0.09039044451929117
583;0.06848750748326037
584;0.022704938007918597
585;0.0962284594202211
586;0.03256841985164194
587;0.0612941981504117
588;0.021884461270242073
589;0.09192999043683374
590;0.08468404937178392
591;0.0617907708138036
592;0.03462666858151869
593;0.029033815996943414
594;0.02513134558184832
595;0.09307942748479689
596;0.04591456812282929
597;0.07055865327568529
598;0.04153858461751186
599;0.008987633115911931
600;0.029958653008208047
601;0.016369938363132108
602;0.027477468103917258
603;0.06000233124416228
604;0.0039257447820919555
605;0.06788976345985
606;0.05189066686042809
607;0.017069138714646593
608;0.0199336580479483
609;0.09110577719368475
610;0.029259485571994648
611;0.017313008829012377
612;0.06172551809957454
613;0.09452514475189884
614;0.023678134069418533
615;0.07819022676669077
616;0.05211500546895496
617;0.03992704964502641
618;0.06842082144643867
619;0.05252027607897071
620;0.09774470405714734
621;0.06986170442391094
622;0.07439687533830038
623;0.06739679284890852
624;0.057886603976385925
625;0.00888613315060839
626;0.08411705913838147
627;0.005566664987211024
628;0.04905096462216792
629;0.07372450519952005
630;0.040412397419055425
631;0.02303816211110067
632;0.05796920814735577
633;0.09495647561742171
634;0.03992101125314761
635;0.082337362882156
636;0.09609855500872068
637;0.005216092956638486
638;0.02214220702057229
639;0.003832469310515141
640;0.07209279200388172
641;0.07523129913340286
642;0.051892820308408416
643;0.02025129860431384
644;0.06972639650565166
645;0.05994196104487448
646;0.04185981745404154
647;0.04053917376312573
648;0.019317675455131602
649;0.0416207416547712
650;0.05280103754973862
651;0.022642079428575237
652;0.0957583416742886
653;0.016958937559833586
654;0.09499755833719792
655;0.027259982470598035
656;0.09074048924995377
657;0.08920600472938706
658;0.06740353090509184
659;0.04987059621793399
660;0.06289509718773832
661;0.03344958082884233
662;0.09302291126780193
663;0.060384631067166385
664;0.0507702498979474
665;0.013466063778975513
666;0.06705357577643108
667;0.07016262773951579
668;0.01037569815092202
669;0.09871568719364943
670;0.07341142765946189
671;0.04763627754175618
672;0.037119699269918885
673;0.03509869095740194
674;0.006686592976429984
675;0.0178979943668941
676;0.03004762251434049
677;0.03114497782079008
678;0.06514828023406413
679;0.023130630988070878
680;0.0008519313931820261
681;0.08564860015711406
682;0.031155925648574126
683;0.040804840738878405
684;0.009863919185399517
685;0.05754320006096223
686;0.006943350436396801
687;0.04198594808572481
688;0.04705939252822693
689;0.018915482428901356
690;0.08050368113642059
691;0.05790477255979048
692;0.07788273872701534
693;0.05404261630598759
694;0.09982034027790933
695;0.046810192441947465
696;0.031140645610211196
697;0.030780482294125625
698;0.05310771140005624
699;0.008851391371375228
700;0.05286987615701978
701;0.08355367049528455
702;0.048750986398684484
703;0.010851563284801281
704;0.020929701264932567
705;0.06780165225101599
706;0.03280447600597736
707;0.055098275443483995
708;0.0845770696921942
709;0.0019249221001178209
710;0.005427136443582415
711;0.05728054222955212
712;0.0829294153253862
713;0.056057897508848334
714;0.0014057671564129404
715;0.017193277849153633
716;0.0341147041625478
717;0.022565576911767096
718;0.03608020405078601
719;0.023323862204201386
720;0.08696765607891449
721;0.03916655383631047
722;0.05674759910292822
723;0.01258711576864654
724;0.04534487638247369
725;0.0330378231331519
726;0.018533824352921557
727;0.06311549387255486
728;0.02625674100900932
729;0.044941195066972375
730;0.09153059601808121
731;0.01597757058210486
732;0.0736875131056134
733;0.00746345983722887
734;0.09038763328858182
735;0.049141855135180434
736;0.06769511126814026
737;0.023688641750722064
738;0.057990036202100796
739;0.044280494569004625
740;0.035167637423392066
741;0.029472981354316908
742;0.013704691154092598
743;0.02501482012202342
744;0.005553686661519375
745;0.09689965370960023
746;0.02059289033480829
747;0.02485215387309684
748;0.09658040075126822
749;0.07796678998050152
750;0.04395819366117596
751;0.03701377425391429
752;0.06578829422526244
753;0.06815574963953357
754;0.07032645136611242
755;0.09478059508416985
756;0.08726748531513905
757;0.016680310729523595
758;0.038326113790108376
759;0.07769707544517562
760;0.08023361111193604
761;0.01408554041265151
762;0.049159659428767266
763;0.09415731856591614
764;0.03069289802872223
765;0.008676423844433323
766;0.0728771808282825
767;0.026841934465586848
768;0.07950604512316581
769;0.07189708137586501
770;0.03376655312191752
771;0.03839342938303197
772;0.0039908588667068035
773;0.08479715842815193
774;0.005064819883646321
775;0.08525029748763883
776;0.02507490331338972
777;0.09446302492784049
778;0.058693827016422964
779;0.004288970529359004
780;0.049887551446775084
781;0.07509955697205706
782;0.01699437946376984
783;0.06450407260580403
784;0.07753035134910002
785;0.04014947985058473
786;0.005207245492844403
787;0.023934802726900975
788;0.09780815198681163
789;0.005640870236838569
790;0.04707371963388768
791;0.03895677231794849
792;0.09790834061651264
793;0.04276490424932992
794;0.0496580849668764
795;0.07360935868047984
796;0.09652357849398796
797;0.05443200721259139
798;0.07995993118977135
799;0.01340967259209177
800;0.0462833391926077
801;0.08695114499443486
802;0.04791839933661621
803;0.00801646704178739
804;0.07679819956907499
805;0.07368865656185343
806;0.0022439362995775535
807;0.021039550514164763
808;0.0014882236732151834
809;0.028909411040723854
810;0.023234582132922267
811;0.03432692335558505
812;0.040989501850399006
813;0.09381420340074731
814;0.08286429567828517
815;0.03244596702083435
816;0.05732375060738078
817;0.01670525409397824
818;0.06614916931206716
819;0.003448921817389972
820;0.09353357244900876
821;0.04816918914458353
822;0.010438887619124749
823;0.020877666107154427
824;0.025821375044340344
825;0.01788975856417745
826;0.017008958849299493
827;0.08570582212798838
828;0.09927687649907889
829;0.009299824214875197
830;0.080129995559357
831;0.013679380550091193
832;0.0746453242153475
833;0.0886937890801164
834;0.08106885215065954
835;0.05349152530210689
836;0.042905758801704635
837;0.008976782157340891
838;0.0315800146395378
839;0.05001253929973051
840;0.017873918708026716
841;0.026560414318961546
842;0.07082092625618056
843;0.021946241907707078
844;0.00989802117776899
845;0.027997385435702373
846;0.066312133074098
847;0.056816014000495955
848;0.00065092936540877
849;0.09580873741752928
850;0.07871022130123663
851;0.08317217299975777
852;0.09648731450937688
853;0.022257744546009296
854;0.006426139518380347
855;0.07037940714531864
856;0.03233212428588055
857;0.02335351982497377
858;0.04950073520970787
859;0.0024923016213397988
860;0.06544715123574073
861;0.08543741071009425
862;0.06569502445881968
863;0.013611877014807884
864;0.09172586056088862
865;0.032480058680489525
866;0.09771082979312976
867;0.09258976008818434
868;0.08596807303476917
869;0.024721100366254578
870;0.07397112317238187
871;0.03312569956088558
872;0.00023337347907924634
873;0.007238450438858602
874;0.04803733322981038
875;0.06548608583109093
876;0.045460403040902445
877;0.08330333853451985
878;0.06881777463350393
879;0.04348045850968346
880;0.0011058809520246517
881;0.05120810832267184
882;0.06352682921228353
883;0.01822559019166503
884;0.019620020481670365
885;0.0056149132248852545
886;0.0035863392006687425
887;0.05227973321197713
888;0.086134340906412
889;0.007664945805311219
890;0.059920244617622465
891;0.03637562515193584
892;0.0187565801047082
893;0.017453641265261065
894;0.043390265704975874
895;0.01311461910040972
896;0.04945775675341894
897;0.05046562040999328
898;0.04851627518897659
899;0.06212859875750897
900;0.004785483410727232
901;0.07939247279866442
902;0.02588756375786898
903;0.00918049807098259
904;0.021146893516077205
905;0.03781814151183446
906;0.024089244272700816
907;0.0669763929222642
908;0.093425782150804
909;0.001990460951231654
910;0.07838356615050338
911;0.011843277326742464
912;0.04704470250516471
913;0.0377177503077776
914;0.09862570479806532
915;0.07300484956023927
916;0.005717903347885512
917;0.04037625926467652
918;0.0722787451873768
919;0.04878160799598306
920;0.0103519371815612
921;0.014951267759220122
922;0.01633941838256925
923;0.03403377326137748
924;0.09034110201703076
925;0.09264733741354002
926;0.05478723592030843
927;0.0939426411031128
928;0.026431714936294495
929;0.026722153649617567
930;0.040425086240864876
931;0.010189937918229919
932;0.08010142762273886
933;0.0625624855073963
934;0.07105495742126375
935;0.004325474376312699
936;0.08212403279201963
937;0.00032138507120408336
938;0.07815523114992298
939;0.019692028171317044
940;0.004336687921420235
941;0.07515927276549894
942;0.021035058130914275
943;0.01644534553971999
944;0.0008073800425786649
945;0.017603991012200594
946;0.04237902134677429
947;0.05650363694285552
948;0.06937736920382222
949;0.057007769654302966
950;0.029291311136356392
951;0.05973373119982808
952;0.06522362111514185
953;0.008102227284932406
954;0.03711060642602221
955;0.05746298748028931
956;0.034833318247974886
957;0.08873067609762246
958;0.0254945016683248
959;0.0386796445909601
960;0.05894952675298673
961;0.002543720801553651
962;0.05977867307664773
963;0.0869647857712543
964;0.0901017746402777
965;0.020227545360735025
966;0.059330606376456686
967;0.04972181602943143
968;0.01033057980269353
969;0.05218014934250843
970;0.013999704294182869
971;0.05847432465824645
972;0.031229519325526846
973;0.04813993492297848
974;0.0787182282642091
975;0.058861030931878444
976;0.05975853290506187
977;0.05946376899927126
978;0.018540808920893517
979;0.0016064924347070743
980;0.05143452608414387
981;0.007235337142756638
982;0.004593774389967553
983;0.049086722549787125
984;0.002716746239150969
985;0.0007501401403711916
986;0.08374237275567159
987;0.09178060704498514
988;0.04854596886292683
989;0.013062383972738456
990;0.09945244132973764
991;0.005119314798554798
992;0.003835018997926976
993;0.06619943398233494
994;0.017821210074358506
995;0.020687864206714403
996;0.006877930669591703
997;0.09100988405176752
998;0.013252234615000691
999;0.08514539949187232
1000;0.07208434863341032
