1;0.11465843391060263
2;0.08074681597295637
3;0.07957824584292768
4;0.09055918413903281
5;0.16631668168614644
6;0.18514692990573076
7;0.04139649056113126
8;0.17769839415327596
9;0.11883742378920606
10;0.009157404423257165
11;0.11158559298134357
12;0.14582779557931358
13;0.06848260817260983
14;0.03334477345703564
15;0.059078621962753736
16;0.15848110807267868
17;0.1790134862636439
18;0.14463522552354066
19;0.0019307625048582634
20;0.04338676031958347
21;0.10214920029196158
22;0.17151805739797427
23;0.12318301147292617
24;0.016636002758981472
25;0.048647808358491945
26;0.12337432656348812
27;0.14148082714515922
28;0.06711208225468064
29;0.18894352863126876
30;0.14017827052780932
31;0.11417855312962151
32;0.19704948285168195
33;0.059936189355832586
34;0.09806742434570033
35;0.18216442072711247
36;0.08557535394293442
37;0.02688542698551575
38;0.05888935944728688
39;0.16991208263430796
40;0.15366736936351977
41;0.07223837477280655
42;0.17151729940630922
43;0.020821821163183207
44;0.05599603236737674
45;0.17565413445994546
46;0.16894800755938452
47;0.19199033444031077
48;0.1808216615574143
49;0.1664278528219807
50;0.09089017511491498
51;0.16174214668335887
52;0.05819860318525012
53;0.06078808201183597
54;0.04582108071869487
55;0.051847923983668935
56;0.10200960093512029
57;0.0173397143588369
58;0.1332019330960785
59;0.18873164437696455
60;0.06320523686252298
61;0.09941351042544683
62;0.11683404132082503
63;0.01761443484787848
64;0.07011466525683456
65;0.14893174585436497
66;0.10412031320026283
67;0.1511879091488896
68;0.12395918781347857
69;0.12151329424997215
70;0.14553086936457327
71;0.02521971259791447
72;0.05208652021719218
73;0.17829369287129937
74;0.030264603801533507
75;0.03198730146108746
76;0.13916853589825093
77;0.05804819745476389
78;0.059546303083662044
79;0.07482824588186623
80;0.140375780698361
81;0.14601981357103264
82;0.13777221320507452
83;0.009861106772603235
84;0.08215979498315658
85;0.06114603251597744
86;0.029490394866153704
87;0.009949894678149907
88;0.052652364854374946
89;0.1062507468786662
90;0.06514104708849132
91;0.07298533911742526
92;0.07249632899773376
93;0.11973257082326237
94;0.1951574586515959
95;0.05033430244070805
96;0.04567966807130122
97;0.06431755295573179
98;0.12206891993551357
99;0.13905785672734036
100;0.16266605692061237
101;0.00011234574728804515
102;0.13020205533406484
103;0.13896184308579657
104;0.091497914308625
105;0.022450149782042385
106;0.1478355207993813
107;0.003140667178553236
108;0.1823522222461012
109;0.08763342637336624
110;0.12344230895505806
111;0.05768143319538548
112;0.11699378850754788
113;0.14654289434320725
114;0.07334691832176934
115;0.026496765607761198
116;0.02508983219515797
117;0.11339062244139252
118;0.11803442848667585
119;0.10587219336234553
120;0.16015378283839962
121;0.01846517100934422
122;0.0815998391477617
123;0.012741771540202219
124;0.13574494430624157
125;0.1968486311260146
126;0.08849723635035378
127;0.052379679018992965
128;0.036653105047742156
129;0.14847796456432918
130;0.08672928847967261
131;0.055766159827244956
132;0.1546290974102694
133;0.06610459035211931
134;0.14264702300239604
135;0.03580967224718401
136;0.16811582826684188
137;0.1051544511576543
138;0.06564294561676554
139;0.04055547639337092
140;0.18809123723743087
141;0.17176618957379886
142;0.053762809639413045
143;0.1976552714537536
144;0.1619258881041438
145;0.18869478453320868
146;0.04228418390916951
147;0.12119475258375363
148;0.13959456698419834
149;0.16887738967535
150;0.1600869989702437
151;0.09700890044683115
152;0.09774237333312033
153;0.19515156876332906
154;0.07558371335605517
155;0.1750570317357419
156;0.0028457631404561925
157;0.06523685421463735
158;0.09408847813777475
159;0.09037012283941676
160;0.1628548961650602
161;0.1614407400972812
162;0.13142006744902165
163;0.11099054912420758
164;0.19792220783516912
165;0.06022486042867863
166;0.19117173096904452
167;0.12193706380705543
168;0.09152977068988509
169;0.028056745874922795
170;0.03852569775547783
171;0.06021442441731431
172;0.07326536353154588
173;0.12602636325579888
174;0.1926309588610606
175;0.06718809918158775
176;0.02435590409627282
177;0.08901427663452376
178;0.10773161460248049
179;0.168752724733443
180;0.16062093954689874
181;0.13692113816321222
182;0.02200761654514969
183;0.1677385838072597
184;0.07907428351512372
185;0.03769118768931279
186;0.04646454660450097
187;0.11346241805797852
188;0.024454140079176324
189;0.1450083557908895
190;0.11440679899020295
191;0.03605590385722479
192;0.016034423025536062
193;0.18688174060555543
194;0.17755407823846736
195;0.0637519302988739
196;0.04496077881028935
197;0.09348619395778641
198;0.010098417258653104
199;0.15396917042949615
200;0.10824553403895364
201;0.046359367800261266
202;0.14269727405980215
203;0.1461165960465053
204;0.10143879568532439
205;0.10934498454980209
206;0.11820267001018891
207;0.17310511420606073
208;0.15972038903990163
209;0.07361560225580402
210;0.17128384725048595
211;0.005196540932579952
212;0.04301899760280623
213;0.10930255511210812
214;0.11227978723057569
215;0.17679053535088007
216;0.08287556807172954
217;0.1345034017564872
218;0.08037045164837686
219;0.07306588498823292
220;0.18370428825903096
221;0.0004393837838793102
222;0.07049331753723549
223;0.08512696923003125
224;0.06552812100603392
225;0.10942843764612686
226;0.1152809656203937
227;0.12396189327764957
228;0.03636447836653045
229;0.03938416107826018
230;0.17620708713750582
231;0.016123451705658497
232;0.02974645841885515
233;0.045004504475636864
234;0.020073213260579138
235;0.08376547367507668
236;0.15741521420785912
237;0.153304789720056
238;0.09036044895240905
239;0.1845550610245904
240;0.04404748900231679
241;0.06595003880020829
242;0.16280648923566432
243;0.14132701015784913
244;0.0727236027617185
245;0.06656783053967044
246;0.03616875094476413
247;0.12659744345796653
248;0.03472005163992744
249;0.03264715388542996
250;0.1917275195174803
251;0.04079089271971157
252;0.11550973757002275
253;0.19118634830932305
254;0.05531219159517962
255;0.003085630836059172
256;0.02157337065728522
257;0.11602588544235376
258;0.015695433119880597
259;0.042448878047968645
260;0.10684315013362491
261;0.051573068803939616
262;0.1254331971935788
263;0.0879739023433424
264;0.17512059079324954
265;0.044771988167149
266;0.04590943761527096
267;0.024464336941364562
268;0.18994184731309302
269;0.07067776596034663
270;0.10988206552619095
271;0.04756016631554594
272;0.09939592849114137
273;0.11726720624205056
274;0.15445199209013086
275;0.15990188998045984
276;0.0778788238024779
277;0.18601148414985327
278;0.10900549726764344
279;0.15950416550103466
280;0.18831090119814178
281;0.16443670079950076
282;0.11874398240451761
283;0.037038024297953935
284;0.12389428183917686
285;0.1477539976125453
286;0.0017082725930682718
287;0.17945272366540047
288;0.08553134374959546
289;0.14225052171590344
290;0.10446826884093606
291;0.017926687884759995
292;0.16625969731957008
293;0.17835065496340335
294;0.13534636457292
295;0.12245325194282826
296;0.09141564715671219
297;0.09810380076220322
298;0.035993801076859344
299;0.17223994399815296
300;0.1630711998231913
301;0.1912121254419176
302;0.1448605475057866
303;0.19611773623035372
304;0.04796897593975502
305;0.002725485096900737
306;0.11013160826737595
307;0.11901176886222485
308;0.12839031652845379
309;0.1199885585679996
310;0.16584076792043245
311;0.051754768506381325
312;0.11091317388164038
313;0.09171496505124242
314;0.16858242770663226
315;0.12052267977031013
316;0.18934992972676082
317;0.056565271071196514
318;0.0306549811555775
319;0.12385933268958847
320;0.027850328949448236
321;0.1326005872673813
322;0.012817807692149375
323;0.056644659058610894
324;0.04333503584302989
325;0.19092053491162111
326;0.022846640535663765
327;0.0659641571112453
328;0.1693736579742114
329;0.034336859302756984
330;0.1459791822494557
331;0.11313703917259024
332;0.011810886658615516
333;0.12578966132338848
334;0.09831714471532244
335;0.020402227861835542
336;0.03309681122479496
337;0.06323940666558624
338;0.0728431240883891
339;0.14173772536617452
340;0.02242407384128029
341;0.07336581201553359
342;0.12594841676950466
343;0.060251913497526725
344;0.12287694173384278
345;0.12480433544169148
346;0.09989068340929828
347;0.12999979115034693
348;0.08824826782874745
349;0.15733673647464352
350;0.07855287639303093
351;0.048010672890843556
352;0.06539842271636283
353;0.027779274159128356
354;0.027217762594270667
355;0.018547160078270064
356;0.1827682628173281
357;0.1700532178574207
358;0.13583471958278967
359;0.11014150303365931
360;0.06122900073276754
361;0.00509873005810051
362;0.04879214598743891
363;0.05649987239683516
364;0.173492938782028
365;0.008672153998905686
366;0.14435022629483188
367;0.13546083841143805
368;0.09588212636491314
369;0.18881332691805477
370;0.04779000495514499
371;0.048951310103393444
372;0.03146118349059808
373;0.14859792492623825
374;0.1501975351869902
375;0.17584765071236064
376;0.16920317898922876
377;0.10246812737312182
378;0.1600678420369166
379;0.09646350682029381
380;0.09491332714432268
381;0.01363400089531004
382;0.04281481933484526
383;0.060860683304686615
384;0.1557741834729414
385;0.052388654283571895
386;0.16647470706848919
387;0.031698359798162844
388;0.03232976146981788
389;0.14429848317437233
390;0.005232025863175372
391;0.1767879077252763
392;0.11474810349691043
393;0.1932007743179871
394;0.028422067819931108
395;0.13337137633305607
396;0.16502467931443565
397;0.14543476285882337
398;0.10429208656743852
399;0.02919614105011601
400;0.030904807818594417
401;0.013022513386382717
402;0.05080324119874757
403;0.08677751649010389
404;0.10492111119904145
405;0.13269418000492358
406;0.1270163119179107
407;0.09110128146539115
408;0.08769680466962299
409;0.009549821113771874
410;0.09039444387839653
411;0.0915856274596802
412;0.07891878155255516
413;0.12189192142345254
414;0.08563720276954423
415;0.17299591931903754
416;0.14549218876350442
417;0.18627691530489965
418;0.13816703503368846
419;0.05422520561155251
420;0.10840043093373804
421;0.17077371925611104
422;0.1440781011595153
423;0.13307265654050945
424;0.012261615841875373
425;0.07073552996889569
426;0.10586046032936643
427;0.13055832302033554
428;0.041094770886656945
429;0.03599302768529724
430;0.0765830641466962
431;0.18171101910476128
432;0.09804481678399707
433;0.19823730943965748
434;0.028233267873894907
435;0.004312146854919563
436;0.025921496895085362
437;0.09020097738208546
438;0.19051687143722246
439;0.1614921206616088
440;0.14951838304289355
441;0.10464798739364008
442;0.008926629396060237
443;0.04927852693348805
444;0.17418293051997813
445;0.03140399547790795
446;0.1491841541006162
447;0.14190508325274354
448;0.011711369771017855
449;0.039139719196396985
450;0.1667033966063323
451;0.08034796100712345
452;0.01365076009527757
453;0.1215417746581443
454;0.07343057456470126
455;0.08562366519382779
456;0.13044230535922294
457;0.047587277651721306
458;0.0337458925900731
459;0.18851041799321736
460;0.1695110085451099
461;0.06878824099076696
462;0.006280024756114222
463;0.15709614071755496
464;0.08797945531119994
465;0.16937514002857165
466;0.16656054905290057
467;0.06788176649731588
468;0.13878883006292356
469;0.12153864999284605
470;0.05912152124393153
471;0.16289754086375655
472;0.009187097366336562
473;0.08690541745853904
474;0.09506176173288675
475;0.10584709791214253
476;0.19566459761910615
477;0.08564637065623276
478;0.14029053815938278
479;0.18079569678185975
480;0.053239443064766356
481;0.08982847186370753
482;0.10814150833840493
483;0.08750481727560216
484;0.0006519912028568387
485;0.0016253829462828718
486;0.194233860621696
487;0.11676688645857083
488;0.049786563050479106
489;0.13656896608779828
490;0.008440524087616308
491;0.09955204647034509
492;0.17252033514407503
493;0.07808703951502892
494;0.028098384351636342
495;0.028093947291150556
496;0.11580259408010618
497;0.04580703821393872
498;0.00419804760364324
499;0.053368124039316615
500;0.1431953635981052
501;0.1856433011952728
502;0.1720868572400691
503;0.032579138480881585
504;0.1529479535909356
505;0.08225570700250717
506;0.053885267399654914
507;0.12138320481040972
508;0.1836979152992061
509;0.017790242203947138
510;0.0005569078108184745
511;0.1474561267098173
512;0.1403031826259404
513;0.12292796094458967
514;0.08431227065076613
515;0.06843055589014187
516;0.15499034130918132
517;0.17486879347901152
518;0.023543544022670226
519;0.07112799266858912
520;0.19811223626846478
521;0.16810975142185558
522;0.1812619551561247
523;0.019040123647534712
524;0.1053016848922225
525;0.04038961061617479
526;0.08125968769498318
527;0.1290267747942361
528;0.017295250256928553
529;0.026130542555407612
530;0.19699154503663507
531;0.06229312871584345
532;0.16816582136544556
533;0.06943904814036606
534;0.19371720106350387
535;0.06719266092375001
536;0.1928121508220223
537;0.06840565582123177
538;0.17354320408781734
539;0.1887142184638488
540;0.10034492796111949
541;0.09774472561449095
542;0.1888236674920931
543;0.04551264321232769
544;0.0610812472779623
545;0.11526411042304568
546;0.09542790667337556
547;0.04549713185094857
548;0.11960203450504314
549;0.19146510387436333
550;0.1562893036888691
551;0.11679033044885033
552;0.011742482583087188
553;0.024863369112563816
554;0.16737445702593495
555;0.16058190172500247
556;0.1593424436897166
557;0.03589264776173464
558;0.031278906523051986
559;0.17684448732477606
560;0.06624201659064481
561;0.17973704347594993
562;0.1010801198198768
563;0.05799546980495094
564;0.0773309323959829
565;0.17418654900634795
566;0.1636848282069854
567;0.08084758529893561
568;0.16233299813875757
569;0.001168076680629171
570;0.18484065002214087
571;0.14938696626065015
572;0.06841029830162781
573;0.03344719712245179
574;0.15935396097017204
575;0.15787337193650275
576;0.10863692795200926
577;0.06936708138407714
578;0.1149316701272518
579;0.07986589472251795
580;0.17727986299081783
581;0.0103977119293315
582;0.00683641838359963
583;0.05857558409756352
584;0.05230473707051169
585;0.13742245228437314
586;0.006358605267587247
587;0.12653859011534205
588;0.13481796196204657
589;0.1414370280639195
590;0.10789938545307337
591;0.04391605322111765
592;0.14382323953367945
593;0.02661376153215993
594;0.07654546632386681
595;0.05545536020870512
596;0.03260539848371169
597;0.07674115664480606
598;0.19886462482231515
599;0.1408377256799839
600;0.1031114601734307
601;0.01204390692052575
602;0.03709160090447772
603;0.021125305520248095
604;0.1663877345634085
605;0.026531555871762414
606;0.09643730700850109
607;0.06853170615290056
608;0.06698343965702569
609;0.17287787764352225
610;0.16245505943386918
611;0.1788139493770463
612;0.012938346852462757
613;0.09206592692958333
614;0.1236935910813477
615;0.10373604886082283
616;0.15775782005212188
617;0.034107425854826026
618;0.03370975637745915
619;0.1512304059719367
620;0.14843672998009436
621;0.04826939953690568
622;0.11954298323591833
623;0.02809725012246782
624;0.19778916935005336
625;0.08541643790524496
626;0.09774836129469938
627;0.14759233000774896
628;0.005894794824808258
629;0.12817764069771176
630;0.16461653388112707
631;0.07837886387302942
632;0.17437537555358826
633;0.0556408399720332
634;0.11728203084031515
635;0.10704709242778135
636;0.16437660513969232
637;0.07646703550422998
638;0.10705649064302686
639;0.10767489902341697
640;0.04326843459404495
641;0.1941616658775012
642;0.16367093150547457
643;0.17593238530058955
644;0.1774044800140966
645;0.19079924125397016
646;0.08608703428015539
647;0.097212586068813
648;0.11068445852145077
649;0.1531862329240612
650;0.1857566822367512
651;0.062377145290915696
652;0.07095065204062283
653;0.027398279524266458
654;0.1043726444345074
655;0.16099245588679337
656;0.010034394398445357
657;0.08343611608618338
658;0.13204708530760778
659;0.016663514399625413
660;0.042159695843458384
661;0.19557875861022514
662;0.07428662706617346
663;0.08483592306905759
664;0.12385764961153074
665;0.18371321971890317
666;0.11779641174189828
667;0.0127697481606728
668;0.06132580508208916
669;0.07180451901529053
670;0.0686281758993894
671;0.100950473634958
672;0.014675885009858525
673;0.15328774174681237
674;0.17766500610427707
675;0.1303942949452596
676;0.13418874891496257
677;0.054164946443273326
678;0.016188941548217397
679;0.13034985880733188
680;0.1307890762275209
681;0.05438558634912019
682;0.11215403780780026
683;0.19283448762692798
684;0.11158502519096102
685;0.139096817864993
686;0.04082050629165777
687;0.05286216900550418
688;0.1881883315493719
689;0.07325394722887268
690;0.19761678286610782
691;0.18421184029749413
692;0.07654102394061815
693;0.09075929417793294
694;0.08827675466798027
695;0.14016170015327437
696;0.04690170231232554
697;0.028167528326307912
698;0.14886768797349792
699;0.18974968873390763
700;0.02134457939416741
701;0.17061967513676604
702;0.09952050815074981
703;0.14011448609982954
704;0.15140951585407122
705;0.10264427247078411
706;0.001497246169833222
707;0.15820355170322412
708;0.09815736449880336
709;0.019425693824442727
710;0.09336321231143672
711;0.03635081994146801
712;0.140308845048919
713;0.09784899097475677
714;0.010383373671628005
715;0.16943232442701572
716;0.009085508823496414
717;0.03199186585278311
718;0.09494129503531834
719;0.11269125775620369
720;0.18759557457321777
721;0.009806679385008388
722;0.012704578868401751
723;0.07566927304136993
724;0.03295361934776284
725;0.13397242526653716
726;0.19227156833423034
727;0.19316286060804494
728;0.05216944860301025
729;0.03782947782895836
730;0.04530113794190225
731;0.19659264341366822
732;0.09258705040899969
733;0.05057446158986878
734;0.06977734507498005
735;0.03167484531969724
736;0.14204405200230805
737;0.11385503634988661
738;0.08805465978520757
739;0.049686843936093864
740;0.028140280132262885
741;0.08074355789320581
742;0.041595762202744926
743;0.18287635156957338
744;0.06691749582336325
745;0.13170300342604943
746;0.15163902497722367
747;0.07375316685804403
748;0.12385221822493396
749;0.11553435534681851
750;0.16465762828028904
751;0.10553304903442616
752;0.12156717690183341
753;0.19125526103175317
754;0.10943209727739567
755;0.009458124110408674
756;0.0995398086811379
757;0.018188153417410046
758;0.1261490701940493
759;0.05121676001134419
760;0.12462827588864465
761;0.031565937859951744
762;0.015584340901572104
763;0.13835383743605678
764;0.08183108922450454
765;0.17850129364089415
766;0.16767074022612527
767;0.01412367909325496
768;0.194629522775106
769;0.018505658184362096
770;0.19476071000649145
771;0.19075847761375123
772;0.008061846363749958
773;0.11871940749629468
774;0.021231508051350767
775;0.12239294620923975
776;0.19357021062970764
777;0.06751730315615838
778;0.17106220548104176
779;0.03892596771166619
780;0.17067535889355817
781;0.09231829043459228
782;0.1308873695609475
783;0.14752594799160024
784;0.03699383382996355
785;0.08600083424865045
786;0.10083993709622104
787;0.16195405692351147
788;0.18478836720351638
789;0.03371049324561235
790;0.1031617765563859
791;0.1349340439864661
792;0.11852198885411447
793;0.012227779459605181
794;0.17976105585503313
795;0.028974216499528915
796;0.1784230448147126
797;0.0004836486869390644
798;0.03198622023042719
799;0.06414727435257987
800;0.07636786473186408
801;0.01940883533590021
802;0.05324092562946199
803;0.04333513991405418
804;0.07533392555510832
805;0.18529309965367702
806;0.08447986898998501
807;0.01659908877951819
808;0.1361847667428527
809;0.15199801771751142
810;0.06958709309484142
811;0.03518720956308543
812;0.0010984401780582465
813;0.031119954477042324
814;0.04412136640813607
815;0.10431336679068842
816;0.19514484588977574
817;0.07123102965462501
818;0.15274894681829823
819;0.07663008076944003
820;0.048389379056489726
821;0.19436829987589277
822;0.11327926476438287
823;0.17436970098374438
824;0.007803434589200875
825;0.007473914224544954
826;0.08275376654651917
827;0.06175377623948111
828;0.026521397909704647
829;0.14804124715011824
830;0.05468605325171849
831;0.017272361890319044
832;0.08441807925007833
833;0.05789673471748185
834;0.10467969218144467
835;0.13202388899614087
836;0.1687958777537646
837;0.09793119686675021
838;0.12051757940044434
839;0.022700670422852887
840;0.07611365509045492
841;0.11232938126586955
842;0.07125585330560454
843;0.11070730421876802
844;0.16307607272770228
845;0.03971122120351578
846;0.039101440740875605
847;0.03552644544558712
848;0.18281748702126788
849;0.020941817092733173
850;0.1327627797527858
851;0.09027575213534195
852;0.1597029197469483
853;0.11966852622259282
854;0.14062439855769052
855;0.1348083378227128
856;0.1854444645814038
857;0.1268156383928506
858;0.05020114801366602
859;0.09518985043380404
860;0.0577601130206834
861;0.1407346825476273
862;0.08996828811465321
863;0.028868255545750388
864;0.14705578686953255
865;0.1879854053241054
866;0.04925111106598428
867;0.08889291155155583
868;0.16393159706366314
869;0.1595628923699587
870;0.08298689451330164
871;0.15576834578450124
872;0.06583503406827813
873;0.009280316960991453
874;0.04762063225224287
875;0.008130471901054625
876;0.12559563845516578
877;0.19961782412161264
878;0.01856654856179143
879;0.16524791031254885
880;0.016658046525885564
881;0.11501635547300203
882;0.1698659515305408
883;0.02312354836595583
884;0.10367183564542942
885;0.18347273810519282
886;0.027951201806077953
887;0.10061335417147386
888;0.12355900932878845
889;0.15175687159817525
890;0.15683561871242688
891;0.048100532179665256
892;0.14730396100324084
893;0.0900679085991622
894;0.05354038153286611
895;0.02760814964138321
896;0.02518137008907171
897;0.05863568276491098
898;0.009012397869064381
899;0.0805562466267673
900;0.0012976900467512433
901;0.06132214761270105
902;0.11189228840555364
903;0.13149658995604846
904;0.1721688192359968
905;0.15553959044652463
906;0.09910382381177113
907;0.12806043017959612
908;0.1478375820627854
909;0.03480288719460339
910;0.09093228690325801
911;0.008627922212122741
912;0.09750962633793508
913;0.18364711323384025
914;0.022438472913392783
915;0.10293948935287921
916;0.17744618158283093
917;0.1527978313865034
918;0.004373023438467638
919;0.185729468407122
920;0.0327152358757616
921;0.11033780726889116
922;0.19034669181716524
923;0.09409176450715584
924;0.18477116810601746
925;0.17342385793782358
926;0.03303975332362843
927;0.194859504579379
928;0.14397120001518604
929;0.16243253291405396
930;0.12229170384130106
931;0.030443017110811522
932;0.09929954254878218
933;0.14656332386554724
934;0.020155452161222165
935;0.07464031531283521
936;0.1885433118819838
937;0.031991030219445875
938;0.13225683780906192
939;0.10217324713565246
940;0.10839338823371032
941;0.17127990968790738
942;0.16249874827566277
943;0.12329625096016193
944;0.05794292101673007
945;0.19325403905036917
946;0.0066568547945014215
947;0.18869130923452526
948;0.18945580377063703
949;0.11120721719251497
950;0.07171890535709984
951;0.0041585769015873185
952;0.1159742308122014
953;0.09995769677493922
954;0.1132674995774064
955;0.10630287478831855
956;0.088331970085884
957;0.09912183926843317
958;0.19650615625693374
959;0.06889460678554325
960;0.1847955289316614
961;0.021926025817692808
962;0.1927761362437808
963;0.0722938508183933
964;0.12112953307566124
965;0.12755305398224465
966;0.06436295358015036
967;0.06517107376572687
968;0.02357218952190454
969;0.15848310518213563
970;0.1013503747034449
971;0.047478499589108374
972;0.13916593554486553
973;0.11417035843160611
974;0.07096825722507334
975;0.0828273879269418
976;0.13567467377546413
977;0.1563894544221287
978;0.06257590921145217
979;0.09553658420841314
980;0.06218181666105778
981;0.08174219132291392
982;0.13482451757514186
983;0.11899381830161199
984;0.13378030524780302
985;0.04966621757881591
986;0.10385278310874087
987;0.07178503206302637
988;0.04590419768603016
989;0.10609584004162387
990;0.10092072348920865
991;0.148830392006565
992;0.05805800680464153
993;0.07195680661355977
994;0.11719960000613475
995;0.11672499957150645
996;0.04690255938516459
997;0.03704502605736169
998;0.07093707278762258
999;0.1250231749060662
1000;0.18480845009973063
