1;0.05895809663298174
2;0.036215165591000534
3;0.0007554987410920311
4;0.022004119250283227
5;0.01549614364008143
6;0.02798947331003453
7;0.046040711189811345
8;0.03964313604962158
9;0.05484020644599291
10;0.06085737762465901
11;0.08671402583619874
12;0.048870960795913326
13;0.011181624323403772
14;0.0005245994092614392
15;0.007666902092872053
16;0.01693925636341993
17;0.060851957738405994
18;0.09717812127761694
19;0.04517934124723249
20;0.069347436807698
21;0.032436780903393685
22;0.008817005505574705
23;0.044742567340868705
24;0.06176795947669883
25;0.052016075841804565
26;0.07900121802256505
27;0.013540766345291479
28;0.05036444612132286
29;0.023107258943233233
30;0.008275859104037797
31;0.08043364863885799
32;0.0883793802537176
33;0.0990665058019156
34;0.06169595396469631
35;0.0878244590810178
36;0.01873334397979758
37;0.05601280996343987
38;0.028198117699853656
39;0.05310498824072799
40;0.03544366754485031
41;0.08260862576481666
42;0.0908675954231443
43;0.09517470417722444
44;0.05830407556598813
45;0.05634375651593187
46;0.05658142112641255
47;0.0800561717549936
48;0.09549646140603653
49;0.08611214499918152
50;0.029269703228729405
51;0.09297197668723212
52;0.0984517101496385
53;0.07613238872234167
54;0.09859468081965539
55;0.09610675698178284
56;0.09281365388610795
57;0.0417234768090509
58;0.07217724049261295
59;0.08295971574097769
60;0.03697611283766244
61;0.04616673406345095
62;0.09163084589748055
63;0.012912107247201056
64;0.043329530197791594
65;0.0332257734443726
66;0.013359928682948519
67;0.09768304965631097
68;0.04424823755186035
69;0.006002108097705717
70;0.011966871061171204
71;0.055223678331117826
72;0.04394084914989054
73;0.006376222383922792
74;0.062010280916510875
75;0.06429227795394922
76;0.0668601148157879
77;0.046708589386028065
78;0.02741974309406633
79;0.006250284237762249
80;0.09572474312895127
81;0.03886146495513429
82;0.011830680453380905
83;0.006436549089533616
84;0.03330840016281409
85;0.0014963258123448786
86;0.06967368002473892
87;0.0025822112052932503
88;0.04530320370536592
89;0.09916840844640792
90;0.047855685187653554
91;0.0580209785578663
92;0.004062061378635429
93;0.09012728120181084
94;0.0663161666621454
95;0.0831196750451584
96;0.0035647308216519625
97;0.026295686263912012
98;0.0026322460930542136
99;0.05044465566703271
100;0.001272396533264675
101;0.039771203831265915
102;0.09383165425569867
103;0.018657289038107462
104;0.07478674074313334
105;0.05101172310444133
106;0.08556023563348927
107;0.08525365515467889
108;0.010517696452102666
109;0.016312821804277733
110;0.06508547789239333
111;0.007976115903786263
112;0.08443403712161675
113;0.07072587932887556
114;0.06640885487223559
115;0.09185488992703177
116;0.017670891924476795
117;0.06177332247580828
118;0.06210643982187106
119;0.04155595597563131
120;0.08795753981716643
121;0.029170038563886627
122;0.042983712748298264
123;0.0633530620075102
124;0.005614297688664427
125;0.023578857170542256
126;0.09167783273278672
127;0.08311037756730688
128;0.05678678533164161
129;0.08624981952639048
130;0.09811031442086453
131;0.08407616546294865
132;0.05712953191982037
133;0.014235522737776885
134;0.03672936127362727
135;0.09982756386297414
136;0.09231190437520263
137;0.003264756221400478
138;0.020595298256253003
139;0.05555423950469554
140;0.046976346548589225
141;0.07983652639531738
142;0.08525380489419393
143;0.08718623203614934
144;0.08631838835296983
145;0.03252187404028143
146;0.05739853128838224
147;0.053607903413620574
148;0.07488707175050931
149;0.06596925909030854
150;0.029492783668806078
151;0.07638335836046356
152;0.05923842750970735
153;0.09415470991858343
154;0.08874871614841834
155;0.048580164788993276
156;0.03923995127428637
157;0.0247813479424859
158;0.003269907782982695
159;0.004447798225900146
160;0.029147806808071476
161;0.06484437637454524
162;0.07074372334620668
163;0.029260358899397557
164;0.09565329340612685
165;0.012203043976409611
166;0.06987006068222062
167;0.0718915014084507
168;0.03196697314555882
169;0.07298095701830959
170;0.0006262915429212535
171;0.08220775961246887
172;0.04339389361433656
173;0.04930590702391527
174;0.09411893231822283
175;0.004600292763014291
176;0.08272683673787525
177;0.07437072584738512
178;0.05149744067160683
179;0.02491380600715856
180;0.02864770957855909
181;0.0735662941362078
182;0.04627058823231878
183;0.04361930497647634
184;0.07721261463243906
185;0.06301489190342521
186;0.004868952447606434
187;0.04426602867602863
188;0.020378470307269428
189;0.03740607043863283
190;0.08615756784661818
191;0.04884064492372723
192;0.0073548734925609986
193;0.029398905792869048
194;0.041134532914761435
195;0.080225490133225
196;0.08542520928337317
197;0.06613616400056221
198;0.03149756301508233
199;0.03113834258511935
200;0.03292295648605231
201;0.05502994156807506
202;0.05539161574537388
203;0.04010601461050663
204;0.06038609491105773
205;0.07311349728247458
206;0.041556125494334295
207;0.06898477426866437
208;0.09140230107396519
209;0.09815626153933871
210;0.013966773933234722
211;0.05555895404420347
212;0.006799341443850105
213;0.07510515167056368
214;0.05821484540620005
215;0.04029598936156458
216;0.08565559744065677
217;0.08746617352431688
218;0.010696207259396863
219;0.0298987206470112
220;0.09305507470688851
221;0.08621451110103222
222;0.006120596673922796
223;0.05658307719036004
224;0.0467844299449403
225;0.07084260938191363
226;0.022385816774210778
227;0.016524552062127107
228;0.0037092654784034343
229;0.08360825968982426
230;0.05840441452200477
231;0.04011188669433437
232;0.08229997426721046
233;0.022789722871907992
234;0.0465243442036202
235;0.04575997575256088
236;0.06876747320361723
237;0.038835321082256194
238;0.015684975377276655
239;0.06681742424077218
240;0.07809773864165226
241;0.041077655395063785
242;0.036975667511373565
243;0.03528498318542616
244;0.045488658609931266
245;0.005607360045720023
246;0.04455044297803831
247;0.08301123364936991
248;0.09083506740956082
249;0.09571883877382942
250;0.016527312661672566
251;0.0021941760372292786
252;0.06395160019256349
253;0.034382852535925844
254;0.02547102327105837
255;0.05833988668879023
256;0.0047249587076750865
257;0.06473030058854183
258;0.03384400794230119
259;0.03301329608526967
260;0.07937451536894648
261;0.02465834161351146
262;0.055961036405362354
263;0.04359252626900423
264;0.029505466370585
265;0.07903915326064172
266;0.021149271658811242
267;0.06414054243960392
268;0.00785611758873246
269;0.03928213860118118
270;0.0801803284176634
271;0.06668038964277079
272;0.05971969712354283
273;0.081449990669407
274;0.06485228391848954
275;0.0800302191756711
276;0.059938267000305315
277;0.041490651385461236
278;0.07095657472364404
279;0.0292560076217406
280;0.004628265747447613
281;0.044759056980640824
282;0.06730256673924169
283;0.02727136707215593
284;0.00153901433609549
285;0.005306588887623443
286;0.08031303661442268
287;0.025370507966292057
288;0.011879929658573053
289;0.0640321209998697
290;0.054485898925877796
291;0.0738085867074204
292;0.09266944162253521
293;0.007097391850497892
294;0.06880004828043636
295;0.04932786733374205
296;0.06086231495794622
297;0.03456332712797483
298;0.07820634500841273
299;0.04051548359199669
300;0.030946477403429054
301;0.04789312038210345
302;0.07962119119825299
303;0.06320373464606387
304;0.045745692566525435
305;0.022706535954536033
306;0.08721557099140033
307;0.04716409614450882
308;0.07967391394090127
309;0.09189585396318557
310;0.06364243951889952
311;0.03383702556657431
312;0.05521439249509296
313;0.03616939713267497
314;6.191925275834675e-05
315;0.065914851493997
316;0.08188025477272819
317;0.05760176590767485
318;0.03390519096060298
319;0.0233225688748666
320;0.01302592807223817
321;0.05559846141337024
322;0.07485696575412364
323;0.07769058729236601
324;0.00010778314789368083
325;0.06977929902407708
326;0.07956184780116952
327;0.0027549272968777627
328;0.03423785490753689
329;0.09800510620643002
330;0.0842222653200584
331;0.07273521957111266
332;0.056840759662595934
333;0.09348620807662822
334;0.010504475013409165
335;0.09818929021465617
336;0.030959639290327023
337;0.06944161905137686
338;0.02851889373655302
339;0.08365251381900586
340;0.025023230370966366
341;0.09738225174001619
342;0.09204453678875739
343;0.08060382656814546
344;0.05332912765082218
345;0.01962808872859101
346;0.08387539703641783
347;0.041480592626425075
348;0.010278544893250342
349;0.036124519134284896
350;0.0770978046915296
351;0.07999343076215056
352;0.019063797083059632
353;0.07404371983562268
354;0.08070968239846028
355;0.06493119355184512
356;0.05066094691922653
357;0.030916869859385934
358;0.02965822011946824
359;0.044106092682862134
360;0.09301222380043367
361;0.05309873414749035
362;0.05312141503649631
363;0.03693279021333308
364;0.0020282685793255872
365;0.05513865460283949
366;0.035847696014673136
367;0.09646739464849803
368;0.009731194930100018
369;0.06010736262207703
370;0.09950857089194265
371;0.0006252110350283391
372;0.027673094249599874
373;0.030081905566162692
374;0.02579043163342737
375;0.09999414933384697
376;0.08474033868349866
377;0.09895529407524042
378;0.056311391419886336
379;0.060150103739351424
380;0.01851503022249226
381;0.026663396000219178
382;0.05450691771119124
383;0.00344793126998878
384;0.02896496064448887
385;0.058457044737995026
386;0.012601203558710295
387;0.07547817731193211
388;0.035245109197541605
389;0.058316036261475704
390;0.09329092661155086
391;0.02039558777255083
392;0.016732964850344034
393;0.015489688652222257
394;0.03659277430274467
395;0.0846751318119527
396;0.004235778543154256
397;0.07855852488079869
398;0.08095782340503065
399;0.08669129436435946
400;0.09068807584427313
401;0.05825201891888707
402;0.007551235642721388
403;0.010308910224680912
404;0.04371426587096682
405;0.04887094563899447
406;0.0847496686730916
407;0.002137124834676696
408;0.07993346219179792
409;0.015076262801755547
410;0.08662301757728967
411;0.0014583373049309235
412;0.09608502866298381
413;0.028338559956554488
414;0.09676437319921556
415;0.0628239312154452
416;0.04387744675434192
417;0.05881599250169617
418;0.09440865376106644
419;0.05758338763875886
420;0.054848358551335186
421;0.06548866395610525
422;0.0363415149257652
423;0.09563801878463228
424;0.03979917670667219
425;0.054345818358841814
426;0.06625137417137715
427;0.07906375537031707
428;0.00725744254118842
429;0.021314944347864552
430;0.0044130212967703145
431;0.05178933553451244
432;0.0853208848187908
433;0.011224048760142125
434;0.009029186904043973
435;0.0410573986331376
436;0.02150575284770222
437;0.05217684652397403
438;0.01713185000769756
439;0.09653148125094063
440;0.029608660527942067
441;0.009711403464151946
442;0.07258689862715505
443;0.027344309418252388
444;0.04549839741117795
445;0.07025132431767554
446;0.02486660105655726
447;0.021574482034432553
448;0.037022614137151036
449;0.08231647189089963
450;0.05602757788092458
451;0.0856628940227368
452;0.005347190215205244
453;0.03350142646148579
454;0.09359163900442213
455;0.0950163956977366
456;0.0660599977060333
457;0.035338359184277156
458;0.05522628417612509
459;0.09319000664865595
460;0.06269533317604493
461;0.018260041453138077
462;0.057902880536612945
463;0.07709792553809605
464;0.006298317116470576
465;0.022947932416753414
466;0.015723356381671817
467;0.06916949360794442
468;0.07625501589948624
469;0.08381553169744994
470;0.021695935197599017
471;0.033818166705647926
472;0.07852462483747899
473;0.008004017564096555
474;0.006240103835576116
475;0.08843516624584757
476;0.09580925969757818
477;0.05435174893225675
478;0.0690323058429288
479;0.06430178821700516
480;0.08510878062792837
481;0.0788339855264586
482;0.02041303636986651
483;0.06496921132991834
484;0.05808415757057183
485;0.06956429751848218
486;0.004702711260180393
487;0.08719352391408668
488;0.00814013228480417
489;0.0634462883159951
490;0.08130603780868582
491;0.012564610260454369
492;0.08527820436024146
493;0.06258720793528473
494;0.055022744442739815
495;0.023629024379653352
496;0.06144511961906823
497;0.018252968763583944
498;0.01395851886874061
499;0.07139528771941922
500;0.01304623260640968
501;0.03911923729659489
502;0.025913052061030985
503;0.020449152596955768
504;0.08679139423302655
505;0.02814218666933729
506;0.021265518145164853
507;0.006081913981100063
508;0.0020089083454713943
509;0.05042686002223064
510;0.04534747477512281
511;0.03501448854019112
512;0.07305812462147308
513;0.008738334958705253
514;0.05302065843816661
515;0.06771740111210833
516;0.0632222629690397
517;0.09041366983300697
518;0.007424320701183918
519;0.010670626745596535
520;0.0025691889541885507
521;0.0479100063330274
522;0.0728921271310796
523;0.06014866154777703
524;0.09463560773163743
525;0.0050096052736675395
526;0.08868470566155878
527;0.009419028908063521
528;0.06388065247243623
529;0.06432634249534742
530;0.04902594288864851
531;0.08553089955616144
532;0.077423143783113
533;0.023956867895923883
534;0.07336848657454519
535;0.0006720769394084725
536;0.024399478689347
537;0.022678521583505553
538;0.007353090753613878
539;0.08471476995557148
540;0.04331746356297614
541;0.002197081591549899
542;0.03887357862085081
543;0.00860344355213717
544;0.028719483967376825
545;0.09047404760846073
546;0.09900225092584986
547;0.00951499405620454
548;0.06880166130202564
549;0.05920896434555008
550;0.05182704259820617
551;0.07577176119109524
552;0.02645361821806216
553;0.022731220190526782
554;0.03483730041667751
555;0.009571168219048532
556;0.09596549577261915
557;0.08894231941122535
558;0.024779165179436548
559;0.011666555812553681
560;0.05401428971503469
561;0.051464869645072846
562;0.0795016526584829
563;0.060156903152815744
564;0.02457745752490136
565;0.045970530644056234
566;0.09163922592197155
567;0.05492650521862555
568;0.03413842524563189
569;0.0979352252512216
570;0.027926065707909453
571;0.08668801906036107
572;0.06745873571047793
573;0.04861598014688598
574;0.02051978724819912
575;0.0142582812524095
576;0.06960153487406343
577;0.08088309504892328
578;0.06886873218897697
579;0.026371532490236826
580;0.06943634107080902
581;0.01499534560357031
582;0.04314308871705619
583;0.0949516083550236
584;0.06096076027454944
585;0.06296661672950184
586;0.07753973537491655
587;0.09674637835336153
588;0.023248093629358826
589;0.08144453760817891
590;0.020720548601923863
591;0.07101840826790486
592;0.08466837867098434
593;0.08611434644822015
594;0.025428181566627562
595;0.03165400402748373
596;0.033346291817132216
597;0.04301095548839659
598;0.027395051119380655
599;0.0345424771349949
600;0.006680985599503831
601;0.02019838286658289
602;0.07602630402572068
603;0.010856724978658305
604;0.09618134364419328
605;0.016049887082903957
606;0.0187869884960308
607;0.0647594900516678
608;0.0031898862750151637
609;0.035353756921135404
610;0.07043378086904217
611;0.09488650881770873
612;0.0668390133226834
613;0.054152453592714936
614;0.042296902806290074
615;0.008857562184466794
616;0.06124535049357177
617;0.03369790485274054
618;0.08835690570373604
619;0.09209998324443905
620;0.05304304466952922
621;0.00030667491658389336
622;0.06921947982443327
623;0.01739996367478457
624;0.00344779737024703
625;0.08464002399840793
626;0.02417435456631406
627;0.0417927242572274
628;0.05416294144394743
629;0.0960311817320461
630;0.01875470454333149
631;0.08181041733580602
632;0.04807605572538505
633;0.017965221116971842
634;0.022320502307558256
635;0.057246704011906714
636;0.0013059136866800049
637;0.03406074005142532
638;0.09702325488015295
639;0.07677049166023933
640;0.0580438769725527
641;0.09188353889208013
642;0.09675250178072624
643;0.0577781734146994
644;0.009274585982845607
645;0.025118371143458808
646;0.06526806839404412
647;0.043988210675169885
648;0.015097469341865578
649;0.06980658577228414
650;0.07263962996064104
651;0.05413132005353193
652;0.008563674219075402
653;0.09978857562787913
654;0.05908017917578417
655;0.07109690785546059
656;0.09512805520822949
657;0.046374629019447625
658;0.09714410873828727
659;0.09566039613289719
660;0.08940783285130827
661;0.02330765674526768
662;0.07121032682999097
663;0.09081030268176546
664;0.09378486409201238
665;0.05037580986611689
666;0.0872001134425528
667;0.036985891968464656
668;0.0758942948349028
669;0.01959443613709244
670;0.07763794032946074
671;0.03775126140750945
672;0.09117771072480424
673;0.06769584880327525
674;0.07460510000198688
675;0.06653110016501022
676;0.09889561019201319
677;0.002102780352994249
678;0.09320060324419671
679;0.03746122560788362
680;0.0411308513695266
681;0.02571499157437536
682;0.06568027372348627
683;0.027360541783060077
684;0.04752420224070095
685;0.014214247583277152
686;0.09726613301742483
687;0.09455918711765805
688;0.060136697321920465
689;0.0509422315096291
690;0.011996355330944432
691;0.045965667893207045
692;0.00512243556810158
693;0.04155579692676972
694;0.06855575060934083
695;0.02663019093831405
696;0.0373757964594249
697;0.09513819398621769
698;0.08210231495856406
699;0.09267229161897121
700;0.07565627730578488
701;0.06789836295806642
702;0.04783923554004186
703;0.06672030010807678
704;0.09508846523919769
705;0.09165536060586041
706;0.07186626352497497
707;0.09936807365263395
708;0.06955194837449184
709;0.09007116179057263
710;0.011235213653227705
711;0.03141260621697393
712;0.07221400174135055
713;0.0025521389011672335
714;0.07745606360595007
715;0.02659101730527821
716;0.0446574329998118
717;0.04963135318544927
718;0.07120840134477571
719;0.004109232866670298
720;0.007256356241519779
721;0.05231246008813432
722;0.02932795137680404
723;0.08712353925909878
724;0.018620757683145684
725;0.026138277333243944
726;0.07267306672200023
727;0.04067943934862165
728;0.04498044593604759
729;0.043662032736805745
730;0.026840899786125017
731;0.06661097701065942
732;0.048430100137734855
733;0.09946234886440913
734;0.007382241289783687
735;0.07943881290275319
736;0.018549216597585117
737;0.06584958590294612
738;0.02322592037015188
739;0.04372711556926842
740;0.0397218982368747
741;0.023160162199566594
742;0.08217522984501824
743;0.057326390094936786
744;0.09844242319884572
745;0.07719092751936135
746;0.08933294730156592
747;0.038225808772989825
748;0.048616700028505745
749;0.04389421283687353
750;0.026337668927393833
751;0.09601992342884161
752;0.016974539956310052
753;0.01827377621569797
754;0.07929373471407775
755;0.03127314273712134
756;0.007111529171534925
757;0.05102231215845074
758;0.06542203840059728
759;0.005749607002216717
760;0.033016415998301296
761;0.03275679961915665
762;0.03058546276479004
763;0.039880645426785745
764;0.08532033735987557
765;0.007498357845471759
766;0.055943585331406004
767;0.048784501532047664
768;0.06838183825057417
769;0.0008495469413199786
770;0.08301916452951347
771;0.06199924997091395
772;0.04149291336761943
773;0.007180606676102652
774;0.06843789901007925
775;0.09305237178776095
776;0.06071847634605975
777;0.004642100086182088
778;0.041582050040614583
779;0.0558842524046598
780;0.059014352950567464
781;0.016862614953419598
782;0.01389842532776835
783;0.08093742466549782
784;0.022456443087667255
785;0.03704261410275672
786;0.07793042762951519
787;0.0395640330197084
788;0.09448598944749122
789;0.0990142340173284
790;0.08738220830238703
791;0.03706419668204638
792;0.01807293435689197
793;0.05955152453780571
794;0.08766452378152972
795;0.008961892984468324
796;0.029939930700504425
797;0.022063831820637127
798;0.04432652962786087
799;0.0614527488140765
800;0.028123172561738987
801;0.00428286382145916
802;0.03352301547600766
803;0.025056503295173917
804;0.0142721891632841
805;0.048976603094861404
806;0.03737769253190615
807;0.056797840954212635
808;0.08018030696547732
809;0.0435821178370306
810;0.09155269467112429
811;0.0010743786824458535
812;0.08603839235746973
813;0.05295330745575727
814;0.09002298587552393
815;0.002974321612700326
816;0.08166747786120725
817;0.07222592350442006
818;0.0656637534581526
819;0.0658378873237256
820;0.06311545775342588
821;0.07336256741856666
822;0.07943766790808234
823;0.04787378584653407
824;0.06416632942275824
825;0.07245324310743566
826;0.06910799452259124
827;0.0742258918277526
828;0.05400304606311909
829;0.05616424293634201
830;0.03833654431877148
831;0.022007112970011636
832;0.061252911628008534
833;0.07095000751917578
834;0.01471621486744098
835;0.04815381462404161
836;0.04371572237983269
837;0.00816142298353203
838;0.01163442115115948
839;0.043547274584171305
840;0.0001392505117339571
841;0.063659942223856
842;0.09134729947778475
843;0.0631923514376814
844;0.07489293997461005
845;0.09422014738746542
846;0.03716525987747449
847;0.013653313684754642
848;0.004641964976937008
849;0.09159476738972726
850;0.006419543057391508
851;0.09997996457195024
852;0.049331499810113755
853;0.07660624518835235
854;0.045008337205709785
855;0.0245148410824653
856;0.05370772992678832
857;0.029302225549745643
858;0.08718202880939516
859;0.030917528604496303
860;0.030232945947592318
861;0.015649735477999204
862;0.032115328253982015
863;0.017351652946878262
864;0.05835736017983805
865;0.08559824957199769
866;0.0033156326726491714
867;0.09980389763925837
868;0.014904530232829984
869;0.09235464758599247
870;0.09778724706631185
871;0.06485546957063133
872;0.04479992910605654
873;0.06325189123975751
874;0.049576160007063476
875;0.05822857984844831
876;0.08142188105643434
877;0.05326758262029763
878;0.05540447699045242
879;0.07358094768862071
880;0.07575801871636066
881;0.005631135892111028
882;0.044257097667032945
883;0.04906046743885017
884;0.029685685254895434
885;0.09058259211026065
886;0.06646315726786366
887;0.03500342784068631
888;0.03726875821970702
889;0.01662064377773911
890;0.0975824519781356
891;0.02103400869850901
892;0.07775753280113597
893;0.01787054161778312
894;0.05434459014464077
895;0.06320723331453375
896;0.0480387863472567
897;0.08697685181432956
898;0.04030227700348663
899;0.05522876385280864
900;0.011115045250338252
901;0.08314887953952144
902;0.04390209080531204
903;0.02989162533185548
904;0.014677606208322758
905;0.09155720351938947
906;0.018841053539333186
907;0.05324064551869112
908;0.09485553241863937
909;0.09147081152700337
910;0.08155944631841056
911;0.07930822970571093
912;0.028626616413291273
913;0.06443815760423968
914;0.06750803817961261
915;0.03777986191640599
916;0.08898094538275156
917;0.056118680144253114
918;0.09035734701781384
919;0.02954085756536804
920;0.04656641357451549
921;0.06916999706519864
922;0.01980712330865051
923;0.07256081913496316
924;0.004895617478071723
925;0.08001436497766501
926;0.04126287517440971
927;0.04026916927852936
928;0.04466030759597172
929;0.08748167166848254
930;0.08611771959924604
931;0.039666459410432786
932;0.07264779942617752
933;0.06147292981051144
934;0.0572114416093508
935;0.05934679203220904
936;0.01226322811210332
937;0.07861337356856067
938;0.06582236339479654
939;0.04404961714718408
940;0.07263916249762996
941;0.009849512931904015
942;0.09857935744657587
943;0.08805870876933522
944;0.059208762922930196
945;0.027528444817559474
946;0.07639643303702938
947;0.03920592850308868
948;0.0984886814550129
949;0.010429731847563585
950;0.022321135873558787
951;0.02528419970484687
952;0.07619883184117689
953;0.0757101954878995
954;0.07090895004567824
955;0.0038863407241306216
956;0.028759525176028346
957;0.003530470284437282
958;0.09861856413912606
959;0.08055066928812378
960;0.07930365170080551
961;0.02297408902053535
962;0.010238442760573709
963;0.05550358186098599
964;0.04506692057500682
965;0.09416537491950322
966;0.05210204654008195
967;0.045877532701270235
968;0.09395261982663197
969;0.03072220828346267
970;0.04948219711903197
971;0.049874161082145124
972;0.055669248540230136
973;0.05416047716995748
974;0.06996964443054117
975;0.04732909868193898
976;0.042720898485292404
977;0.09508474543118438
978;0.0790123687160383
979;0.011458929538812968
980;0.08092534824374006
981;0.04814031339252317
982;0.05668797696695508
983;0.08055873587502094
984;0.024192017445667992
985;0.09912267910128686
986;0.057621249482544906
987;0.09119467090044532
988;0.00017171385248881954
989;0.035067653346973496
990;0.08838535073042215
991;0.08491292066816541
992;0.03949506005783402
993;0.05544177798183682
994;0.02077881491001148
995;0.010909951947827646
996;0.050441176724359583
997;0.021252827336768032
998;0.03457592970974669
999;0.08843223437861024
1000;0.06518109912565402
