1;0.08406935782107791
2;0.060452424946087685
3;0.036992942849400426
4;0.05130654799598521
5;0.04962481384071871
6;0.09682918336355593
7;0.06708633832922786
8;0.022235650647895944
9;0.06716074408500114
10;0.09518976193264632
11;0.09837657981752074
12;0.043599543226387365
13;0.015970334398681008
14;0.09385666737863858
15;0.03882981045029608
16;0.05996580932466673
17;0.054140571374442274
18;0.056838370338707325
19;0.0648437477366051
20;0.08899849830921122
21;0.0030663438738525064
22;0.026384820055692638
23;0.031095973245228704
24;0.02855282553586358
25;0.08805253575248556
26;0.06156946542642351
27;0.011153373866422234
28;0.010029593507813584
29;0.041988330587913895
30;0.08833561951187013
31;0.05046173431033951
32;0.04864558966352467
33;0.08872798082662683
34;0.041111707606215166
35;0.0002875843895173369
36;0.07126541262094088
37;0.0035233651492719512
38;0.012102941927352973
39;0.025854157458508942
40;0.0375671498487373
41;0.0866707721189445
42;0.044675492761746476
43;0.0451290320399868
44;0.08858233405731507
45;0.06990542425511795
46;0.04688342082565305
47;0.08646853582409696
48;0.031157667495184695
49;0.004151212910924007
50;0.07778800587746187
51;0.030530587845960147
52;0.005736870660998739
53;0.013894718064256184
54;0.040290405257975365
55;0.03285375475541165
56;0.02175635364149511
57;0.08908076756026231
58;0.05361867060174616
59;0.06219105706688374
60;0.03794416133564552
61;0.09205764615801672
62;0.05505572651985078
63;0.084123082019976
64;0.06410149022988432
65;0.06585828595969787
66;0.060435439982119026
67;0.0206932392263702
68;0.0520375884628733
69;0.07896842596967732
70;0.040023570774771644
71;0.048499573958181844
72;0.0689542882722871
73;0.054816888360346254
74;0.07377928568983781
75;0.061299796558125896
76;0.061382289971774445
77;0.06366977650792705
78;0.031873830713100106
79;0.04676071809715069
80;0.08501680763851768
81;0.06075464159296741
82;0.0747942976571934
83;0.05885342988978796
84;0.06805839670828553
85;0.08018474804588097
86;0.022948187051876234
87;0.041205154257814604
88;0.030672517556055236
89;0.06722597776191315
90;0.05838968154770892
91;0.03582029017093136
92;0.0554635833997543
93;0.05641807116200988
94;0.013617006546458555
95;0.002385671061441619
96;0.07934542274397693
97;0.052294002721646
98;0.08635468301457269
99;0.03638597976878497
100;0.011063088733848637
101;0.015055958888406596
102;0.08648403535370819
103;0.014434539888028376
104;0.0658157816305779
105;0.08929290695645382
106;0.02013634524629553
107;0.06157642068832132
108;0.02119209532779487
109;0.05980653419980955
110;0.03557435473779088
111;0.04210865854007139
112;0.07582748621357188
113;0.04554311711062356
114;0.03876618111297119
115;0.06607262623568509
116;0.05821437730004121
117;0.016999911560946556
118;0.09788809051500283
119;0.07034850431150633
120;0.033478409039994626
121;0.024706837478323775
122;0.024631463381799636
123;0.017367207463340983
124;0.07149187914236495
125;0.041050356768529875
126;0.04995977310733564
127;0.026777879515518258
128;0.0930551896818087
129;0.027858402249407
130;0.07227746425071188
131;0.04624648343651336
132;0.002603804418661071
133;0.014944432401412678
134;0.07774278073626986
135;0.06641010894333448
136;0.0924033645940216
137;0.06878581206858068
138;0.057522538908181015
139;0.035652347405297935
140;0.05585529933339981
141;0.08476348604993417
142;0.07212512540869152
143;0.024564776265203904
144;0.09562860938368462
145;0.035526896572025644
146;0.015123379244155567
147;0.015001483572931618
148;0.0599049592306108
149;0.06416405776306432
150;0.059329739755467584
151;0.04864455437648962
152;0.02100429143056294
153;0.023297167196110413
154;0.07804227790342694
155;0.01814939642450333
156;0.04292135842468391
157;0.05259966745660667
158;0.01658554713208804
159;0.06647750081338323
160;0.06444899749052037
161;0.05661980920372467
162;0.05940734837870322
163;0.04440037518970137
164;0.021771185579342402
165;0.07979448223080964
166;0.09809571810150339
167;0.05300568567401331
168;0.052214407267956356
169;0.02209033633858365
170;0.06108839736378194
171;0.0553721754779623
172;0.037625671222868876
173;0.031826353610903226
174;0.03006157182226893
175;0.036357467886064414
176;0.09893439355226917
177;0.020680311997831158
178;0.06734292341110422
179;0.09022947936928163
180;0.08451121603698983
181;0.030903000842595542
182;0.09710977656205402
183;0.03476246868800618
184;0.033728457448650176
185;0.054873251175557795
186;0.02501090106797567
187;0.09083562321277329
188;0.032893753326780815
189;0.055399411813340765
190;0.09731282521796553
191;0.04163792646205389
192;0.0697447166431391
193;0.016635569919460146
194;0.06543863341382933
195;0.018496320640708764
196;0.05610789791490585
197;0.09490221767652009
198;0.03680085639451713
199;0.06211915690622234
200;0.0033855513197108113
201;0.09874218485172664
202;0.0980911737003477
203;0.09654329769493664
204;0.03997122469169321
205;0.014928410871227094
206;0.03384095685177111
207;0.0324381164363674
208;0.020013668731050274
209;0.07876277916477996
210;0.0018566926223580584
211;0.08429305631434213
212;0.03440641293816562
213;0.025641771838858796
214;0.039542011743479315
215;0.05795979136486226
216;0.0379898468178129
217;0.007740949039091516
218;0.03504670497160091
219;0.07505377213757707
220;0.03728209529292089
221;0.05693818607666606
222;0.006533404430367685
223;0.034066858164957414
224;0.043147678676923276
225;0.06195972459440611
226;0.0733515346730233
227;0.023014101054045746
228;0.005037752749806202
229;0.03184471437062735
230;0.002955241402149822
231;0.042076680874294364
232;0.058834676215488324
233;0.02815160404775585
234;0.0439211936196015
235;0.0020879301312591416
236;0.08521258464407495
237;0.030964928378341628
238;0.0661296694763872
239;0.010302431858621975
240;0.08042441180256261
241;0.06639155742956467
242;0.055138372415974725
243;0.07713776538587286
244;0.07403531032395248
245;0.019738867302154506
246;0.05974820182607402
247;0.015437056749262379
248;0.06363487661435671
249;0.005695567094077036
250;0.021443575056717158
251;0.0794260506153341
252;0.0009161848363802073
253;0.022651541249957052
254;0.06525200910104999
255;0.053506638215712325
256;0.04004573070185106
257;0.06732291982146364
258;0.06547228976266253
259;0.01871460569805289
260;0.08434726942174497
261;0.03529001254612072
262;0.010639316046629778
263;0.08217169021439652
264;0.045679103202671725
265;0.09297805557102795
266;0.0871742514083728
267;0.09826718056363976
268;0.046017119939674424
269;0.028737422666264303
270;0.0855834847460642
271;0.025845198448020235
272;0.08095363878275623
273;0.031703763191806913
274;0.031317252310885814
275;0.03592543346313017
276;0.03438370822026204
277;0.020434637789176105
278;0.050535282273534834
279;0.02836858461028237
280;0.05456267666219779
281;0.051286639543297756
282;0.03811684841339792
283;0.07560499483760616
284;0.0689061486554391
285;0.06580696331594099
286;0.044063720062125514
287;0.040146620143386505
288;0.09972528403077363
289;0.08578973434334819
290;0.0005648972646163487
291;0.09957646846517404
292;0.09030440490120047
293;0.03682871158731055
294;0.029016049445777816
295;0.010365445338161073
296;0.08612281119016016
297;0.075592734605489
298;0.056566163045777454
299;0.03328082834372446
300;0.07541898965491284
301;0.07798329908000191
302;0.0886167396522691
303;0.011954063665847848
304;0.055284335298704516
305;0.01939602124964376
306;0.0730760049676742
307;0.032837465523882524
308;0.057364964079399776
309;0.040174380369088394
310;0.015685199906368442
311;0.04264620304785284
312;0.02012577425394634
313;0.0716340929575665
314;0.0875571977818645
315;0.02099642037016111
316;0.01343529451046449
317;0.036966099233932015
318;0.0198824646471486
319;0.04754582079432638
320;0.04411392826371864
321;0.08655439178114316
322;0.0841038777271892
323;0.05947724871586463
324;0.04345194145260881
325;0.05139859010938659
326;0.0023322294373999243
327;0.0026011463617887755
328;0.03642245820819572
329;0.0792508413461277
330;0.07543583223932943
331;0.09486882083491738
332;0.0074810532388144835
333;0.07592447162801386
334;0.012816743263351372
335;0.08230416533602847
336;0.013600229245890494
337;0.03745093547008708
338;0.011720557622853067
339;0.05255038063073697
340;0.09782852326276284
341;0.00032762763742359984
342;0.02232188867906757
343;0.09064814429418322
344;0.09962930828409176
345;0.0703122296953456
346;0.0606251664675414
347;0.06999776252577122
348;0.018177934438425414
349;0.0602402441593489
350;0.05435779013824125
351;0.0892977618550625
352;0.019938939930252964
353;0.09223683591812847
354;0.09779817909653854
355;0.08620095017639148
356;0.031114116577265427
357;0.059817530487203265
358;0.06768865880137552
359;0.04741801643519858
360;0.05834733493588823
361;0.059106188849538326
362;0.05689030491393496
363;0.04687052914215929
364;0.06921798747155704
365;0.0274350970729383
366;0.04606693788270766
367;0.09584092481012263
368;0.052472477152017895
369;0.006099702384559747
370;0.06690631987264989
371;0.03136701743916481
372;0.02733326317024486
373;0.022895512342394467
374;0.027014601658370718
375;0.016997736349964033
376;0.024827250255811662
377;0.023411893311037015
378;0.08129985227085576
379;0.05036590469633521
380;0.03548012983482535
381;0.03560699025211579
382;0.044295335999554424
383;0.0924747432934425
384;0.08212657844653992
385;0.016390978019451153
386;0.06360215141399887
387;0.03738058689264562
388;0.025959198382733906
389;0.010732408051938914
390;0.020991671014188862
391;0.09501327795865207
392;0.038973217489310034
393;0.07938382746540412
394;0.038856405675857665
395;0.05882328125167757
396;0.02415643521029445
397;0.06556236275645015
398;0.043783748907683634
399;0.05544731918847495
400;0.0799412749826746
401;0.023259381180382156
402;0.03201793099784433
403;0.01225334493034902
404;0.08606117001951633
405;0.01442436847245119
406;0.07992315266856508
407;0.021018056989712465
408;0.01909028828968559
409;0.057661645316125804
410;0.032078015009745935
411;0.013197887728831327
412;0.07396630894554561
413;0.09804361963586566
414;0.03871356915205013
415;0.007938800324402352
416;0.08263157524061684
417;0.05914594769351045
418;0.017649951535726505
419;0.02644186741200859
420;0.07222474634460826
421;0.024266229439539978
422;0.07378322847625045
423;0.012800459828597288
424;0.08299148577274189
425;0.003803456715502407
426;0.09648890824513752
427;0.07811332054486896
428;0.08963145373290676
429;0.04501470583025771
430;0.09876637516115724
431;0.02972454655920881
432;0.09223522387534774
433;0.00515722263806212
434;0.02528611818179989
435;0.04708000552917111
436;0.005311938617912493
437;0.021458423821647112
438;0.05408881127581575
439;0.031209868926789588
440;0.05261102126966845
441;0.04077175472067584
442;0.07294712710478568
443;0.038766330538130514
444;0.08012885893641525
445;0.004242533468383114
446;0.04056133262361305
447;0.07109410623340266
448;0.012374020858664592
449;0.0186176394259159
450;0.06192039051782239
451;0.08765509903419039
452;0.09777677268742091
453;0.010091887372437304
454;0.09257447523516231
455;0.026404488260950033
456;0.09743328925440652
457;0.04124286208315264
458;0.027317849910838223
459;0.09835415193551819
460;0.08987815496444129
461;0.033340737766406225
462;0.08336657561793465
463;0.057886481782811486
464;0.09128587496788816
465;0.004118765097144284
466;0.039764018592935074
467;0.026195683103623538
468;0.03809676890032974
469;0.0732685355312957
470;0.05205117399680285
471;0.024894537301146626
472;0.01380846682634821
473;0.00809237862728529
474;0.03461355134845582
475;0.004149998952515966
476;0.08144935461805682
477;0.08335557191445025
478;0.08267901674892777
479;0.08321963725323067
480;0.044383860947989684
481;0.08382018516946826
482;0.026010454174765843
483;0.04181151640336272
484;0.013299113264227847
485;0.08444320766065971
486;0.040587170295213915
487;0.08200977882017821
488;0.08371651240464142
489;0.09456840246271103
490;0.08944894252845444
491;0.0989142673819203
492;0.03891068325799845
493;0.0744939911317564
494;0.06368390896353392
495;0.010973173806960536
496;0.019069494010227696
497;0.047063669663802744
498;0.05081931985795355
499;0.01934287918809008
500;0.0029246636173899778
501;0.030586306762098815
502;0.06561556044859279
503;0.09995716095600513
504;0.011212917824110902
505;0.05864796393061653
506;0.01122533385611385
507;0.09764444315706339
508;0.0009910841621587063
509;0.09544739171051084
510;0.0869977290661285
511;0.04590105000089395
512;0.01702369782731408
513;0.09333201266796133
514;0.06372756249169126
515;0.04292174713454836
516;0.005659184853970745
517;0.04343367737946729
518;0.02829564659122913
519;0.06436554736693915
520;0.09885387568017216
521;0.0937554581208098
522;0.056703965139748735
523;0.03464089000107334
524;0.0621319792079429
525;0.09567381004856053
526;0.07247640051198789
527;0.04632033213877326
528;0.056054732471863926
529;0.0917900484588376
530;0.049226423834362314
531;0.08127181393512387
532;0.032137160682107334
533;0.053892498521005555
534;0.07297452006816575
535;0.0390542070079628
536;0.025822099175687754
537;0.08819633951507248
538;0.060623158329831756
539;0.0032517445527515346
540;0.02394951089634704
541;0.07463083773364253
542;0.04036594388223841
543;0.03453494720929706
544;0.011180691325337534
545;0.0131180748197956
546;0.06406609171222637
547;0.06223154922592377
548;0.05796271757255061
549;0.02232755745357029
550;0.05368195210641829
551;0.018022532998750007
552;0.03499315232318994
553;0.021179067366284877
554;0.041780069430198186
555;0.021118438666468987
556;0.06945823383736222
557;0.08404514118958178
558;0.08205297795529592
559;0.07399101781071923
560;0.08357491528781022
561;0.09905178347557211
562;0.07762256751026596
563;0.0970453882935453
564;0.02338353004305406
565;0.08454980984150175
566;0.07748297020130118
567;0.05226583877056482
568;0.08755828297481688
569;0.08385400387327291
570;0.01772729197550036
571;0.07579723554146969
572;0.08019138530449758
573;0.04914686387861227
574;6.711896625521963e-05
575;0.008399552441926595
576;0.05932464227043376
577;0.002499703876311654
578;0.02865228550984693
579;0.09096960051666196
580;0.029666375686925095
581;0.07817654107283002
582;0.055463508929489085
583;0.054242182262214715
584;0.009283897769234472
585;0.051355573113719626
586;0.06884276084623722
587;0.07317196790919861
588;0.034628482880012544
589;0.04570727256465745
590;0.0028248853330892776
591;0.037959932005818445
592;0.034391766919244615
593;0.09314027437928656
594;0.06935906447055168
595;0.04887713938218753
596;0.03764422442876519
597;0.08037115288930284
598;0.04563438906593116
599;0.08437571233687863
600;0.017884123903117135
601;0.02447258251771224
602;0.04799222284792035
603;0.0029720639021373787
604;0.09682518486715501
605;0.08173485922949242
606;0.04960246718048104
607;0.073819506592518
608;0.07475713299213954
609;0.057225699721826964
610;0.08529328996460848
611;0.09409845957665447
612;0.08732589686583758
613;0.0972334035911303
614;0.017255717780427882
615;0.09167209845820719
616;0.09988507571614844
617;0.0987564192642772
618;0.04948580683351059
619;0.037191657034127655
620;0.0067747926103994055
621;0.08882361021749857
622;0.08557096074962514
623;0.09645551053406777
624;0.013178924546454774
625;0.07529249380056788
626;0.026338916904618228
627;0.018721312935747005
628;0.04758957941523606
629;0.04488550305596968
630;0.022032373372533054
631;0.07718663345496138
632;0.09205971355201464
633;0.08779111635043224
634;0.03246709400257543
635;0.05950311063340147
636;0.004191004112168307
637;0.07061729363908825
638;0.07394656702762863
639;0.01083966501735535
640;0.08537960960314127
641;0.023751810720691924
642;0.09940653644239139
643;0.04693379770056272
644;0.09164477622357015
645;0.056867618323038154
646;0.09485909369543404
647;0.08603926463736952
648;0.056777435541298917
649;0.022461941536043264
650;0.03729810930603277
651;0.05003921772649499
652;0.027976586626433965
653;0.02900420830245917
654;0.05348884848116675
655;0.07191894993412688
656;0.012654368583527743
657;0.021721351936575317
658;0.045177207233490925
659;0.015026261774594396
660;0.09004428121508871
661;0.08865599286105169
662;0.07984558986755623
663;0.09228610798684234
664;0.02913399243770919
665;0.04027813947611893
666;0.0937415369158049
667;0.06730868855770629
668;0.05924619141299847
669;0.013814870267022494
670;0.06273169370027117
671;0.0455353248000868
672;0.02619174615662523
673;0.07994344776095604
674;0.00010019405710668395
675;0.08305239191850815
676;0.03159792429851573
677;0.0930958395329693
678;0.00884555028591003
679;0.07258930474829077
680;0.007417956905582113
681;0.04251826686729113
682;0.05523681598698182
683;0.01528321398990319
684;0.060422354258373424
685;0.09223128357499802
686;0.013569539309286638
687;0.07372732526271583
688;0.06800144300353443
689;0.011711515319186872
690;0.019739422090230732
691;0.030450044987313574
692;0.09176831360719995
693;0.06764022432494658
694;0.036295228964340724
695;0.08073668403019552
696;0.016596620272044806
697;0.06817047570529691
698;0.08765148344927606
699;0.025040933333736227
700;0.07735316331301675
701;0.09960035246576224
702;0.09597664691308053
703;0.08220150861988203
704;0.014657747971742175
705;0.036445896619216434
706;0.053256794512539334
707;0.06682574688672614
708;0.02978890410699502
709;0.07696355905455364
710;0.09896771699855694
711;0.012053788922976783
712;0.05641096636177515
713;0.03178822836416043
714;0.016134821651827926
715;0.0374048304773153
716;0.0738008480473204
717;0.08262298192334477
718;0.07879624847960899
719;0.04913093435963211
720;0.09241332805539873
721;0.06309657577529533
722;0.08344784096222113
723;0.08383220664996462
724;0.01685444817688844
725;0.026100271395660925
726;0.01080615399275149
727;0.08975416603770316
728;0.05133798306087346
729;0.07778769281356678
730;0.03889500012843447
731;0.07408147864838328
732;0.0961524734170383
733;0.07317849324295762
734;0.09995351963024124
735;0.054929544794209396
736;0.06052461772803417
737;0.00036711220097784825
738;0.03330029660747641
739;0.010964544482300442
740;0.08818445685304394
741;0.09102108163206313
742;0.05463331432320025
743;0.05403249422237136
744;0.0356636751028135
745;0.03849578678408955
746;0.03866624015250654
747;0.01826958980094685
748;0.029943919166919054
749;0.03168422682713997
750;0.02571341624463318
751;0.01885767233481216
752;0.044830541955431284
753;0.07749789677279298
754;0.011944958823273911
755;0.025760605749617818
756;0.04765832518580587
757;0.04008626707800683
758;0.09465437493080425
759;0.067546491236803
760;0.06396099745126359
761;0.07769507047000392
762;0.024960045477382842
763;0.07192717437667477
764;0.03399244151294319
765;0.05849387647825408
766;0.09539343709752979
767;0.02880720445372048
768;0.04365464868716758
769;0.036852894470666364
770;0.08302825818148207
771;0.058567984943970745
772;0.053905953806627785
773;0.08219579118882138
774;0.06564440196708786
775;0.01036803577287383
776;0.08288366054612173
777;0.04377914396762083
778;0.001190512310182035
779;0.06889315094145618
780;0.0586395185285458
781;0.01130231876996124
782;0.04715287244548155
783;0.09594938627763955
784;0.0710102880269415
785;0.03839047006429173
786;0.0738567917635651
787;0.0069052305579838
788;0.05055780456639861
789;0.0992168140057428
790;0.06541613658666451
791;0.00947019791272724
792;0.08430302494682516
793;0.04283584516987818
794;0.03127010394629302
795;0.07878073611523431
796;0.09856100072089323
797;0.07258249116562258
798;0.055650677141911464
799;0.007348500558120141
800;0.030296137509193743
801;0.08811253160085486
802;0.055003291134595095
803;0.03712625805223675
804;0.033122721345440774
805;0.09738099188851357
806;0.09538640027309164
807;0.0717472146733967
808;0.026060563972180942
809;0.04370032246495342
810;0.08275259317687589
811;0.05840146735795093
812;0.020049667095563106
813;0.05599250172564917
814;0.048544968558205885
815;0.062097645784258304
816;0.07102560487434792
817;0.06238795300265604
818;0.005665643518049557
819;0.016319392751317587
820;0.09772521251181997
821;0.0735219792073765
822;0.030089271765548178
823;0.09490933683825889
824;0.007619624347031651
825;0.05046047543402957
826;0.06940553275372359
827;0.001860343976322676
828;0.07961453524162751
829;0.09018759107086184
830;0.002535928143252575
831;0.03136096314955452
832;0.023056087472947275
833;0.06621086277957777
834;0.04232432637052246
835;0.07462680586101617
836;0.016038034284818526
837;0.09002456886004939
838;0.030114000046542733
839;0.07405198133972328
840;0.07019451796614157
841;0.024172942042328272
842;0.08294445104853966
843;0.07789451326572426
844;0.012954937415763701
845;0.0195616550879429
846;0.04450031655802649
847;0.0660119407140255
848;0.09678538531433789
849;0.0977049815363845
850;0.028619787909749596
851;0.007300996724808906
852;0.03668956800481828
853;0.007682114664791229
854;0.04682872599369036
855;0.06844144755199964
856;0.08024987048403835
857;0.09124609631896885
858;0.07819066261906238
859;0.05454694664740472
860;0.020537933652831034
861;0.03301408699565951
862;0.009666814408817849
863;0.06805083080582829
864;0.04470790734244944
865;0.06991316998535736
866;0.05728417627183679
867;0.026357944771981057
868;0.09290707807468618
869;0.039428471522718535
870;0.05743681025334092
871;0.029072343855819173
872;0.08082375675215614
873;0.09621058799476964
874;0.07797245633748953
875;0.0033367313823621236
876;0.0024117108861364533
877;0.08251186367429066
878;0.027878966860823307
879;0.035726078746517696
880;0.0070385191960178894
881;0.03194500183031947
882;0.062123377253255146
883;0.059852958683185534
884;0.045633163491171747
885;0.02686145247980396
886;0.09258786989470798
887;0.009272125400389552
888;0.09401450407652134
889;0.00873147447505016
890;0.05094089133948668
891;0.0674484274550594
892;0.07998099581510942
893;0.0098944661817299
894;0.05534186540500011
895;0.048763075668112714
896;0.0004324825385982334
897;0.09995817904433428
898;0.09094105753217618
899;0.06982936652165751
900;0.05550646300685901
901;0.0042362745575234345
902;0.06719515334208905
903;0.08145249695044061
904;0.09174742324442306
905;0.06418823637822423
906;0.007688260560681093
907;0.0027572067954055204
908;0.09612725888920659
909;0.09493802407167579
910;0.07082583434807713
911;0.08674473774051625
912;0.07065868613187283
913;0.02824040139378009
914;0.07988347949468158
915;0.07920432813992699
916;0.06412563465505026
917;0.07505713678937041
918;0.013730194394068375
919;0.02581888263724881
920;0.034204914834590865
921;0.005834460906198058
922;0.06489241578392277
923;0.07687573516166346
924;0.07577472762728178
925;0.0013551578506876495
926;0.05992646335080749
927;0.07489377102388355
928;0.010014169737314938
929;0.08795553450719806
930;0.03646643777331239
931;7.129345528610332e-05
932;0.038195194378667065
933;0.013173138388184003
934;0.01966471968303503
935;0.09926132103447396
936;0.06821721075264979
937;0.010900535047815641
938;0.005085833491416414
939;0.01748840982744132
940;0.06653842184368063
941;0.09144313080557517
942;0.04265455705963609
943;0.0776411770534558
944;0.053365759660441936
945;0.04764041282845748
946;0.09520964832040013
947;0.07393588031837182
948;0.03193724951049237
949;0.053951899961552065
950;0.09628586736715206
951;0.024329512877842654
952;0.09041069551667404
953;0.0063958061499631465
954;0.08453795338717425
955;0.06323959578361932
956;0.08428741881313276
957;0.05694612257585801
958;0.026741185397309766
959;0.08328122383371547
960;0.011748145164508929
961;0.032935959996766316
962;0.05773273610349805
963;0.01247480877381837
964;0.01502215831731254
965;0.02499366110633099
966;0.04584184002297553
967;0.05115220092100314
968;0.0708193699662049
969;0.009155044748745634
970;0.03537365155264554
971;0.015867710175250748
972;0.007138526536763612
973;0.01231373023038781
974;0.05580722731973142
975;0.02769406392959091
976;0.0936351650619483
977;0.05005712265615915
978;0.08180442081971527
979;0.03112926062769015
980;0.09924859161686705
981;0.09466379236640965
982;0.07831342911338107
983;0.005622473792061833
984;0.03188292619724421
985;0.07797511829056779
986;0.041533933836208695
987;0.04096134657941365
988;0.017626881967657392
989;0.053707788222016106
990;0.09231099366839035
991;0.09085559973896962
992;0.017299668040254835
993;0.058848134601929114
994;0.09773829243648215
995;0.040175635134857016
996;0.0025388224164966666
997;0.05786726415881636
998;0.03821606004587075
999;0.030634069255966935
1000;0.05829553718879837
