1;0.05615093187714013
2;0.1946207781073006
3;0.1330408181089313
4;0.06893061406819093
5;0.003436901001560555
6;0.004212094049302984
7;0.022402451575245452
8;0.01499729699721053
9;0.19321343460628188
10;0.1795276127613383
11;0.11990043027909669
12;0.15121989484009168
13;0.17935749459961736
14;0.05997843646917907
15;0.11405842932559979
16;0.14752602696977152
17;0.18430355034090806
18;0.09424688186782466
19;0.14497927973473188
20;0.08316622189377279
21;0.1314527452930767
22;0.0705372045604784
23;0.1802203865798962
24;0.0745369034903508
25;0.10950023836291856
26;0.16137018853594845
27;0.11779974399207976
28;0.14826016219166055
29;0.18604116778471014
30;0.09096144756731439
31;0.17648987935511262
32;0.11693340513469988
33;0.03409525807076037
34;0.09767772852665833
35;0.03945007363244471
36;0.06821352116472348
37;0.11291347264807583
38;0.19749294375600213
39;0.10291696809037774
40;0.12255765348446442
41;0.08984811852894839
42;0.018599479669806376
43;0.1513164304685456
44;0.019973561270345355
45;0.15505318818106517
46;0.028423392190324415
47;0.12216686240218533
48;0.15841623557215462
49;0.19864583024654425
50;0.1341420298854548
51;0.08004887315996781
52;0.17954301674958664
53;0.06927941010134252
54;0.045908858673848446
55;0.15543331305504857
56;0.03413019016152088
57;0.09045568988171869
58;0.13201943712240274
59;0.17085596987418306
60;0.19416794618089955
61;0.18488093331712407
62;0.11160789477165858
63;0.0699863821863435
64;0.1082682469683304
65;0.07872089345707295
66;0.1531418355752613
67;0.18276824342128972
68;0.13259907692494227
69;0.0540860482362161
70;0.1153546687676823
71;0.06862321410229176
72;0.08366010155055628
73;0.0474639230952304
74;0.09904074288006524
75;0.13616476631916744
76;0.13309458627279025
77;0.18171368502846663
78;0.11303573894458757
79;0.09349585016860638
80;0.02206438108736617
81;0.1213081065299923
82;0.1249361426467164
83;0.13445256940587208
84;0.032661514810624785
85;0.19010918368526075
86;0.11427037714013842
87;0.1763965688038041
88;0.12258266140146144
89;0.01412256156776024
90;0.14220525852103363
91;0.18735825063467482
92;0.07940400943364381
93;0.16586793398289196
94;0.17429901464923028
95;0.16612282521273464
96;0.009548103345625104
97;0.10496498571994167
98;0.10546792911332659
99;0.17319131692142414
100;0.15901955888241726
101;0.0191044819385495
102;0.030648832097060243
103;0.09129898844522054
104;0.18351309345233163
105;0.09120906379074699
106;0.12367067010492466
107;0.05845529911688285
108;0.04047155591232254
109;0.05192098267296426
110;0.08833541612931502
111;0.08371811557966907
112;0.009359636375838032
113;0.18041337487567521
114;0.16309844275860963
115;0.09113360329421956
116;0.04851084375114714
117;0.17316317975084336
118;0.18584354969093475
119;0.04891791654208275
120;0.01481443543906551
121;0.08886905099778708
122;0.0332815873272476
123;0.07847735421780769
124;0.1594971969921898
125;0.004289114097662972
126;0.059663662325040015
127;0.07330427098433967
128;0.14783276802818418
129;0.09876537226333411
130;0.06805247597351859
131;0.06429066221023656
132;0.0782732690134837
133;0.04461439655436927
134;0.0038985752385286344
135;0.1322165041926867
136;0.08897461390467043
137;0.11762332476279685
138;0.02392976857487239
139;0.16482789091969208
140;0.12269243121219969
141;0.06757433514011528
142;0.08979877218735506
143;0.16020773121769064
144;0.19463805342531326
145;0.1433723208194134
146;0.13321483451397712
147;0.014620393761441154
148;0.030464288719680946
149;0.015521316594713853
150;0.19755102567560312
151;0.13525542419483585
152;0.18240366243770384
153;0.006123765945199833
154;0.13818092786734235
155;0.07604088927464872
156;0.09227987838332848
157;0.1390814719111435
158;0.19723802419438813
159;0.11765308939001702
160;0.022000322840047406
161;0.16872891402768087
162;0.18393363612086078
163;0.0880053723358168
164;0.03058875774225467
165;0.12959988216016902
166;0.12975342800653228
167;0.010300463339126865
168;0.08229789349847941
169;0.154084466333699
170;0.13795439949016647
171;0.07437302249425704
172;0.18253294320342403
173;0.1837586685794104
174;0.019914001051304656
175;0.1487553458023367
176;0.11411632707229369
177;0.08586226139268277
178;0.12059880681229118
179;0.16503818463581246
180;0.15812521478876898
181;0.007654118087463746
182;0.07637199495618932
183;0.01754087830446045
184;0.04857884101717134
185;0.16084296018480818
186;0.038073315852286044
187;0.19573963077182732
188;0.09769638912346766
189;0.09760768663190185
190;0.024605888927887842
191;0.06415904943533812
192;0.1670009047243092
193;0.12555953438929024
194;0.0537364271129271
195;0.17105872291795962
196;0.11768745940386088
197;0.04010317196437785
198;0.012736051369134294
199;0.029277132216848047
200;0.08906405641788478
201;0.18293455490233973
202;0.15654195742521004
203;0.16702698878789843
204;0.1055679817719017
205;0.02083768154150503
206;0.02159485089177653
207;0.08589608183103999
208;0.19614628517019062
209;0.12780417160902668
210;0.11768434634852541
211;0.15998702123623976
212;0.019785861569318587
213;0.045061704531430685
214;0.17777758927756335
215;0.011573668892766809
216;0.04160697143391992
217;0.003850138887070154
218;0.16005249773434935
219;0.06979254251917433
220;0.12092795788418105
221;0.0760008414469253
222;0.14996075226092326
223;0.18746896381477096
224;0.14047743519929098
225;0.06975182628001782
226;0.05102141551262358
227;0.19550394565578097
228;0.013870473570681476
229;0.06372341452058443
230;0.06476871655267656
231;0.1432796615276573
232;0.1882346365201112
233;0.04516264124216063
234;0.1498884067834821
235;0.11839441934514937
236;0.09504002808447831
237;0.03750551938298133
238;0.0437126055692751
239;0.09828248183339211
240;0.10468625896013312
241;0.1464662910782245
242;0.011619173103578517
243;0.11964565865183784
244;0.055567646646996344
245;0.12573861332665248
246;0.0822940163581669
247;0.14504038972904038
248;0.09583104591052326
249;0.17801851942946947
250;0.004412468301240091
251;0.15270525988098396
252;0.0028431417289094263
253;0.05494410330944519
254;0.11859278992019227
255;0.052437035353264695
256;0.0035602548608058004
257;0.025511305949108
258;0.057228212113140754
259;0.14942143098703445
260;0.10629104640487855
261;0.1279611763999577
262;0.14996927183716746
263;0.17949564387779
264;0.13388458236972342
265;0.06192016979016479
266;0.017713428035100034
267;0.16526887225361864
268;0.07155045355817151
269;0.11761555863430724
270;0.04824346140621985
271;0.048453995829261444
272;0.1469448694356343
273;0.1640645956185972
274;0.0929326773411524
275;0.19600564658637112
276;0.029458111629020657
277;0.03515154303795134
278;0.005661786932409929
279;0.011424576542508946
280;0.18495764904126216
281;0.08193548543976177
282;0.16889595017713338
283;0.042963153990219154
284;0.19295307222478256
285;0.11568062419981998
286;0.14626104779631757
287;0.04340794784700879
288;0.04155266747441244
289;0.15082080043517615
290;0.058577406826747086
291;0.053372060352057306
292;0.16853570544381813
293;0.14061570523820976
294;0.1509812483181554
295;0.136342298820972
296;0.10546280497790098
297;0.01968701455033908
298;0.1507620128881365
299;0.15734575591748537
300;0.08078718062457407
301;0.12080590430214622
302;0.04049267554627348
303;0.0638835404217301
304;0.13530038843776443
305;0.14108690905976662
306;0.05183742621897061
307;0.07856129545607411
308;0.12410615956776186
309;0.035635837946835
310;0.07114393067110905
311;0.05778582982934273
312;0.17202714924786766
313;0.11578709800403271
314;0.14374344394007785
315;0.004972076130009673
316;0.1635026222699078
317;0.028186656859768268
318;0.09923174769890647
319;0.12183703919453961
320;0.11832944123331016
321;0.09696587218888864
322;0.014779085641797685
323;0.18532325696928692
324;0.084571061775014
325;0.17579660224852267
326;0.10797698009322826
327;0.0079299101007281
328;0.11372174590173748
329;0.16949640592486162
330;0.1222365597587787
331;0.16747602247730717
332;0.11734107510463042
333;0.11749533632016325
334;0.1342417066200528
335;0.15948708168015036
336;0.1362341045903904
337;0.10316855823573468
338;0.017379026755573613
339;0.010998753757680335
340;0.007215850229585219
341;0.1405486441751955
342;0.17737920169692942
343;0.07013845095285608
344;0.05312204604541107
345;0.17007357305181217
346;0.014993688998778088
347;0.15143763433238258
348;0.07702524905264518
349;0.024458241838876772
350;0.11120434786599319
351;0.14766650808093404
352;0.1411547585780528
353;0.026747574611023374
354;0.1576554517705833
355;0.09240680437716085
356;0.04874026997913841
357;0.055853133408553135
358;0.038849331453961966
359;0.12183132910398942
360;0.018266460282023257
361;0.026522144542733453
362;0.03220239105168534
363;0.09133265545682297
364;0.042101344752219855
365;0.1457008085964358
366;0.15800732489326105
367;0.19202069459274895
368;0.10459996437822738
369;0.014064023851824281
370;0.0029139688322806115
371;0.02515037602580319
372;0.066408552479832
373;0.03527663466550246
374;0.19554999336556533
375;0.01600621631167416
376;0.12239011278267392
377;0.18164562705046994
378;0.00027553533691471177
379;0.11630966685044358
380;1.3039897743105656e-05
381;0.1798531092313139
382;0.041878196953730566
383;0.02829637732302446
384;0.14184565915371727
385;0.020207203741460303
386;0.0003125425547986893
387;0.14121445803155705
388;0.032490007153706424
389;0.14908266400213066
390;0.005565115913818298
391;0.013033943036630524
392;0.16150582356474064
393;0.17709216711502204
394;0.19879756918281624
395;0.15362543446773136
396;0.021276243507336635
397;0.17618151538698645
398;0.05571082359078919
399;0.09206794358052357
400;0.09556766499633539
401;0.09272073774947974
402;0.09655643361020401
403;0.010069665750252211
404;0.09378867826854438
405;0.16734747179482654
406;0.03360174012211541
407;0.020643364716791204
408;0.18105884347453594
409;0.17156987116495098
410;0.0037240874972860553
411;0.04753045230748392
412;0.11898857222457021
413;0.10472757816477588
414;0.02614181753394225
415;0.00893682395647919
416;0.17409963057408784
417;0.022027365664117827
418;0.059891412200562204
419;0.06966478957408816
420;0.1567044357591182
421;0.018538486815336718
422;0.15175852920296495
423;0.17403351006750506
424;0.018650238800323883
425;0.15495920622839765
426;0.13936578715597595
427;0.10223087488378779
428;0.18169745016827166
429;0.18152066803487585
430;0.04735652155168362
431;0.024815081515356385
432;0.08611297652041996
433;0.017500694984082864
434;0.1770096265861705
435;0.022313370487298447
436;0.007442384075937492
437;0.10589942694466664
438;0.09004006704928463
439;0.10816668351488279
440;0.051458185243886324
441;0.09151081786530997
442;0.06175769129908135
443;0.07419706096673324
444;0.10151067500242078
445;0.03288472891336996
446;0.07808996407406413
447;0.006153819621401113
448;0.0776709599844041
449;0.18830134616655061
450;0.056393155444120005
451;0.10386063001712387
452;0.0023184037383758628
453;0.07992031197688572
454;0.10524463996367109
455;0.14095481247874445
456;0.10373361857059366
457;0.040266432477692286
458;0.15973355975596804
459;0.08580194506934091
460;0.1849555239940179
461;0.09142167639996733
462;0.05187069754188947
463;0.13459654758299902
464;0.024529168091642364
465;0.15066663468633382
466;0.14832237168663834
467;0.028602599690965194
468;0.02862733874916339
469;0.009040425651214212
470;0.13584351281722448
471;0.03130157330760717
472;0.15049193157138052
473;0.003426152498906876
474;0.18465619744750575
475;0.09470076196832851
476;0.02077921179654765
477;0.1535369536789093
478;0.032288796688807644
479;0.14811558277118006
480;0.04813902052647876
481;0.13953287929130911
482;0.1480543541316159
483;0.1307597045577403
484;0.11598026012103023
485;0.08167242775601147
486;0.04428139446729589
487;0.0324899311223738
488;0.19250074871019754
489;0.06562487529612603
490;0.18891703275481805
491;0.13405889160829887
492;0.17840655064876926
493;0.030743808314216747
494;0.19332487410543658
495;0.043392836839571625
496;0.10548684574788858
497;0.06265657337724802
498;0.1746246544038827
499;0.07075223400595068
500;0.002950667937588492
501;0.0714464823648779
502;0.09836632411675039
503;0.011647960716848461
504;0.15256006379161458
505;0.046183524205469076
506;0.07984324835639917
507;0.17716047885687602
508;0.13927467007468364
509;0.1956587933224434
510;0.08277308165529723
511;0.059136337760383274
512;0.12317037445896284
513;0.007861887563628779
514;0.18098108266863158
515;0.07909713021969499
516;0.182093242512676
517;0.02338454643168051
518;0.054475606290533544
519;0.11050620462547378
520;0.08853377747786964
521;0.09594779766101519
522;0.05875108246023358
523;0.05729470661147269
524;0.07776790744850799
525;0.17078678322960442
526;0.03348753445706774
527;0.15127876491176281
528;0.14406551180234775
529;0.04634683380000713
530;0.08974383442743852
531;0.05822340278709857
532;0.15583847240099968
533;0.0981563913645392
534;0.17533323000005088
535;0.16108336784896882
536;0.03243473555865178
537;0.0964924600624483
538;0.1179290575611735
539;0.040210497477976254
540;0.16470735284324206
541;0.0927648239925602
542;0.08173541602430978
543;0.16545447532815238
544;0.11003815176059556
545;0.1973485051469557
546;0.1897811252878493
547;0.06955457896375009
548;0.10449253215118204
549;0.06147176411401341
550;0.18763129035292173
551;0.19514391343345044
552;0.18670586391166366
553;0.1766930201302539
554;0.1429527879326675
555;0.12408954695537305
556;0.13532061349268776
557;0.12134044935710371
558;0.13669918915112222
559;0.057752533343329394
560;0.051743456270841585
561;0.019338198367938333
562;0.185439978941283
563;0.008359308377611563
564;0.10138033567449788
565;0.13131401578357793
566;0.014487475843800147
567;0.18729401249830133
568;0.17595324708290122
569;0.013832623088092367
570;0.1904269522769075
571;0.1912613752889828
572;0.05717859866883704
573;0.12072578410308338
574;0.1842684828081189
575;0.17189234397979844
576;0.006829324225552158
577;0.05884909250486965
578;0.19257102597246903
579;0.17603347806927871
580;0.05053758952494661
581;0.03390504047940581
582;0.11824326288981837
583;0.1307283824109332
584;0.017155596355771265
585;0.18622751856104408
586;0.13172343139446158
587;0.05555409719262616
588;0.06518730240842079
589;0.08624555555130585
590;0.1437540027207997
591;0.13295778695463362
592;0.19258900874531285
593;0.10907356975354365
594;0.18373924728476435
595;0.014421453138236241
596;0.1272200352923389
597;0.19372033283162743
598;0.14075487631457684
599;0.10605140125276769
600;0.140942128897647
601;0.1455791711504972
602;0.06582870480117764
603;0.061538718192590824
604;0.018930411115977444
605;0.18646745726057512
606;0.09996314738895709
607;0.19946027779602285
608;0.10505021143650323
609;0.07460140025369237
610;0.19940708697488663
611;0.003827497496352206
612;0.06210782382079967
613;0.12895773186628434
614;0.1508126500711249
615;0.03849675304952698
616;0.09842923225583816
617;0.004872197563871495
618;0.0831069989680131
619;0.11715809980065127
620;0.0932518885133322
621;0.19357181743221136
622;0.10067329069090687
623;0.08243927710292971
624;0.023820216843676724
625;0.19847866586703547
626;0.17767200485824738
627;0.12485858032843332
628;0.18830569856175106
629;0.04704158724186727
630;0.10592106003717011
631;0.06462529860653259
632;0.14957161269826177
633;0.06720020381079361
634;0.017337894188206884
635;0.05945589743875934
636;0.09661976584865578
637;0.05671425225670368
638;0.0454952773267167
639;0.028032798889183665
640;0.07664638223456884
641;0.03699740407402381
642;0.1187437688800551
643;0.19058079042501652
644;0.19503187925226656
645;0.19048670729273762
646;0.025435512104191416
647;0.1807944159363619
648;0.10241785264286639
649;0.04682894730383722
650;0.0476930446814335
651;0.04472175924987283
652;0.034337024643228076
653;0.09798143684302225
654;0.10501022886951715
655;0.08829154745043653
656;0.1517264006614953
657;0.15873243351410365
658;0.18739877306084565
659;0.025688935584788665
660;0.087396075776336
661;0.14509540003582047
662;0.052112756964013476
663;0.17494401755841626
664;0.08971677844849535
665;0.042234704792400574
666;0.08738392739699696
667;0.0026059970499826782
668;0.15606629620835938
669;0.10537829241656992
670;0.12303001628499866
671;0.09732996819890001
672;0.09643236248095821
673;0.15719074112857212
674;0.03449082482554318
675;0.16966603472970532
676;0.08248059245304594
677;0.16488511047380142
678;0.023364107498072474
679;0.11970824701481236
680;0.18283784288211982
681;0.1557892080028458
682;0.17441129667088254
683;0.08006360158182693
684;0.1917611990235264
685;0.06170867402717559
686;0.05473439568257839
687;0.13021434764545478
688;0.016664153495236023
689;0.1172035090838196
690;0.16882492812703317
691;0.009179359814240385
692;0.07461912251100777
693;0.0314099706603125
694;0.13585979181201796
695;0.05493516694065015
696;0.02338560698777059
697;0.12408155143316867
698;0.06548602008389547
699;0.11972950928528536
700;0.15802118986519256
701;0.08070263426842089
702;0.1057589053630123
703;0.016052638159587487
704;0.1782437276655383
705;0.1985931953188778
706;0.16412693626004551
707;0.19926141237440909
708;0.12990649376336094
709;0.17415603015682718
710;0.17046038584547996
711;0.17211184813491676
712;0.1607739293754616
713;0.07610721665123982
714;0.08856951537727015
715;0.0012674898712703442
716;0.17021916631171663
717;0.1348999557751632
718;0.18132309710803346
719;0.018617590240906656
720;0.16222886110371101
721;0.03604722467018993
722;0.13181545590580435
723;0.060537567734574284
724;0.12987647136328948
725;0.1098559205893817
726;0.15299478075218206
727;0.10281830627820543
728;0.11489847850283418
729;0.007049367111316052
730;0.07328943541266793
731;0.013281153900105203
732;0.18621617749043987
733;0.16159829412691162
734;0.18139304894558794
735;0.10303779676487107
736;0.050174353526456564
737;0.0340797787917738
738;0.00814046544879572
739;0.15314369613585851
740;0.14702322883006838
741;0.11905486544486227
742;0.04666458186613427
743;0.16044404431659853
744;0.04329762330440426
745;0.04703973964507351
746;0.16784249147110564
747;0.02130108640442894
748;0.11537406480067261
749;0.17449350889942855
750;0.1108060782819049
751;0.149556624871828
752;0.08164677190713486
753;0.06563772190382955
754;0.16941821750984612
755;0.17589800628316635
756;0.1739680329305437
757;0.14477070621927413
758;0.19219108227230985
759;0.04618628344628493
760;0.0702462615035367
761;0.1080916726149308
762;0.1248502013798481
763;0.1998517005763557
764;0.006273924270441445
765;0.18747597767449603
766;0.011463186590113517
767;0.010537082986779002
768;0.11250618221275255
769;0.06184199637272214
770;0.05372633320976131
771;0.18381477744628666
772;0.011673228145101034
773;0.04711581545539259
774;0.1427750945661014
775;0.012428275028409243
776;0.037039059873605854
777;0.09485838969785297
778;0.18367269727140237
779;0.11967559902656424
780;0.15937839640431106
781;0.11564302640673366
782;0.04960671775927581
783;0.03476536349426309
784;0.17019058029041192
785;0.007136983183892687
786;0.05711967763745218
787;0.024997069664885643
788;0.1447855704582152
789;0.13806017438799198
790;0.1073222754192313
791;0.10744435277056241
792;0.009449961937454888
793;0.17839526294443192
794;0.19781404472711056
795;0.12086131735893813
796;0.14589496970467117
797;0.1376900479742004
798;0.005373320554222506
799;0.0550848182303022
800;0.07543517809356137
801;0.008378694550927835
802;0.015030654037303793
803;0.10381147749953634
804;0.11508120478461269
805;0.14282035371912488
806;0.046684939106385916
807;0.17561341444978673
808;0.12869014409971927
809;0.0686588636680524
810;0.16247165251314666
811;0.11566830508676534
812;0.09629573350196717
813;0.19142916475572924
814;0.12743977210202825
815;0.16715936628225062
816;0.02036710481982682
817;0.029674180203179648
818;0.17025449067889334
819;0.09272031374407355
820;0.030342166583316323
821;0.15939173939957452
822;0.05662901397349976
823;0.18888495203337458
824;0.0021869214300856755
825;0.043461217940686386
826;0.010952786005947068
827;0.19443076648352933
828;0.10789028333811089
829;0.07863525195350347
830;0.10295933388820794
831;0.004185052125281663
832;0.09673890591589958
833;0.15578911647421678
834;0.1408702108296439
835;0.06164067535000544
836;0.16088534018628697
837;0.038662961505840726
838;0.019110685951664808
839;0.1608806822738961
840;0.11482535591458465
841;0.10798904490808524
842;0.13773274654992865
843;0.12619346901880582
844;0.1389743563231912
845;0.12871703453228234
846;0.006101485058233602
847;0.010997411095649957
848;0.17786667186128668
849;0.10151725477112701
850;0.11338172715254945
851;0.1454079203743984
852;0.002733424065703827
853;0.05111746008691878
854;0.14758537134710886
855;0.12082943513119833
856;0.16764325446177897
857;0.07331427293285242
858;0.020260558601534886
859;0.18324682487493224
860;0.0942803354727993
861;0.12224133938373126
862;0.004357410028298814
863;0.17671513429639163
864;0.007858875221111705
865;0.0655744618525541
866;0.04114333049826955
867;0.14079971608368727
868;0.05626410483023199
869;0.044902176371324966
870;0.12561400592992875
871;0.004786052775102423
872;0.0008171403675393485
873;0.07717077895795994
874;0.1820297194608292
875;0.038830567530289906
876;0.015473715968227131
877;0.09388295740689497
878;0.07698928903898541
879;0.17340426285018884
880;0.07153609520149913
881;0.13239192653174034
882;0.11314004985265842
883;0.06640324619636542
884;0.17011183720043926
885;0.10987064266816376
886;0.1823347734829977
887;0.016590517376194526
888;0.1031639518037987
889;0.16287585271664579
890;0.15849960013384654
891;0.12828952641784672
892;0.12182880842636812
893;0.17821900326402454
894;0.057480594016001835
895;0.17474788013239423
896;0.13201515838888853
897;0.04788384028378434
898;0.0476831117848509
899;0.1984175749237218
900;0.07734140029466424
901;0.15221211466365747
902;0.009390934645764749
903;0.17444823632502024
904;0.1401244307675392
905;0.18418786973347828
906;0.021203112159489914
907;0.1180775448267713
908;0.18782446459190588
909;0.1314541163486194
910;0.10334295867583594
911;0.19813359329323532
912;0.16770625419995167
913;0.1949998107514602
914;0.06190543989373903
915;0.08005745465091339
916;0.02976198758532016
917;0.029032226362721403
918;0.13656276018821903
919;0.010172150206346564
920;0.14328537193860838
921;0.006395241646335471
922;0.1875773972710474
923;0.06860029086133204
924;0.08133712280143304
925;0.12638516232563862
926;0.03187659159126251
927;0.12649762370946158
928;0.1088228632798211
929;0.10901190249238962
930;0.0684403195904164
931;0.1416210655812002
932;0.07566756276044025
933;0.049931311154439564
934;0.0460251480446678
935;0.10166762631047599
936;0.1876790757535815
937;0.0490589984543599
938;0.09062414363251699
939;0.003408722096062622
940;0.1505668114273658
941;0.16061023153201393
942;0.12983476163199212
943;0.04834394979101844
944;0.1698119120674022
945;0.1171150879356038
946;0.19240805247568138
947;0.021762240171349468
948;0.06263409119066032
949;0.1925899888386945
950;0.007607096342946585
951;0.1988431272002635
952;0.14604719240103523
953;0.07712386206714582
954;0.0785845750798049
955;0.04611310591712739
956;0.11956394049318658
957;0.00991347020967348
958;0.08036434745799817
959;0.06927759165495054
960;0.03077617715332044
961;0.1061255205847404
962;0.15053468728551112
963;0.06345789095801034
964;0.18393028479311976
965;0.039659989184342596
966;0.12312728186125554
967;0.0038160101544962854
968;0.15280767123439654
969;0.03940298126936657
970;0.17370561966593873
971;0.10405350714178199
972;0.13828909447579413
973;0.015703805141384652
974;0.031316002295052825
975;0.09887554872332519
976;0.07810316669055169
977;0.09150757650611843
978;0.06339924691695767
979;0.16487773750843643
980;0.09822718769475072
981;0.02314791109978083
982;0.1575765329859633
983;0.143782683347206
984;0.06061083289343508
985;0.04599915531565633
986;0.19847494449448538
987;0.1985184365190519
988;0.12412227015615257
989;0.020160346977729927
990;0.049990355402046396
991;0.10753226185955223
992;0.12640601341465094
993;0.06097233367944199
994;0.053120641405085836
995;0.11631289034509379
996;0.07246009294892186
997;0.16600189336441673
998;0.089843437517498
999;0.13736128687932023
1000;0.10130223415713491
