1;0.04935138901066985
2;0.002491569486455259
3;0.085659564493589
4;0.0548329181548333
5;0.0010085981267072164
6;0.05794120615107267
7;0.01758439193784368
8;0.04962357057872502
9;0.022049124744302984
10;0.022955198554751956
11;0.032865882786335135
12;0.05699212877463115
13;0.0017722969223014418
14;0.03392360053193987
15;0.030756783536216237
16;0.06422271227633335
17;0.02820652338665164
18;0.09831459635662564
19;0.08810883090807899
20;0.05940944703771586
21;0.08878586665830965
22;0.08968762745957513
23;0.02028721044604769
24;0.035765736285551075
25;0.016211840513014854
26;0.08255607941099753
27;0.09533591565863336
28;0.02284628727253729
29;0.08280258352992186
30;0.02487213562864049
31;0.016212130731112707
32;0.0671688148165264
33;0.05423264088751265
34;0.0794426814728318
35;0.06745549008405698
36;0.040501912993152915
37;0.09630178474083943
38;0.06567868838497981
39;0.036276872768069755
40;0.01950585951048335
41;0.031218732609264988
42;0.008445695703839406
43;0.010360959720925812
44;0.07585658375805548
45;0.0846688834420932
46;0.0038475944486690895
47;0.022893506346383166
48;0.004734209505450827
49;0.08247840373081779
50;0.026741534321687212
51;0.04873853290111784
52;0.06365694650383738
53;0.03595960849198049
54;0.08645240142332669
55;0.05267368676593227
56;0.04942054399674918
57;0.06842471485272013
58;0.001706392598719353
59;0.0676376215153927
60;0.08737113759039472
61;0.04753561487227307
62;0.05905856091376212
63;0.03423456609687847
64;0.061857024394255826
65;0.0128431217608457
66;0.04078501907825371
67;0.015861720368942844
68;0.06099835546807582
69;0.0676450578646145
70;0.011335105046805094
71;0.04411206160692788
72;0.05843642042420194
73;0.015826985791753703
74;0.06683030868094819
75;0.03139652746298665
76;0.055854339973215976
77;0.09065110346892166
78;0.07141039049295306
79;0.040884259539437244
80;0.04875055836416817
81;0.07642918864219417
82;0.0764477308405292
83;0.08002544204395973
84;0.032107815060894045
85;0.007402755477572487
86;0.07555951780653036
87;0.029685807680271716
88;0.012829669070617578
89;0.04087987709131749
90;0.02084437906137381
91;0.03072964916157648
92;0.0732100933125449
93;0.0674471870769979
94;0.00294391713555513
95;0.0908833942767955
96;0.06448606149819072
97;0.05701792627357632
98;0.004146517850363685
99;0.0232798110922523
100;0.04716181784270479
101;0.08763867105373474
102;0.04077582724766491
103;0.06352848427591132
104;0.04486503289137364
105;0.04320218586594117
106;0.04530525859935663
107;0.08718237756271985
108;0.004786444486377084
109;0.005867102776057909
110;0.06726752726178434
111;0.07673978118697557
112;0.08504734153432719
113;0.0006890165448042552
114;0.005372162177407037
115;0.059583972439150104
116;0.003218999904348119
117;0.0038504246508370477
118;0.015480687450894615
119;0.05101740691926231
120;0.05584902316602794
121;0.010975349393062184
122;0.09170453667810194
123;0.06202718627708037
124;0.038682393541097974
125;0.008581697847341885
126;0.07665494128423117
127;0.013757524254606236
128;0.03440269797787095
129;0.06283509812140098
130;0.04804175230971103
131;0.03252897946369084
132;0.08415362298568979
133;0.013151381454417778
134;0.008881621818564755
135;0.027528522073693076
136;0.03547754520159946
137;0.06400676516705657
138;0.08817057747930288
139;0.011182315312702296
140;0.08695956507715978
141;0.06908562357748775
142;0.07786512219833466
143;0.051673664666244436
144;0.05935305752887431
145;0.06111764876115214
146;0.05919396731902228
147;0.05479462565591432
148;0.055438179918399104
149;0.07462711561931808
150;0.07839341021803292
151;0.04075492345376161
152;0.08796896529408062
153;0.07684471080173479
154;0.028579990649320153
155;0.024811352273082423
156;0.024893541085906634
157;0.09299913141369522
158;0.07079426021449427
159;0.06192196764594746
160;0.003753874155024384
161;0.058571311937992115
162;0.08929250893638821
163;0.049973476242182506
164;0.008649523824891215
165;0.04404731446826943
166;0.07141430373932671
167;0.03499718517137514
168;0.06668014255641504
169;0.011147429928188868
170;0.04442417157185411
171;0.0713553686836048
172;0.08996857805458842
173;0.08502247049743251
174;0.06964399865486844
175;0.09734723488255125
176;0.006234600843065186
177;0.028498542462053602
178;0.084600691106353
179;0.04730008030757367
180;0.0784048482892761
181;0.06669029629696728
182;0.07295491120541489
183;0.01585683827185308
184;0.07046196997943259
185;0.09130078765737008
186;0.014711664052097862
187;0.08199386603055328
188;0.0047585368972005385
189;0.013046292506784253
190;0.013709620223267183
191;0.06807268810531225
192;0.09526140714613103
193;0.061940281919784526
194;0.012131988219451873
195;0.04614115271490739
196;0.037177965258245675
197;0.04421560341636757
198;0.040887942654210245
199;0.08978036831365521
200;0.07731424206465044
201;0.07285433014910413
202;0.0815550017840041
203;0.029068315190022377
204;0.009078274353351557
205;0.025775996144685655
206;0.05204067749539715
207;0.04001113782258621
208;0.04235873628189521
209;0.09283362049704556
210;0.03276044384402382
211;0.0898029042316266
212;0.0681796868866016
213;0.06633441662137966
214;0.04607184162422965
215;0.08473456402921817
216;0.07313357629669456
217;0.023383886036830382
218;0.05414053762697279
219;0.059070011682930926
220;0.05067334302063986
221;0.048332600376108106
222;0.05088041851641104
223;0.008101970321673401
224;0.011238015396794032
225;0.009186315910810173
226;0.09996527576055969
227;0.08565072594071986
228;0.036802511670926456
229;0.010333358463813436
230;0.007190490900005231
231;0.052086411193675734
232;0.08033357957945697
233;0.06194004336209874
234;0.055005597164273834
235;0.09235578471174023
236;0.03591381598350109
237;0.061462845910175236
238;0.03632557196999227
239;0.03750286028011432
240;0.02189329598002906
241;0.09172514668362967
242;0.046420632694570065
243;0.03176661236398742
244;0.03440973569809299
245;0.06217873475183723
246;0.030927635170060697
247;0.019001660815079424
248;0.03938555284514222
249;0.018211977738185427
250;0.002180770937100496
251;0.03790594906667151
252;0.07198168567932067
253;0.02497115539992294
254;0.0327276268685033
255;0.06508424444707536
256;0.04767977277456797
257;0.013107257350611213
258;0.04402077264721499
259;0.0032082733429815826
260;0.02299178696107339
261;0.08762317075130392
262;0.05393941271791543
263;0.058712838036070504
264;0.04498774452319901
265;0.0024402784443791296
266;0.08949282258772819
267;0.024806197403842767
268;0.0765336491894269
269;0.05046698306114022
270;0.04204338305199817
271;0.09186287549809129
272;0.08584571719488732
273;0.06617677802961794
274;0.017691797914747377
275;0.035698358945953135
276;0.026990885892532936
277;0.08215941492550824
278;0.0009345287351714582
279;0.023121691233057885
280;0.029778596436712768
281;0.07632924819474793
282;0.02091232242139899
283;0.06401443803324838
284;0.05487339915249954
285;0.03944045237500926
286;0.06481688456115708
287;0.04802800972907681
288;0.004324666867867854
289;0.04313190816813636
290;0.03243629643496478
291;0.02276194272142933
292;0.054053191334260856
293;0.02883872601361194
294;0.03071310496027121
295;0.02516907491109376
296;0.05021940371177558
297;0.031202069348649678
298;0.018342997810321737
299;0.08184904741183219
300;0.08505311123132524
301;0.05478943332582031
302;0.04490553753989525
303;0.017993113968872886
304;0.04690845252698839
305;0.032781152759228015
306;0.028214697824928494
307;0.09330295626823476
308;0.028464253749898062
309;0.039489079804137045
310;0.01422732032234293
311;0.015808720931515453
312;0.00011882616514851119
313;0.0835411600372497
314;0.03537457136173833
315;0.08914105025309559
316;0.0008535825182946045
317;0.07778145084974264
318;0.05323563547558994
319;0.028284302451833766
320;0.05876494159473666
321;0.03790141060988255
322;0.06853763254867275
323;0.08291368376759417
324;0.06603673650648971
325;0.042596456675177065
326;0.044250838582546685
327;0.030021613003620565
328;0.007504246166223794
329;0.007698118272111476
330;0.042526013272815334
331;0.05415191307983769
332;0.00994257590354527
333;0.09573206173366884
334;0.06724950850587529
335;0.03131471019241422
336;0.09536690657810597
337;0.07466628427444431
338;0.026274609274907646
339;0.05914550945134655
340;0.02176234984483587
341;0.045639260634801296
342;0.042931936797715425
343;0.008160433018295433
344;0.08690316269629876
345;0.05527598459097687
346;0.06661633530951608
347;0.07046657335997784
348;0.09399272795795989
349;0.07886248128889545
350;0.06878741120135966
351;0.022264598648350654
352;0.09391833288800248
353;0.06782748127010217
354;0.08702639346451006
355;0.07597517462361718
356;0.033338079941534385
357;0.09077103912383531
358;0.011872971480925832
359;0.060772660554284354
360;0.06950008556568525
361;0.07608118725922043
362;0.05239286726894391
363;0.08270141483098567
364;0.09580165980443034
365;0.0008545432455182023
366;0.09216806747111109
367;0.008032739897706665
368;0.08139681655086993
369;0.03600757291565911
370;0.056627411802825094
371;0.026955198592473275
372;0.02447203194427824
373;0.033468335349070545
374;0.006397513823682111
375;0.08358767126652965
376;0.026560036312348913
377;0.006283883442931093
378;0.0989109974504392
379;0.06010013583971896
380;0.06204938457204926
381;0.08567306103377047
382;0.05408467445881561
383;0.06283165154112891
384;0.0594530037686447
385;0.06046542420756969
386;0.08925221390970815
387;0.0260465972850392
388;0.0040677835776961714
389;0.016138001056839324
390;0.05471669708816859
391;0.0819259872924098
392;0.07432730216728799
393;0.018755306717516598
394;0.09004669816952977
395;0.021088330937111044
396;0.07271138561751277
397;0.007635293359748907
398;0.0586272669316053
399;0.030415053994793842
400;0.052228608079592224
401;0.0947294299260748
402;0.013436569892162643
403;0.099792886539725
404;0.06549659019164177
405;0.014476495382657495
406;0.03387694642157515
407;0.026048484817091846
408;0.07558066573247177
409;0.06410329528441067
410;0.060933068022562833
411;0.07780366722979994
412;0.05137897449851023
413;0.08201341070760927
414;0.09691646221300197
415;0.04724168677936803
416;0.03850239277694535
417;0.013171299008011962
418;0.0989540046838481
419;0.07051861000483038
420;0.09316872226721788
421;0.05833378944664498
422;0.09320895360375597
423;0.0018025260618338757
424;0.07493301222956195
425;0.09451415792308665
426;0.06834648422963491
427;0.09534761052790126
428;0.059756688515355594
429;0.02535009719504481
430;0.0118186379635009
431;0.0727498928260618
432;0.08351084809704941
433;0.03604661688729741
434;0.018792374499228603
435;0.05001991449708537
436;0.0004422326727269166
437;0.029973783539750498
438;0.011987318559958538
439;0.04444711502337591
440;0.08224252313674611
441;0.04072460200094938
442;0.07815466718871844
443;0.08879110077831742
444;0.06201567316447892
445;0.05644648592013843
446;0.03460367173960808
447;0.016198468978313653
448;0.08729591516933649
449;0.09536423691725052
450;0.06034024120566093
451;0.03460952436250758
452;0.059374493896730086
453;0.08851872661245103
454;0.09984698952327042
455;0.048699000972460195
456;0.003462287115599583
457;0.07750811840435706
458;0.02701556025517541
459;0.07887889100985904
460;0.021517311877568435
461;0.009396139729727682
462;0.02561638659289811
463;0.004905511254784745
464;0.05226856037936365
465;0.02586915098594952
466;0.008362311768997377
467;0.08334604775663451
468;0.05111852868408299
469;0.0521157947450147
470;0.06023708106120393
471;0.09133882664844334
472;0.06807910519891654
473;0.08207058478091153
474;0.04396805106194283
475;0.08211432384961562
476;0.012707497146729474
477;0.013930959254214559
478;0.014408429410270096
479;0.01453427743382848
480;0.08091142012630204
481;0.06679951814471345
482;0.035973543807110035
483;0.0909948935359948
484;0.015814592288765916
485;0.010987799283950085
486;0.049813459969354545
487;0.018827321699848368
488;0.05908627023073118
489;0.07339911231961799
490;0.08159605715346441
491;0.005850030802891671
492;0.08580325376089327
493;0.042080108148182305
494;0.08341513457546317
495;0.0036246129750391433
496;0.002994991647277834
497;0.0679534707592066
498;0.07401950668573047
499;0.05219271571862358
500;0.07687201527870649
501;0.04948007529533965
502;0.09961016806594224
503;0.062059001587368504
504;0.07899390119616621
505;0.07523750391758913
506;0.07966924747705342
507;0.08650192495313477
508;0.09958950478538398
509;0.008907991959039985
510;0.03307617045711993
511;0.023398770309150177
512;0.08411029310174124
513;0.00823124755732343
514;0.06216723870026017
515;0.08793942525529608
516;0.0944777165947465
517;0.02284187879498798
518;0.04993847563373939
519;0.07268887364032452
520;0.035222655473610136
521;0.07741980911046831
522;0.0020506633189481096
523;0.024820764687624144
524;0.08185901704096243
525;0.01118414198672404
526;0.09926315431468527
527;0.08584336890926643
528;0.04202854640711012
529;0.005488368602962302
530;0.06242763516455745
531;0.02112314780319149
532;0.05451583313728608
533;0.049946744596231135
534;0.04444753122847306
535;0.029948701938921365
536;0.017252381776630167
537;0.0385855640644519
538;0.007498686061335025
539;0.025362927504095956
540;0.019842174273056425
541;0.023465479722562688
542;0.07090246721551105
543;0.06889075711757936
544;0.09422340778391185
545;0.0766934354172086
546;0.029715322025633595
547;0.04039696976276681
548;0.021077623477932485
549;0.030066656495033064
550;0.048441375288281734
551;0.054479962148350713
552;0.06346617829989358
553;0.03951859956493359
554;0.03636833374578742
555;0.023223493826712127
556;0.05102719148791192
557;0.09849795012927032
558;0.05098929043383402
559;0.00827120112765054
560;0.08622605852498051
561;0.04383204174626412
562;0.02526869041760356
563;0.0006653758467393245
564;0.09070121160833955
565;0.08288907798731267
566;0.0937580762506192
567;0.0676106605647284
568;0.0696598377980346
569;0.007296075616007669
570;0.0481977387402715
571;0.012900680111470931
572;0.052210869096843894
573;0.09801144479323287
574;0.0921330671449956
575;0.019272250642471858
576;0.060643689663368805
577;0.07257626796817014
578;0.07978069769421597
579;0.09574481135428366
580;0.009828448071419327
581;0.09217327680825632
582;0.0161447467786773
583;0.0019308354400153216
584;0.015270206289939393
585;0.053387962664870295
586;0.08099812304759979
587;0.02601895120678155
588;0.055589700875628506
589;0.0040331944655406125
590;0.02362089540426229
591;0.049196161308120115
592;0.0966537440730304
593;0.07895441579315432
594;0.045995064579880666
595;0.06271671212926919
596;0.07698570146032463
597;0.01826126428628896
598;0.06864904782702122
599;0.05750851312928432
600;0.04582558540150533
601;0.06415982380151734
602;0.06325229334030087
603;0.032857168000272996
604;0.04256947742961288
605;0.019315873850368804
606;0.03640945036150838
607;0.09033693003527479
608;0.02133838248930341
609;0.07913146433463555
610;0.02893123184510632
611;0.09454162135425169
612;0.0020467772290501452
613;0.0039329709793178074
614;0.07045255717676278
615;0.011995986897083555
616;0.08944954294613926
617;0.06656762519611346
618;0.05703836813397001
619;0.025057725409916944
620;0.05121750291309257
621;0.07583394467009974
622;0.045144342747228394
623;0.006490698343517754
624;0.024325814673065473
625;0.058281021887434996
626;0.09320491702818068
627;0.07971154805203512
628;0.045560825719073765
629;0.04513023897651517
630;0.004124366306968219
631;0.04037958735010214
632;0.04594131059618975
633;0.08036325580665418
634;0.0034551394983727613
635;0.01888148674476821
636;0.026792534372969436
637;0.029328093212361985
638;0.05603912812154647
639;0.06976585630878526
640;0.09397089180136674
641;0.012681222034291362
642;0.06522580526748219
643;0.06138673052273376
644;0.0020177571738092537
645;0.08730626546439342
646;0.04884740292815148
647;0.0323096300818307
648;0.0990155291085632
649;0.01811370184156792
650;0.041235826577331894
651;0.0569624346064169
652;0.07403754474960171
653;0.01912269076483454
654;0.03743287424366069
655;0.014334354776451508
656;0.018146656681086604
657;0.010211715088309627
658;0.018973186144463295
659;0.016856433906381942
660;0.04472774128577102
661;0.09301445226411453
662;0.09245611807263476
663;0.09426977412664508
664;0.031229984950032832
665;0.010240813064050825
666;0.036365612901637055
667;1.3750865238248977e-05
668;0.06355213973571193
669;0.09597147989017153
670;0.09885132940558414
671;0.0842565701200797
672;0.028983593274066244
673;0.03789266700223699
674;0.05356544452668197
675;0.06709417879609729
676;0.02754290609066309
677;0.04659485477703976
678;0.06068117941878908
679;0.06809764618173864
680;0.052001991460985234
681;0.05623126974210682
682;0.01693892568595239
683;0.047255604543977196
684;0.028663156122856415
685;0.08125107326435131
686;0.03354466342295159
687;0.0019919973155910656
688;0.08621921024885816
689;0.06838836102497688
690;0.04836993243590651
691;0.09826858375706235
692;0.07598696780049942
693;0.04009158601739339
694;0.03384177092447487
695;0.07916815370552066
696;0.00978682462289241
697;0.02504379706254083
698;0.050344160652537065
699;0.06917151175038953
700;0.03571962429115843
701;0.026402788893877163
702;0.02313328936770689
703;0.09262899998864134
704;0.06215095932979392
705;0.09247316054850717
706;0.09253053044920971
707;0.08730700984917324
708;0.07763090493937774
709;0.007779671783786535
710;0.047248701408307
711;0.08076343721720779
712;0.03499825128224909
713;0.0850916523403109
714;0.07639757779749674
715;0.07629838522738543
716;0.043542784536059365
717;0.009184855589284125
718;0.04326548268632502
719;0.08209403092632403
720;0.011126091809692418
721;0.021301673768801634
722;0.032583662375347766
723;0.08681808142334714
724;0.08915990738585913
725;0.009308137568429232
726;0.07717150640165701
727;0.09367061332341284
728;0.06260873603841689
729;0.04836615906262692
730;0.047304752966334074
731;0.07560579936404128
732;0.09136221729225086
733;0.070009775079636
734;0.073032952823291
735;0.020726743245951963
736;0.08892353206470033
737;0.0984322704873449
738;0.062024007055195174
739;0.04383981347446091
740;0.003230961818550582
741;0.07488575779753709
742;0.0890430625165575
743;0.08711959275187568
744;0.01018123153155155
745;0.05803225977642443
746;0.041249545209370846
747;0.066404828161324
748;0.056535821963879365
749;0.0405271442931783
750;0.07324136697162709
751;0.05351239193153458
752;0.07440857424133389
753;0.0043152858205172786
754;0.0872217113337664
755;0.08124475671436297
756;0.03980478035298433
757;0.0031530241689622152
758;0.019917791517255114
759;0.049967400272963536
760;0.08309653133134304
761;0.03957997665996274
762;0.07517718234766047
763;0.014691152477263325
764;0.026734972525987777
765;0.038962000310242634
766;0.09473970651966077
767;0.0339942834149386
768;0.015047918888086199
769;0.08567728018216837
770;0.09040707959471564
771;0.0757685594775167
772;0.03631098873638851
773;0.00942319656479811
774;0.008002159426221867
775;0.05207417718117329
776;0.0005486762780255617
777;0.000871678222167871
778;0.0962888879904751
779;0.030358569258356595
780;0.07456192515561068
781;0.09447303567977391
782;0.030515991702121104
783;0.08093866164557156
784;0.08058901496239301
785;0.048640931436149205
786;0.039778795914500786
787;0.023428456304455836
788;0.029225105288950493
789;0.09086744803238588
790;0.025144059839934087
791;0.051839670711547194
792;0.05973409914107652
793;0.03559657210534133
794;0.004845700972236889
795;0.0484234302835389
796;0.017814654244235006
797;0.013450432767530407
798;0.08954381604702513
799;0.006088097534626003
800;0.03507698981229165
801;0.0038540412703230833
802;0.07056747737860196
803;0.0697284191007366
804;0.08607910424074611
805;0.042743398420117276
806;0.04039501194956228
807;0.06930955460112018
808;0.009261687744796788
809;0.07766366152166086
810;0.07607219577253829
811;0.06173055075834421
812;0.002017156438235934
813;0.01689748357286616
814;0.00040070400802589835
815;0.06909469126724804
816;0.020482892096143582
817;0.008519380325525917
818;0.007310364348856258
819;0.08180244533175761
820;0.08546647115703465
821;0.09784999045924707
822;0.028769506878642617
823;0.051363710700169846
824;0.09515870656982077
825;0.06064099426930014
826;0.05057876008847733
827;0.09855850048692766
828;0.08406854064719847
829;0.037201554295962724
830;0.05147870153341956
831;0.0002725425669873327
832;0.08534613621555194
833;0.04310173702631466
834;0.09848746081701029
835;0.013084096788652612
836;0.004152065553557793
837;0.04618401705509433
838;0.07530120032390275
839;0.03075616175498368
840;0.003721435466327472
841;0.03313081102821536
842;0.0940515473702695
843;0.030375057222394333
844;0.0844070788098022
845;0.012564686712011741
846;0.07392017651503978
847;0.03653554235897307
848;0.07913822081041533
849;0.070279579405699
850;0.019677551815314154
851;0.09190442049651737
852;0.0718659174838122
853;0.09566437211092944
854;0.05672282917529754
855;0.0008845741853680922
856;0.07129466814983135
857;0.012260631333284934
858;0.03198757947929925
859;0.07910825412959144
860;0.004686691500514384
861;0.029762072341229406
862;0.03539899542228366
863;0.06368641512753379
864;0.03357895775245654
865;0.02014578493857977
866;0.08362572592094843
867;0.09118415866516953
868;0.005136196796028003
869;0.022078212347944416
870;0.06639192161886774
871;0.03261093725013018
872;0.0338999352297756
873;0.017887047999943985
874;0.0725036724623071
875;0.003058813403232996
876;0.05318118064891713
877;5.8811880575326825e-05
878;0.07382558541098787
879;0.06653555602413158
880;0.004418965413155396
881;0.06817542326846686
882;0.038325217643491574
883;0.08763129612495676
884;0.02904987848958697
885;0.07927141261682759
886;0.022484642018068636
887;0.08425786249569268
888;0.026465776324924296
889;0.04848966228491822
890;0.09110268580791556
891;0.009041810055545352
892;0.029435695703411716
893;0.08741272562541441
894;0.03861735635633998
895;0.06454223538360794
896;0.04318708801542103
897;0.09930105892984958
898;0.00872889042495888
899;0.06722027036476509
900;0.09155213907297523
901;0.08132738004067745
902;0.02918384997574343
903;0.08627132078813836
904;0.09199031487979259
905;0.042000571665824195
906;0.029653408037717623
907;0.014366979861757079
908;0.007846341344950348
909;0.06143713370994678
910;0.009307602773834633
911;0.0179202773754645
912;0.09834329642978536
913;0.006480212055951395
914;0.033219836416548944
915;0.01615556665433593
916;0.023864348522283065
917;0.013402080128568951
918;0.04639831951948077
919;0.07434604314545157
920;0.057345539629233167
921;0.08769070498633652
922;0.09574059009187472
923;0.0026736883903902275
924;0.03240064406934347
925;0.010550675365960983
926;0.00443681834802061
927;0.003340206595376649
928;0.018462132872193626
929;0.09521521112980322
930;0.03830212768311275
931;0.09919589386161826
932;0.09623153209255939
933;0.07619296939219818
934;0.08297659906895485
935;0.06389812085457068
936;0.054572645177159686
937;0.03027259715189501
938;0.05325681070078334
939;0.023270989341159776
940;0.09048554996299521
941;0.047958204420909305
942;0.0042222081604749275
943;0.057678408962049815
944;0.07021456754313483
945;0.0932952164694785
946;0.06528648833555402
947;0.00041684677662364724
948;0.013166582362118075
949;0.04167368210948935
950;0.05227453603208862
951;0.03443424438416647
952;0.006542110347664865
953;0.05647923771767496
954;0.05567894795032063
955;0.06775192068413907
956;0.0589332273050301
957;0.05301802069780307
958;0.013441735667023658
959;0.08374291285278837
960;0.07638058861558439
961;0.04115111654877616
962;0.06586100915964284
963;0.048346029491850046
964;0.014989081063472754
965;0.0007077888109468301
966;0.04618426578840326
967;0.09495450250946544
968;0.027757572301912472
969;0.08823873087757564
970;0.055504722444564926
971;0.09909281539237966
972;0.030442648812177897
973;0.06326308807490248
974;0.00048325553608480343
975;0.047046907590003184
976;0.011601365132033881
977;0.01160382294498017
978;0.04390603346063622
979;0.007141271885310241
980;0.02479081073844055
981;0.008960559419760384
982;0.04373177855753251
983;0.004555583881029846
984;0.09625553346152817
985;0.06507673661237635
986;0.0632142417298415
987;0.0078777082721877
988;0.0010989903676382974
989;0.09591531394428514
990;0.06130033395578926
991;0.0019317631155788219
992;0.05682050961118754
993;0.0023505236430693245
994;0.033370555202769325
995;0.07117058590197137
996;0.028507143404539838
997;0.020096111370965355
998;0.08702123534320873
999;0.042908875168835674
1000;0.05320503416781394
