1;0.07261467356250252
2;0.02627807238842618
3;0.031977142923100534
4;0.051557420155896976
5;0.04193199522967603
6;0.04808856153657862
7;0.008763268167619033
8;0.014521343468083548
9;0.09579874503148722
10;0.002645451323855619
11;0.06842248732457239
12;0.03692710890727371
13;0.007411627872527915
14;0.04575064323173836
15;0.004952358951293501
16;0.03781899357464611
17;0.07085868391326909
18;0.039632000691475114
19;0.05851767253292366
20;0.09322194838937295
21;0.0981512784812748
22;0.007328789219063681
23;0.007169929291244038
24;0.03197790624313309
25;0.03234085326588335
26;0.08304484378025172
27;0.09870983571192207
28;0.008752880002044395
29;0.05081636997203866
30;0.019890368016628024
31;0.03681530341220503
32;0.08416813469055423
33;0.014476951755419977
34;0.05032351897504333
35;0.03399368785303513
36;0.04926427812821388
37;0.018755306211328295
38;0.01590398456767197
39;0.00858404021484549
40;0.06389439096741492
41;0.05283541137956969
42;0.08408793625868612
43;0.07725966994146842
44;0.07861938967046683
45;0.021467728356507256
46;0.0040880052795405075
47;0.09448837442617289
48;0.061413453055916646
49;0.031105832406173317
50;0.011408327691995714
51;0.08885078824386344
52;0.0412855541126638
53;0.009245881601768747
54;0.03205464016489284
55;0.015019872193662333
56;0.045666099230830585
57;0.05968756259350512
58;0.013224731831452986
59;0.019563082938922328
60;0.08188268044604137
61;0.027035748529660533
62;0.040512025554464315
63;0.06669123789743549
64;0.04188234958404076
65;0.013934403090283744
66;0.010324979809133317
67;0.0027316732733858374
68;0.0842538868545569
69;0.025999331575054987
70;0.0773999060419736
71;0.055732920414773984
72;0.00833994756163119
73;0.08161036038267666
74;0.02640895635386862
75;0.016073539081185983
76;0.05508616142539298
77;0.09897316104565487
78;0.09916863351424349
79;0.034155681797455255
80;0.009474589481806184
81;0.012162008910819123
82;0.016881783752665504
83;0.036010224279026885
84;0.011910073998978388
85;0.08408191322366705
86;0.06832069249081886
87;0.03189148880376365
88;0.022444901012849874
89;0.04821769204496688
90;0.03466787036279406
91;0.006731812123783843
92;0.05445480034861432
93;0.09549719867972238
94;0.05284741377876049
95;0.07143379231242368
96;0.08759100998180164
97;0.04923256905372961
98;0.02214648434339407
99;0.09115754996993011
100;0.011883708190103493
101;0.03090193243423525
102;0.09208316417027407
103;0.0427685033037316
104;0.008248405178766705
105;0.09013522428579895
106;0.0609722066509777
107;0.05066043133849966
108;0.0016586014769829239
109;0.06881806246405707
110;0.0001114969707687541
111;0.007438060288465754
112;0.08101554382682691
113;0.014937349463922379
114;0.09500146291608605
115;0.018666672640059324
116;0.0690149369416984
117;0.0720859721057373
118;0.011836183584942973
119;0.022110061969379348
120;0.08309070238568439
121;0.053447086044098924
122;0.059529287533681585
123;0.030251820805675636
124;0.044500504186002966
125;0.02513161478412942
126;0.045675841893012506
127;0.09850571635497055
128;0.0988337257886811
129;0.013586897157620981
130;0.0835150478774089
131;0.06413136902367478
132;0.005940688517248761
133;0.0911607681409042
134;0.08057966923988652
135;0.05626665110098897
136;0.00503239909437454
137;0.03796532783121485
138;0.09143469351357077
139;0.05775365916416454
140;0.0037816626436070646
141;0.00015959054678914565
142;0.0233247819956279
143;0.07925795841777557
144;0.06917870575579083
145;0.04485127643371946
146;0.020759013836642373
147;0.07299527155157061
148;0.004376617163397978
149;0.0273838417669241
150;0.012657196661889492
151;0.09620854118468608
152;0.04093375924570347
153;0.03976017256789952
154;0.031209828933544206
155;0.018642281336966326
156;0.03760888799886444
157;0.05811929255759882
158;0.018425291014911496
159;0.030207529372024734
160;0.09757185453484696
161;0.08939762094964356
162;0.051347739167466114
163;0.05293495038491328
164;0.06310925354696797
165;0.06481763275471908
166;0.018501732065702936
167;0.01383847277374053
168;0.07944865533654993
169;0.08560047847152152
170;0.08513340697755478
171;0.0037102986032899413
172;0.03152742716873097
173;0.007148832195814404
174;0.08663182965398279
175;0.0713279354782512
176;0.01295295428433324
177;0.09804071744577085
178;0.02813968453916579
179;0.02399036848430556
180;0.037733106788210374
181;0.06471277654800572
182;0.05978392767523569
183;0.070924685548975
184;0.0773762496163995
185;0.018037680699299775
186;0.02855540061869645
187;0.01645168095365329
188;0.023462654127093918
189;0.06611730972044061
190;0.09836859483560406
191;0.01907262873152804
192;0.003002157907987335
193;0.02048750040014662
194;0.03167382444184226
195;0.08930198644086089
196;0.009367762656258983
197;0.018683399841190284
198;0.021617268676372217
199;0.09902242088272577
200;0.05708526488751319
201;0.006113516846271439
202;0.027398334112450285
203;0.09071567208936897
204;0.014995007066368105
205;0.09808461727684709
206;0.013002085198515978
207;0.08574210386492982
208;0.0360430170746621
209;0.07624603374544822
210;0.025157916938644588
211;0.03943767826984537
212;0.06760618566534148
213;0.05562998914545371
214;0.03950170246651257
215;0.04785918637962672
216;0.09224232329494025
217;0.004369179679296564
218;0.010196065561400925
219;0.08040514552840924
220;0.02462667703645346
221;0.011058677214697178
222;0.09566565390384096
223;0.07647676003668291
224;0.05681149856562077
225;0.038693382843282866
226;0.06358490959768007
227;0.027632617831853182
228;0.00814716174385508
229;0.08433512669620173
230;0.08280927199350377
231;0.0015428126273448473
232;0.07854406002996239
233;0.05019487903912048
234;0.029055608621928842
235;0.06011680424959559
236;0.03810743781902048
237;0.025678632313187535
238;0.050580879162034076
239;0.0909415636373253
240;0.0015971973041569165
241;0.0357699133746231
242;0.027062802294855737
243;0.049651017136369324
244;0.08591617835290177
245;0.039249470399466274
246;0.0453357962478883
247;0.028495529399502242
248;0.03153230364852549
249;0.03908106300392557
250;0.029347868447607284
251;0.07638270865520548
252;0.08963914709043924
253;0.06067948363431124
254;0.022256546052510963
255;0.05314520467432213
256;0.02557454516898361
257;0.07916313330341465
258;0.012295811681961578
259;0.04754045447415949
260;0.019306051169565075
261;0.0867152032099292
262;0.056076592566451394
263;0.09385025625521493
264;0.03686863967328367
265;0.09933464779407264
266;0.08047465017734616
267;0.06922925625943643
268;0.0924456781449087
269;0.090203906456065
270;0.01994643166262049
271;0.03130758365234875
272;0.06427841059119567
273;0.0313698172024
274;0.02399470672934614
275;0.08335164219484609
276;0.09749387496809508
277;0.03525864253328583
278;0.04565026907326724
279;0.08534424133704427
280;0.018280967840031415
281;0.07181706663098034
282;0.042930501795567934
283;0.07091372313724117
284;0.094037686968825
285;0.06614467226310032
286;0.09532183920178951
287;0.03649086838822289
288;0.06725105349937092
289;0.008249079681915994
290;0.094246267363361
291;0.07175321669262831
292;0.049502047510522576
293;0.005039918158949497
294;0.08000592523763582
295;0.09486456340720407
296;0.07821031792141131
297;0.0789570790083165
298;0.03991346022274696
299;0.09609256488784707
300;0.02639220424068961
301;0.06936291999678335
302;0.08028929668975514
303;0.06758874535472222
304;0.05580215791637545
305;0.09759936147020787
306;0.08959575425011052
307;0.08962979180503289
308;0.08603298377322907
309;0.02111505430205838
310;0.0002987592272433615
311;0.04529785480040574
312;0.06308540065255173
313;0.09471394520116302
314;0.08747792732515469
315;0.07787862159233166
316;0.00197001101701656
317;0.01561746927079586
318;0.06101575652441689
319;0.06810477242293486
320;0.06732446588590478
321;0.048158012767518715
322;0.05930386150465147
323;0.06023173498577564
324;0.024945841058271224
325;0.07691110506862549
326;0.08331714861839831
327;0.05870868823154221
328;0.0837310114869494
329;0.02368880502909996
330;0.050268765572764086
331;0.008872407869718114
332;0.04945239996885649
333;0.01480873808422959
334;0.06670517034589511
335;0.014514222969044444
336;0.057403135043598244
337;0.05183375468652077
338;0.07964750331668254
339;0.04362437918066295
340;0.029154633650933327
341;0.08824498604530823
342;0.009966830905987423
343;0.057494501953259995
344;0.028486206697132324
345;0.05494826508258715
346;0.07841834900403817
347;0.052208175990059814
348;0.03944736914267612
349;0.030444242316560288
350;0.00829060256679669
351;0.052226918444977934
352;0.02832333250515189
353;0.06663510095750345
354;0.035015158271407436
355;0.09433419866142867
356;0.05856319025336635
357;0.019648124796126366
358;0.030736717394253234
359;0.017942613033952927
360;0.05224142780571927
361;0.07626648019566724
362;0.08564365406171309
363;0.09981872811907806
364;0.008151665437768641
365;0.04978663135932015
366;0.09235077557687821
367;0.08198163414924198
368;0.027672189023155793
369;0.07697500201980365
370;0.09807196630897301
371;0.036302061370409804
372;0.07880788555269165
373;0.0520732280745872
374;0.011197695601428404
375;0.051283226415076814
376;0.05563826887981324
377;0.005980649902672186
378;0.09449898747694017
379;0.06154800744111544
380;0.029550231710780805
381;0.08181146472482738
382;0.064921968913691
383;0.07456816738228055
384;0.0831451070345724
385;0.08552976659492062
386;0.06082261120525885
387;0.05532789251009012
388;0.06727838813785601
389;0.09539328271739525
390;0.06471279775857507
391;0.07306284443323066
392;0.007626409543247559
393;0.05363391304496193
394;0.0764067805124332
395;0.04366918595145289
396;0.03912541676798618
397;0.036107876900515694
398;0.05210615725077185
399;0.024268612741050178
400;0.09772159828289059
401;0.07727684586520556
402;0.04507944075118208
403;0.04033936335917118
404;0.008429814958307058
405;0.03775075933375724
406;0.0576892363944611
407;0.08629288572800826
408;0.05587654353574371
409;0.02772837615111139
410;0.09941456967298365
411;0.057130080940220845
412;0.07053034524442663
413;0.025910520598846756
414;0.024884381764041355
415;0.0019228141649363152
416;0.0012222772010391904
417;0.053031513820390536
418;0.0916636569952348
419;0.0701180983492551
420;0.059862913059333445
421;0.007013610773754609
422;0.06022616790102281
423;0.008352872030567804
424;0.06684313763916815
425;0.019798159905331594
426;0.035065377252659694
427;0.04915085390345023
428;0.09717227452808985
429;0.03720784320516723
430;0.004700296639451863
431;0.06432040866152337
432;0.08804714593253252
433;0.04947180159333845
434;0.016939581844312313
435;0.07264063296733157
436;0.08530524454133717
437;0.0663017236659344
438;0.06934559923138588
439;0.05412872548560639
440;0.06881863142409567
441;0.02026521830128134
442;0.07325660084584766
443;0.062277856775571884
444;0.07871399172699683
445;0.03060451903921171
446;0.06372721825870185
447;0.05018125108163771
448;0.08356153992451598
449;0.0770283801943973
450;0.03647912884757361
451;0.006345968018539794
452;0.0865523540487717
453;0.022924619992548814
454;0.05953744758098613
455;0.00857207906966172
456;0.05517411523321475
457;0.09258817147398893
458;0.017885908219468196
459;0.042656550320019596
460;0.029083802950019146
461;0.07075383383361297
462;0.012136938390368258
463;0.07555322368235717
464;0.0017030460971863227
465;0.05105729346752698
466;0.059021367783197456
467;0.023024790636643557
468;0.07549193264806786
469;0.038044982714623414
470;0.08960982135430773
471;0.08520614452002219
472;0.029690307271335082
473;0.017799189533750894
474;0.09359357715199057
475;0.025039184552910432
476;0.049515842503036436
477;0.011858303682502992
478;0.04365678624737195
479;0.005430239439119267
480;0.0934242740131747
481;0.09279021673087384
482;0.06037914044834906
483;0.0716489886191254
484;0.04596278106304391
485;0.042741045125491095
486;0.06314341426867873
487;0.09361442137831835
488;0.03460860089191913
489;0.09542640644638468
490;0.0673288300424199
491;0.02283392432257585
492;0.016162492650726324
493;0.07912982567920845
494;0.0261027013217091
495;0.010288627649382731
496;0.05642128027527491
497;0.0007235645217136266
498;0.04733520378355534
499;0.0020386733242852896
500;0.0343256434522041
501;0.039053942861691664
502;0.06823300875271972
503;0.012808024645893468
504;0.03219886470496446
505;0.09580578869675241
506;0.09539165149219597
507;0.06061739849951994
508;0.08987151530909167
509;0.07425923843413236
510;0.009642908108242499
511;0.07255638815130533
512;0.03533985559713674
513;0.022114242473051306
514;0.08104035941961064
515;0.08102936455648568
516;0.020547898685625978
517;0.06766853715239947
518;0.0520865678176049
519;0.05236102165278977
520;0.0424311596304965
521;0.04323902718000369
522;0.09344291402801835
523;0.05181560781894327
524;0.036377558940128306
525;0.0931274589253352
526;0.04973868907406406
527;0.01608098651615909
528;0.09601351332786913
529;0.03310661193735026
530;0.01083506764855511
531;0.09449439310378
532;0.016778001798201048
533;0.0004020861781829477
534;0.04941031298965538
535;0.005137494678734245
536;0.09348925447720602
537;0.09611153693831886
538;0.032709924277839156
539;0.054790491860505525
540;0.03654427225473133
541;0.05630761515343449
542;0.033621235157880305
543;0.04361389498882343
544;0.08164853424071575
545;0.016057808611568747
546;0.042999876615112176
547;0.02276926361239583
548;0.010078614458315517
549;0.004264601080521346
550;0.03321214079959173
551;0.058890347363808375
552;0.03595504052369069
553;0.08644345782088007
554;0.0362096857959639
555;0.053735577349760144
556;0.015082851376446195
557;0.028030373856792825
558;0.08026962690681178
559;0.01850935716605866
560;0.05399194298660599
561;0.048566633572306034
562;0.07242699934585532
563;0.08164102521825672
564;0.04985855704222182
565;0.03068031794641827
566;0.0966662243062056
567;0.09115731284711104
568;0.0674197077827842
569;0.023669066446798417
570;0.018331402569285005
571;0.07656687290241389
572;0.06134174418117575
573;0.07932537231199188
574;0.040532691107760734
575;0.0006664352812431606
576;0.043989672314226604
577;0.02599321004517957
578;0.09022779214086102
579;0.015742076116595616
580;0.0036091389838940335
581;0.09705058728030545
582;0.09685845009919228
583;0.04721662437459767
584;0.021013363189836223
585;0.026766561626638454
586;0.05316492991451488
587;0.056590225490138014
588;0.03248619604994303
589;0.018296983575160686
590;0.053368490195084786
591;0.05862177495651599
592;0.06657030993803105
593;0.05785314450242858
594;0.009338138816936138
595;0.06095437288757763
596;0.08554101335334574
597;0.07010386304478387
598;0.06947101303101935
599;0.05436989813803092
600;0.007968883446583853
601;0.0042794998765629975
602;0.03782479441486234
603;0.08650238718851476
604;0.05488769238225038
605;0.07625365656787944
606;0.09025365453542533
607;0.04897414933378801
608;0.0669641967769505
609;0.027315839707168
610;0.020634210739061343
611;0.07460995110993641
612;0.03209144159625229
613;0.012908840830368529
614;0.05117683059504355
615;0.08010687423284368
616;0.08552392538522428
617;0.01410737546403388
618;0.0035691392467544604
619;0.07493327746243023
620;0.015605121561762782
621;0.0603335373381665
622;0.035716745855412006
623;0.003919050165460647
624;0.07972585753185368
625;0.01765648316909321
626;0.07341216777741565
627;0.010610379816909122
628;0.0028446174134644786
629;0.037165992648862604
630;0.08422927092132555
631;0.08222748591081552
632;0.09785398925996187
633;0.07821900492257772
634;0.07932533125291766
635;0.00917557520570006
636;0.04697430710175861
637;0.09586029802382895
638;0.09900800620577745
639;0.06970420233292336
640;0.06130670897590055
641;0.013653382923417702
642;0.057038557493092515
643;0.07758294331791321
644;0.08968953296843388
645;0.026457212125884623
646;0.09242814618105599
647;0.07851261251271285
648;0.04516183013813205
649;0.010748880599060229
650;0.005082607086157632
651;0.06509566402920618
652;0.09881638467573833
653;0.08685121581013742
654;0.09851711461023843
655;0.0008086727009681161
656;0.015527593163284193
657;0.01125256373358834
658;0.06741451636929206
659;0.03353056492189876
660;0.08254148330264932
661;0.08793272404297937
662;0.00832342145391829
663;0.02293118462696231
664;0.021359684035923865
665;0.007734405487354524
666;0.06266502081231208
667;0.038626881795264946
668;0.057118569612448135
669;0.004298554618030403
670;0.023961597953029948
671;0.04365323377387447
672;0.007623704638896134
673;0.013105827790131953
674;0.021360603393294843
675;0.09826205353726303
676;0.020553475912742848
677;0.014646344691093362
678;0.02914839262256589
679;0.03511843706969775
680;0.08570243302977537
681;0.08847703370010206
682;0.057813405162795296
683;0.09953738511620491
684;0.09655955899639392
685;0.018689088537502462
686;0.015086001605999079
687;0.05013183233520886
688;0.09671057733794461
689;0.058752966980001445
690;0.05802742062904009
691;0.09722947097643997
692;0.0017965527639999036
693;0.08550498387462152
694;0.09187774637520042
695;0.010481078757953689
696;0.08374908643114853
697;0.021391417097662582
698;0.06260769249562514
699;0.07718501144768783
700;0.07595559655650991
701;0.015608330496094093
702;0.06888127912531491
703;0.08087120950554229
704;0.08371176594607908
705;0.06923924306789349
706;0.09573291463433431
707;0.033822100788748546
708;0.044660845498552953
709;0.06419179544956698
710;0.08064938252429082
711;0.09268232029253808
712;0.03508743681402445
713;0.0625653252512
714;0.09323594531411367
715;0.03160790500683162
716;0.022418671691114323
717;0.01663282151814496
718;0.07790945876114275
719;0.029539100967515698
720;0.03422729729847692
721;0.03219885184018365
722;0.07427215461362557
723;0.015885158726998316
724;0.05032609352324522
725;0.07240677608955347
726;0.06881534983123809
727;0.046978806251437105
728;0.0268573427094713
729;0.06331830662624897
730;0.07520302474423751
731;0.06067710208965069
732;0.038167717790967115
733;0.015174831142210321
734;0.09079057180451783
735;0.046571504518680154
736;0.08609507633235644
737;0.0009995031221368023
738;0.017050459952837382
739;0.0011126020923237002
740;0.08034536587952429
741;0.0843432066124647
742;0.024984764777917313
743;0.04186413116433997
744;0.012439279013247963
745;0.03948565412910844
746;0.08154751744756462
747;0.07532032094010072
748;0.06455310252189804
749;0.09520680470274208
750;0.0965188943588677
751;0.026811279898021224
752;0.07260251905140157
753;0.012620083203654842
754;0.04597131668004616
755;0.09631184006214116
756;0.007557544430667695
757;0.05290002474557131
758;0.06140313712848682
759;0.024703523011049756
760;0.01254729260869465
761;0.08742198330585968
762;0.07668915627729113
763;0.037658219630069434
764;0.07357451480927822
765;0.09483299121208677
766;0.07228765468999507
767;0.0039509279973591665
768;0.057108614304926135
769;0.03247514428080912
770;0.09645110363477198
771;0.043250075607976425
772;0.04028415972621614
773;0.08550386796166726
774;0.08720388979102664
775;0.09329405880797416
776;0.03790453742740622
777;0.09489125420404608
778;0.016475385670709063
779;0.057444498978736575
780;0.08944669729298652
781;0.026560077584616194
782;0.08145235260817224
783;0.04710902742445079
784;0.05286017990693445
785;0.026661610901991706
786;0.01912586916004072
787;0.08112788602864257
788;0.03361863544851647
789;0.08985796393450973
790;0.04746394989598451
791;0.09991136829419833
792;0.07496233131554861
793;0.0654234706749668
794;0.002351443259416086
795;0.055061498347257265
796;0.0823408987834189
797;0.03964571584891591
798;0.04933379378660871
799;0.006248720720659473
800;0.02538749258404237
801;0.08834160361369066
802;0.04445651642819544
803;0.06156397851483613
804;0.003908115816779789
805;0.07388280348416428
806;0.06324588856167015
807;0.030994589562828023
808;0.0970860765942756
809;0.0300946968050015
810;0.0426320509576009
811;0.033618700339019335
812;0.09584576735603739
813;0.09088716838967931
814;0.022046291111798035
815;0.09296393742100303
816;0.042208822316515106
817;0.021845362707660798
818;0.06635394312271505
819;0.05683342438970736
820;0.06519043619327151
821;0.08047401312150514
822;0.017560550369038964
823;0.028198344600308203
824;0.05692322449460533
825;0.06715298432941134
826;0.09650813189390069
827;0.06453339928974472
828;0.03152045988934593
829;0.03498968961192587
830;0.060336704033478884
831;0.02951096945786702
832;0.016566503681866053
833;0.05075067256948788
834;0.037839170614569345
835;0.04300020529711708
836;0.015947111820619798
837;0.030464072313484237
838;0.06015591972542864
839;0.041457405279449966
840;0.09043312320248184
841;0.09658355092978667
842;0.06499229068146502
843;0.08549950489276173
844;0.010653282921233277
845;0.007191584329686618
846;0.010771630907503306
847;0.023995380299148994
848;0.05793781803653754
849;0.0001628965787856873
850;0.015872426533186944
851;0.0063492665476242
852;0.09522934848861353
853;0.04063758536592349
854;0.0011112700293368638
855;0.06692915261968067
856;0.05561579007874762
857;0.045666030237594635
858;0.007583987287891503
859;0.0596645462406932
860;0.07258359454854418
861;0.03969907356457667
862;0.00143173621353212
863;0.08115896676376368
864;0.024554749264099618
865;0.0075419150614932096
866;0.09678309789715049
867;0.05549837484963798
868;0.08170186157721604
869;0.0522420343534967
870;0.0037144424818738144
871;0.08357035326682608
872;0.044500639566705996
873;0.05309092904740547
874;0.037514374020593
875;0.04198134311116845
876;0.04215253395864114
877;0.08109943511251134
878;0.0015214965227687395
879;0.06462159980740162
880;0.07012867810468358
881;0.07279149067721455
882;0.05946432686666551
883;0.03958499775449299
884;0.0014050867085916186
885;0.004722586737651258
886;0.030943147212392122
887;0.024981100918097767
888;0.048419718170732776
889;0.06727690008566262
890;0.019854296924138738
891;0.03443614723582299
892;0.08071967390818081
893;0.014527587684000254
894;0.07081458538058238
895;0.09048948402336437
896;0.08773161084032613
897;0.07814102757341729
898;0.01961342729445602
899;0.01970732762655545
900;0.0623496851243086
901;0.06438496354699538
902;0.05707262736405764
903;0.035620995378463687
904;0.04329892839419566
905;0.01399132123035245
906;0.07643205346917042
907;0.09740380237334247
908;0.09951537915715476
909;0.02915725660172004
910;0.009986161995498788
911;0.07082012835032771
912;0.08552876853619557
913;0.006347811691332106
914;0.06511107010674003
915;0.09045270027687802
916;0.043489930765592794
917;0.09372814694866147
918;0.02283852236224303
919;0.036036314625319865
920;0.022568838078795284
921;0.005778760258074046
922;0.011399418910268567
923;0.017274379546288698
924;0.018663244372005762
925;0.05021873377608586
926;0.09499259503375779
927;0.04830706662300688
928;0.06830563907799618
929;0.024151940003838235
930;0.027202413904485658
931;0.07444138520589
932;0.07916686989347925
933;0.03240324083846973
934;0.031310235186877255
935;0.09900277776531696
936;0.05034385578315956
937;0.011647691997065347
938;0.03211217890605689
939;0.06117331710459292
940;0.0651295899077307
941;0.08047072531676942
942;0.012223934352750843
943;0.015716048790431703
944;0.08840590178130897
945;0.005293082501536428
946;0.013493215817084648
947;0.008892968992939032
948;0.06896658649175105
949;0.08812374912032671
950;0.07181863999298538
951;0.025517470699678736
952;0.02713322558672572
953;0.055259002266932304
954;0.0966207170740781
955;0.009164255874835893
956;0.0993593044836391
957;0.0383641216987093
958;0.09191531800140587
959;0.010801284446991834
960;0.04688576490361507
961;0.04889387666078975
962;0.058557649277247825
963;0.02319342758875942
964;0.07447814343723667
965;0.03914579249570415
966;0.09258688054223913
967;0.04103806842505772
968;0.016775003881172534
969;0.05929512476432356
970;0.05415794125581034
971;0.007372541919299602
972;0.04574643395548407
973;0.05941683097506041
974;0.033191754041970854
975;0.06266547146818484
976;0.03728506814738414
977;0.019612920672856027
978;0.06493155840784487
979;0.05370817841764161
980;0.001261627164913648
981;0.06919140682366996
982;0.032496630801664615
983;0.030916004330299174
984;0.0848881491023087
985;0.06620509338628207
986;0.07916084226590171
987;0.03483503674197308
988;0.024930485279164395
989;0.04508420363790098
990;0.03234585955922483
991;0.09749734682213942
992;0.020188274025964726
993;0.06669186757002298
994;0.0332236685089044
995;0.01608083324148033
996;0.06111361811417637
997;0.08598304292784487
998;0.06530419231164197
999;0.05955972948684595
1000;0.013175874994952952
