1;0.04676815796496251
2;0.012992114932889888
3;0.09919890281463095
4;0.03389950039476796
5;0.07297328292910192
6;0.09081592367636596
7;0.004081499024626012
8;0.09901599311241942
9;0.082755688400193
10;0.05790182493103331
11;0.006895541767708147
12;0.008988287934571149
13;0.061299477020516316
14;0.017230544123813484
15;0.0025356494097936613
16;0.09614722793010547
17;0.03081246207700832
18;0.09029408811136735
19;0.050559276371074116
20;0.08994689626117135
21;0.027893452627962157
22;0.027859634381151077
23;0.008227914511707545
24;0.06737532658772594
25;0.07730173696097892
26;0.0032857567757149987
27;0.009128036675261875
28;0.08410385150400315
29;0.05522164835003671
30;0.0015895861552312374
31;0.0065184335240389135
32;0.04296426982655736
33;0.04683864826274952
34;0.07668671237862812
35;0.022027908136080777
36;0.0887462534513252
37;0.033689757944101194
38;0.031816736759421496
39;0.03695321653210747
40;0.053806578093501325
41;0.007299273159298458
42;0.06733771380491593
43;0.013283532585957014
44;0.03299604907664773
45;0.01781187969785383
46;0.03941098050267512
47;0.03143685971918258
48;0.09836901074376259
49;0.04749515615789782
50;0.09943244087290641
51;0.06621123067842195
52;0.07564225983637618
53;0.06267084256901785
54;0.09391709374888735
55;0.004344208759690993
56;0.06168628030796069
57;0.06782130940071283
58;0.019307567447977916
59;0.010465085938635432
60;0.08417261183143117
61;0.02547267269382595
62;0.0320452786451807
63;0.0065423311662083485
64;0.02624772127334172
65;0.06610126157673533
66;0.06081516119355149
67;0.0627951656824468
68;0.061089874022465275
69;0.06566360902679545
70;0.036603338398711105
71;0.019955854096149795
72;0.014949176252320518
73;0.07909646618168995
74;0.02981883193404211
75;0.08870160058278079
76;0.08348729181268186
77;0.014918336768489915
78;0.024375222212913862
79;0.012575198456844162
80;0.009662265124701253
81;0.03334357151889755
82;0.09814428040732591
83;0.030499426747132186
84;0.0033629074167201623
85;0.0870256645204196
86;0.0887143230959184
87;0.048836904837975204
88;0.03666457685816187
89;0.030410794548774434
90;0.02439927252511097
91;0.05627929285481318
92;0.08367518656474765
93;0.003603572016008161
94;0.05990411147218379
95;0.024160600439246893
96;0.01989651192787566
97;0.04955455034828288
98;0.04712519185795786
99;0.05563477002789377
100;0.02697253150788973
101;0.028491069399989234
102;0.004851069059715285
103;0.04810603084786254
104;0.0007821537829289294
105;0.049362407980814926
106;0.026136506927592163
107;0.008277213383461313
108;0.016113183385356222
109;0.08067720313555586
110;0.09409678765559548
111;0.008903298236613288
112;0.056756455578031384
113;0.0338384591151706
114;0.01985790313597885
115;0.08981513761649601
116;0.03899349436909264
117;0.00887977093540937
118;0.049323565020313404
119;0.050280222460851655
120;0.022774256425036013
121;0.07563253170046391
122;0.03965846398159372
123;0.009553000071721995
124;0.0528504857251491
125;0.09596445852935796
126;0.0706403805052292
127;0.052757855620438054
128;0.07331780186281876
129;0.07092835069127085
130;0.025066997975590734
131;0.0013869095018162138
132;0.06064588701149767
133;0.0949510187659575
134;0.002257400371392149
135;0.06921571031648537
136;0.06226678534991628
137;0.07553291561901893
138;0.048167953292330215
139;0.035834027399320525
140;0.04817764718756523
141;0.0426284969583431
142;0.048728454191264384
143;0.05145733307457086
144;0.04853526601687265
145;0.03526009632555682
146;0.0430844667171093
147;0.010697942732637244
148;0.04491439763484281
149;0.05663904830542378
150;0.001934213965426923
151;0.07298990165595137
152;0.09694033233243533
153;0.09582157696376847
154;0.07061298851701124
155;0.003934177915978843
156;0.05003867875087197
157;0.025945363764570697
158;0.03745745095934185
159;0.07700537347512544
160;0.09465211234113104
161;0.05382071483280514
162;0.02987125319180959
163;0.005510251774438269
164;0.037143833715122664
165;0.014727910178646997
166;0.07378262126573198
167;0.03276379589551094
168;0.02514136616029742
169;0.0011158150708342808
170;0.016575643229365434
171;0.007568598454837272
172;0.03177729907014384
173;0.06281683283379692
174;0.018043744725808244
175;0.07212490048278622
176;0.03475119134661312
177;0.007015870955643611
178;0.09849411224453804
179;0.026960927051067375
180;0.07165913073543942
181;0.0993003987699105
182;0.06688716707162816
183;0.09614181216413144
184;0.025623305151391485
185;0.06179410046022199
186;0.016372286719739382
187;0.027456222188613967
188;0.019286927321241654
189;0.07876455271489023
190;0.06032436241656946
191;0.012063055310462867
192;0.04420215002695315
193;0.09339619611285918
194;0.05337984857708494
195;0.011852881604110478
196;0.07100211762684426
197;0.05081281481319181
198;0.03983945066779265
199;0.09706662215826188
200;0.09994115694404464
201;0.023610567662164142
202;0.09668219365827582
203;0.0848729930291247
204;0.06623954657744908
205;0.0036537654796326537
206;0.04398119138573886
207;0.004278916357532414
208;0.07377578269644813
209;0.061445508366053815
210;0.07106450636497373
211;0.027752731972930413
212;0.028736917658071827
213;0.07720146139956194
214;0.0134133405352875
215;0.09696616883419165
216;0.031389382989315553
217;0.06334661066781322
218;0.040876918278736546
219;0.09484298383286471
220;0.036233289505551526
221;0.05463767410614261
222;0.0533021489789606
223;0.07020391657252993
224;0.05641342637082836
225;0.01688265122079682
226;0.035347362804051895
227;0.08140365656943549
228;0.04708009136893163
229;0.004827186681185314
230;0.09535294310370197
231;0.06311175056163318
232;0.09525212707317127
233;0.0878041928110711
234;0.03743582533943634
235;0.031239022167531574
236;0.04027337669779496
237;0.029564820397335535
238;0.09864223175373774
239;0.07580279980148595
240;0.07050201356446666
241;0.05997672980459743
242;0.0111154740824142
243;0.01317917774876769
244;0.07595667223996161
245;0.04868890520676381
246;0.0317690773554676
247;0.05020169707151552
248;0.04352155802271798
249;0.06374036984742336
250;0.08999212115881283
251;0.056812294012548184
252;0.06158215384679849
253;0.04932387621515806
254;0.006603132331308404
255;0.04125030140553307
256;0.07632648820732929
257;0.04850471510614626
258;0.0020699975697045406
259;0.0365108078378671
260;0.06452834272592711
261;0.02142687576465384
262;0.00039438994942732065
263;0.010394755735618245
264;0.015178029403911553
265;0.09158417041584078
266;0.05809819627016797
267;0.08696768184358587
268;0.061113381063091554
269;0.026331569993338258
270;0.0823320247325795
271;0.013665490129988557
272;0.039401250476032226
273;0.03366579782256062
274;0.09949737973434974
275;0.011832260737880552
276;0.07879154133316552
277;0.023240032283011115
278;0.05955588877266375
279;0.06476627082166594
280;0.05502807785471692
281;0.029617132691368064
282;0.020886464973038966
283;0.09895431815275293
284;0.037062184987960343
285;0.07949726276414522
286;0.08353773088544958
287;0.03702592964590985
288;0.07132972066294223
289;0.05863364174529404
290;0.0731443292846843
291;0.005703160632065918
292;0.05516793248440516
293;0.052864818788894534
294;0.043132750655112156
295;0.03117372002208443
296;0.003322304215140992
297;0.06637223064577302
298;0.0622283892005857
299;0.030294106809447087
300;0.08774821803727187
301;0.014918869619564623
302;0.05729162922328216
303;0.08963677906212278
304;0.02367560245719528
305;0.06507143429190775
306;0.07288757275372237
307;0.028119337548921056
308;0.030325992863110687
309;0.04832821962770906
310;0.07524499594492376
311;0.09646581942403297
312;0.03231646139560065
313;0.07559374781521326
314;0.00841523812893472
315;0.05185675831174962
316;0.06575468960430564
317;0.002349369203436047
318;0.0657306454066483
319;0.0383318619089296
320;0.004413075480082596
321;0.01877287970117444
322;0.06430964610517632
323;0.058382659738425546
324;0.08689815677524
325;0.07365096902249489
326;0.05813716100623811
327;0.06546431396973858
328;0.04141024908715272
329;0.03531740762831246
330;0.04599514039553246
331;0.0036308823744747977
332;0.00918301397019905
333;0.0411635518520036
334;0.061837874366472034
335;0.06466959781129136
336;0.06547435572953367
337;0.05938143116183769
338;0.012275816275093922
339;0.09367203889645156
340;0.017034008518549495
341;0.09288715665460173
342;0.005916627803640085
343;0.07019613492788503
344;0.0815016110656779
345;0.01820007516058496
346;0.04454355048465963
347;0.06924180288079435
348;0.05587535545536524
349;0.08737111173716375
350;0.0168457042500905
351;0.07039172262465224
352;0.09862462857048777
353;0.03277782961585234
354;0.02027599260799198
355;0.08066263468452846
356;0.07473253767038533
357;0.051171780216374446
358;0.031167111098153802
359;0.0867824995826505
360;0.07338204239274286
361;0.051928207073246184
362;0.05201708182345747
363;0.02138276412897594
364;0.037448114967495186
365;0.06863959669158474
366;0.0063724236836852025
367;0.022617525920855842
368;0.0089911052780562
369;0.04917860192973697
370;0.018887369026729828
371;0.06569570191178994
372;0.09046905893295534
373;0.05264377471169525
374;0.0643363059633673
375;0.08280751934867524
376;0.04983942497495789
377;0.08221077010519064
378;0.07333643275684103
379;0.07525302436464974
380;0.0737144636938865
381;0.0903821079530382
382;0.05329784601543034
383;0.06949161855706633
384;0.025239743381582226
385;0.07567287369753449
386;0.017030245855435878
387;0.08698805881497762
388;0.0231965047620057
389;0.04627099240524688
390;0.07564058861019207
391;0.055692815135953415
392;0.02022059175178849
393;0.09185891154601836
394;0.03159729394188395
395;0.03449549911273331
396;0.03454339169004481
397;0.07856782664539103
398;0.04273157131446727
399;0.037268975901445324
400;0.011413563732912291
401;0.020195340968006716
402;0.06803275435359486
403;0.009925230679593378
404;0.004831322026941698
405;0.009984839152350988
406;0.03350218423371578
407;0.04482457261923356
408;0.05604320881659335
409;0.016032068773906793
410;0.03245134472498701
411;0.08751118097934862
412;0.03600418711503465
413;0.0294413737306138
414;0.09754417315717093
415;0.09839035157205694
416;0.09879555661271436
417;0.09398079325441877
418;0.08814734686917036
419;0.0608636066007744
420;0.013903163714764145
421;0.00956379299099538
422;0.03299637675639895
423;0.09958735768811694
424;0.021541214304432788
425;0.02354751441368328
426;0.06536965929713327
427;0.041514919404638674
428;0.010768011146548462
429;0.019810170943555718
430;0.08356898237416566
431;0.06969328439464044
432;0.0960800805336145
433;0.013152407801679334
434;0.06311710120001111
435;0.024155261569529976
436;0.016964631397097408
437;0.05557916184081751
438;0.07036575544249708
439;0.025549991707186692
440;0.05761320556511266
441;0.06079687951123926
442;0.08652552293426442
443;0.062278927146956646
444;0.08479381830772643
445;0.07265979933751075
446;0.08802623180065491
447;0.028906938901723946
448;0.0879283753825546
449;0.061304309440951915
450;0.04284075602762483
451;0.014273031525753233
452;0.04813886371709465
453;0.030600871526697063
454;0.03760153355499797
455;0.01491404134358384
456;0.04349130600988569
457;0.08201831659557057
458;0.0060365302044156355
459;0.027314570567773845
460;0.015723109675586235
461;0.0428365570794803
462;0.08295941663184875
463;0.02592365226286422
464;0.06122097777223822
465;0.0976999637106249
466;0.010022096066430054
467;0.026238594917652226
468;0.07414058699330653
469;0.09320777163973673
470;0.06516927029257195
471;0.026635370690320615
472;0.09438447978691931
473;0.08973062567846495
474;0.06107608163855857
475;0.024222152265196664
476;0.06948850348634987
477;0.07949321271177937
478;0.028235639212121955
479;0.009239823923471613
480;0.03324516953815765
481;0.027863391807723972
482;0.09080046746880377
483;0.03624316547288714
484;0.010567790713853931
485;0.09914281614681024
486;0.07313248667778048
487;0.07896415709226579
488;0.09114410851135638
489;0.002035959491745998
490;0.019317556003082728
491;0.09467564698731257
492;0.07808171971822433
493;0.06967671736139318
494;0.02330959898050271
495;0.02593214674627429
496;0.004601980246450199
497;0.00922612902858696
498;0.02407655287212537
499;0.02251544397369505
500;0.04247363030131841
501;0.06611102565753783
502;0.025338072912389455
503;0.07763762689274654
504;0.020286713027714776
505;0.053855360153369836
506;0.05443097868086932
507;0.07997625809612038
508;0.015501704089503965
509;0.0172058753383046
510;0.0913506233754082
511;0.01575970543640518
512;0.08950586908825708
513;0.0390817812234375
514;0.04876316000822183
515;0.002906755571686948
516;0.033244080840461675
517;0.07249724409234891
518;0.08617763254982128
519;0.03963031021275237
520;0.011401580761519892
521;0.058694689542153414
522;0.061187139184184725
523;0.04303803467915085
524;0.09330995460701429
525;0.09981384208368077
526;0.03120164217035464
527;0.0055187066956910785
528;0.02437833914543698
529;0.03350775385646091
530;0.09373017817511453
531;0.0807157517977443
532;0.01344086387238227
533;0.06213593534137819
534;0.059478333537290685
535;0.07434416435875184
536;0.042974624674358614
537;0.08973975591933747
538;0.02518064615441251
539;0.0584321793777187
540;0.021907321423067262
541;0.06299425109146224
542;0.09518302207342932
543;0.02675891737053935
544;0.04777768062415211
545;0.03879986143690539
546;0.00845001416104535
547;0.0757900580765809
548;0.0026969533514156433
549;0.09187610560075538
550;0.08719397047966507
551;0.010008588254607055
552;0.08440074553011342
553;0.07602305577818011
554;0.09070036809933729
555;0.002435923891847558
556;0.05857640668325331
557;0.023267581470500676
558;0.0008233624535587403
559;0.0017768211187006444
560;0.0276216885780593
561;0.09645951585912708
562;0.09173048983205469
563;0.04955852422026174
564;0.03143175544956444
565;0.035892783113294434
566;0.09789062783348368
567;0.07457257255007986
568;0.086311717962457
569;0.0005710317444801438
570;0.021942903965594698
571;0.03832133058659472
572;0.057313859492511034
573;0.0301372452004679
574;0.00979631750714739
575;0.025914624696528256
576;0.01715194042625523
577;0.0959036299538826
578;0.0035886843471892305
579;0.004570654786921424
580;0.06006427271596502
581;0.08917705757526077
582;0.0827414420908471
583;0.048535429666129885
584;0.015193414041190047
585;0.044876385661347364
586;0.05880768677409501
587;0.07207989883528391
588;0.017348042417000064
589;0.0991050938870147
590;0.0685787040528997
591;0.0051043457626508415
592;0.047594424946890805
593;0.029966556330027008
594;0.020654662543484005
595;0.08239754178167609
596;0.0936964513165015
597;0.07685569722192713
598;0.0480644424468995
599;0.029557011853211745
600;0.046847622203239375
601;0.06529928405751631
602;0.07417401485510662
603;0.02504724517359165
604;0.040794657305076934
605;0.07616826507826877
606;0.033541050782650704
607;0.0386567381615639
608;0.016292321295530068
609;0.08067481995882372
610;0.06497833444453362
611;0.02815267093864784
612;0.031414674260195674
613;0.05122421215469214
614;0.03266077173476761
615;0.06404078723713974
616;0.07100363692649242
617;0.01702943539500652
618;0.019554160096489692
619;0.02303125751092433
620;0.08028358255579301
621;0.09479270603341038
622;0.034609877915504315
623;0.03266758145959138
624;0.0008509050976396649
625;0.042408285535275696
626;0.062199181110477966
627;0.07170299581943117
628;0.034186562395332756
629;0.0890188886920294
630;0.06931284311252914
631;0.0343903049690109
632;0.014051590701021001
633;0.07174098901690927
634;0.06082497798330844
635;0.08844240249168675
636;0.04811486060280188
637;0.09134239187139931
638;0.04233254716190609
639;0.08985610292165519
640;0.017382666191371642
641;0.02762747318409553
642;0.06627298133585438
643;0.018112833373876848
644;0.07213214560874273
645;0.017331705065788485
646;0.04795022961666491
647;0.09086490670861955
648;0.08159372439249636
649;0.0036149408356647597
650;0.007277199353311548
651;0.05005263734433492
652;0.030537040563560172
653;0.06440101446805717
654;0.07021289598881607
655;0.05591893539326518
656;0.014717950022549487
657;0.01712329750522521
658;0.09126273478427582
659;0.08552648973939969
660;0.018298598656273115
661;0.09520554172645775
662;0.010047158843664817
663;0.05878790900401781
664;0.004171064141836045
665;0.03963289415411617
666;0.09230845289078354
667;0.052879186863937326
668;0.05855720446940356
669;0.010962172503656288
670;0.053067906151756064
671;0.05062063380491684
672;0.03538350472474967
673;0.059606182551960755
674;0.036988048872231706
675;0.039496481486647174
676;0.09796275047291847
677;0.018957888829998205
678;0.0024420045320133867
679;0.03543465009995885
680;0.07708700782158429
681;0.07523901072621823
682;0.044384807134501464
683;0.07459272128104721
684;0.03605593775598675
685;0.018760786264858522
686;0.05524975295957002
687;0.06856746155816215
688;0.05856203521971703
689;0.09463637360041853
690;0.06209322698889091
691;0.0678103967538113
692;0.09553438920512726
693;0.0849291617067941
694;0.03391323923235858
695;0.07613684776749682
696;0.08489813847479456
697;0.09279529494350541
698;0.04733358262657722
699;0.0073710605084367446
700;0.09829060741190003
701;0.004253849007854338
702;0.06843352834123277
703;0.09389952673438307
704;0.07910613744912129
705;0.03164671394190828
706;0.007737214965613548
707;0.02092542030805361
708;0.06789389213457317
709;0.0922577896149415
710;0.09089755336700374
711;0.07030414437821325
712;0.04244730474069224
713;0.05401996618231272
714;0.022712750641215165
715;0.04390184752341454
716;0.012370603931437574
717;0.0577094129332864
718;0.046910417552534736
719;0.08230666847482591
720;0.042803077190051046
721;0.06919621131467282
722;0.051480306043731716
723;0.009533439646923592
724;0.032754637701175295
725;0.07796119729014901
726;0.007669482023660657
727;0.07139398279296025
728;0.07208685062175223
729;0.06877953106303603
730;0.06015503682373999
731;0.01631839219185546
732;0.018741981372679805
733;0.025618760281257105
734;0.08686271561048346
735;0.008411027169938568
736;0.07326650688228123
737;0.0024309907849254355
738;0.07437007660030882
739;0.0674499186751092
740;0.09577187352637752
741;0.059211712553884105
742;0.09904502806478695
743;0.013236285795493753
744;0.07473548597137664
745;0.06860835654334872
746;0.06596736536759475
747;0.09252635221911609
748;0.020785165666744078
749;0.07676874284366492
750;0.059881306358584456
751;0.08009521438546091
752;0.09459002042536332
753;0.007956990074551652
754;0.03333325316824377
755;0.059586419810917
756;0.08696416293155373
757;0.00446889301071578
758;0.0683569558300525
759;0.08562533582998355
760;0.07279464562137408
761;0.06053534109957788
762;0.09295269329879774
763;0.064127807670658
764;0.07524849377544669
765;0.09650182371577055
766;0.019918030218339655
767;0.02276720237614599
768;0.04963393849224166
769;0.019908448502501997
770;0.05630622823929374
771;0.06576381642305194
772;0.048751548019491046
773;0.0355833221106338
774;0.035853578224326575
775;0.013160001024500857
776;0.007216963932332699
777;0.054943612702690096
778;0.09526523547135318
779;0.07067388735032987
780;0.010705487351635436
781;0.01658675959400141
782;0.049861076461319986
783;0.08829795358176902
784;0.02148837549134691
785;0.061546981153858066
786;0.018968912110962823
787;0.09194515736651643
788;0.03407606194679113
789;0.01716095678445494
790;0.017805807685947472
791;0.09549649024444665
792;0.012779597930410946
793;0.07729237387520448
794;0.0022263706049311604
795;0.020217747382928676
796;0.06358894273151154
797;0.06988220175764813
798;0.08370251064123158
799;0.004407813511215042
800;0.09785678163048363
801;0.04560067035535157
802;0.043278335750130674
803;0.0564558900441412
804;0.03591068554308118
805;0.06614767202716146
806;0.046945911764741714
807;0.028970036077785734
808;0.026966396055299924
809;0.007044967328642205
810;0.0694102740623905
811;0.04976824281453658
812;0.012149002174768775
813;0.08989357681892993
814;0.0719310216206743
815;0.07106247157524288
816;0.06084796233622487
817;0.08992219104481175
818;0.09315678318941428
819;0.07304946538179785
820;0.054189940436330665
821;0.031105754799108366
822;0.026976142636562086
823;0.07074964561030177
824;0.04660930090156699
825;0.06266330903346981
826;0.03803622046113726
827;0.06335657813054556
828;0.00021789084010784832
829;0.03415171616157373
830;0.002076973805221272
831;0.05147804760980538
832;0.0558133459767875
833;0.07236090126274455
834;0.017629375064457078
835;0.047702470752430476
836;0.003870838276909916
837;0.06973894530596735
838;0.05943059889135436
839;0.06530513056625978
840;0.01862374083239643
841;0.055932873599842385
842;0.008013746187693216
843;0.016781211580981125
844;0.02159757963649366
845;0.0034429004393166096
846;0.0541551467856917
847;0.061872734114646256
848;0.07669805289711915
849;0.08485086002896532
850;0.02903996832611131
851;0.08803444785821005
852;0.07736544312072365
853;0.07074568584293699
854;0.04579281412278078
855;0.07000828502723327
856;0.021511506731534204
857;0.03782239823024777
858;0.011096925297514937
859;0.03761928593823932
860;0.07927531933006794
861;0.010647842346109805
862;0.0444000028126954
863;0.08470684102105774
864;0.09000645100655665
865;0.06950574164252639
866;0.05469303112736468
867;0.024017368946343376
868;0.02483418256476845
869;0.06454459324588185
870;0.08180941646027735
871;0.09435396044073313
872;0.0017831836479255238
873;0.037800939058396134
874;0.07607614759803442
875;0.002254371630631347
876;0.0023661266732661226
877;0.08399052239744875
878;0.036247476795841574
879;0.002872569494556887
880;0.05294196937673044
881;0.07236986545391853
882;0.015564407192357022
883;0.06689561850599182
884;0.04413707461968924
885;0.08314191543866416
886;0.004093719982886846
887;0.08280110195768653
888;0.08738063163019602
889;0.002744456068067303
890;0.08338953654952565
891;0.05557932500174837
892;0.012887842235561775
893;0.06836901054325088
894;0.0605755045512256
895;0.09413838385623106
896;0.0036905741838032524
897;0.036373690417541564
898;0.08163107005048297
899;0.06261632837655155
900;0.06056814992741847
901;0.04702007448273803
902;0.05806967379388609
903;0.039926766976656786
904;0.0749785217900033
905;0.07480596180273487
906;0.0303887874380531
907;0.051897247835947936
908;0.09765651481780567
909;0.0673598995908137
910;0.007728540992543676
911;0.09944200396971588
912;0.03874247179977605
913;0.0025721715396299864
914;0.04563004710669856
915;0.02314103839453492
916;0.042959675944198306
917;0.011379351460749221
918;0.09803191317417465
919;0.08654311842583108
920;0.06300712193683604
921;0.022774146876856294
922;0.03833094962689998
923;0.012788774875125131
924;0.04659535526077444
925;0.003911036185656802
926;0.08330842779982073
927;0.060607863956304645
928;0.08854203000332757
929;0.09102507687883202
930;0.035203182635417864
931;0.09681152021101767
932;0.0035784522752523086
933;0.030173668648687813
934;0.017799930136825716
935;0.03527170113686785
936;0.053531798991039194
937;0.039553817544733264
938;0.016999850548848117
939;0.02253936781585061
940;0.09175366412354491
941;0.06004248070920255
942;0.04351253244107144
943;0.06965755652727183
944;0.03897996876931762
945;0.0005337105944198117
946;0.07892964158009397
947;0.04527753203860755
948;0.06892863761530975
949;0.07111566015872975
950;0.03739621529866401
951;0.04010805205364655
952;0.07407647926596335
953;0.046282666988797155
954;0.027109335526505764
955;0.031223184432906684
956;0.07826639543378457
957;0.08243513539380028
958;0.056558046837613674
959;0.04510344249318629
960;0.058198526272687026
961;0.0696899892928842
962;0.049818309151721245
963;0.04391645166708574
964;0.007769131318837441
965;0.03576489008360258
966;0.011763300870664373
967;0.09204054734154563
968;0.03922410634178988
969;0.007821674178319827
970;0.003769844434518022
971;0.019453924678219936
972;0.04961300885578754
973;0.09178893788813185
974;0.07863448615129098
975;0.06790355662719975
976;0.02046051661406866
977;0.04605134217124969
978;0.017253276232245263
979;0.06951202592051406
980;0.046757545838522874
981;0.07934735509597032
982;0.030284569001526398
983;0.008163888628491146
984;0.02764217254446908
985;0.09353414560101876
986;0.03168499051052244
987;0.004530170667353184
988;0.052127081016566025
989;0.03040891676213177
990;0.046424512704898495
991;0.007050671070977921
992;0.004058358850858546
993;0.09704787624624293
994;0.05914356872732464
995;0.03401714185017666
996;0.035274152646120875
997;0.04431745824498376
998;0.07730840891209932
999;0.0746476814968262
1000;0.0972475801736653
