1;0.048743749279098504
2;0.061201279949586074
3;0.04031667438680264
4;0.04414163050168967
5;0.060191398435835514
6;0.07318112469488768
7;0.0048147721374709245
8;0.0028854702129907372
9;0.06554636540316276
10;0.06354656037526352
11;0.07839119340742001
12;0.06771263743717049
13;0.08028760704753729
14;0.002049082423341897
15;0.05585657883173548
16;0.0868456690167041
17;0.09577340076247684
18;0.038871691197225444
19;0.05761467226708461
20;0.025788904781455114
21;0.032867288425730244
22;0.04145750699643922
23;0.023262335915764265
24;0.08136721745529603
25;0.025453926020325847
26;0.08236087754799376
27;0.056987745859891206
28;0.09277975601709566
29;0.06363688549724168
30;0.004541718643900727
31;0.07576051529415069
32;0.03019655470636017
33;0.07501604874558249
34;0.0766433591573783
35;0.0758275687379315
36;0.05522988733104224
37;0.0375120875039619
38;0.054740938168050216
39;0.015974548221182706
40;0.01674529893714979
41;0.017823799165325484
42;0.08995799764450896
43;0.07510337078544371
44;0.05682935052848629
45;0.03266875272918118
46;0.05941537827719634
47;0.00035787460926679505
48;0.09725129658200456
49;0.006988793410751815
50;0.012709490704969118
51;0.06806199265722357
52;0.04212712178375353
53;0.0028435261243648703
54;0.004656461159950398
55;0.022932345122616694
56;0.011698138748557152
57;0.038924914341575245
58;0.07840123610480959
59;0.06864983938472981
60;0.03798687793054886
61;0.041414902150440726
62;0.06382737702854155
63;0.04812733995439655
64;0.07338004120702894
65;0.03192735377355168
66;0.0254627225164237
67;0.08162695819360732
68;0.06340300124973268
69;0.013236787318997046
70;0.054767486236717344
71;0.01537385295083158
72;0.07699304931527116
73;0.036482575529739415
74;0.0647818250513235
75;0.026651575522513737
76;0.04352724238800727
77;0.0644566433617882
78;0.06092809123924602
79;0.08315330914674895
80;0.016748452330165364
81;0.035970047922139425
82;0.09391929805837612
83;0.07057019317626519
84;0.06215159501589462
85;0.0454590009020729
86;0.028186639719005625
87;0.04009328155241637
88;0.030749245440586073
89;0.049000364972976496
90;0.024963333990121295
91;0.06941400805969887
92;0.08469856513628149
93;0.0739000503580005
94;0.05648459654526107
95;0.06546471255330115
96;0.006478736444987688
97;0.02750376103560566
98;0.010526156789861808
99;0.028978023266764866
100;0.040299163785921056
101;0.08353279181559997
102;0.0921796135035489
103;0.06408554559474944
104;0.06754730286008759
105;0.03629625172855394
106;0.0577589157870049
107;0.04029417292900093
108;0.05923638135509871
109;0.010979969018175707
110;0.0806606365802175
111;0.08582563831263279
112;0.010492651571618695
113;0.04810869022008926
114;0.03400716789121264
115;0.09961986655431959
116;0.06575534058969014
117;0.07385082779453948
118;0.08410666259989673
119;0.06864427038799047
120;0.0038864447236563685
121;0.003534376886768331
122;0.07046536039345773
123;0.005443812328030906
124;0.025808907808433746
125;0.05604647740989567
126;0.06305400298724317
127;0.030030224375596184
128;0.033728867579899326
129;0.02020817970911769
130;0.07468115197308071
131;0.0021898895790593786
132;0.0984513376229697
133;0.08828075966545457
134;0.03283453172935157
135;0.09438037988193125
136;0.012702295303673151
137;0.011302764262335742
138;0.030714790768481527
139;0.032293718965871125
140;0.06467285382740125
141;0.0949680835894459
142;0.06979769145639333
143;0.05589535801552736
144;0.04854151656715107
145;0.0024879949517935596
146;0.09774782058883652
147;0.00233728702445023
148;0.08877157069260205
149;0.06855276432490215
150;0.014287191502539875
151;0.04171163520828017
152;0.06224020942924511
153;0.02530866960085947
154;0.07977516902989833
155;0.08553032906077523
156;0.033273643351649396
157;0.045107947057088586
158;0.021799865325132485
159;0.061762219862524406
160;0.0038260261036552334
161;0.05345426166659431
162;0.061802149193383976
163;0.06721745517770043
164;0.054890784001898424
165;0.08487731287099604
166;0.027014135610898684
167;0.03144195254494355
168;0.09166103175862018
169;0.09263529448124065
170;0.07030631334746314
171;0.08227044611160753
172;0.07722907068366204
173;0.029757589892603055
174;0.08308607239309922
175;0.010651052604497635
176;0.04281052690562083
177;0.08930122058818106
178;0.0693053257177598
179;0.033370109450592024
180;0.09160673812655903
181;0.04998435824455673
182;0.006841950048779345
183;0.04430909500829201
184;0.058987874304297166
185;0.0852502178679198
186;0.06672860090135173
187;0.050454351025539745
188;0.05426744752865617
189;0.07354909711786115
190;0.07325052139064983
191;0.021119738397407675
192;0.02465583505514063
193;0.01910828471819457
194;0.05456867860457709
195;0.06895735842187727
196;0.004852676755269281
197;0.017065865190767592
198;0.04954240667754172
199;0.0735642179272488
200;0.028429420098349034
201;0.05899576164781853
202;0.0008405665042703459
203;0.05538008023345619
204;0.06791768915180295
205;0.09327358085792038
206;0.056197285008919844
207;0.09636513702063908
208;0.01949751334583324
209;0.07317803085995482
210;0.06490223915037618
211;0.004846427356705985
212;0.095382418945452
213;0.05544316891922899
214;0.08580019757834693
215;0.06532236177707287
216;0.01813788654558458
217;0.00534148340235906
218;0.026635619224889964
219;0.056509076905016734
220;0.09553222073947354
221;0.040817965713451934
222;0.059223216014534785
223;0.033861752346152
224;0.07203853308634806
225;0.016038986394257715
226;0.0909135222513215
227;0.04279045217800464
228;0.07490223380521317
229;0.03108925389300341
230;0.015807193001619292
231;0.08167931464549591
232;0.07120906047128987
233;0.06857994840787116
234;0.08299623427598343
235;0.008134578051383656
236;0.0952953634462663
237;0.0805019964809266
238;0.07127823758885099
239;0.06669206837289092
240;0.047403241476673
241;0.03761256826398151
242;0.00518356796623164
243;0.06057863733463769
244;0.05879223529216631
245;0.08921240141617139
246;0.0322321010311139
247;0.00990799368439077
248;0.07091547480335769
249;0.08947242474457733
250;0.07754908356030005
251;0.03461226373113912
252;0.04326040289014896
253;0.035220630993777584
254;0.004502747937622731
255;0.08077587779162015
256;0.03857718806947266
257;0.0738007967393921
258;0.029384064427257075
259;0.018738609663228958
260;0.09508910862026726
261;0.036241960819438826
262;0.035483290734853366
263;0.09673196871661523
264;0.0037594230641204043
265;0.028558064274510644
266;0.06858182015329602
267;0.08892505474205728
268;0.08521457608135913
269;0.06186959446369929
270;0.09862243558139766
271;0.09988618545966296
272;0.08286059512150754
273;0.037363205140528113
274;0.04265561679832176
275;0.08011803123147447
276;0.021869795772126988
277;0.016564672142668813
278;0.043990527295756046
279;0.01754587045111894
280;0.09911288978058556
281;0.04072702633082979
282;0.05850886793911173
283;0.077479175844406
284;0.09826638087581141
285;0.010009976291434098
286;0.08455424784791532
287;0.026026403228334063
288;0.09198023841985403
289;0.08415494256078865
290;0.0926934015528369
291;0.07474120436695383
292;0.049004408194879806
293;0.05202001451762789
294;0.013135764971377074
295;0.09673695622303248
296;0.03863294338556374
297;0.05665547154026207
298;0.06844112761287245
299;0.08001930685154104
300;0.05566178325922984
301;0.023491564982703973
302;0.032492959764622756
303;0.050307978845734805
304;0.09803911224229599
305;0.005383670199466195
306;0.07022135816643885
307;0.07979139725115789
308;0.09029560040087202
309;0.009439793482046778
310;0.0031771371137298225
311;0.07377307717745929
312;0.06771547719064314
313;0.08263566334235684
314;0.06589303944748082
315;0.015383522262452777
316;0.09865530559786412
317;0.046958956311405446
318;0.06252766983631329
319;0.09890222109089439
320;0.0289031056968614
321;0.05394043895149179
322;0.09995888765756289
323;0.0134625277309134
324;0.007602029335706407
325;0.051204308940746505
326;0.016495982892494345
327;0.015244702819875212
328;0.05400048124324907
329;0.04904206072170543
330;0.00873594830309944
331;0.08036808352640386
332;0.08261723146396172
333;0.03615379259952707
334;0.08418595460257206
335;0.027775488948741003
336;0.0584035065998828
337;0.0007510271453387007
338;0.08079000733671007
339;0.06482968698665428
340;0.09392510132157546
341;0.09703502245674372
342;0.09019051973735073
343;0.017965056678047965
344;0.00909409219111743
345;0.021831332248542636
346;0.04085981500789722
347;0.0427890505082154
348;0.0992110678774145
349;0.03359548316553284
350;0.05514112785573838
351;0.040715318392428174
352;0.02761045154683274
353;0.08892227859722071
354;0.04601407500060847
355;0.05693994386515577
356;0.00977398446712694
357;0.037030519899620765
358;0.07902763310479258
359;0.06854251476701449
360;0.04739763617476113
361;0.0709832711945339
362;0.09233832861454154
363;0.029588395639526834
364;0.09691684868989935
365;0.00749413425198634
366;0.04520365862028819
367;0.07561195873179821
368;0.08028803444241929
369;0.03714129525222392
370;0.08706270497100213
371;0.06627291636490705
372;0.03866121131526401
373;0.008885821782923853
374;0.008879663638626068
375;0.08700584986965557
376;0.04346070173152044
377;0.028082549710197403
378;0.042850337658840124
379;0.07188384818942875
380;0.0956144636881432
381;0.0708698250147887
382;0.09278072031968339
383;0.013330012975003303
384;0.020238490640024455
385;0.004135205024390798
386;0.08075503368641848
387;0.01979617875885822
388;0.0371893079166332
389;0.018613625324462812
390;0.03670822948358695
391;0.05002989287991402
392;0.07853150863030678
393;0.03645920451408226
394;0.07305285871872841
395;0.03145597339565333
396;0.04570642760883691
397;0.09423824611372175
398;0.04907871751189089
399;0.004508568189890394
400;0.010880358313931672
401;0.013483140212490408
402;0.020248395208084337
403;0.08882243018419754
404;0.01809410252858602
405;0.051693856105400775
406;0.07806661166797792
407;0.09873918930228699
408;0.0740929874032514
409;0.09565295610629228
410;0.031948887246975755
411;0.020465995743509824
412;0.07019228318119708
413;0.09361846190211104
414;0.021672632023247564
415;0.07555488101750323
416;0.0366241735924846
417;0.08468253923162511
418;0.039170167779675746
419;0.04328138980736253
420;0.07792489014011361
421;0.008179709947805437
422;0.09966101292687607
423;0.07172232903831233
424;0.05867132562268952
425;0.018474534792799046
426;0.057667103790392
427;0.06639124716654554
428;0.07729877839344966
429;0.08040982089905596
430;0.023076615188151017
431;0.08198974162792277
432;0.04282418814385979
433;0.010484767026307441
434;0.05611612068396188
435;0.06548874749440685
436;0.048472250371221326
437;0.007683840484975935
438;0.035070257923214346
439;0.04375744368359161
440;0.07042845891163074
441;0.07622779168537883
442;0.07309690047394216
443;0.00299894645187635
444;0.031740766155763156
445;0.001895817582706927
446;0.06206446872920238
447;0.02355737838188329
448;0.024976640962057053
449;0.09585921088077298
450;0.032784617619371216
451;0.010146050930862084
452;0.08112780410196084
453;0.017495338902223358
454;0.07547220712745767
455;0.041451456384158474
456;0.08190664390374064
457;0.05934993189380075
458;0.02056479404661046
459;0.00594483245012406
460;0.015287927550920689
461;0.0793002641041332
462;0.07649916750168906
463;0.07953726510097484
464;0.034950569985980916
465;0.08657185036696538
466;0.08270910919012937
467;0.0041847283888928445
468;0.015733614221409422
469;0.024619880843880115
470;0.009255879986136152
471;0.008891906876214706
472;0.03211134132295747
473;0.09484226723974053
474;0.007087722200020097
475;0.0028218054247570626
476;0.03067625985068344
477;0.07533751451422407
478;0.03883271251233655
479;0.07560502638865095
480;0.026376892515082254
481;0.06915524176331768
482;0.06900200952735007
483;0.0007319492800835992
484;0.06615801914034156
485;0.0598253166565392
486;0.06695656663494645
487;0.051088140008541
488;0.09795416887594229
489;0.0884674226996855
490;0.04257014327889075
491;0.058143431553911155
492;0.05669706737177024
493;0.009248751221809326
494;0.038673631563031344
495;0.07837342405950902
496;0.0878795450895683
497;0.0018672630611096697
498;0.07602699701583637
499;0.07104290214836255
500;0.016003009852746563
501;0.03804705587119912
502;0.0983086015803627
503;0.07477601948691402
504;0.08274650917974004
505;0.033864188979952796
506;6.16162617339211e-05
507;0.04341225410083184
508;0.013905461811130938
509;0.044179659146134975
510;0.017260483350090273
511;0.07185909780453799
512;0.09993330717462989
513;0.056083731676819605
514;0.05023863798244922
515;0.09427143168955206
516;0.08968996149520753
517;0.08867170425203762
518;0.0005308452712581402
519;0.0396435993882635
520;0.051168191390665474
521;0.05116995788033843
522;0.040430458069330634
523;0.0457031306599076
524;0.09699424911118115
525;0.07821979990052427
526;0.021555197471250367
527;0.0757729989294759
528;0.03448647023553132
529;0.04102637948006728
530;0.06924072245920931
531;0.07164420947149788
532;0.05159977607670335
533;0.002772041856418839
534;0.07799799428873537
535;0.05092376785401416
536;0.01781967083380943
537;0.07952374287773921
538;0.09131228353069719
539;0.08144766694897976
540;0.016349801109668594
541;0.04254770055024257
542;0.09653940615629274
543;0.021318607736072328
544;0.044499055444998485
545;0.08675630851653948
546;0.0477994667948558
547;0.050229583291047986
548;0.001987901198383435
549;0.006125581499773847
550;0.05678884981557408
551;0.005215124827080798
552;0.018261221819440277
553;0.07844652237738604
554;0.08739528064797833
555;0.03823774958163411
556;0.020077923555931756
557;0.03226196558762051
558;0.04840806513460112
559;0.09593943199924186
560;0.01902135506642091
561;0.052042998704440825
562;0.02404162476278502
563;0.05754571632295322
564;0.010231344398367282
565;0.03187129833691021
566;0.06499653020452137
567;0.05512677498716739
568;0.049309629888382216
569;0.08240603443692059
570;0.04956632426851524
571;0.07542288519992775
572;0.012728397422241567
573;0.05624274046971194
574;0.024718180680051584
575;0.06831901487532367
576;0.03861424471512545
577;0.046909424793199234
578;0.08357902918067511
579;0.08801686372712855
580;0.09789261113757969
581;0.08077190257525083
582;0.04407557786438082
583;0.07532689146121162
584;0.08130603516714802
585;0.021608360299391616
586;0.08123974865898387
587;0.05732273479292099
588;0.0826683825753381
589;0.03815781008692603
590;0.08389800593255493
591;0.038423521962156086
592;0.057485687301304114
593;0.007008075945355597
594;0.08956542627790497
595;0.028205251203631723
596;0.046029116504484616
597;0.06326833936798355
598;0.06430367610893299
599;0.010728661533757157
600;0.079414220652408
601;0.020350484932219526
602;0.0013234380033964378
603;0.04642869291607417
604;0.05835974223808266
605;0.04376125619502569
606;0.04756053490779295
607;0.040803014287268215
608;0.09811204584385831
609;0.012228762344844425
610;0.06562362963611577
611;0.073001246617496
612;0.03597166519599204
613;0.003540077147555276
614;0.040447317519698905
615;0.05593368049142945
616;0.00015856663641026226
617;0.009170112031697009
618;0.0746855999023978
619;0.0514698511149134
620;0.048666781497907124
621;0.08155802977014759
622;0.08236873215422297
623;0.08865665491076662
624;0.044990076330284734
625;0.002674121147130404
626;0.039700848870011796
627;0.05175748639914991
628;0.0865596143680213
629;0.060487563690697244
630;0.0696928291866391
631;0.09019903982271035
632;0.025978066325255567
633;0.06271642795687275
634;0.05949580191375347
635;0.022494776711922605
636;0.017257267408661237
637;0.03593443353726783
638;0.04704862862812509
639;0.05156234925282297
640;0.09714745921713697
641;0.07294080173731744
642;0.015496085354941392
643;0.024681552029267598
644;0.04554939720975926
645;0.09480181146042681
646;0.02233984934984883
647;0.08417930320338206
648;0.03967878166946386
649;0.003072653434907058
650;0.05018500680128755
651;0.02996428813934987
652;0.057872100406128495
653;0.006030417548992562
654;0.09281292106300468
655;0.06939424303573204
656;0.05021951841696096
657;0.04556277706511172
658;0.040388459606384576
659;0.06012824602603844
660;0.05620163844170522
661;0.09240429174839447
662;0.07099108440396586
663;0.017205458849508592
664;0.053619100189145466
665;0.022017700307661005
666;0.045669957399454425
667;0.015547383172055219
668;0.019114886741227632
669;0.012826470059067997
670;0.06428016826953181
671;0.08584770214296529
672;0.029302823620723884
673;0.07904327265570095
674;0.020570542773496105
675;0.09093865581701427
676;0.026274178151447027
677;0.09871211264658211
678;0.06759278735237603
679;0.014008834588893217
680;0.04163518684614877
681;0.008914201812802914
682;0.02152016017355417
683;0.002531782101489466
684;0.05512729105700681
685;0.025180645251958858
686;0.06976893712130632
687;0.0873621161961135
688;0.09098212743699624
689;0.06813004526457117
690;0.02953400932504592
691;0.05223523849965
692;0.08478445128963828
693;0.04123315101269758
694;0.09863777015054837
695;0.09553461769126571
696;0.09195606608096707
697;0.009607683300894565
698;0.06886945586489944
699;0.019978654509588037
700;0.06883856148546165
701;0.02599779784271007
702;0.08501965295003755
703;0.029241755267589112
704;0.005296052041605515
705;0.0379170359965464
706;0.07497515917776258
707;0.03729168308721189
708;0.06340424282342921
709;0.030448944754620733
710;0.010731911869995349
711;0.0061371322502833175
712;0.06343800779250611
713;0.06854032100642954
714;0.023638067083273595
715;0.08860696938578509
716;0.05727779302483948
717;0.03454929693852992
718;0.03873130278455588
719;0.04445329190210804
720;0.04644418168178265
721;0.09256902669871972
722;0.09331551082228905
723;0.011648951304895872
724;0.044988928099430364
725;0.04292842951717007
726;0.046409639529001546
727;0.008935260301507764
728;0.05370399928463507
729;0.03870967405694608
730;0.05205457309495548
731;0.059834844833194935
732;0.0012948797852110562
733;0.04936268985416861
734;0.08825860067742797
735;0.09947088478179775
736;0.08563386021664679
737;0.05581671555294069
738;0.05039622982177969
739;0.08644222828991238
740;0.040635073257915544
741;0.07252728766909813
742;0.02240175516303257
743;0.019663691756624913
744;0.07728178185633998
745;0.06771056764344241
746;0.010848058303760412
747;0.08595785839323952
748;0.09206325744669175
749;0.03511822294913724
750;0.06520819093928208
751;0.03647916869399216
752;0.03279947391323591
753;0.06292855796291451
754;0.033433807321070444
755;0.02943474799050949
756;0.01127278133806663
757;0.08356606294866836
758;0.027380819302110528
759;0.0808461501365381
760;0.009683514892572676
761;0.07037933894581468
762;0.03659059248106985
763;0.011392238616970819
764;0.03091373220461432
765;0.06559539004632779
766;0.030849169814271327
767;0.01177001855526343
768;0.09544466522656128
769;0.09362503079533559
770;0.06851581700348285
771;0.09220557425937863
772;0.036096328151283975
773;0.08885228475081208
774;0.0750026673121152
775;0.07297110269055083
776;0.03667179058100387
777;0.08350597545300327
778;0.08229631907506661
779;0.04823255710902108
780;0.0357557896870281
781;0.013375208893129676
782;0.02007432944915244
783;0.08751745250906695
784;0.04655777552893853
785;0.030194554741291214
786;0.010251341331310927
787;0.002920720576802438
788;0.06235538137441753
789;0.018021394580414875
790;0.07379507873393436
791;0.09849128107566085
792;0.08302471299373593
793;0.005428691174991585
794;0.07155695010773334
795;0.08450283527425456
796;0.06656867219896273
797;0.01696332855129953
798;0.026453477720035336
799;0.09309443905586462
800;0.026116670063851256
801;0.004530599246378809
802;0.07877658896151059
803;0.05021145974291572
804;0.003783238491383212
805;0.01557325279301508
806;0.05107866377618153
807;0.0031613804248316725
808;0.007214228381039623
809;0.03190583858925849
810;0.010226021069740344
811;0.010536524309793117
812;0.07820532355938804
813;0.011133480941340913
814;0.014273363738401513
815;0.0917035887481223
816;0.010557374085963734
817;0.04970562906897044
818;0.035046858036208495
819;0.0554582380524658
820;0.09536244698070534
821;0.006174022208189867
822;0.013070853200800049
823;0.07321158718942641
824;0.048584236873657254
825;0.05183591997727428
826;0.027793239786947723
827;0.02081260659822052
828;0.022701280443905337
829;0.04984171853767794
830;0.0021520988621199335
831;0.032469904562125666
832;0.059076645395460606
833;0.06068676659041067
834;0.019299906191821814
835;0.08485460816278323
836;0.08313570162185456
837;0.07852791047482242
838;0.08701161942009895
839;0.04223716463244496
840;0.0005446261525267504
841;0.015106029210482642
842;0.015819831881032753
843;0.07649102171106599
844;0.01490657832972816
845;0.09631158915649554
846;0.08774939642890764
847;0.026750330910153244
848;0.02951495237777312
849;0.014662627515159121
850;0.008350635655602312
851;0.0007645138470562363
852;0.07291680642235758
853;0.05760375891567209
854;0.009931776773571079
855;0.032796756618273026
856;0.09543918088474317
857;0.08399758164981794
858;0.06900676231791371
859;0.056218184841116514
860;0.027122601099600144
861;0.04557827173097694
862;0.07818463029427375
863;0.0011916563980726381
864;0.07737917582815804
865;0.07809507046565659
866;0.055246811242385785
867;0.09561974147494731
868;0.006492042132077414
869;0.08131883484902133
870;0.018929350624084886
871;0.02255527001198018
872;0.02145579197772989
873;0.07341864045726205
874;0.08436529977444823
875;0.04980415040619766
876;0.0037325094362160474
877;0.019851600590302877
878;0.02957187137245434
879;0.0714663102360835
880;0.06332460134686156
881;0.0952761136509645
882;0.0009104616697570346
883;0.08851581617819178
884;0.014658560241071684
885;0.08640829169970554
886;0.0489240225737443
887;0.08649062354766993
888;0.0427448298491232
889;0.05157205567018917
890;0.0955659747635697
891;0.047427719430013573
892;0.015051648512513949
893;0.0891521370025119
894;0.02782356997665656
895;0.003495098828747956
896;0.08894781465526007
897;0.021079577063119095
898;0.004057024788103403
899;0.05239409842962274
900;0.0345319693935302
901;0.021337053778692272
902;0.004813129635844971
903;0.008816803592403078
904;0.09301847087917109
905;0.05858731478166421
906;0.07380341800152986
907;0.08304576094708405
908;0.0936525561888662
909;0.06536844671291023
910;0.027928207399414418
911;0.02274379493710096
912;0.07949668776950174
913;0.06314271511801621
914;0.05915470332905215
915;0.08213837145568997
916;0.006873193244996013
917;0.047919588882262346
918;0.08766755595338444
919;0.07922862031165251
920;0.02060163163024528
921;0.072925324452079
922;0.018083005654693087
923;0.07117107607587622
924;0.04342823468018591
925;0.009903720749166879
926;0.07424537637452418
927;0.00447238855784472
928;0.08184218523041402
929;0.05927985972548834
930;0.006129012196124617
931;0.05594323094331397
932;0.07951083627285624
933;0.09062979753920217
934;0.05983803737720111
935;0.08098609188081442
936;0.002461359666964047
937;0.033968694191311564
938;0.05844308174269036
939;0.08111999563055522
940;0.043273508093463135
941;0.03244540581278721
942;0.06824504381172847
943;0.08345744732292838
944;0.08219417031966082
945;0.08618931802512336
946;0.03783580927951135
947;0.024108865048396513
948;0.09992799652968548
949;0.02169893594401531
950;0.09351821057810854
951;0.06308660689328605
952;0.046540618290305646
953;0.045134521187092304
954;0.08048357701205
955;0.017022097837904062
956;0.08642617492158264
957;0.03415386873792257
958;0.012979295479806974
959;0.09052426313044394
960;0.046845637573801925
961;0.09997190554160511
962;0.09783870676045542
963;0.09665866130935731
964;0.000994907451630822
965;0.04061106129309679
966;0.06585944370947522
967;0.04698293459964112
968;0.0590400535673586
969;0.008392737499256854
970;0.08887212831445171
971;0.08080805629117453
972;0.05767289317471985
973;0.030200093803822117
974;0.03428564850450202
975;0.01574516911027787
976;0.031406815297774004
977;0.08162336595264445
978;0.029367341880952247
979;0.08152057308889854
980;0.030177123276207786
981;0.07295360915102929
982;0.043220902042169954
983;0.024916999092618276
984;0.001404954252586499
985;0.028087466376694428
986;0.02890089506780278
987;0.09571779105201164
988;0.019887445128790017
989;0.002017862169393181
990;0.0649291878112391
991;0.0859071543028761
992;0.07050961982025318
993;0.0739687229407905
994;0.030799037626546746
995;0.054964879692760815
996;0.0014464310097659916
997;0.07665270463703572
998;0.07502983579257713
999;0.0439511135884907
1000;0.08235913380701569
