1;0.10486774002322004
2;0.05555586207471566
3;0.013008934347673008
4;0.1360127318536785
5;0.13294972445139314
6;0.11388332546701077
7;0.12448833994113806
8;0.17481351250164254
9;0.050992663827012334
10;0.08348897604719607
11;0.0723953876956778
12;0.13278550309542994
13;0.18132108552253506
14;0.15267729667332652
15;0.16502971564946547
16;0.13084071719952248
17;0.00206632304058576
18;0.14405180529114298
19;0.03997697806901393
20;0.048186528735404945
21;0.18401298667320912
22;0.025266426216005212
23;0.13818476977032448
24;0.020752231331982077
25;0.0904618547235253
26;0.11968286715026724
27;0.09611647093623232
28;0.07310760257303557
29;0.049553227986569054
30;0.10309183702767617
31;0.16576228390408881
32;0.18929059121757308
33;0.12331400524429924
34;0.005993731458848428
35;0.09591622356461348
36;0.09831013694063764
37;0.16890120399842745
38;0.051290110945672554
39;0.04818398691448214
40;0.13371048618832246
41;0.15281767573879287
42;0.12119652038325485
43;0.051079837130618616
44;0.009935157389467243
45;0.12963144867263382
46;0.17356737449352563
47;0.1214876997302312
48;0.15493103001475075
49;0.09990122195029048
50;0.04425926457033358
51;0.15457303234818565
52;0.10852985601314911
53;0.13980004892191852
54;0.05507766226679583
55;0.0986779676116068
56;0.19715459233762544
57;0.19682071358112313
58;0.10677281894612792
59;0.10248542564015682
60;0.13646852564681375
61;0.16858278735288923
62;0.14952004764181165
63;0.009714716593988038
64;0.1544948337274573
65;0.1339569280597329
66;0.09332514262805679
67;0.1323263588520939
68;0.055386456068415905
69;0.061436896772054245
70;0.027420240114339214
71;0.16217115440853475
72;0.045110315423102114
73;0.1524739018965648
74;0.010066710846678806
75;0.19794643174658133
76;0.03930220103667359
77;0.09168282040314445
78;0.04054487500672171
79;0.0697477261654498
80;0.0018061431124566374
81;0.14422570822993372
82;0.019052690016993945
83;0.03240128071616721
84;0.15718334735235528
85;0.04809587233892587
86;0.020968859263305918
87;0.09493018492112969
88;0.015080857501265666
89;0.003799601192238211
90;0.13905063192441364
91;0.07076191277407687
92;0.16167869802986054
93;0.021192420633801425
94;0.014509975672029453
95;0.08004915267334944
96;0.0383632070809034
97;0.08467347919738484
98;0.198890705585966
99;0.09438338162473839
100;0.05522896074057189
101;0.1973996311607728
102;0.0015942819827171164
103;0.05849167230608879
104;0.10509855860798029
105;0.15799611660172894
106;0.1305780172003794
107;0.018091082145281812
108;0.054568522849925305
109;0.1864740165151209
110;0.1756287782740205
111;0.18703734918881068
112;0.12934490289153544
113;0.06037313124872539
114;0.1414145242321585
115;0.03240597270781942
116;0.08962114539374665
117;0.038426812561880214
118;0.0760784755382396
119;0.10856208871342797
120;0.01696135154843954
121;0.09667367410864838
122;0.18872750946136477
123;0.03215723275184681
124;0.17089518006802715
125;0.13008790373874612
126;0.014865718985261723
127;0.04947772939991435
128;0.1187117353068494
129;0.12535850898931616
130;0.08569705370995939
131;0.12946617638112543
132;0.11120876951283265
133;0.1505254346624914
134;0.14137257818408386
135;0.14056616907209032
136;0.16517727839848106
137;0.03314723200804628
138;0.06058793716001609
139;0.007637795139384496
140;0.0927221368235728
141;0.053932612677703884
142;0.0029860310670829504
143;0.025479926537262457
144;0.07452425778330818
145;0.019882910875118533
146;0.17463219832099885
147;0.1703645676488915
148;0.17001843071039768
149;0.0788157247998682
150;0.042463988636056986
151;0.08588500121081058
152;0.14137800866609865
153;0.12613905430445463
154;0.18444154783867647
155;0.052021068302707654
156;0.04001658653944649
157;0.0019293444228755787
158;0.14472801157097673
159;0.1334965112369957
160;0.17308785895390316
161;0.10520156976509526
162;0.15115771073939044
163;0.19612359943046181
164;0.07669837543838164
165;0.17751596660540458
166;0.16821823903687472
167;0.03345656173492267
168;0.12102165608689619
169;0.1291366572935498
170;0.08592772419132036
171;0.056676908373578305
172;0.022006919842047147
173;0.04731265830193061
174;0.13626876852104586
175;0.040536741851779516
176;0.0021578359634092602
177;0.06625286552382721
178;0.010973757175471777
179;0.09153707382510756
180;0.01116248056127165
181;0.13495500426680282
182;0.02828933558049436
183;0.11966253447297943
184;0.16251995403983488
185;0.03562103518117661
186;0.001217836018017171
187;0.11126176383426095
188;0.057954329443154755
189;0.0072457116346313025
190;0.036274855774665625
191;0.1823598259395152
192;0.11989557524036834
193;0.09798999155123185
194;0.1843614465483274
195;0.07593468140694914
196;0.1924209447424044
197;0.01245431565399151
198;0.046132214677740896
199;0.027198619071790043
200;0.19281949047360306
201;0.19721078199265943
202;0.08593606415145541
203;0.006520564007334473
204;0.020465015416507693
205;0.1923718348697018
206;0.16174145390538766
207;0.10035407182437786
208;0.16700413301428324
209;0.10377051840024468
210;0.15810722766579477
211;0.1897965663540518
212;0.026466370429057664
213;0.12048858736111318
214;0.02468518896111869
215;0.10000307648911136
216;0.01744049394975853
217;0.003558740133493288
218;0.16512476745591176
219;0.11420580354711224
220;0.09919010120605365
221;0.08481666151139743
222;0.07873171208413457
223;0.09411217094327305
224;0.18343418285248972
225;0.15046619088767388
226;0.17619362698396074
227;0.16147087686509862
228;0.08774901585299758
229;0.034095295886867216
230;0.17228598287687635
231;0.0539467038150689
232;0.17724596645859825
233;0.09764817906086132
234;0.19602457160361603
235;0.10883878389868036
236;0.08628075581972959
237;0.08793598842330917
238;0.14666503676782308
239;0.03468348310874503
240;0.08082419925721603
241;0.11882347879319795
242;0.06155373619984306
243;0.15102372550717957
244;0.0356027299308652
245;0.15046611311369973
246;0.13107921101576867
247;0.13012252570072536
248;0.050647605010581125
249;0.15815662500633157
250;0.19975869389495934
251;0.06077908599404783
252;0.0679430586026376
253;0.19887594811290585
254;0.09854432340770679
255;0.014059923343576843
256;0.11128985562125271
257;0.017312318515493665
258;0.122812367700415
259;0.14354847176254928
260;0.09930468626767686
261;0.17135451908325017
262;0.09940471112132754
263;0.09348203495434662
264;0.10273930888624737
265;0.05411414170322302
266;0.14615029323657885
267;0.15588395152945705
268;0.09339281980189516
269;0.09024157218481875
270;0.13804296335881938
271;0.15286279128655708
272;0.0023421353918172683
273;0.19065550386430463
274;0.14687349847629336
275;0.15177668869179584
276;0.1671045642625313
277;0.14327909985206874
278;0.13718900074401205
279;0.19787141727997679
280;0.05202384897782691
281;0.10588257814354388
282;0.027403570552606383
283;0.12128982106082725
284;0.1479268979261816
285;0.1629632905077521
286;0.038042633143100926
287;0.17365258106288362
288;0.1456171875547185
289;0.14382318112582024
290;0.07219502006073326
291;0.0788011575429609
292;0.0806808906653525
293;0.0826618212817696
294;0.08078998139482728
295;0.0867491476631414
296;0.03093241791546486
297;0.11772811966334928
298;0.07761674073325767
299;0.14373284325784497
300;0.0261697528842342
301;0.07139351935833638
302;0.19136055416405037
303;0.10850065845801847
304;0.14375026578753333
305;0.10994055025295234
306;0.013738708125288147
307;0.023730198494230883
308;0.03329883488177197
309;0.052333575363872335
310;0.15773268999969592
311;0.15202325707509098
312;0.09674766388677164
313;0.1360513192083658
314;0.08930662763968283
315;0.12318322462548331
316;0.02840979802443895
317;0.07524060023804269
318;0.04446987782469505
319;0.19189056519930223
320;0.10948903411452987
321;0.057813608964198564
322;0.07343029394187398
323;0.08969166716027106
324;0.1072645701562717
325;0.032266327641543135
326;0.17740364408272025
327;0.10809306700597483
328;0.16927760261787908
329;0.16120777262590158
330;0.054547134101071974
331;0.11955750910233297
332;0.09869509797442118
333;0.00976635032194302
334;0.1506379263203931
335;0.116142515964373
336;0.1537738341578947
337;0.07314475363819979
338;0.16456094943323693
339;0.09587870946687915
340;0.061307426152080936
341;0.12703303065541116
342;0.1078962673161805
343;0.004143315058113673
344;0.002279331421158681
345;0.057953995783700196
346;0.018565514941345486
347;0.01603606367607613
348;0.08705269907268601
349;0.07229146547542535
350;0.18847384877043355
351;0.019994964816628838
352;0.1745396691513356
353;0.023422455307082604
354;0.022298761630408205
355;0.014163321232985205
356;0.07102366919491569
357;0.1067972832821996
358;0.1762225278089592
359;0.031099501041587763
360;0.017107895404102003
361;0.024843027101755722
362;0.020374358450796073
363;0.16137308226749464
364;0.031824667867611116
365;0.07737889422204068
366;0.04757240046905922
367;0.07551294904887723
368;0.06826285290373449
369;0.01882006109778214
370;0.020832969680143056
371;0.04308247489065751
372;0.004694856231132994
373;0.12757984791314508
374;0.10850151504364894
375;0.06835659327929251
376;0.1716263456929058
377;0.11188499708922824
378;0.008707943143672847
379;0.12218147081377036
380;0.1711067768373888
381;0.11275703614227833
382;0.05562309415540645
383;0.15388040854819038
384;0.097839857303781
385;0.046267138599331674
386;0.14200995974778816
387;0.11689266016702776
388;0.10205352309285565
389;0.12801824086284266
390;0.12205241241146599
391;0.1288258667246917
392;0.11421136089277471
393;0.06955281197662759
394;0.06600922444885747
395;0.17457082450920547
396;0.15772104385129185
397;0.15254960936892303
398;0.0007008849712342836
399;0.1566563252085674
400;0.1652151519638453
401;0.05050292383386597
402;0.06144573615415536
403;0.0811896320989249
404;0.1907497007384804
405;0.10439624834196459
406;8.498401200081053e-05
407;0.017153367063049575
408;0.10972234456633807
409;0.1493799311145871
410;0.08850259035834225
411;0.10633522749778944
412;0.007602563381748407
413;0.1204845814548534
414;0.1613863824359646
415;0.028496429361876553
416;0.04922184332327362
417;0.17889705291674993
418;0.11662006190123686
419;0.08677132595284404
420;0.18205110495963814
421;0.06907524362195054
422;0.038087885029132164
423;0.09481737826071027
424;0.19372856102669903
425;0.05230396507325455
426;0.12093760102571238
427;0.19007415032157035
428;0.1530672269722021
429;0.043823525249616746
430;0.07602931320682826
431;0.13801156495494613
432;0.15426451803717012
433;0.16530473881602165
434;0.08309533672595174
435;0.14031416232769756
436;0.07959737576718716
437;0.07261187983977142
438;0.14767624873379212
439;0.07752971774349292
440;0.09715693123016245
441;0.050711813649117636
442;0.14984757468104457
443;0.04317979700330508
444;0.14473733279672446
445;0.10672817873771497
446;0.09199091906210458
447;0.1389381456250824
448;0.0006033821486009172
449;0.18481023239690747
450;0.040781109006220964
451;0.10442323829586982
452;0.060324401662140065
453;0.18597821454280228
454;0.10086386798257195
455;0.15740431763056928
456;0.014126799329589358
457;0.14739322948839703
458;0.12220625841402105
459;0.0018955927736246103
460;0.07278285101294744
461;0.12067772278957947
462;0.08984699514463222
463;0.0064598511561544175
464;0.1512165098733838
465;0.17358514239225023
466;0.05236444558270912
467;0.11021334680355598
468;0.05707102084785969
469;0.0600574277249591
470;0.0944208182636188
471;0.0870598741760673
472;0.022037421262334635
473;0.14295900347155796
474;0.02535422092562094
475;0.14396232813217177
476;0.12538176983952481
477;0.07152361251635334
478;0.08161776281914508
479;0.07549118537976157
480;0.08713542239510104
481;0.05561202734310773
482;0.19177765710952135
483;0.021778211702653573
484;0.17405361755497695
485;0.01648542381156868
486;0.10807631538391765
487;0.006393429673252227
488;0.01928202641563377
489;0.12371049992326871
490;0.13167754111847652
491;0.14587820926044642
492;0.16159935545854712
493;0.011644828787566253
494;0.04257601160139435
495;0.1624440210356015
496;0.06181873872664221
497;0.10082764905924074
498;0.10454340819644428
499;0.1671032199103706
500;0.1964754284821826
501;0.11573034134081224
502;0.015761725839961716
503;0.13289591244776616
504;0.13362148439105812
505;0.06696239078947755
506;0.07045470351868093
507;0.09861900623281082
508;0.11362247394063152
509;0.11983503162936134
510;0.017552632055504613
511;0.1622838462726821
512;0.12150594569365764
513;0.05533327436293303
514;0.05245553543948638
515;0.06204590504828318
516;0.17300954885186232
517;0.1486523779762617
518;0.0021584424170839832
519;0.16489843651366984
520;0.1271498313836091
521;0.16127724396196383
522;0.023700053932792
523;0.0022027451421035905
524;0.11754790061107961
525;0.16338818950765763
526;0.17381622778480285
527;0.1765725625087041
528;0.04108254152998219
529;0.0020268704820793904
530;0.123657666980302
531;0.053231675055826294
532;0.14702636808495992
533;0.18416493881619134
534;0.07374775280719108
535;0.12732289778665412
536;0.08638148850755963
537;0.18076529107350847
538;0.1493121395808675
539;0.0878415168275521
540;0.1353281688310459
541;0.11221679043209601
542;0.18689600701410103
543;0.1159360575296409
544;0.07788467511392042
545;0.1682071607723672
546;0.1520451286538479
547;0.1771770034961063
548;0.0502204754138548
549;0.03661539999455561
550;0.042825174227146934
551;0.12317365311648061
552;0.18362869755261313
553;0.11370786587518776
554;0.003330413409400479
555;0.1851807247708889
556;0.09616363363007514
557;0.0034135578890234445
558;0.18147490240070463
559;0.08053525883601859
560;0.026317258764981345
561;0.17989713984675115
562;0.12753300278542112
563;0.09984636066793787
564;0.14748268387647104
565;0.1730514252192932
566;0.1020324331304354
567;0.16077386067853616
568;0.190306949288469
569;0.009295704891698486
570;0.18708539367406796
571;0.018059978939258616
572;0.1113884170600908
573;0.04415147299021658
574;0.15149478318704243
575;0.12972047495249422
576;0.0632769384037158
577;0.017600507921122555
578;0.08380216509054349
579;0.09290112579705241
580;0.05310015709713056
581;0.16556775106659072
582;0.023231805808215534
583;0.09709371035406884
584;0.12222342971634599
585;0.07548045703028668
586;0.19658040554466538
587;0.13704382658941203
588;0.10673074244953291
589;0.010515388712683205
590;0.07898533176153857
591;0.1905796921939064
592;0.11844317933700191
593;0.10817880160763137
594;0.11628190085622483
595;0.0846829378630713
596;0.11427220237617552
597;0.07595989000489081
598;0.03402132281647885
599;0.021788917016096178
600;0.18820814319588489
601;0.07182529115609729
602;0.02610288284254625
603;0.18295226881320942
604;0.07063115670598423
605;0.11910352572136207
606;0.17743335867280594
607;0.18080708784483654
608;0.08329621700014381
609;0.08301014253955517
610;0.0653143394297431
611;0.08691678290804382
612;0.017526453307036616
613;0.10706419774599354
614;0.1687709962733846
615;0.1888700275724017
616;0.13286069283048935
617;0.06401826069034276
618;0.03916398071041678
619;0.18920884818637695
620;0.18057095834099335
621;0.10831818308289982
622;0.08322867102907537
623;0.03183043819241454
624;0.14647205292691431
625;0.04210458792105838
626;0.19671047092326813
627;0.07864666490459674
628;0.18110678104114686
629;0.06383241301994784
630;0.07095305696264034
631;0.09045582334647717
632;0.16101226817251282
633;0.08829855442853725
634;0.1298439029020371
635;0.19322465155562088
636;0.09345291184071743
637;0.0027475517922332495
638;0.04869669480826227
639;0.08360143407161061
640;0.07532983993133986
641;0.16006742384572462
642;0.040431466969623235
643;0.11400758180196256
644;0.1981029759516033
645;0.1776276020629517
646;0.1678340587853776
647;0.12956036221223116
648;0.02166187325364386
649;0.014782305166972144
650;0.14225055103286943
651;0.19265982548375005
652;0.11093255480020686
653;0.014637701496594225
654;0.002966832817316978
655;0.14238271072122952
656;0.14309172593470354
657;0.1460096795859218
658;0.1619357054649042
659;0.18628976263820635
660;0.13642622717143824
661;0.049475231106712925
662;0.01177439960694553
663;0.09216761867232709
664;0.06621470811914891
665;0.09254388153382974
666;0.19973497110993108
667;0.15540048547899063
668;0.03643047265097208
669;0.14325540576662482
670;0.07910993681660208
671;0.024542608196590356
672;0.17661385501803234
673;0.024470395544497772
674;0.06471770275570754
675;0.06436069710382848
676;0.09712692732478899
677;0.13439602988286778
678;0.1981928396565716
679;0.19926619447696772
680;0.078157605997665
681;0.12693334100380446
682;0.05641879217145421
683;0.13485544972547603
684;0.06996519041629533
685;0.1964399288656286
686;0.15719864839266973
687;0.19236488738370533
688;0.18758680624941373
689;0.18470768339352026
690;0.09527262439091891
691;0.1231435259665771
692;0.08632639039668383
693;0.15437381607708714
694;0.08690110260762869
695;0.19744122064396788
696;0.05599421156364495
697;0.012815644627185586
698;0.16218489601160815
699;0.031121845939668692
700;0.17539585522404239
701;0.17814435151972663
702;0.19407321654357762
703;0.13777286531035088
704;0.12223069821410529
705;0.0076004900853914314
706;0.051549369965321314
707;0.19687989296743835
708;0.03653469200974866
709;0.01205144564922327
710;0.011191308310630333
711;0.18725511223109176
712;0.10192583223030378
713;0.03084491847991182
714;0.14118838788771718
715;0.1279284824246974
716;0.1752034117095922
717;0.06134358583739268
718;0.08102678348379491
719;0.14895665589591492
720;0.13039338775479184
721;0.09062546325198216
722;0.17524268240889926
723;0.12857055247759255
724;0.07412393727209983
725;0.1318507463956808
726;0.18753918878935263
727;0.04725286746807714
728;0.05345906717457025
729;0.1932284592245152
730;0.16227361619582156
731;0.09876607515006014
732;0.13533230481361713
733;0.15549821972050462
734;0.18330693396254844
735;0.12072521501731984
736;0.17987839769590325
737;0.0033220447912066134
738;0.17515343688383447
739;0.11309075591068701
740;0.16800091780074533
741;0.01947707871436437
742;0.14158697883612745
743;0.19980382232039318
744;0.05267194155819548
745;0.17110288431965603
746;0.10245356237428452
747;0.007105728321413585
748;0.06301952109501441
749;0.12389904145713766
750;0.04813609151354046
751;0.05840584100300286
752;0.16296329793086523
753;0.12385970031375367
754;0.11489344942123292
755;0.015596296504393937
756;0.08855437601842636
757;0.15528501071595374
758;0.09847653425635061
759;0.09297680535997954
760;0.0013472575628560525
761;0.1788066576990635
762;0.19639056424603415
763;0.06804543391769878
764;0.09752251356532585
765;0.060890902166739425
766;0.10390105089784143
767;0.11069422943846344
768;0.11075650403833155
769;0.02011299654296186
770;0.017091386098848905
771;0.13420514193772098
772;0.15610365565089754
773;0.01674476569359513
774;0.17034817738881125
775;0.15351472667062852
776;0.07150179389610437
777;0.009344008229066026
778;0.14776690317493085
779;0.016241906459513067
780;0.15529262210557582
781;0.12454832063655191
782;0.09449288429229344
783;0.10845062491656968
784;0.027003852214534274
785;0.16619085501229533
786;0.10225224057132981
787;0.15113291890126337
788;0.004955399558405071
789;0.05280162668791255
790;0.00353689149526375
791;0.11104656745375084
792;0.015632661610433553
793;0.1512041772043322
794;0.030045762929297594
795;0.09944454296904488
796;0.1372600899879982
797;0.13203314765423466
798;0.08802705682975168
799;0.12177127395890792
800;0.14982855778286608
801;0.045659829681645704
802;0.07876359052627245
803;0.17625379986766732
804;0.07092530573071497
805;0.1865174667359665
806;0.19703642919997844
807;0.0005673908969483277
808;0.11648153036050862
809;0.12225838146594317
810;0.004176252611066156
811;0.0955004673446311
812;0.1889306613436748
813;0.028709322665104155
814;0.12185021620331225
815;0.06942408594755765
816;0.0585309819136177
817;0.165567747130032
818;0.026509909848317737
819;0.0064173384894760325
820;0.1595260665233389
821;0.18315701165655762
822;0.13840591850688286
823;0.12130125575754841
824;0.0644701402622321
825;0.009525978822144144
826;0.1613344045621495
827;0.05925470461245655
828;0.015527795779013998
829;0.09745778383527069
830;0.09728967510333614
831;0.06557778906012797
832;0.10160973796940896
833;0.07275498048279416
834;0.05387833427575109
835;0.1890543414772118
836;0.044464862534039966
837;0.1393261706010449
838;0.03616532335705796
839;0.19705364484081703
840;0.021822854297425254
841;0.19630350127738894
842;0.07007581588013999
843;0.11110755943479925
844;0.16751791345727562
845;0.1984744778655726
846;0.04737366842398352
847;0.03846867419964006
848;0.19137355157953836
849;0.13290913072688798
850;0.1912421034616665
851;0.012033747963497167
852;0.08625809513220375
853;0.14554421309093055
854;0.19804337973289013
855;0.11554845543461661
856;0.035437294319678306
857;0.08026653299555449
858;0.1955731644893259
859;0.07209456430216914
860;0.02790303228867006
861;0.07787759037743723
862;0.01309428448199661
863;0.14318037298556027
864;0.12114604569149048
865;0.12098748960644107
866;0.19049352792698115
867;0.0811372967632505
868;0.15005743449355857
869;0.1874188593229808
870;0.1845084081875063
871;0.044916042844407734
872;0.13155206277606654
873;0.05877550497501116
874;0.06333890482843728
875;0.03889999749388447
876;0.11870437443575742
877;0.10491015594145969
878;0.09215602484905575
879;0.0033388972068050028
880;0.06440592256541491
881;0.10986213144836243
882;0.18476121264421086
883;0.12965561181689592
884;0.09425237781865503
885;0.14422877082082042
886;0.0112785820862928
887;0.020518198130635424
888;0.10479201322984798
889;0.00794243934396517
890;0.0887678270642204
891;0.08198102008913132
892;0.13774313590102194
893;0.15000032072941744
894;0.13850673621253773
895;0.016665681763219076
896;0.0733343524316059
897;0.1324299609557182
898;0.04541487067215706
899;0.12781519144869669
900;0.1684154798817279
901;0.05517877752592857
902;0.06993030550095225
903;0.1718412427449545
904;0.18757027642167842
905;0.08709046291796
906;0.1515579468258417
907;0.022176490664731596
908;0.1356640295472765
909;0.16520922787083292
910;0.013777998605240227
911;0.06780642312394702
912;0.18653370109675604
913;0.12339680825401314
914;0.18358473380410992
915;0.0589467626920454
916;0.07128709686150296
917;0.1938960113263806
918;0.11473325504269737
919;0.06046712583440601
920;0.09176345982141823
921;0.1918594050197306
922;0.053274168619889165
923;0.029858979565984135
924;0.001700218295386291
925;0.10859430224893717
926;0.1969105036009559
927;0.03427755250016225
928;0.06922426193484309
929;0.128199139662274
930;0.024735041722808562
931;0.05367791165858063
932;0.14928822984805473
933;0.011630252605677916
934;0.13508893457833418
935;0.1472224108426877
936;0.17118376312067182
937;0.13410865277697917
938;0.15153183518153845
939;0.045282645729745274
940;0.184924471092066
941;0.06369409802665656
942;0.17236145172424422
943;0.08752693288424787
944;0.023773997480492803
945;0.10987425524641269
946;0.09281276876658882
947;0.05749659016239772
948;0.11286260014335875
949;0.14474481683521687
950;0.11727929146545153
951;0.053573954353243775
952;0.19687571886203464
953;0.1262926390367068
954;0.05491478000273878
955;0.04962807651429899
956;0.05183924495471988
957;0.04105419004520847
958;0.15864004964011277
959;0.0952780923423206
960;0.06989694962803664
961;0.06163315924606554
962;0.19575300248805363
963;0.15416823625855425
964;0.07133137977267194
965;0.05124045971930764
966;0.14529166756612452
967;0.017708601428508143
968;0.14670114417706984
969;0.1714846497571748
970;0.018839070348194455
971;0.0837937631512816
972;0.06242013304215879
973;0.14775512095092924
974;0.181191111772795
975;0.04849771490929298
976;0.06711967128146193
977;0.03465275564154884
978;0.08960181051274735
979;0.002025553052435436
980;0.12120064602330245
981;0.06981911427893013
982;0.07417061415900646
983;0.04061969867787849
984;0.13386421232760543
985;0.14512296688261245
986;0.08483465463933942
987;0.111979291221461
988;0.19647954802294554
989;0.006897030884572808
990;0.16694202316361673
991;0.06484871478218888
992;0.014355834667776103
993;0.16704304732929098
994;0.003182138558192116
995;0.17491589494079704
996;0.024902842250655133
997;0.02637169173738159
998;0.09982974456489478
999;0.1565605083744523
1000;0.10934080534409807
