1;0.036230674387372555
2;0.1296810391868528
3;0.1575789180569535
4;0.06377098932851943
5;0.1253687480229241
6;0.18882679691117507
7;0.11616086770952808
8;0.18719664391819957
9;0.1342094743108194
10;0.15624842675793146
11;0.0014487964199720205
12;0.020093057657150082
13;0.12006413826334535
14;0.1064273020177507
15;0.09297416027857837
16;0.166852774108225
17;0.09361317067707436
18;0.17849154719763824
19;0.19314313224285515
20;0.1826560367004268
21;0.11635286366261273
22;0.045077727633528936
23;0.14760535281105192
24;0.005329432338816331
25;0.17510058245252325
26;0.01742980645377301
27;0.00630616045115704
28;0.1571968728130129
29;0.1344070537582376
30;0.015643283809267806
31;0.1375673388331724
32;0.14976788932735607
33;0.04493627189260255
34;0.15528469805045828
35;0.16146496458002632
36;0.1888473633677894
37;0.17295616824373772
38;0.03333703318136767
39;0.11914289176390847
40;0.0382940355056147
41;0.04985752808518804
42;0.08766681636257474
43;0.026557943850700427
44;0.1820360161808304
45;0.19846687694364762
46;0.1730673532709077
47;0.1934710753459309
48;0.07949117682122127
49;0.1338977777475519
50;0.06814907120285887
51;0.17680002003782713
52;0.16196549841432098
53;0.03861790733862334
54;0.06738926971321678
55;0.1746495486157036
56;0.0795526462856182
57;0.14961306181690442
58;0.14048263170796718
59;0.1976800620121952
60;0.19196629589328598
61;0.10418858219089129
62;0.060545303654969886
63;0.16289048179287507
64;0.1624949844268529
65;0.13831347856950924
66;0.025744239506706658
67;0.047372645869180864
68;0.15577194851008958
69;0.0555236046554952
70;0.08113183818429409
71;0.1961882332439512
72;0.08211737978855414
73;0.16008601595929006
74;0.1187335045564501
75;0.13894527837887255
76;0.1405922119350342
77;0.0849258281541254
78;0.19073013014248352
79;0.17742064599743135
80;0.19111381537157793
81;0.009031186088878452
82;0.005219026670314042
83;0.022325945644060475
84;0.1181919921047102
85;0.09170930750452369
86;0.14259029826586345
87;0.13512717291954351
88;0.07784529531114277
89;0.10405814274157693
90;0.17468946970793564
91;0.09567644859971416
92;0.05821549860731299
93;0.05440442902421825
94;0.077753018093661
95;0.061167826420031005
96;0.1615957622940677
97;0.14742376495824333
98;0.08271842692509707
99;0.08536058609332037
100;0.00037172142875749884
101;0.1447513346936897
102;0.19470935005203632
103;0.09775143211634421
104;0.043833052240675824
105;0.15950888602945543
106;0.0721595154036135
107;0.11909562088296693
108;0.11746261245378348
109;0.1981105627991365
110;0.14537446427758885
111;0.17455577140316428
112;0.09850785898220547
113;0.15261235292964895
114;0.05799611539882461
115;0.12852292185873912
116;0.11886053626753562
117;0.07562278325035543
118;0.1969317282996888
119;0.11691938561336737
120;0.17375185459255293
121;0.03561528190213053
122;0.13512026602139446
123;0.07705232454153195
124;0.08787357670586256
125;0.16237060484653298
126;0.15965857047642423
127;0.16746538150363585
128;0.10264075269595657
129;0.023691826403461947
130;0.1305041000911641
131;0.05220255044546416
132;0.10923275329630713
133;0.08890455725648427
134;0.10291868967476142
135;0.09629185371480523
136;0.11342346559998231
137;0.02866186855514148
138;0.06332927266346315
139;0.16960581133649502
140;0.158818357414871
141;0.08728511264350965
142;0.1121423958791734
143;0.05364073998383032
144;0.1348760917501294
145;0.16438238794895063
146;0.06227825300432502
147;0.10889194389608699
148;0.1402484148626035
149;0.08742569866880967
150;0.01597256201138968
151;0.11284061226523666
152;0.19779578546190502
153;0.02153882512306149
154;0.013643324017014314
155;0.10572137599870611
156;0.0838926311777694
157;0.17294489383610537
158;0.14214591605220017
159;0.04679614589871977
160;0.1533671116220015
161;0.029388298661520706
162;0.17229595773074724
163;0.0026813425426364113
164;0.02223047718429179
165;0.12623450435610822
166;0.04403477067075752
167;0.16028447684451774
168;0.025903066076311144
169;0.10204499944522932
170;0.19504268708711017
171;0.1766507885908042
172;0.03346294093552909
173;0.06473544239707896
174;0.109872207198329
175;0.05485663702211126
176;0.0746103998256094
177;0.16390330146629903
178;0.19871047091232233
179;0.021459982980034265
180;0.023080163060502937
181;0.058484003008282825
182;0.1371223895357822
183;0.17743917605662682
184;0.13020229135204872
185;0.024185363164671948
186;0.19436127711048598
187;0.09750473970703706
188;0.02304820881611618
189;0.08904762879634885
190;0.14335816886189282
191;0.028669774729695764
192;0.14575571459019174
193;0.03822727200004477
194;0.18449460695831857
195;0.16846008709799318
196;0.19786191871540007
197;0.09632350683479943
198;0.008148777469134717
199;0.1632389532068409
200;0.1030310955552112
201;0.004417551725104274
202;0.008606640191643611
203;0.0998153443987387
204;0.07782115282148039
205;0.13230284964144967
206;0.022117208272384392
207;0.19159192169324252
208;0.07690564696313068
209;0.18431411375724138
210;0.053654096835091196
211;0.13247074158743188
212;0.17344815956845389
213;0.0165888522066741
214;0.03664380181734657
215;0.19511646881569614
216;0.06610336441104432
217;0.11445056752007665
218;0.19788136448290292
219;0.09542243397178252
220;0.17749925002843306
221;0.17500638368292193
222;0.08325873539465328
223;0.19950135356969775
224;0.041348103353620824
225;0.009233352693226315
226;0.05733317181055364
227;0.1158298739347416
228;0.04087915411235508
229;0.04182675005182537
230;0.12524125916656637
231;0.1885399562227173
232;0.1013292980013967
233;0.05590295651018591
234;0.07419792483443795
235;0.12233748601115446
236;0.13448420979572415
237;0.0673552852576957
238;0.14202309285345913
239;0.10237782788020429
240;0.042812974377042595
241;0.06668185215089598
242;0.1890576431300634
243;0.19487143092817757
244;0.04750373779759729
245;0.13050535281740616
246;0.031521986289754465
247;0.08984770865048375
248;0.17147812792589728
249;0.19725825632436153
250;0.036290601645631075
251;0.03401232316480496
252;0.014971886303837213
253;0.023291261141772202
254;0.00960580254461816
255;0.1586696135180185
256;0.06357437709935472
257;0.04202949213668883
258;0.18492270532622113
259;0.05612483970726101
260;0.1747368879536555
261;0.041572660221539826
262;0.0833314268885142
263;0.17271509944026384
264;0.1620960801641691
265;0.13617851774005393
266;0.11233960380666344
267;0.004562473458002492
268;0.07768078219045976
269;0.03579569439050243
270;0.05741512886099059
271;0.036921376257758334
272;0.06050087554430819
273;0.1409775882022419
274;0.060353234929047345
275;0.17721746265578828
276;0.041411244864129795
277;0.12097951350145547
278;0.15789362638315427
279;0.10875807091512807
280;0.05210613329611187
281;0.19366944787226123
282;0.18039952482523036
283;0.12815777019479813
284;0.043906480515223306
285;0.02404039527370341
286;0.1919822246507261
287;0.14926702492148147
288;0.14580280606122623
289;0.1386139008249837
290;0.00578550272747489
291;0.12438090297250025
292;0.1390262992761759
293;0.1442184186310625
294;0.0604846704750784
295;0.11476436835712928
296;0.008108926738820355
297;0.1253769726743967
298;0.056171371801917336
299;0.06428468215284378
300;0.09759160597905124
301;0.003262501442942201
302;0.07374199952082892
303;0.027536936471546248
304;0.09118549567742168
305;0.030469406297180337
306;0.1678395266574046
307;0.17556506508581865
308;0.08969448652847296
309;0.09477147430923463
310;0.06632172542367061
311;0.16276249956082553
312;0.09969796433388436
313;0.18774842920198176
314;0.1450122180630505
315;0.19229176678558751
316;0.05607546235214125
317;0.15469277678501858
318;0.1330207310021942
319;0.15125606214661147
320;0.14347239450673832
321;0.16012273655504214
322;0.1687803592797324
323;0.0891466889929674
324;0.1961001055437898
325;0.1730629365006523
326;0.08042784553590601
327;0.07407273826812909
328;0.1821145059541947
329;0.14610972612425174
330;0.14062931225685618
331;0.11366165474725083
332;0.08272624572005667
333;0.18793892681181007
334;0.02314025066377372
335;0.09915641621207344
336;0.01490849337936704
337;0.17898956130482477
338;0.06887008914065944
339;0.027138954282742267
340;0.030635209061981163
341;0.13435037882803602
342;0.1419698953801821
343;0.1868333223628938
344;0.12909520175048247
345;0.10355461002841278
346;0.11716772046289739
347;0.03985976280588602
348;0.14567943111639856
349;0.17074748266147036
350;0.08806654156827892
351;0.18104571733415836
352;0.16949626798154366
353;0.04856601031388313
354;0.0571447873250126
355;0.0877307150611197
356;0.04304516875843605
357;0.11556736529174157
358;0.020547846213249635
359;0.09935616977261207
360;0.14968778703949084
361;0.06153779959740738
362;0.03202637511652653
363;0.09128489103678866
364;0.1811832705847593
365;0.17109519963426478
366;0.09818289768984334
367;0.06996464974007084
368;0.11643095869443583
369;0.08159767361028236
370;0.17146779324667094
371;0.17010806620858476
372;0.17476968466597345
373;0.10592503044481871
374;0.05468771770992786
375;0.18353784839671697
376;0.19216857745697347
377;0.05692832626750593
378;0.07908761896345269
379;0.10307000778715698
380;0.10860138452982966
381;0.12408843101198111
382;0.011966703997915374
383;0.01639667324173826
384;0.19820186067984982
385;0.02496748892178633
386;0.04403454391177555
387;0.18181740707742422
388;0.18156652516156166
389;0.03148840800276498
390;0.06969511712538626
391;0.08389717931796087
392;0.0886861523462883
393;0.14722752044758455
394;0.024109426206724717
395;0.02634996231103235
396;0.19910339489286522
397;0.12959118503141154
398;0.06864150679375079
399;0.1561135785623878
400;0.15558899494521672
401;0.05773569800785743
402;0.054789940056084487
403;0.17558567752399967
404;0.09846525480962086
405;0.1609667616180164
406;0.14477139231200617
407;0.16805510138848315
408;0.03547430153826583
409;0.005950780583237947
410;0.1014823815744776
411;0.1886224594601327
412;0.1548394335680141
413;0.1302663025617189
414;0.06139493705827035
415;0.17498576054853046
416;0.154654471014822
417;0.15149655378596563
418;0.07015873306005398
419;0.0004933681602372176
420;0.1855791479795881
421;0.06217998357508961
422;0.06672741842206516
423;0.14581472557348057
424;0.03863461883167618
425;0.16124951564331239
426;0.18117099355496988
427;0.19099570734300897
428;0.01244990893687561
429;0.043761063353168456
430;0.19002906721721433
431;0.0529255570241666
432;0.16926343355182294
433;0.025681975142538095
434;0.057108805667413234
435;0.09654389818810133
436;0.07966996950628247
437;0.0916776201789086
438;0.14841719245338256
439;0.15704809541131937
440;0.15424794318437296
441;0.11342110540746511
442;0.05008060447368523
443;0.018219380449215762
444;0.026244808130296084
445;0.07090877599552559
446;0.03768087795416058
447;0.04008014824138739
448;0.13844599041871097
449;0.11710507763598706
450;0.08673098270207032
451;0.16474723602755065
452;0.06001569045515809
453;0.11502703394381185
454;0.15455229152156558
455;0.07013174380883518
456;0.18667114431202608
457;0.03242587561076078
458;0.17094223575068504
459;0.13995956096384152
460;0.11065124492731884
461;0.1442079753776441
462;0.19380494632346992
463;0.11101113295163903
464;0.0018024326667162472
465;0.10801834111962577
466;0.007193416644493045
467;0.04147066274432374
468;0.14083474756250963
469;0.07056011442330161
470;0.11723399622962197
471;0.11910843079679966
472;0.16746768018078853
473;0.1756095261687698
474;0.05200521899354298
475;0.1609696846338576
476;0.060869309955340484
477;0.09706112104394225
478;0.04369728515502572
479;0.07738242160659337
480;0.0065706023717689195
481;0.13456730381105808
482;0.04609684034149606
483;0.05416566377884871
484;0.0019277438640694867
485;0.18851215102868912
486;0.14422432773234825
487;0.0190314665791411
488;0.0765330343210106
489;0.0458940659206043
490;0.12969727395243916
491;0.12530403931224232
492;0.1796938015136389
493;0.03603284367597166
494;0.01868026374211762
495;0.11531855115278487
496;0.09170446720199264
497;0.05957401063188664
498;0.12332104227578343
499;0.08354634866098468
500;0.08729945208111632
501;0.11203457720358177
502;0.01086282244007959
503;0.07838292551587889
504;0.06724698588798682
505;0.008307409960409884
506;0.10871747346714943
507;0.0722797533688253
508;0.13700429600848407
509;0.08329360125926506
510;0.15513166692041447
511;0.1729536273352744
512;0.11234519637624796
513;0.04386467147628586
514;0.13894714934156768
515;0.12328546102416851
516;0.04830471003509005
517;0.049116073815679
518;0.11142264371585307
519;0.0739010375331242
520;0.09734477934590771
521;0.09951927740668343
522;0.0712659124852835
523;0.06265488424131341
524;0.10979138951881813
525;0.01347772023791951
526;0.08946518037657872
527;0.18802508178123947
528;0.03604551027753249
529;0.021898975767548446
530;0.06707750734742306
531;0.1299170428193087
532;0.19096488697311567
533;0.18135351333347768
534;0.03403307868011263
535;0.0895233413692968
536;0.11111607672328737
537;0.027079364192963043
538;0.0031790134386293634
539;0.168422460340443
540;0.019483827542306265
541;0.009618181657216819
542;0.04902623591448625
543;0.03140087496528672
544;0.1871809485652323
545;0.001390365914207159
546;0.1309794433350628
547;0.004498621477812304
548;0.005891763996047384
549;0.014808413483684158
550;0.030309995303300544
551;0.11001440204808366
552;0.1722993770146177
553;0.06708377206648974
554;0.14344150028113317
555;0.012020398450520255
556;0.1611604282706063
557;0.13522510325451054
558;0.09285867799471732
559;0.14213143434401415
560;0.06648142047483181
561;0.10726375655966627
562;0.17934353593158073
563;0.07019674625887502
564;0.08768999060818675
565;0.18716301163537677
566;0.16300323836528752
567;0.12511110064165518
568;0.029708057868745377
569;0.043524255317317496
570;0.006207020763384597
571;0.18359855447622708
572;0.07613389686981231
573;0.12742138321459268
574;0.18965295111543265
575;0.0891276670317964
576;0.16313126374569017
577;0.05023632064498145
578;0.06340747035375215
579;0.04117857008804491
580;0.15540327963973577
581;0.0989772888326022
582;0.06436689054469454
583;0.105649467911287
584;0.11495103262994524
585;0.175100607825624
586;0.1908311171804422
587;0.18641208582000018
588;0.012856381274187001
589;0.1043386416678756
590;0.11215075399168417
591;0.002596702214693214
592;0.04505046698208957
593;0.006066454408783195
594;0.038399180394409996
595;0.07046581222961042
596;0.17354813891941612
597;0.08058176021760524
598;0.12221732326799484
599;0.17589331873255942
600;0.09418175956994645
601;0.017135347029274908
602;0.16255990755190097
603;0.10049332300690678
604;0.15485457790242604
605;0.03743191510722919
606;0.16181455453952737
607;0.17890641450154585
608;0.07990035712822346
609;0.05110406124433331
610;0.03564667100194723
611;0.17227078392073691
612;0.08386823195156234
613;0.11590684707643076
614;0.07082506436805316
615;0.050002837752717105
616;0.019641873447898053
617;0.15272312706223895
618;0.1479896573710251
619;0.1363221408101429
620;0.15688162647131187
621;0.19511697841579134
622;0.1851556138670162
623;0.10227446718299471
624;0.05928972383681544
625;0.04987818750259179
626;0.19670270919591537
627;0.12320374805008355
628;0.11425941303015485
629;0.05093514263822288
630;0.18548971247783752
631;0.09298004728055094
632;0.18162763091716494
633;0.1881621855152588
634;0.0008661443177677697
635;0.1211200268418694
636;0.0017229406114582125
637;0.1884999857066863
638;0.1530170733470286
639;0.14895249243041686
640;0.05432744366563047
641;0.0674702320922768
642;0.1276253139915593
643;0.04868756013087874
644;0.0506017372303494
645;0.15187353312645602
646;0.17191264154724156
647;0.10087072711985907
648;0.03457419927090331
649;0.04975711822933766
650;0.09168067416604078
651;0.011448169682529798
652;0.1182725548223175
653;0.19957044968801743
654;0.05672709557439892
655;0.03709158319039281
656;0.18792315815684454
657;0.04854720117846365
658;0.12110945489218133
659;0.06840118584897288
660;0.00506876659609028
661;0.07642312694957953
662;0.048014733011582836
663;0.07864470481909058
664;0.041524993477696115
665;0.11639004906220632
666;0.05956279780176446
667;0.1176355858884357
668;0.07701589080231919
669;0.021778475444064173
670;0.11465350222492439
671;0.09969595766406521
672;0.1028776994133917
673;0.12482747833530301
674;0.06479825903006615
675;0.11412311487283784
676;0.0973711338788553
677;0.05755546195210464
678;0.03211105251465545
679;0.1320324971011256
680;0.12501407006822313
681;0.18308559258367607
682;0.03561147564352438
683;0.0009435149626069395
684;0.1993393936510231
685;0.1647239901406709
686;0.1537445567610936
687;0.017655500392581746
688;0.07704546577286853
689;0.05901187599400144
690;0.05183489474294563
691;0.07700157045580709
692;0.09372599382266585
693;0.11356082684506197
694;0.1094501152683012
695;0.14453633615922012
696;0.18681156324964399
697;0.04871118551420468
698;0.08274372673273814
699;0.13413502374486488
700;0.06153676876963903
701;0.17204574271343276
702;0.18618790999508533
703;0.030676932662177993
704;0.14072511988872818
705;0.19394165531634913
706;0.04251110059273103
707;0.011049940031859619
708;0.1642375785040786
709;0.10109356922477966
710;0.08464393139566295
711;0.06644130282936182
712;0.013673100410605455
713;0.04250034321934402
714;0.12158234721589334
715;0.04000486679555089
716;0.03417138054937918
717;0.09670417705122102
718;0.007473039763265788
719;0.08968457627626943
720;0.13422128898201277
721;0.0781101571824086
722;0.1827841094308277
723;0.16120804663483645
724;0.01674008083426364
725;0.02644998254210389
726;0.005255571335987664
727;0.033606991681529565
728;0.015108394519230317
729;0.05987277671758227
730;0.07918327353226061
731;0.12054447530312812
732;0.1410200631455677
733;0.16837088300582007
734;0.19080374942926026
735;0.19216323170287367
736;0.0026649166051043506
737;0.13195441115336726
738;0.1875326175091557
739;0.1603883760526281
740;0.1589771575690832
741;0.15450171265086532
742;0.05815228482705703
743;0.09704348262479917
744;0.10960151267453913
745;0.000649491878437769
746;0.07101244823446927
747;0.06812967612169894
748;0.12799983509907373
749;0.1990903574436119
750;0.006974960550333975
751;0.03185153245152639
752;0.05392956040100874
753;0.13102159655609977
754;0.043194082091555064
755;0.06402478907379076
756;0.04123460628968543
757;0.198839732535245
758;0.08548777453173428
759;0.105704428946293
760;0.16807337158661673
761;0.033046019999799926
762;0.1630445609835568
763;0.18041191941926943
764;0.07455560532633554
765;0.019757147432170632
766;0.12308136562494282
767;0.12141516788510508
768;0.0934566331535943
769;0.11569632068024592
770;0.15375359089155607
771;0.10941266913614621
772;0.17596741914308034
773;0.08417927298520854
774;0.15818425557865415
775;0.1816562580242035
776;0.02974875744333605
777;0.011505378744184714
778;0.13250238071047912
779;0.107983377909355
780;0.04502385612590827
781;0.11790210692198227
782;0.07913307809713557
783;0.02443380632877843
784;0.19707089658271493
785;0.18380875930111112
786;0.09161824176980787
787;0.1859749358253614
788;0.10072431050425504
789;0.14638785570818486
790;0.024086238210347055
791;0.14606484397767658
792;0.1778634509284965
793;0.01242362706362894
794;0.030739323296555977
795;0.05657236015126495
796;0.15035940079928262
797;0.0053354801259559055
798;0.07432918494436207
799;0.04799355451232645
800;0.13824038028757676
801;0.12870315201020938
802;0.08704871106601486
803;0.07293348293494724
804;0.0027563151503315012
805;0.1385518235820403
806;0.08710087341210333
807;0.15911695950271154
808;0.13847919351647617
809;0.16550994127867777
810;0.007979033291940496
811;0.08466189456910661
812;0.13883967009380357
813;0.1428595192462433
814;0.1499469936838039
815;0.10234892060957146
816;0.060191493847632144
817;0.015639347653026704
818;0.02929592936339427
819;0.01820112104760563
820;0.06552294131436738
821;0.0006284223556904723
822;0.16720761917367447
823;0.05546686297941779
824;0.022425638323514453
825;0.07678103798102426
826;0.10172491634884612
827;0.09122296650831958
828;0.18804548869135332
829;0.0595002022926888
830;0.15872211091246802
831;0.05973548375804934
832;0.07866121601909011
833;0.019191262101078178
834;0.0429221846831634
835;0.08968046745654919
836;0.028841098601560568
837;0.04202877238931679
838;0.0030683304331508236
839;0.056809476280818075
840;0.0059532008345174695
841;0.03876963854191955
842;0.19184582358813404
843;0.09656311934829097
844;0.15234865558699306
845;0.15826801199662133
846;0.09582306853552514
847;0.027766917962646166
848;0.17601258407935355
849;0.13520949823967768
850;0.05352005697117024
851;0.10032413159551104
852;0.0017491579399792736
853;0.04849673766433796
854;0.1980936695097784
855;0.03564412793092642
856;0.17526342433968928
857;0.0641270757180346
858;0.10199810149097657
859;0.01842112089840078
860;0.19698737527266996
861;0.06837025678600138
862;0.19904666265018828
863;0.1926049480197658
864;0.16187417794042916
865;0.03133725463046362
866;0.14016147798022055
867;0.14484624439153448
868;0.056929796762123466
869;0.15345631128380566
870;0.06577276327569563
871;0.06940187343645524
872;0.1162903213885782
873;0.18330041926350485
874;0.032499398136061376
875;0.005245671876837998
876;0.1991097080984524
877;0.13872980284161754
878;0.003962621254087329
879;0.05030804854125757
880;0.01677330191626707
881;0.003016212465346513
882;0.1012027821097765
883;0.1321160915280691
884;0.08133962839301315
885;0.0416162753264328
886;0.021458880247617686
887;0.1750709059469413
888;0.16151974462953844
889;0.0674945986656077
890;0.13728300672965446
891;0.15959423163015324
892;0.05373656751619069
893;0.17591341862643153
894;0.19202526196869127
895;0.18281268625624575
896;0.032788474791475286
897;0.056607755208658975
898;0.07149337755175991
899;0.1302401109458683
900;0.03322968961357462
901;0.08664066666384314
902;0.1831145893291166
903;0.172503601584137
904;0.18455924107708302
905;0.15240716982166297
906;0.06546475791799873
907;0.004379246420188165
908;0.06702700665874191
909;0.16953469668388388
910;0.10401682721790795
911;0.025729709357771635
912;0.003928204941139302
913;0.007975999315976123
914;0.034201308732242544
915;0.17458992235781923
916;0.05816904642296453
917;0.029471508251280823
918;0.0370700987358396
919;0.03766746677810717
920;0.058962269038238604
921;0.13008053925985924
922;0.02463446673691183
923;0.09377181721222685
924;0.18436508355178313
925;0.06255293940600042
926;0.05861274832685424
927;0.15238730306592133
928;0.02221544122920729
929;0.059276824497684434
930;0.044146523729707336
931;0.19149101623488626
932;0.11153483096787167
933;0.1397625492779298
934;0.1364514528018976
935;0.1396708903324098
936;0.13401131070328556
937;0.03127254991588977
938;0.05533200319916614
939;0.17215083124209551
940;0.10576339462171672
941;0.1933801732575922
942;0.049832693402002005
943;0.17663264409805565
944;0.16240583257132782
945;0.1447993001441748
946;0.1862374109059345
947;0.0347176645432475
948;0.023867574031139396
949;0.15930740313108085
950;0.15539754689814456
951;0.10996964131427776
952;0.0058943337209760305
953;0.0530547709425544
954;0.10582142996544473
955;0.023591072343556754
956;0.10759599119011143
957;0.18115184769249965
958;0.12372119632297188
959;0.03329961439793516
960;0.012647834298233929
961;0.0011563594484703455
962;0.09339550241823871
963;0.02713243804682357
964;0.09222823791360202
965;0.19089661314239123
966;0.16208724600861313
967;0.029478967004577684
968;0.04172668630798526
969;0.17219697291131297
970;0.04267090241965302
971;0.17050520089405077
972;0.05754997725921951
973;0.06544408879359727
974;0.14510897783365553
975;0.08371955537451709
976;0.010061156513301884
977;0.001423878606622986
978;0.08394359544485526
979;0.10666968294672308
980;0.12662855430553105
981;0.10925048083784453
982;0.01210154139897961
983;0.0780087269849721
984;0.033033837878477045
985;0.1816127098642079
986;0.0403139129441114
987;0.18410496322972758
988;0.11521282119135914
989;0.05382272205899124
990;0.09577206871283639
991;0.1311357873199946
992;0.0831632916628799
993;0.0822540320120454
994;0.13920926080735382
995;0.1477930840370543
996;0.05676287279702759
997;0.1069059734008613
998;0.1289457295791642
999;0.04161872705371015
1000;0.15276682487074872
