1;0.09963380609120026
2;0.08628471124946172
3;0.09467011738006936
4;0.02009546299803766
5;0.01712470081010351
6;0.01868291258057263
7;0.07684792981821909
8;0.06530857023727633
9;0.09728201072369869
10;0.06450284915758184
11;0.07976201896367274
12;0.055426947353489214
13;0.062479694783083
14;0.07678950100240645
15;0.00694351697827943
16;0.06114592535025948
17;0.08757588851559943
18;0.07636113954539006
19;0.01673989309451065
20;0.025115063538601868
21;0.09095075578293736
22;0.006664116504322759
23;0.04792582899131395
24;0.07955778378359944
25;0.08600480237356453
26;0.02247477593544426
27;0.001699159392647598
28;0.04950295044568636
29;0.016563855883537936
30;0.08369887826186881
31;0.00417057011890778
32;0.055708783456753286
33;0.0925894745602127
34;0.002019805959891241
35;0.0536385580485794
36;0.04473564654643928
37;0.0673040018147459
38;0.006573411784612438
39;0.0353978561639263
40;0.03307170448347365
41;0.03931087331786947
42;0.03396990293322988
43;0.04691242375188706
44;0.0149331021993109
45;0.030084665735709327
46;0.0661718318754316
47;0.02811392219344211
48;0.04662181101299966
49;0.04940166836026549
50;0.055769445901284215
51;0.07530424106969648
52;0.021626753488399587
53;0.08279420150624797
54;0.06359117306113989
55;0.0652251404144396
56;0.023157667690080763
57;0.006535971220141379
58;0.09854779789649934
59;0.016722869566580402
60;0.03613343856681248
61;0.07079624411050199
62;0.025888378627798636
63;0.07357452491245109
64;0.022115722934680362
65;0.011489337359599429
66;0.005239402365622337
67;0.07177883537235143
68;0.088760099783105
69;0.002414313983609995
70;0.05254488289352195
71;0.08224393545733454
72;0.009679474293156798
73;0.027707718626646373
74;0.0868124532461881
75;0.06138886496295901
76;0.06520054763612634
77;0.03609627112942988
78;0.025592562884822836
79;0.05017427739913776
80;0.04423630390529666
81;0.006105765285898068
82;0.05623012699814994
83;0.03866600300233896
84;0.03575802031496028
85;0.0374436033314642
86;0.0488878361646779
87;0.07680881435338234
88;0.05991283949706949
89;0.03505467780369399
90;0.0774941066298745
91;0.0916205445128704
92;0.007865521376602435
93;0.023320653912056823
94;0.05674687306666168
95;0.05126059930292857
96;0.05402550047037713
97;0.0024018016737906156
98;0.02433299057935001
99;0.010218253526384181
100;0.0563820632229368
101;0.0026717399968471224
102;0.022724298807286783
103;0.09757474457738696
104;0.05070882018996135
105;0.04725291822509889
106;0.053063188974655146
107;0.02399317926505308
108;0.032642737014252764
109;0.03138614658266308
110;0.03384692136983526
111;0.029125825074023372
112;0.0014836675715172777
113;0.07678313447084073
114;0.07372058236389632
115;0.016514861619077205
116;0.018950215079125577
117;0.012295383627618662
118;0.09563352214684764
119;0.0665721660484898
120;0.010575730990550937
121;0.04836010868589871
122;0.07298221369070322
123;0.09343730388247916
124;0.0718740311441178
125;0.052665891904919326
126;0.03815308321306417
127;0.010743465968692557
128;0.09152236242030062
129;0.009284486366814481
130;0.055745461042057444
131;0.07894292065441602
132;0.08737555001327477
133;0.056446889147499416
134;0.03234339705359229
135;0.05440521726976279
136;0.01961550796378794
137;0.021795081393792815
138;0.029310404797875746
139;0.06043845969065125
140;0.002380416822753662
141;0.08551712954379564
142;0.09031229578496656
143;0.005850601651019394
144;0.0740785159906394
145;0.04649131172780044
146;0.0803752298486271
147;0.08513021734918981
148;0.05065185455039825
149;0.02400146258821676
150;0.04275797925154359
151;0.054347943781223165
152;0.0805369279727467
153;0.05179494360448499
154;0.06919696894267124
155;0.02395708348775294
156;0.09799847651856293
157;0.009317941249628281
158;0.027354098859697275
159;0.007287213041009145
160;0.07193213979922625
161;0.07416338617941841
162;0.0308022893878389
163;0.06681872525489928
164;0.05842696910258536
165;0.08444865216985054
166;0.0661821267832117
167;0.09106529303131233
168;0.03510134307872224
169;0.013278181831226933
170;0.03997293782767374
171;0.09893577997049353
172;0.0475476326136579
173;0.001930036506142663
174;0.09431843640966586
175;0.05174067418790741
176;0.059008828062754794
177;0.09597694614044194
178;0.0011056065636680379
179;0.05172179236306567
180;0.07998545448081033
181;0.02663116523881002
182;0.025962918636564983
183;0.0903320661311885
184;0.02259272227010676
185;0.03141451697768114
186;0.08680958213377755
187;0.09575911871047821
188;0.09448695384773646
189;0.011817378637411514
190;0.01636313465861029
191;0.0405564297521549
192;0.09764184047167634
193;0.052362816201152775
194;0.08416172476811329
195;0.04991063760434065
196;0.07550721816229794
197;0.029537309756976327
198;0.06245970628751686
199;0.09124893632922304
200;0.09177457878589382
201;0.04694138349678109
202;0.0803807577610588
203;0.004125185228620609
204;0.024136520747505753
205;0.071369991207333
206;0.06550208523422944
207;0.056532357257062266
208;0.07741989909620207
209;0.04324118553847628
210;0.034097051218561124
211;0.06218577355922416
212;0.06233573610093547
213;0.0502041959246271
214;0.07419527278937033
215;0.027684808959961463
216;0.015442610780642374
217;0.050120678510975014
218;0.025845527125107206
219;0.032120500545786905
220;0.07182499092518796
221;0.06484992237130938
222;0.08923758264515647
223;0.0013782714945971275
224;0.05560119602112093
225;0.05819080946854516
226;0.057593775031443466
227;0.034507484411960866
228;0.025039984108592886
229;0.0008556646166909877
230;0.09871135055271192
231;0.0654279094301921
232;0.03560745575112203
233;0.09028432332631882
234;0.08181295925685929
235;0.007355204670673455
236;0.0991055928040008
237;0.033926004821218846
238;0.05746072131975414
239;0.012065903206658901
240;0.046911823382050855
241;0.048983131807281616
242;0.021179384753909736
243;0.09141550186815177
244;0.08247197006730321
245;0.030650832929421223
246;0.038908139943350274
247;0.0037962846879144533
248;0.050907630970468444
249;0.09972107653430806
250;0.048824733474248205
251;0.07627065384052416
252;0.06061507850552605
253;0.09498633132706301
254;0.015362106031515145
255;0.0825039241025929
256;0.01615538906807623
257;0.014946962832738853
258;0.008221794326267995
259;0.06210738176384961
260;0.0419032713761348
261;0.06236852479079297
262;0.054588483352620176
263;0.02753500377595669
264;0.026277526028135947
265;0.08067251471959012
266;0.02876455658463131
267;0.05561243416753153
268;0.0682291897696003
269;0.04662967322558214
270;0.0915019710156952
271;0.0444632382641073
272;0.010114742770187791
273;0.06194048552251913
274;0.038583596023570435
275;0.03762595137453269
276;0.0075650063107466255
277;0.008306941302198534
278;0.030361383264444864
279;0.033751660318504816
280;0.044241754634729326
281;0.033791244223326314
282;0.04817006775282781
283;0.048200769053179895
284;0.09830455545536126
285;0.07879957141225628
286;0.08635064757157987
287;0.014878469505041115
288;0.06826140454019819
289;0.03601041988261801
290;0.015277808962023944
291;0.04522199830263562
292;0.015229356604669753
293;0.019401645696483828
294;0.07617429858677947
295;0.03026064302871443
296;0.026016807279479727
297;0.05476891705624224
298;0.018468984562475633
299;0.053886095212431866
300;0.01336863713021792
301;0.04410211147534593
302;0.019956498933532997
303;0.05437758719144192
304;0.07670841187949895
305;0.03193396290888968
306;0.04661430287582435
307;0.08589502441177313
308;0.013333365738888292
309;0.007777717014672614
310;0.05640717934128086
311;0.019919345573257842
312;0.06149255557769049
313;0.0884158321006468
314;0.0652773063372923
315;0.0416311784921266
316;0.037653485302539196
317;0.021936671002089514
318;0.058350528510985225
319;0.03634159286108242
320;0.0972379304690122
321;0.03701501211345466
322;0.06372516419306146
323;0.0958388358681445
324;0.031758220375540956
325;0.0951300266668197
326;0.09582357540201276
327;0.09133065556373168
328;0.08467359596107632
329;0.050325304892100166
330;0.028128361615978426
331;0.0770779366468819
332;0.0246667804276409
333;0.07018400631799446
334;0.018511694687138414
335;0.09675062398864
336;0.06680688677012928
337;0.028343110653487637
338;0.026007283356241452
339;0.0013157417456118093
340;0.04326924187230357
341;0.04454317570886645
342;0.048472162958193545
343;0.03867522920624314
344;0.010045560400591382
345;0.034531044098802526
346;0.007213097161342519
347;0.026357695196170483
348;0.06181097949036399
349;0.08791436223032498
350;0.009450828358244257
351;0.023380460134314565
352;0.013038188670471707
353;0.0789523057954996
354;0.04235145201087327
355;0.0007345756771566903
356;0.050595318786636256
357;0.047974492534781435
358;0.09004588080001624
359;0.09310838286097303
360;0.09258913032607927
361;0.035823500622123174
362;0.0752265810869629
363;0.08871983902993534
364;0.07306764075257538
365;0.05666855576479545
366;0.04534202127080783
367;0.06519253182286334
368;0.09952412283871032
369;0.04005650814031978
370;0.02719081372819723
371;0.06699133263551829
372;0.02790059989080791
373;0.08876014623564232
374;0.09855291417714634
375;0.01846991940166216
376;0.07684331249790773
377;0.09374083190528938
378;0.04522515283287505
379;0.09946711748946505
380;0.04423538306900182
381;0.04463192898031346
382;0.05361197743263292
383;0.019266530871990206
384;0.06536277230937675
385;0.016507232045764274
386;0.02403766462568975
387;0.021519568642685352
388;0.01982715682727766
389;0.015659877736137463
390;0.04284549399976748
391;0.0672322327418798
392;0.09108986528542375
393;0.031747963053295206
394;0.03853955973460621
395;0.08704820230753388
396;0.0869053067774187
397;0.011367785260658438
398;0.0732403286115746
399;0.05187798633316959
400;0.05883098636701235
401;0.01880779558462651
402;0.04866539447076665
403;0.024605777150565666
404;0.06282615783761918
405;0.010877962147569621
406;0.07214699108334663
407;0.09936105783838863
408;0.04011934020701899
409;0.07702621695341039
410;0.006497996250709437
411;0.016845048452176093
412;0.07042854577735778
413;0.026749327773748124
414;0.07302101135870505
415;0.031201813803991243
416;0.07905373205855758
417;0.07353520447479496
418;0.002300192829831904
419;0.07187089322330284
420;0.05025620411800982
421;0.007410029529989148
422;0.007273278812045536
423;0.07219552374563054
424;0.06715114250623279
425;0.0624426430127782
426;0.007070354018019443
427;0.04122579794545054
428;0.08745971791109149
429;0.0890849210859996
430;0.07855805928344256
431;0.05490089894792308
432;0.07849653435540517
433;0.0003228534760919999
434;0.012447772226389688
435;0.009448116924472984
436;0.03965936073251219
437;0.03688893097216215
438;0.045911750583262925
439;0.016953972528690988
440;0.07370968725708098
441;0.027727736345586652
442;0.013276056044253248
443;0.06279023275785083
444;0.016811202717909958
445;0.024015583399109797
446;0.06853177013720792
447;0.07673149040592453
448;0.02364003528337303
449;0.02214654961613295
450;0.016813546332256634
451;0.07091357258645943
452;0.03343138485168445
453;0.08407012135436154
454;0.07708552910071027
455;0.05645644641311076
456;0.048940793330727296
457;0.09364873395321499
458;0.09430637617534834
459;0.014706301877971496
460;0.057027049153793745
461;0.08496225556753823
462;0.020693844249802362
463;0.026198245233407115
464;0.08505951554961579
465;0.08000128549212013
466;0.004768225264653836
467;0.03151195927414718
468;0.005262673104188431
469;0.0072095144985183
470;0.010355065780699436
471;0.08741501502834333
472;0.0697553696892395
473;0.0017246836792100596
474;0.006702548971784794
475;0.05754678586772142
476;0.08832123712194617
477;0.052053942865075864
478;0.09632816871978933
479;0.0733502662009446
480;0.0552778108547387
481;0.009297288666743486
482;0.0632348471530793
483;0.08380035606868458
484;0.036612466143510825
485;0.008166000865797286
486;0.0483394364965203
487;0.02036115073724533
488;0.08532126780106761
489;0.006843862293461556
490;0.0037916184138972243
491;0.09954124910125492
492;0.05565890577116703
493;0.03922705224702562
494;0.053382963953981025
495;0.023616507366245754
496;0.055544123822732196
497;0.09422841079009264
498;0.06854870170689
499;0.026264606041820217
500;0.04583009011223915
501;0.03546394947566189
502;0.0768217692395683
503;0.047689180219136235
504;0.08289667801601655
505;0.03505257081021499
506;0.06485072974181945
507;0.04026272235811519
508;0.03537907849408779
509;0.018218097316828243
510;0.09133987254009791
511;0.07790082528954163
512;0.06595883511949506
513;0.07968176044585763
514;0.07696552138444063
515;0.0676321399613118
516;0.04348015872714365
517;0.017117276174165474
518;0.04254496978015602
519;0.06613089483469897
520;0.014864208470850815
521;0.05729853210130523
522;0.07815250863777931
523;0.052021356967502555
524;0.04323548953807808
525;0.021401778412887332
526;0.020679449291592468
527;0.08134568144621014
528;0.02962889138756175
529;0.0748653402630095
530;0.02458874296815359
531;0.007221240880144576
532;0.06446592280979396
533;0.05530638211285364
534;0.045176794261033194
535;0.09125323516286164
536;0.02261493937685484
537;0.041976324336708115
538;0.06729578456234152
539;0.0771881986419819
540;0.03439545742191782
541;0.015172577008748113
542;0.09592813498021598
543;0.08428922708882627
544;0.042073878445792245
545;0.03712219332604827
546;0.008461178497641442
547;0.0005752336397880531
548;0.0432108888563429
549;0.09140424185521856
550;0.028959122226320456
551;0.03161898573013257
552;0.07664029741156303
553;0.09064499191535316
554;0.08421469504401596
555;0.033480520280388205
556;0.08825853113284157
557;0.012604885163203017
558;0.07204310238429393
559;0.07396529545245303
560;0.03492397487536202
561;0.0019015993919321295
562;0.030074318574312853
563;0.06590403771622567
564;0.07503282600472878
565;0.007028054755547675
566;0.03762928530222333
567;0.09306735350366918
568;0.04025889255615073
569;0.07495666290144969
570;0.038312743629513174
571;0.03738474122613388
572;0.050818797615436145
573;0.05204543434436157
574;0.08002158527267805
575;0.04428279046464716
576;0.03767395049669632
577;0.011194759032418056
578;0.04507141927971219
579;0.02399424593752151
580;0.07000123567301306
581;0.06728593184780232
582;0.07554643221592265
583;0.061275355260407595
584;0.08251122579591676
585;0.07083221753656975
586;0.009305278015218743
587;0.036094693703023206
588;0.0915172081846869
589;0.01695696080001088
590;0.042189813431228476
591;0.08867604614715968
592;0.062086275238503436
593;0.01570022700825239
594;0.015169264506289016
595;0.03924869081765098
596;0.09785284976704117
597;0.04615936247187485
598;0.02368136679668478
599;0.09764433210646918
600;0.08208978356852668
601;0.06216546636351551
602;0.006123538582864407
603;0.06200927237517987
604;0.0394848768194835
605;0.049414602613436
606;0.02210405611169554
607;0.036110699874981125
608;0.04914382151983905
609;0.07898213190437003
610;0.03743633228978016
611;0.08520857849884962
612;0.08957548388897678
613;0.07422317703790911
614;0.03149109613664609
615;0.01516225048044234
616;0.010102497598824579
617;0.030771236865166796
618;0.03265464230370951
619;0.05264195453937484
620;0.024051181526364953
621;0.036435159842066966
622;0.0690115340673635
623;0.04991870923306857
624;0.01831690215886549
625;0.020962712304894826
626;0.08565331928237191
627;0.02239134073024255
628;0.02390030193577656
629;0.03855488145231876
630;0.061560600106232544
631;0.010725561026255916
632;0.060908410885691315
633;0.09216264574876078
634;0.05599860907846091
635;0.008337344132837543
636;0.012431547442502612
637;0.0783523684526718
638;0.08114783289699497
639;0.08547878362339295
640;0.07148890298489634
641;0.011379150958169038
642;0.027409140205629956
643;0.09685199745488804
644;0.06921005920513028
645;0.0943573524511022
646;0.06250177493049468
647;0.04144968630866959
648;0.00032716315703473775
649;0.04449081776695926
650;0.07036471976394604
651;0.028258602048037065
652;0.09224814669855998
653;0.07294996145782115
654;0.09355894687111647
655;0.08788491429902766
656;0.06948110704344913
657;0.024106395092574607
658;0.05297795686852787
659;0.036588867782520684
660;0.005787330660246149
661;0.027017878874969738
662;0.027911208359862993
663;0.03330968053189316
664;0.0929676648175465
665;0.07937880515810386
666;0.006446187584196794
667;0.04642897331353259
668;0.09176300682846243
669;0.07022877592383871
670;0.04530098424662481
671;0.0024536064592345034
672;0.017342572361411346
673;0.05899495320927259
674;0.04013990713686051
675;0.05924721209478604
676;0.0018249050174632521
677;0.003459164259886816
678;0.08669100242238535
679;0.06775107821987858
680;0.09924001512802788
681;0.07038355044512525
682;0.03246496738002911
683;0.010458040759420629
684;0.08870681021275179
685;0.0418348002439697
686;0.0032352884588254917
687;0.05831922229907954
688;0.025714522610382873
689;0.014981090435755396
690;0.08942199727677233
691;0.07361101040474342
692;0.09870055093280644
693;0.09572737454041175
694;0.030543774668743952
695;0.0780330389081076
696;0.0414679683792522
697;0.05072240667463698
698;0.07596013826928898
699;0.023515961834667965
700;0.09955202968555033
701;0.004762277280986971
702;0.006971696126252692
703;0.09508183786644424
704;0.08928185064205858
705;0.06090324020724461
706;0.065384342655056
707;0.04697944415680019
708;0.08985052621489942
709;0.03420700340421258
710;0.03286403518298227
711;0.03385858154606946
712;0.01471501833300577
713;0.01791924622651121
714;0.0851880303456216
715;0.09699028028981939
716;0.010656356327758222
717;0.05205532651498429
718;0.08913439332352269
719;0.0504426906242647
720;0.08390726361611811
721;0.07245670991498385
722;0.09740719011719638
723;0.011357788672282177
724;0.09982102561653974
725;0.018021019308793518
726;0.005061337838324554
727;0.060645660643775336
728;0.056319748975274544
729;0.0891624124389761
730;0.08138535858740803
731;0.03299854116375115
732;0.06238932174810158
733;0.025014129234122773
734;0.01912708786134262
735;0.03175325771417797
736;0.08217345638427759
737;0.035842417869591685
738;0.045292259121374606
739;0.07605257959176248
740;0.07670905150528155
741;0.010317457181497947
742;0.028748650609737882
743;0.07377959127753025
744;0.047480585765978446
745;0.0261859216702092
746;0.0532642851647706
747;0.040124772900094224
748;0.08130826247897587
749;0.07063464750127192
750;0.07938695058135992
751;0.03350231551631808
752;0.028043228512161445
753;0.015087073168779575
754;0.017694661530590485
755;0.05304204548997402
756;0.08482546828714463
757;0.01601035109372261
758;0.04001861878115999
759;0.023647736998846692
760;0.06991339224968597
761;0.025098308014766302
762;0.054817294665059114
763;0.0976623868646238
764;0.075118300211811
765;0.051430793939809476
766;0.050630260750486905
767;0.03552474682723761
768;0.03195789482477057
769;0.07582208469832069
770;0.057768233596495314
771;0.00603416131091673
772;0.05560940933143882
773;0.04490758635629105
774;0.05319421539610467
775;0.031809000348850903
776;0.058801924407699706
777;0.037518033197832194
778;0.07145365083149446
779;0.02041249792120712
780;0.0689361384793816
781;0.04431872881734059
782;0.02122141947401367
783;0.01950065415500899
784;0.089244366364506
785;0.04204165430091156
786;0.04050567846457162
787;0.02374986721145971
788;0.04738690561884934
789;0.007841582098096045
790;0.05857302149247834
791;0.07878269321632136
792;0.022005508326840353
793;0.08539030506502829
794;0.05065756694153049
795;0.02087399797281111
796;0.09835882440373747
797;0.027406026595933032
798;0.03485730144804333
799;0.09180835133969525
800;0.08480752606674116
801;0.06712163400944474
802;0.047817877363116705
803;0.023163290001634276
804;0.061329102905327906
805;0.041160972912365014
806;0.06571496220610484
807;0.09799556015277061
808;0.04423236789147372
809;0.009299969035390477
810;0.025319895448007914
811;0.011417399025428
812;0.05140455144506002
813;0.04153048718698348
814;0.07683058677150467
815;0.07465451363087937
816;0.07277466848407006
817;0.019027367860238276
818;0.007323586996985754
819;0.044746314244790836
820;0.0040461117154547924
821;0.009013178149406586
822;0.09281660608310609
823;0.040143194388331443
824;0.06592745474392868
825;0.058798950467762984
826;0.0951686181179452
827;0.031687746794423224
828;0.0256435287756435
829;0.09389951143060962
830;0.09149017231498736
831;0.07802553276439805
832;0.042122859000705774
833;0.05791071306740614
834;0.07590164281801351
835;0.010568503126281659
836;0.006227804077422905
837;0.05009732418421192
838;0.014878120517779415
839;0.002219103636328712
840;0.030328754695764116
841;0.06821427408452795
842;0.07437298059566454
843;0.09384378801061544
844;0.04025229315104927
845;0.040586331336331084
846;0.06523807697859293
847;0.0710601119772958
848;0.06187209115970255
849;0.07589416673801513
850;0.026553010187410766
851;0.040559381074740775
852;0.011227343019257353
853;0.063975282344985
854;0.006444324590026107
855;0.08201377058956089
856;0.08306890715602654
857;0.013202766411336631
858;0.08800425285964586
859;0.03509966507336435
860;0.009784292377187621
861;0.054186852175878555
862;0.00590831530321807
863;0.012919898433799537
864;0.03831568353798118
865;0.019910273750780208
866;0.03230288071831076
867;0.04508003258575604
868;0.06361124017853387
869;0.05155844617080674
870;0.049563930699233344
871;0.07130698082993905
872;0.011743079991376715
873;0.07156914476856445
874;0.01868786277712128
875;0.04069801844290724
876;0.022322912182363975
877;0.028118056896575573
878;0.023379778864052993
879;0.03151615567819584
880;0.07159321699825331
881;0.03575812725599805
882;0.08230308448792761
883;0.09793297378852109
884;0.015353614510969428
885;0.04708383905982669
886;0.08047764391014034
887;0.08286471707999266
888;0.0437264499375984
889;0.048592346199018505
890;0.0018146702237480717
891;0.04462251285490224
892;0.02827392303810926
893;0.050629496779012684
894;0.09464836665189673
895;0.08530731155981526
896;0.006747067240039418
897;0.0920219564629354
898;0.06899175205217488
899;0.045340395441541725
900;0.05215758254073183
901;0.05589156181809869
902;0.024301818200843917
903;0.09689222124203822
904;0.068868377548737
905;0.04410143054280388
906;0.09675621217177746
907;0.004080810629247478
908;0.0918439437701781
909;0.07128552155816292
910;0.07077532712566106
911;0.02400305417477563
912;0.012057474883223163
913;0.07070905545034789
914;0.03246080815841732
915;0.012005077913178452
916;0.08572331856366856
917;0.03577008686128182
918;0.029390561061473752
919;0.06898942577007071
920;0.06402697998552899
921;0.0689365016986545
922;0.05239840772465579
923;0.009750351300138127
924;0.051175046120187376
925;0.08646668377579089
926;0.06939183965959979
927;0.015352978559559128
928;0.06353638868165563
929;0.035933674091207506
930;0.06770800225543976
931;0.07751593534514103
932;0.06852577439699642
933;0.04430805369714666
934;0.014461350821572261
935;0.07323734399498107
936;0.08897059921650836
937;0.08338952113383669
938;0.024424082217140066
939;0.015735389858013007
940;0.09152320243900912
941;0.05502342682384692
942;0.03421720966175906
943;0.04182562601410198
944;0.03738608471034192
945;0.05643377710652241
946;0.039685071257676764
947;0.0006898174826280523
948;0.06100500035109503
949;0.07970105057923146
950;0.044465142684072284
951;0.06264496024813565
952;0.07320470777850109
953;0.0024096348427707585
954;0.06399042199467501
955;0.09703257920936507
956;0.08930208205441074
957;0.019306459807247458
958;0.008276295812663093
959;0.016769014887139368
960;0.06076826320663647
961;0.07552265172689976
962;0.022987903932153844
963;0.06340296543687139
964;0.0338970510165016
965;0.05021767179726069
966;0.050343507426490686
967;0.05231760274068297
968;0.0741239161757384
969;0.06116184543398434
970;0.05808389098943759
971;0.03633383999796648
972;0.08083110641507828
973;0.014323175336519124
974;0.004149758134632142
975;0.05567323835993676
976;0.07433404163506847
977;0.06298529435768115
978;0.04696694573672533
979;0.018815202282423484
980;0.0017273528877047584
981;0.03694818816291206
982;0.06636510948634186
983;0.08030462745541937
984;0.08523896317106315
985;0.07203788112357974
986;0.014409022001826012
987;0.08456692241209118
988;0.09019893720244537
989;0.058087671279181075
990;0.050454142970235476
991;0.04417972664784697
992;0.052222428725527806
993;0.08537588062716986
994;0.027332116864120105
995;0.04725952152797422
996;0.04148233076353122
997;0.01867544059395493
998;0.005960877259622333
999;0.042078144845942016
1000;0.015490002445676632
