1;0.11637188172535994
2;0.13794308945491626
3;0.151501052213027
4;0.09780143631145721
5;0.171926733242652
6;0.004972619797596601
7;0.17155186272743816
8;0.11237392192319945
9;0.023129647255585507
10;0.08786690251638869
11;0.15663403450055938
12;0.1358032763806298
13;0.03537761149962637
14;0.15997326636676945
15;0.12750564411242796
16;0.11580668881366195
17;0.08063126195374777
18;0.0771850201186911
19;0.00881610616845161
20;0.1129614521136483
21;0.022250278610564903
22;0.12550908751064602
23;0.1403365981597233
24;0.09668668399247571
25;0.15951382015133098
26;0.08683405270225908
27;0.0708479555412886
28;0.10830036770944114
29;0.16238568141588908
30;0.1681481718631722
31;0.058801338717392064
32;0.022164523954336726
33;0.027694657745866526
34;0.07964588852399855
35;0.1668636118357475
36;0.10354090884764984
37;0.13194301816886433
38;0.14756140505285634
39;0.19404627681748074
40;0.03825188761800873
41;0.03943478935771836
42;0.057895480313400555
43;0.04883733699609965
44;0.07499714465758721
45;0.0200123472781403
46;0.09002672444549419
47;0.10040274298476526
48;0.14152241746161584
49;0.11929357738748443
50;0.13614264470405804
51;0.18715329890901916
52;0.16655618848556955
53;0.09693575376069233
54;0.18717841101155763
55;0.07612508501444215
56;0.07707953034351425
57;0.04004286178596628
58;0.0917752683888104
59;0.0023612327427671833
60;0.08054383467849045
61;0.09061114383000653
62;0.04629679344197799
63;0.12369395781099707
64;0.016294378107742393
65;0.0508125973518085
66;0.09196145133274275
67;0.18315656765464322
68;0.19360745744621752
69;0.18132753833169918
70;0.1807635518804811
71;0.1777970295064659
72;0.024002522157636565
73;0.0007138588389904666
74;0.17884082946005722
75;0.1692545724672836
76;0.1791758512202719
77;0.17456071496641704
78;0.14333873873965125
79;0.17056212503805807
80;0.033600777774379066
81;0.0017855548588362469
82;0.009617784801261187
83;0.041767783794799555
84;0.1396613259925726
85;0.03644594518545281
86;0.11142408935141815
87;0.029798472862198302
88;0.18976156406717756
89;0.07902694918569333
90;0.16125331843127433
91;0.16756114228364274
92;0.027636975142616517
93;0.04264958438918871
94;0.19094791232970165
95;0.00029643288048579746
96;0.04876749735937598
97;0.05255000321212813
98;0.1500001811503293
99;0.0802333652010308
100;0.08753236882680522
101;0.05297152774713736
102;0.01338786505594285
103;0.006989446154282009
104;0.03426357442156887
105;0.04100866988027017
106;0.011382246839813592
107;0.14413124798742813
108;0.06497265446045335
109;0.13866022029570949
110;0.10164172221611444
111;0.11582487254929213
112;0.11558245341003066
113;0.17569863176857214
114;0.1838801207205437
115;0.14126907827580976
116;0.057477166575629894
117;0.052758034707149216
118;0.0723465869957917
119;0.09839705836710447
120;0.17147361036559197
121;0.07643350835011485
122;0.06059088898437986
123;0.11458098190771221
124;0.13976257170287662
125;0.1502945980488734
126;0.10719508328908106
127;0.1674909933758632
128;0.015957800352292394
129;0.01329832487577225
130;0.0422629108120596
131;0.07068478404160117
132;0.10519475659969729
133;0.1562477924672873
134;0.16766033203568464
135;0.10082537545202003
136;0.18942639041279827
137;0.07736613076752202
138;0.027521447746470987
139;0.003120668638895641
140;0.10097353082827076
141;0.11188338617612148
142;0.13728081927684357
143;0.1574206913190277
144;0.036346056265390135
145;0.048065736699920585
146;0.0832605063837775
147;0.1682689528088245
148;0.04519952477318299
149;0.15230751607953624
150;0.012960871299208665
151;0.0570103429513998
152;0.04182163297987756
153;0.08480206088709095
154;0.06285795734066656
155;0.1250803023423534
156;0.08337636496597589
157;0.01865774464172474
158;0.1552802679202141
159;0.17343363070610454
160;0.09022387990396008
161;0.03569707426714746
162;0.18624679192860683
163;0.013556823823852083
164;0.09810187949424583
165;0.1008695303032015
166;0.15629865836999682
167;0.1384387250931089
168;0.04490536735425286
169;0.10899546323719378
170;0.054703242432201815
171;0.07256183692413368
172;0.03444740129353605
173;0.13035766918162783
174;0.11596220944388527
175;0.08095781069904198
176;0.14150342329101911
177;0.0623554963836444
178;0.14094226971032284
179;0.19909255334280823
180;0.1292388959008443
181;0.07820834733865174
182;0.05565026684147459
183;0.0958522861523113
184;0.02071702387713248
185;0.1512963318728362
186;0.15874258658000406
187;0.10990702938758
188;0.04384130482992113
189;0.07541627227570778
190;0.01977111182272271
191;0.11925199197628816
192;0.10094133729212161
193;0.13712486616778108
194;0.024706034427550063
195;0.023984305201660838
196;0.043850457040599915
197;0.1020525097866605
198;0.11393979795541564
199;0.19185163471928648
200;0.07567201038702426
201;0.13084816308045752
202;0.03501811680706237
203;0.07019381067363016
204;0.0466405372208631
205;0.19695120005691164
206;0.19994703054472557
207;0.011420056085237884
208;0.0061339442410573985
209;0.12529757609414857
210;0.14356643310163192
211;0.19010449854720177
212;0.18651854853980654
213;0.19227998385861092
214;0.10759977086684558
215;0.002883205591572735
216;0.04238364441790765
217;0.029484380425498103
218;0.11175139361828246
219;0.04736371250496285
220;0.1675918637974304
221;0.10305389263654983
222;0.14760845438944986
223;0.09718082119215395
224;0.060247843475036755
225;0.015394971135492687
226;0.12330048208657754
227;0.03907485786260228
228;0.038405661333562824
229;0.15045843874116802
230;0.034358287524467415
231;0.09312668265863566
232;0.02846395228423364
233;0.15274825918726345
234;0.01382387553268527
235;0.024141599100634226
236;0.12244122733134728
237;0.14841294754235163
238;0.09115616960716287
239;0.010787658467597529
240;0.15164407466149027
241;0.17897875858603685
242;0.027148350192964046
243;0.13121933087616527
244;0.15719449942303454
245;0.057476318288676366
246;0.025748007383402972
247;0.014773647572839544
248;0.1261883674393038
249;0.14250847780744957
250;0.19053759239882975
251;0.17621749186021207
252;0.09325188341031868
253;0.0010418740536300764
254;0.19708179571064774
255;0.07681533193041967
256;0.17553090933843493
257;0.16700040666253807
258;0.07578118247913156
259;0.15961590770752931
260;0.16783084016022903
261;0.09498925678129613
262;0.00503630327241229
263;0.08534416267323822
264;0.17374396570147485
265;0.1613701104765901
266;0.07836934920726182
267;0.16953571030046116
268;0.1845150129557478
269;0.06285127484008826
270;0.06877068113234615
271;0.13112270098292092
272;0.17439557984323004
273;0.09159973919289371
274;0.01487462710839247
275;0.08218725942008819
276;0.032696666612555596
277;0.00018048963296859457
278;0.19454914027402145
279;0.15585856332238182
280;0.19504694350259988
281;0.057631591078159565
282;0.11476889611450847
283;0.07149000676618898
284;0.145259448387802
285;0.13727846465142
286;0.049131761021652044
287;0.11228166361314201
288;0.1269507139199473
289;0.07534072236147592
290;0.015511673281422313
291;0.171420948433121
292;0.0741684464637216
293;0.0874085699078609
294;0.08729931874151374
295;0.08467481859485725
296;0.12405845300159164
297;0.09078795067352832
298;0.19764404841023683
299;0.02458249371570345
300;0.0028174862217428044
301;0.12510943111007042
302;0.0032357162363698235
303;0.1288796035636448
304;0.00460147685080079
305;0.16427957618290456
306;0.07580498568122383
307;0.12706495829156303
308;0.09696885509783254
309;0.18852676749561617
310;0.1340677612294059
311;0.013985461852781912
312;0.19063774767350636
313;0.10172162935068695
314;0.04712345887801237
315;0.12067716216244231
316;0.009250555481533218
317;0.11848963121191343
318;0.12281164665568
319;0.06912250210677795
320;0.12269177253932649
321;0.1921027028785628
322;0.011829800398620739
323;0.15445353013640978
324;0.02698130641074912
325;0.01748833028452208
326;0.04222303688588669
327;0.08979424452905954
328;0.12005946535512219
329;0.10610261743591926
330;0.08727359636500212
331;0.0617691842040252
332;0.12585640072370965
333;0.08378959791005675
334;0.04481303014937295
335;0.09238658737507158
336;0.15176242111603178
337;0.1061289550422254
338;0.07926047204276994
339;0.06871613487931963
340;0.014461153768431623
341;0.16360083126256172
342;0.06694906937124592
343;0.07565033344533255
344;0.14465051924352199
345;0.07792917514345604
346;0.17206466706492862
347;0.11296336548024132
348;0.16646617617361922
349;0.1929108387037356
350;0.08538713465902666
351;0.007902966801594635
352;0.08873107329194481
353;0.043320165776050135
354;0.009112883248961269
355;0.12994326563196068
356;0.03448123335168809
357;0.10372604927497059
358;0.1342950849826776
359;0.15463015658966717
360;0.04892618544579666
361;0.162579372945712
362;0.08601630181607647
363;0.13036943517982144
364;0.03005138511794905
365;0.11053711795730999
366;0.007625690090666538
367;0.011428564724661161
368;0.036532820134850555
369;0.036510378542097266
370;0.1763656934097178
371;0.02258144053819222
372;0.01537504095540947
373;0.05400626647907028
374;0.08737759737776217
375;0.1452714985482124
376;0.0036407096501946293
377;0.1396626355341079
378;0.03147470993222714
379;0.013709103689757508
380;0.07427220912575638
381;0.016993312119358107
382;0.13998179243673978
383;0.10044915526370016
384;0.17089280457863215
385;0.15526000271008392
386;0.10127952384550641
387;0.04837214466021858
388;0.15414160880135575
389;0.15500638931971855
390;0.02514608027275027
391;0.07244322025559129
392;0.03641589080905923
393;0.05999303199138609
394;0.05610849219964018
395;0.017556151280430154
396;0.14820770423896837
397;0.17752363996751985
398;0.07821408548085287
399;0.07709760669570959
400;0.19533575037437065
401;0.0355242757800587
402;0.18552361106644008
403;0.09327400029075004
404;0.09624186065395808
405;0.00785997219704
406;0.1828844668746265
407;0.14403101259891707
408;0.09397967457461474
409;0.08498554291645095
410;0.003423711049040712
411;0.12695549639793666
412;0.09461379239168331
413;0.09503030167406908
414;0.0014937251835723143
415;0.16495208648589577
416;0.14826451604665714
417;0.024396423269050917
418;0.16005120741826873
419;0.08537174346348933
420;0.12637591259993508
421;0.13438260848565028
422;0.0004907798546483821
423;0.02991190294523074
424;0.09228735036593201
425;0.11207247562167671
426;0.08633864783197442
427;0.19803476769469855
428;0.13343554422191609
429;0.14997881062221374
430;0.19260360885270678
431;0.17580626226745108
432;0.07812061096577852
433;0.0008339821740270148
434;0.19516514156953949
435;0.041622395523357114
436;0.12254249872648766
437;0.16224157732727895
438;0.17924840723616037
439;0.12385985049597625
440;0.15342483520991593
441;0.17574483010601707
442;0.044493930972569554
443;0.12764846476429884
444;0.10584050048017626
445;0.13539888123057883
446;0.0940600756436133
447;0.11206303882130007
448;0.10608697622470172
449;0.09801420262652726
450;0.0942409841362121
451;0.07413768159333445
452;0.1318323110555332
453;0.1547375999309286
454;0.18145833455113197
455;0.08885159072634291
456;0.16135967283229727
457;0.025262670794975173
458;0.15671126006529087
459;0.112725201798238
460;0.028783266239519545
461;0.18771140942969836
462;0.056227641855692824
463;0.1799791418416781
464;0.025460432792758003
465;0.06622636998711846
466;0.14534239698811954
467;0.04002979517971453
468;0.19481261516143625
469;0.062456034548960294
470;0.06378751918574739
471;0.1871146830333556
472;0.16512676440940155
473;0.14589752274895718
474;0.061097236782465925
475;0.020867627153629845
476;0.19269317474969402
477;0.18276557857266912
478;0.09396750582021302
479;0.06940811993743237
480;0.13293869967700972
481;0.15574307092237635
482;0.0246676263055998
483;0.1576783896049745
484;0.05686429532060491
485;0.07476272898516503
486;0.07832143462785929
487;0.10473094981275657
488;0.015359632687008774
489;0.10397707881202894
490;0.10946027872428161
491;0.16384194458333437
492;0.14666395053471634
493;0.017201662724544244
494;0.19547990789546643
495;0.08220850070699517
496;0.07360994510903503
497;0.18340125593226209
498;0.052798309569260064
499;0.08461476921724556
500;0.055116931723889234
501;0.19438075429952226
502;0.08676002154353356
503;0.010725030818883808
504;0.1907372222355576
505;0.11766133287902232
506;0.17460681435423156
507;0.1811810521386613
508;0.12384040419232817
509;0.1283482445894149
510;0.13970174291443518
511;0.05239295285843584
512;0.12764318783103054
513;0.19560574222120286
514;0.01617634955317322
515;0.13768579307599466
516;0.11666628232960852
517;0.07893022556319634
518;0.06286767206544293
519;0.1918698929877828
520;0.13348148092063428
521;0.04942228529934041
522;0.024163342898050246
523;0.14267701106989802
524;0.030624555727957747
525;0.09214194426258374
526;0.11165451395824683
527;0.03933274620841847
528;0.01165971110724704
529;0.020920558927483037
530;0.08710537244026995
531;0.05842021605828314
532;0.18383925369781567
533;0.0032063663094392906
534;0.19704320030709652
535;0.1738786426846921
536;0.06761270641678378
537;0.04594870886681444
538;0.1154395627669878
539;0.14861027019623715
540;0.16388438462036314
541;0.035179171759149155
542;0.17848103289542244
543;0.1603955797687813
544;0.0688253495680242
545;0.04335646495998627
546;0.03333987204626483
547;0.004104941057474787
548;0.17431073679059392
549;0.09951663544584913
550;0.05413969436419171
551;0.1805619771828226
552;0.18396980788914277
553;0.16855876697971633
554;0.007160937929307898
555;0.030095898430850677
556;0.16634306083932038
557;0.16977211097730535
558;0.054290679753778485
559;0.020278569148801287
560;0.019823281868963896
561;0.17063016391613628
562;0.18154909353754906
563;0.19811863429490867
564;0.18169380358994688
565;0.17821210412878752
566;0.03985513562041476
567;0.09732222043438127
568;0.0932060926536982
569;0.14577850033307385
570;0.0024705432121678197
571;0.01115410819128484
572;0.12684285504279266
573;0.13334861377223478
574;0.054979426069816206
575;0.02502677201526218
576;0.09747603748045708
577;0.10636812439913741
578;0.05140748303307181
579;0.07075316627130782
580;0.042117600782037995
581;0.1966187449029227
582;0.03603232278393305
583;0.020500533505697985
584;0.09033670685084456
585;0.08702152074635523
586;0.1436741652137988
587;0.0935890735857074
588;0.04131780525648712
589;0.05072506323908213
590;0.10330400115425863
591;0.003916780531457653
592;0.08475929889888799
593;0.10959872404214166
594;0.12272852707139777
595;0.006638604544873351
596;0.17454180901247282
597;0.043171964671328625
598;0.052954003431526946
599;0.12153616319525132
600;0.1634005265787988
601;0.039423986263063364
602;0.013003153679077185
603;0.05836657735602551
604;0.1940801269926174
605;0.1787542033250023
606;0.13430007986176185
607;0.08425926518203791
608;0.15409490092371075
609;0.09968257407340071
610;0.11522569155518639
611;0.05858170677534356
612;0.103664645691111
613;0.027163489935233966
614;0.17765789059805262
615;0.051876521872455617
616;0.0662123962001558
617;0.037622930496730204
618;0.15683673624363736
619;0.1532524061058349
620;0.08109167012719219
621;0.19599964481027932
622;0.03289789582454288
623;0.09460412376700938
624;0.09077436702225727
625;0.036774438507680654
626;0.112166143373982
627;0.08619718336167573
628;0.15459461312769096
629;0.19399999966582418
630;0.1589718179214162
631;0.16465684296109895
632;0.14611325510212905
633;0.07673172017275812
634;0.14577171310385828
635;0.09193213035926749
636;0.12489181055461528
637;0.17371066379360012
638;0.040425835895272405
639;0.16331332472228077
640;0.054039865288402544
641;0.040903011239749314
642;0.03464791166845529
643;0.0986671387439378
644;0.050011491938265866
645;0.1658094995925247
646;0.1814259816144675
647;0.15621745886400862
648;0.12867957215419323
649;0.042725131010115616
650;0.15511061212539282
651;0.06380082994815076
652;0.040844400232412426
653;0.12722760235532848
654;0.16771579467364672
655;0.14286608308165283
656;0.12162074978893721
657;0.11096601650221927
658;0.019587627971044144
659;0.1385625784063369
660;0.02892633961071214
661;0.11546562707399977
662;0.19896375458509563
663;0.027905452495367623
664;0.18964972797185567
665;0.18421174665909107
666;0.13366593443138877
667;0.08792475273532661
668;0.011436631105053108
669;0.03804674472497534
670;0.1633079349398333
671;0.09250252603081091
672;0.08826288216337713
673;0.012487054968913492
674;0.09205440937989334
675;0.04714784255222629
676;0.09916652839299206
677;0.16868339661306467
678;0.03821363875616055
679;0.19087529353883487
680;0.04478100907804072
681;0.1941953013564428
682;0.10065901719832814
683;0.15877117653271847
684;0.06728540237244443
685;0.07967111155247564
686;0.03720011070611071
687;0.11442433095102328
688;0.07787133135791376
689;0.1632300096942846
690;0.14075595790492582
691;0.08985690081773821
692;0.0845895395434331
693;0.1532492023613239
694;0.07969287262021459
695;0.049583494992937086
696;0.012356242001789954
697;0.1589225681827026
698;0.19681603649859425
699;0.13918898917930705
700;0.07882390147585544
701;0.09436118187297593
702;0.02552905041442617
703;0.034875637706056374
704;0.19449955541391
705;0.08980177153161617
706;0.11442892499067987
707;0.17010066138443133
708;0.19949654599434402
709;0.142297844361647
710;0.107557891282681
711;0.12214791055312486
712;0.1870370178851959
713;0.06161505354709025
714;0.03288829448522275
715;0.15585442593705268
716;0.02690282564087079
717;0.003966409033349061
718;0.06648734700082437
719;0.07384396438488272
720;0.19143575404449395
721;0.14549518957946833
722;0.16627283062676712
723;0.005150500479486709
724;0.10212590795748436
725;0.0614350384210989
726;0.020511761667674877
727;0.09021830966428868
728;0.06514493070457528
729;0.1600061010240117
730;0.16484194340793518
731;0.1296891963163365
732;0.14113943591653708
733;0.005869004475399575
734;0.18199664916520708
735;0.17604761992406917
736;0.025584930655084825
737;0.10651034899760503
738;0.03640090775435039
739;0.07319620544665927
740;0.038653652397281184
741;0.08490156293684233
742;0.11430158165779072
743;0.0818713660801943
744;0.15565828400915344
745;0.14825156361860967
746;0.18244861006846302
747;0.01078140917952728
748;0.05427566496898655
749;0.125658719846937
750;0.09646231738396134
751;0.18785161560542485
752;0.17929317113074988
753;0.08435727699651457
754;0.03016798553654536
755;0.17470720341547732
756;0.19951876914746836
757;0.17469066162760394
758;0.007260630605920637
759;0.09662813675621423
760;0.02548878199033913
761;0.17461397658143618
762;0.06664907591462776
763;0.03919993685427386
764;0.07608440109572759
765;0.06172200587291248
766;0.1762022751953705
767;0.02239606927959317
768;0.005775782812075448
769;0.17046362337797807
770;0.02964342369866453
771;0.04176889302233571
772;0.09186057306455171
773;0.13893873924515276
774;0.042325079593944985
775;0.1258305776951236
776;0.011292926482426746
777;0.0530431753402598
778;0.1679094402378676
779;0.025968023228448267
780;0.0146815102476479
781;0.1668497161468512
782;0.09879346912636884
783;0.12305882769447035
784;0.16426912908440264
785;0.17891196867094725
786;0.12943507378070765
787;0.0749257107779278
788;0.04477193595511271
789;0.031671306043954406
790;0.05008114501953401
791;0.15704832097263743
792;0.03606262859002534
793;0.0563056815484744
794;0.06997698238542674
795;0.11372640241036831
796;0.02308261541513128
797;0.011494741173003021
798;0.009232960713660577
799;0.14761476504928836
800;0.1906794682616274
801;0.11662367338847118
802;0.01402644178485355
803;0.11466852673818287
804;0.04999184907099466
805;0.16909796256098342
806;0.09710500553947728
807;0.10548648805990218
808;0.13892821344395298
809;0.143407656571281
810;0.07489477187875897
811;0.12946186815779256
812;0.057302638420226565
813;0.11889744275953662
814;0.1292370687074251
815;0.12756337020807199
816;0.11834465757552322
817;0.14711838162283863
818;0.10469909194744008
819;0.14642910417947955
820;0.11689347496328187
821;0.15470993366711977
822;0.07837048940608381
823;0.1974190365016121
824;0.15230322549694753
825;0.07035557387650104
826;0.008002811559304402
827;0.16975135687331275
828;0.18426882041856893
829;0.19019395956355264
830;0.07372760050014364
831;0.13115087337252937
832;0.066204594970858
833;0.01893833532767322
834;0.10380774717797998
835;0.03222245310469152
836;0.018881146371253623
837;0.011822550907112483
838;0.01546399158816767
839;0.12875466366335395
840;0.022790238216491645
841;0.018475805625342213
842;0.08566405851723918
843;0.04732835433779366
844;0.17407411226497974
845;0.12504430290177568
846;0.04799125251420891
847;0.03472905422058044
848;0.16472789720908235
849;0.01950434657474509
850;0.13845686756255818
851;0.15771091386523015
852;0.05051696000085457
853;0.12208083205623521
854;0.12977225695271782
855;0.10398031670221855
856;0.18270678388316464
857;0.14615556665924218
858;0.12450001153266924
859;0.1271424320475829
860;0.014654860770231948
861;0.07032584537018331
862;0.16684356915570472
863;0.027864995979995946
864;0.021784993521371046
865;0.11982178119301923
866;0.17178017381423394
867;0.034229537160444946
868;0.016187681459116733
869;0.06569893404023686
870;0.049445975759175136
871;0.13915299030246403
872;0.15828520333774815
873;0.05272321449412065
874;0.03169414393260968
875;0.18588963610638554
876;0.19089970334693857
877;0.10390406408195714
878;0.03853833205820432
879;0.1871114635087021
880;0.17032114296085255
881;0.17505246717433667
882;0.19564417835959513
883;0.006377939242250497
884;0.029693333469272054
885;0.05996078500812603
886;0.06910009377367037
887;0.1689992922727504
888;0.028856078526911945
889;0.03544577660098047
890;0.11382725632546709
891;0.1437799759647443
892;0.028174429459422612
893;0.0006324130663216687
894;0.08282751575381796
895;0.13813561701627916
896;0.008585020487038264
897;0.0021952912833896
898;0.020431900821785143
899;0.08754543903777433
900;0.026076036355871104
901;0.00670103829376576
902;0.06003826401919299
903;0.005975653139477278
904;0.13191713868713892
905;0.09053965609839065
906;0.06596778720569334
907;0.08023594168458842
908;0.13046715964216712
909;0.12312209507675204
910;0.14210433625971577
911;0.12112939631284794
912;0.17717933947471848
913;0.07744926830378318
914;0.16707795681012583
915;0.17469630373137895
916;0.116073397165667
917;0.1298360117884277
918;0.10241915911316349
919;0.12367597750081905
920;0.02594099293256713
921;0.16547967306539674
922;0.07036687117632819
923;0.10720076483322974
924;0.11280216019485026
925;0.08941916465815575
926;0.1946567883308901
927;0.09966121676303025
928;0.03721956699028235
929;0.002202332624271719
930;0.02758297331331603
931;0.18359645146036394
932;0.16912497465382875
933;0.1161372441967131
934;0.06820769280418133
935;0.14828420597630518
936;0.0620788607039547
937;0.07756267221949756
938;0.14735081898624477
939;0.15714064221228347
940;0.054209624171277594
941;0.11498130259019684
942;0.04797236455967411
943;0.07659115525714214
944;0.18031036818649016
945;0.09267351661209403
946;0.14758084996226753
947;0.051268897384497226
948;0.0865763463526899
949;0.15082990495203785
950;0.012451181647443256
951;0.006853297709023498
952;0.13489794675406122
953;0.14498523465912633
954;0.12022376311648815
955;0.08509023240829994
956;0.1751099537708756
957;0.0547122308717618
958;0.12722174077553738
959;0.04383122387193337
960;0.075103689414022
961;0.06333943065023007
962;0.13518573732352446
963;0.04214483003033294
964;0.004331360617828662
965;0.17487900702061004
966;0.06984524064840625
967;0.011227006895910186
968;0.13388228180980802
969;0.06517681606096741
970;0.05990823365171083
971;0.11917707476032935
972;0.17559914388520645
973;0.1745970869611284
974;0.05544498145864321
975;0.08493526347755175
976;0.08484334835691708
977;0.05088677745772559
978;0.036880124448936694
979;0.0787569598463404
980;0.05808196744042165
981;0.11557292152599835
982;0.19543007842066648
983;0.09918719777539907
984;0.19346972525918651
985;0.1733893068420915
986;0.14482420082570582
987;0.18960591513728633
988;0.18595644093604316
989;0.08860139790949134
990;0.09722894430087654
991;0.046196052362241405
992;0.10728152827431868
993;0.15713765906000368
994;0.19622652036506436
995;0.027467621180381666
996;0.05955052253829443
997;0.10747939770812936
998;0.07293435616152973
999;0.11015888643035028
1000;0.18231514530702222
