1;0.02379551862429682
2;0.08559976661467047
3;0.00920067783319979
4;0.09385096891628858
5;0.028074165183332746
6;0.03753605598863872
7;0.001212922609456535
8;0.041866086471768864
9;0.05676912214762262
10;0.0294406054792424
11;0.035120066016412155
12;0.05853451801288705
13;0.08845617134543257
14;0.026980234297077577
15;0.001969700483880643
16;0.05853303223231156
17;0.019570444266289677
18;0.00036814381258933884
19;0.033219974366582285
20;0.013404520915454311
21;0.02278364414096561
22;0.002137202837074692
23;0.09893236447596325
24;0.0018991978758988615
25;0.08293099999706416
26;0.007609399211814982
27;0.08832734691059241
28;0.017943370194873166
29;0.03815690447087797
30;0.08876530146019153
31;0.06069784683315621
32;0.07247119537980315
33;0.08138841395035112
34;0.01904222130353992
35;0.07728599312140527
36;0.07570390663669058
37;0.09215989877988622
38;0.021092859113911358
39;0.006449862824903174
40;0.06080703280986527
41;0.021591609741234155
42;0.04596951679495229
43;0.04027087614264185
44;0.07301938974182343
45;0.02475064054422357
46;0.0862004194378192
47;0.013561745437523998
48;0.0674849509654931
49;0.06635181700599743
50;0.05535737823586593
51;0.07022755121076289
52;0.08242369902431407
53;0.03992844835982491
54;0.07553254270029362
55;0.023388287195348204
56;0.06733701271060696
57;0.07169528570557064
58;0.033322878224335675
59;0.003006824277258846
60;0.014178231546204024
61;0.04734612252316011
62;0.0570751403096593
63;0.0307512725157443
64;0.08539132317679905
65;0.01897380893932791
66;0.09935299263900978
67;0.0003082604105109743
68;0.07372140412917319
69;0.059110103437434586
70;0.0713992248329145
71;0.033016844491217
72;0.094748768427442
73;0.0686730419811619
74;0.018742548508640166
75;0.07788661248944201
76;0.02802947580298957
77;0.006691070852254621
78;0.0005217457839290174
79;0.02001486827568898
80;0.05814724987658657
81;0.0948248116453664
82;0.015813201865991344
83;0.021988196805539508
84;0.008167668589984679
85;0.0013929310276870833
86;0.05454356874088792
87;0.0165002530130842
88;0.01588814398464632
89;0.016400934373984755
90;0.05671815750358147
91;0.037695573082260514
92;0.049959936634658114
93;0.06384201839777656
94;0.034426812363131276
95;0.09075878121194039
96;0.06281104466117947
97;0.0022076106638125093
98;0.02785774401051504
99;0.08914540369410794
100;0.07646435392668897
101;0.042817945244878225
102;0.07161512160689895
103;0.09415347564767698
104;0.05907985673713828
105;0.04285945805016207
106;0.06275561026886539
107;0.057583286868335
108;0.03829012588189316
109;0.06845081666786361
110;0.004545414285301086
111;0.0319008223161411
112;0.07724503742062193
113;0.0888184042904287
114;0.004005449817437989
115;0.08137220633877772
116;0.08587727145631503
117;0.07897300224105205
118;0.08466332460398232
119;0.011378234186664483
120;0.007471920951883537
121;0.04932049894537108
122;0.09064607763139662
123;0.03375613205043312
124;0.08964151315491861
125;0.053298169532052235
126;0.040596431793023836
127;0.05121275692247586
128;0.04610233199295069
129;0.04223850946666418
130;0.08946805378035726
131;0.013875045807156039
132;0.08156866130745638
133;0.05766192891992631
134;0.001806547502783329
135;0.04714350723507931
136;0.09627733550308704
137;0.027628776714200134
138;0.019562679893607895
139;0.09249141666270747
140;0.03469515807899557
141;0.06328153594064309
142;0.040952918251258075
143;0.06323789763494479
144;0.04671504157261511
145;0.08386031669929195
146;0.031898968165397217
147;0.027792214977801044
148;0.014519119241066126
149;0.034999421096126915
150;0.09003307006111787
151;0.035798281982685656
152;0.08917571151808078
153;0.06786944525239226
154;0.0833024483693967
155;0.01968215841820975
156;0.08753460651520624
157;0.033353123682450435
158;0.07286103256735103
159;0.0920448337432815
160;0.08511546552145494
161;0.005857924226396416
162;0.08165663792234394
163;0.0626268114920917
164;0.018654694306215604
165;0.06107246923815375
166;0.09127002952269392
167;0.05390433658556312
168;0.05078937020873643
169;0.09172280674333651
170;0.006950137940588652
171;0.07072478509795849
172;0.07484196906015263
173;0.008915011190003997
174;0.07515556742481172
175;0.07273441680132507
176;0.028145195456975095
177;0.04642883919302272
178;0.02523664624577229
179;0.08511921031826641
180;0.042681713226775275
181;0.04616984016639161
182;0.07711299036743621
183;0.08866194649172726
184;0.007768767927251941
185;0.07517231129401973
186;0.009979754025188992
187;0.013502068664646828
188;0.07010232182504868
189;0.04265331245143226
190;0.01953730729129314
191;0.0892659013656582
192;0.053623146040055594
193;0.03351099640202605
194;0.0161758106300119
195;0.0032971365201351355
196;0.08441511905363486
197;0.005066915802115657
198;0.09611772288155379
199;0.09804775219132322
200;0.07536101157972724
201;0.04011581394120892
202;0.09367297354508047
203;0.06687789785715054
204;0.06660315000313315
205;0.09615686214970233
206;0.05939287253679279
207;0.07270245251497698
208;0.05293336052296163
209;0.05757018244650966
210;0.05758552601263453
211;0.012262148050036614
212;0.018964669744667085
213;0.005111614683291055
214;0.0368745830975634
215;0.056811911178532584
216;0.05798277703942052
217;0.002535886412564614
218;0.020813983138493888
219;0.0977427560249405
220;0.04593426028430431
221;0.06984279780819243
222;0.05102319980888819
223;0.08313708121818755
224;0.052001327511468444
225;0.06053506284891028
226;0.09751863032149785
227;0.013562527743595343
228;0.06146262344562862
229;0.005080071104745132
230;0.06168429808638473
231;0.07775348157624946
232;0.08525906591220422
233;0.08629685405334618
234;0.037372134960028336
235;0.020475978928702055
236;0.03042878759939595
237;0.054046993489123896
238;0.0492173698347379
239;0.08766021098909256
240;0.04635457853084486
241;0.030288425647347562
242;0.03954263218177676
243;0.06509375475550402
244;0.09961776491810431
245;0.03335927878461779
246;0.06924212390719547
247;0.030595002863458134
248;0.06763326034429638
249;0.015261159278658499
250;0.03908116616557858
251;0.06738861276568402
252;0.05048982014043751
253;0.004656015594935648
254;0.007622409758645499
255;0.007653055824949462
256;0.06893862057935685
257;0.022213709444304376
258;0.02510269920185304
259;0.03801927286719321
260;0.07771469764548755
261;0.032197687409746815
262;0.07613003323375744
263;0.09970852017828452
264;0.09685674012048145
265;0.06636442255456669
266;0.016784908100705744
267;0.02833717735247623
268;0.02600620041802998
269;0.0012538317573955406
270;0.06344396589052463
271;0.0005466645138015091
272;6.445054207846468e-05
273;0.09734196462475181
274;0.008234329761045545
275;0.005409894681240313
276;0.04688633616583937
277;0.055628102867957496
278;0.06284460154750397
279;0.08496207968480962
280;0.07965297775549779
281;0.031201208399927783
282;0.027743322969811825
283;0.08937238293679198
284;0.07506302712495302
285;0.015775446906846437
286;0.07182503247953319
287;0.005076081275249545
288;0.032343203911843144
289;0.0486377996065855
290;0.045876897336087165
291;0.07151349247795465
292;0.07672101531054398
293;0.09826676338591764
294;0.026315964520664994
295;0.007382580000085837
296;0.06419589614013949
297;0.08265056281464278
298;0.08991997754312096
299;0.0031685712208836207
300;0.08385764572961252
301;0.05269652367124366
302;0.04279572823540252
303;0.08285720636134987
304;0.018882573729996133
305;0.07690366652109813
306;0.01772478394602276
307;0.09117684155158778
308;0.00227843073964753
309;0.09340443196589182
310;0.05380551371505006
311;0.08471030113674365
312;0.005207140120898824
313;0.02812255789121423
314;0.06887658496280792
315;0.0614607555925206
316;0.09935132712084471
317;0.043251476970746355
318;0.0025570931969933876
319;0.015436793575012443
320;0.02415946194924348
321;0.007268817430998398
322;0.07610733277766403
323;0.09693264082858047
324;0.07363710853739745
325;0.06883456216743343
326;0.020344556745308207
327;0.0767925236836068
328;0.008332089070129634
329;0.03908286643376449
330;0.08882826410342419
331;0.09557715386221567
332;0.017822788941552026
333;0.07916177894256876
334;0.06012962396917431
335;0.025376304361130364
336;0.028847799010285627
337;0.040673424260314964
338;0.0072788782458368395
339;0.09339777661221828
340;0.06776187395762323
341;0.0930694300619802
342;0.03128490094483262
343;0.062182976422331775
344;0.06239115876112539
345;0.0796186589928455
346;0.014779292995442962
347;0.00398302486272758
348;0.03770144951078677
349;0.0019809101482424984
350;0.060948589607074846
351;0.0045679966817294805
352;0.08945121682834048
353;0.03771996570368739
354;0.023749239079879372
355;0.009182229652464392
356;0.05396340813613196
357;0.039457575398274936
358;0.07228456591389129
359;0.038348750045861836
360;0.04631487125748194
361;0.0022903742765695958
362;0.0022855381239416106
363;0.03600244665116742
364;0.06590273684343796
365;0.035731216179055815
366;0.098105638294864
367;0.041631654744912
368;0.06288193786564511
369;0.08046757926868334
370;0.06557901962332374
371;0.04620265599714764
372;0.08485022087079902
373;0.08195449110577496
374;0.02953258279404335
375;0.006505194765455769
376;0.046451882050413035
377;0.021040380759419455
378;0.02886265680415573
379;0.08524573500959734
380;0.05663450488116126
381;0.027852686879747214
382;0.049318986922541774
383;0.015737748677948905
384;0.09309225389275988
385;0.05795210992308234
386;0.08329893111966616
387;0.03234271056565039
388;0.0314137949545995
389;0.0734809881340117
390;0.004831138510322419
391;0.05356666779095334
392;0.056252937308012445
393;0.04514547901066768
394;0.04449469886914451
395;0.020584777941491494
396;0.027841614216643343
397;0.09664903910648376
398;0.02449085764813799
399;0.06649773529065243
400;0.03433927090933397
401;0.0958553669707654
402;0.061069793842497735
403;0.0444933070628569
404;0.07569844663350218
405;0.04024910564005668
406;0.0758084308506568
407;0.045636911463878695
408;0.08396211352428194
409;0.05002666266665497
410;0.08678301421644431
411;0.019704785684203675
412;0.050003794596215616
413;0.0736397279985686
414;0.05540068513833768
415;0.01954525108915276
416;0.024739418063001783
417;0.022223153078073644
418;0.007429548967654809
419;0.07739059439156246
420;0.013369991269106186
421;0.021061854989103002
422;0.03389919284469036
423;0.008638555381233193
424;0.027906178594810673
425;0.05027537582768426
426;0.04822188255973699
427;0.011215894266694483
428;0.03816342059528073
429;0.021483130489906146
430;0.08261932877643106
431;0.09207261581137312
432;0.01842173998182193
433;0.08010747240767967
434;0.024502351393532296
435;0.007542976875193042
436;0.049912156989092495
437;0.0767285398550544
438;0.09243988698176402
439;0.07905739413672731
440;0.07318571168859982
441;0.0841307675233565
442;0.015289766852775378
443;0.07992422950816022
444;0.06785716074553987
445;0.09583545896922674
446;0.0438950953481319
447;0.08660320338983733
448;0.09023865930083937
449;0.02056331158406105
450;0.0024988813676324662
451;0.05513952992846304
452;0.029541185748761935
453;0.017747248599513377
454;0.07725279500871149
455;0.00943542771112187
456;0.06057561992468261
457;0.05521045162027797
458;0.07677618472947509
459;0.07704700599030499
460;0.042093621066830206
461;0.039170885391619926
462;0.07783516476147118
463;0.09425764945353586
464;0.061550937381481034
465;0.013332563780361628
466;0.04678432691505782
467;0.050375900196068316
468;0.002919476741970517
469;0.006916785907954859
470;0.0008871824077412827
471;0.0473874326918155
472;0.046368858530672886
473;0.05515129857655178
474;0.0383227345741123
475;0.05880047860664977
476;0.039252377816636735
477;0.01440024109007474
478;0.029768399598250308
479;0.0481696272219792
480;0.09117369418828036
481;0.009958243794589561
482;0.00673664716816943
483;0.0054636422783545194
484;0.04093759156168428
485;0.01709301304016435
486;0.09594354301649592
487;0.03721509622196225
488;0.009500883071375955
489;0.08289826771581091
490;0.09545346031342969
491;0.08534342086847471
492;0.050050574543554084
493;0.0066917337885092805
494;0.08305556370713503
495;0.09548795413279498
496;0.07000491743692616
497;0.02731311816581651
498;0.031614124213324615
499;0.01458656594431438
500;0.0736418885464457
501;0.06222898047629493
502;0.05774664214784589
503;0.002088506244676136
504;0.03932644037961261
505;0.09950106845488323
506;0.019102528336049973
507;0.004656646678029575
508;0.03372842027373535
509;0.07949902904061318
510;0.05610600859056412
511;0.031265428061549264
512;0.066255289054101
513;0.0161096245763782
514;0.06094205686482799
515;0.02647632461805709
516;0.0023475230984657206
517;0.01900919534673741
518;0.0899735658586365
519;0.017047181284438974
520;0.03681662532977079
521;0.07988620211292775
522;0.07606011948015877
523;0.07709536012820273
524;0.008717303786159803
525;0.09345853668564943
526;0.03150470716266348
527;0.018211754006897053
528;0.048881888635949326
529;0.01360634523573231
530;0.0932106014221296
531;0.08113236454690874
532;0.016813504119737577
533;0.010297491552016626
534;0.04910740396684038
535;0.014152638311257106
536;0.08919313253797224
537;0.08680877093745676
538;0.016826346714189044
539;0.08979085082405192
540;0.009001224627758753
541;0.04156495854758227
542;0.0690442276620014
543;0.06604944569526797
544;0.03739597235865588
545;0.023886940786817558
546;0.061229838403032255
547;0.0013792160082042315
548;0.09226871136751531
549;0.09502877273158367
550;0.08486834620951288
551;0.06754871887110356
552;0.027724002679220285
553;0.03615090757607542
554;0.058380932613091276
555;0.04011904188072127
556;0.03804010487914096
557;0.05816725569697282
558;0.044439337921562676
559;0.03117612223237223
560;0.0937275109808347
561;0.07589219216140378
562;0.003759348561489295
563;0.0046633104432779685
564;0.030020014871874657
565;0.06783884541882299
566;0.0161105097869802
567;0.07156805185165864
568;0.028425701855788955
569;0.03143194372138919
570;0.01804261656244276
571;0.08634643229521788
572;0.059197477719471106
573;0.08506721721545207
574;0.07218275023926417
575;0.0014260585890463195
576;0.0101194345173808
577;0.06472052209380873
578;0.05078997215022685
579;0.06258478133862731
580;0.06987682605219622
581;0.04071965127738514
582;0.07349716239270365
583;0.057430084357634414
584;0.05224683045783464
585;0.04551481466154861
586;0.09483436353322601
587;0.08285791688369985
588;0.06094471850715243
589;0.059759393208018485
590;0.008186126158406538
591;0.09791597428678063
592;0.05154039063303295
593;0.027733942871218987
594;0.003597651125875234
595;0.06301559818213559
596;0.046674173449970914
597;0.025819940751410277
598;0.09884686585816771
599;0.09088314615314458
600;0.08879023363674071
601;0.06465959345466432
602;0.06639037568319983
603;0.07716757802935428
604;0.0024158387767793223
605;0.0261463314731238
606;0.03258248789853759
607;0.08589628830953189
608;0.008650138456831647
609;0.00920314175834952
610;0.055963571911312016
611;0.057368525370573104
612;0.045344135130175184
613;0.08565621609450805
614;0.030499812029469355
615;0.013466114160182585
616;0.040393984397849594
617;0.017356997280169706
618;0.05093988710292884
619;0.033186953047917446
620;0.07847824979395437
621;0.04580681108689253
622;0.053957572618691024
623;0.07028211993571173
624;0.05968606122214968
625;0.021108087997719707
626;0.007970413029420854
627;0.09986288322643527
628;0.02602786040155284
629;0.06360409243387334
630;0.07614281450202111
631;0.06650421203520093
632;0.08213515755538235
633;0.04166290092507115
634;0.05426546762422475
635;0.056765336368553014
636;0.014999285585702793
637;0.07877147240149908
638;0.0772239469830841
639;0.012552302187748854
640;0.05325733178729708
641;0.005007574821063854
642;0.014407158735827309
643;0.01918727605422517
644;0.0391788032050349
645;0.07158441903590639
646;0.0894224362311376
647;0.016961789297917553
648;0.05127337640108122
649;0.07947143039976891
650;0.08999666703165488
651;0.07647808665135125
652;0.0024066207558277822
653;0.04084429181937106
654;0.04058739350659401
655;0.00974342686608436
656;0.07807271678454492
657;0.031115233995681637
658;0.07929141695027797
659;0.04792375219048783
660;0.02203658377078349
661;0.08143904745893496
662;0.0774510694431794
663;0.030977060749558884
664;0.033785924825978864
665;0.09536834536431582
666;0.047831843828312064
667;0.06375200031313492
668;0.014330285376948882
669;0.028087402801898545
670;0.08547181592065674
671;0.05242308050131411
672;0.013401056506576315
673;0.015030082532125389
674;0.059925893662867394
675;0.022682779089443175
676;0.06528056251220539
677;0.07702457978371895
678;0.06854032524872987
679;0.05370766416359545
680;0.08964993123125088
681;0.05289784639422758
682;0.07026188264198242
683;0.04218756819048938
684;0.09323578472020276
685;0.00965663107245941
686;0.09626895212395764
687;0.06898546070976207
688;0.0597237254617353
689;0.023302604109809145
690;0.09158397482591535
691;0.09957009095026022
692;0.06731648742894163
693;0.010407017367506589
694;0.08120823928075854
695;0.06882186052956468
696;0.001436308538126696
697;0.030294696191653925
698;0.08658107505917391
699;0.06439159317204542
700;0.07602183773176269
701;0.00987444746161963
702;0.05938395425421531
703;0.09530528734815231
704;0.023711577102987404
705;0.013758650115016625
706;0.06567504856445841
707;0.08556211548598
708;0.06112440798366932
709;0.011734529993624355
710;0.04485522525043792
711;0.019692350319507803
712;0.08135528783392561
713;0.07566936499679096
714;0.09576017151397095
715;0.09259742522800503
716;0.026287391460489275
717;0.014548466481150891
718;0.09220556257273793
719;0.033933068006840185
720;0.05241112384221913
721;0.060257583321540346
722;0.07997116766545863
723;0.004012598317495964
724;0.04514486072359734
725;0.07393139865121581
726;0.02453678864551321
727;0.001199631943395907
728;0.0733854324225489
729;0.08735074318547634
730;0.08133995800932847
731;0.020499226635242552
732;0.01912046453360754
733;0.05113352046481735
734;0.027524492156005356
735;0.053272888269362155
736;0.01653647231861698
737;0.03923532520330902
738;0.09709727548731772
739;0.003267043609954512
740;0.07164516126260342
741;0.023051705042931404
742;0.05889555588578872
743;0.02559707508308521
744;0.013960156651497092
745;0.017323699668604454
746;0.0873114719523314
747;0.07254346699460172
748;0.0664289690544289
749;0.055797748687806153
750;0.017841685083343207
751;0.03538103428133021
752;0.06520255908581878
753;0.08555907564945428
754;0.0855616900115827
755;0.051455902161386374
756;0.02393926135744281
757;0.0008883835231956795
758;0.04215343512059885
759;0.04668792528997517
760;0.06723032958146911
761;0.022806789712410926
762;0.04773575728031502
763;0.09947012964884382
764;0.00306746141884966
765;0.07752313239695613
766;0.040900063053076946
767;0.0332452111159099
768;0.000970805770629013
769;0.0025961252090949574
770;0.09483879107201479
771;0.002272595546265788
772;0.02649852728899701
773;0.08764012824035655
774;0.007299217657326196
775;0.006295966094020756
776;0.022775017931568456
777;0.05717014200627743
778;0.0419729668389121
779;0.0798331034467338
780;0.02185989990690378
781;0.07898414502727742
782;0.07250166085533677
783;0.01413338610074051
784;0.011314804505157816
785;0.028700685462620945
786;0.04866499594022266
787;0.07044060453772935
788;0.0745105611320717
789;0.005483008780486298
790;0.06934619221348114
791;0.05229763628751915
792;0.007384082178133189
793;0.07421760410904699
794;0.04458675893220465
795;0.03587351256748672
796;0.04550133086857401
797;0.024259984022648274
798;0.01141783843234866
799;0.023274263931461515
800;0.05010583915646643
801;0.04126523557817603
802;0.05207190240432489
803;0.025401497044031985
804;0.0305407464107336
805;0.05876091202540177
806;0.07963428178258704
807;0.005512001281037993
808;0.05510539742246687
809;0.06008235883138774
810;0.0233401344662028
811;0.09273099109897634
812;0.013670895918346882
813;0.059443032197575886
814;0.08868145424290884
815;0.06541425386322385
816;0.09395679278710391
817;0.029045768279579276
818;0.014288175826772553
819;0.0643383147610835
820;0.08087843521793135
821;0.0022273747808535084
822;0.05520865844844835
823;0.08032255695327435
824;0.09748707188990122
825;0.06538875048368989
826;0.0013195862456119034
827;0.05637935715352889
828;0.012628117484652547
829;0.08379422112136509
830;0.018784665611808738
831;0.09217276222108696
832;0.026829261890586566
833;0.08395062591743392
834;0.022321709709640015
835;0.015458357822033787
836;0.010495197079736196
837;0.004846796102530682
838;0.030100233193319715
839;0.06220951426586835
840;0.09083104034696048
841;0.09894953227488913
842;0.05502430859125115
843;0.07355836072195009
844;0.07690762675050312
845;0.04630233943738028
846;0.010031656283684742
847;2.9048435808076703e-05
848;0.08708661914417203
849;0.010875212493012888
850;0.02151712091116913
851;0.016517067938666696
852;0.019745079713653704
853;0.07416272499024698
854;0.03732412036192565
855;0.017360019713110988
856;0.004453043088325004
857;0.04794367534058537
858;0.020726123584048364
859;0.07027165430581615
860;0.07389005928600055
861;0.051583860083439174
862;0.03630773490824307
863;0.03693398359249333
864;0.011238463773380692
865;0.09080595840826539
866;0.09646469657129365
867;0.017639288307481883
868;0.01244293456065415
869;0.027874543353944393
870;0.03501582601441178
871;0.06458783016726415
872;0.021530717774172828
873;0.08348145217789543
874;0.07333888371440658
875;0.07919252411162936
876;0.011959561647175078
877;0.014611879336747092
878;0.05453807166205227
879;0.03963588031843247
880;0.003509973913260989
881;0.03750169026084737
882;0.030277855516810906
883;0.08615327222709256
884;0.07364672242743424
885;0.00034329560054853215
886;0.036267742981516894
887;0.09426206929243738
888;0.07681924284165065
889;0.011870065896192272
890;0.09061217901704101
891;0.04888481786229844
892;0.06894789783833537
893;0.04097399856619565
894;0.0854157841648785
895;0.03193501727733438
896;0.07596079047496329
897;0.07199445413009282
898;0.003880407044728962
899;0.011982126870503852
900;0.07654682861126659
901;0.07080138779126853
902;0.06706720811065803
903;0.0732972796067837
904;0.015758363173891964
905;0.06339897571499771
906;0.014791299195786324
907;0.05446917870516458
908;0.011434138452625288
909;0.04450261069557088
910;0.05072862097559984
911;0.02290218771631033
912;0.0789137870725466
913;0.04784522386444771
914;0.09460384414957301
915;0.04977733010941574
916;0.03330235059900504
917;0.08471519776210948
918;0.010500287542999887
919;0.036769475127561915
920;0.03121027316335876
921;0.030602259311890548
922;0.05002049676332451
923;0.01804231499240123
924;0.0062881335624959235
925;0.05573754854729412
926;0.07591996442267292
927;0.04381544625110028
928;0.04675884329163985
929;0.014280149546840993
930;0.055116879069925434
931;0.09876163680346153
932;0.06333166245022913
933;0.06345246839612628
934;0.06167833675831524
935;0.026731744300977522
936;0.019666426474255195
937;0.09416293152014946
938;0.0985711765137815
939;0.099920567291454
940;0.058852343408470745
941;0.09871724069349223
942;0.053090068639042046
943;0.09269792515977704
944;0.024426758926591442
945;0.05311612150562215
946;0.0954608415324219
947;0.030574638203615057
948;0.09823865260325525
949;0.07812869439445379
950;0.05407624045573564
951;0.06798168005159903
952;0.013879101321557197
953;0.024284740225285276
954;0.009903641037441147
955;0.05484807078361307
956;0.03601878241827854
957;0.0836796207488779
958;0.0992227053788547
959;0.05548875163621378
960;0.018654810791186572
961;0.031106379690469
962;0.06481688454823739
963;0.022126470164257284
964;0.09208608471076585
965;0.030885210133386666
966;0.06692688672208726
967;0.03567126010649505
968;0.008236846305823387
969;0.053026112570316225
970;0.05074911634249593
971;0.084235905456482
972;0.0885879466312058
973;0.024774720341231238
974;0.06152260399425402
975;0.03346403129443977
976;0.049716390370912814
977;0.010633455485276245
978;0.005612501543693993
979;0.06644056660841224
980;0.0044890655602010335
981;0.033891735740058604
982;0.010735779289883673
983;0.013528724981821318
984;0.021907780526313727
985;0.09681502748293504
986;0.07685844161298795
987;0.022463068670103517
988;0.055878736528628285
989;0.06923450224541043
990;0.05241208188821437
991;0.009698575968685586
992;0.0984944677346641
993;0.09107188431341079
994;0.08223023518448819
995;0.03537061559842138
996;0.015104038324576796
997;0.08195730226180963
998;0.09865100829944912
999;0.011317266156403438
1000;0.09010442461826247
