1;0.02684338045449928
2;0.05575205510102387
3;0.09943454369794318
4;0.0383537868044909
5;0.017359709315577954
6;0.05132743644505729
7;0.02177615295451194
8;0.02480463820860005
9;0.025440127457421927
10;0.013362034145789393
11;0.05162754530456146
12;0.08168869054386321
13;0.08238133971479783
14;0.08090086091839321
15;0.0174598415373166
16;0.009351403981023687
17;0.04402728419879738
18;0.008148906791628718
19;0.017981216541416767
20;0.014809163448142693
21;0.008950722905474119
22;0.08846560224400046
23;0.03702411547228781
24;0.011066581755862281
25;0.09131942433944662
26;0.04335017176854046
27;0.017696379682605623
28;0.09680651680838623
29;0.004500755798697531
30;0.07146175125922986
31;0.09751839318146299
32;0.07128543564736439
33;0.0801924939589973
34;0.08877285386550968
35;0.005877496075148836
36;0.0006765392976293195
37;0.07102466047026389
38;0.08361066135441436
39;0.01103815626412884
40;0.09602020915884826
41;0.05639359581424691
42;0.007381874228693719
43;0.06515355596790316
44;0.0799341442683603
45;0.02499397338778241
46;0.01718779426470608
47;0.03258694801860475
48;0.09801488100464606
49;0.06741856099729888
50;0.04879024534500486
51;0.010858057734609128
52;0.09413529694943266
53;0.026667179442183466
54;0.030990320374690152
55;0.023930538254996494
56;0.07246879522673619
57;0.04453731597342005
58;0.02694108642897444
59;0.04536324210821068
60;0.03851687592205998
61;0.059372446987497135
62;0.07407570730303559
63;0.006233664709326292
64;0.00929020065038979
65;0.08615120672355527
66;0.06627625942140623
67;0.028875250137456922
68;0.05160209172010255
69;0.0067471676850254575
70;0.006453072012903816
71;0.07430346193883747
72;0.07033683589400636
73;0.06348573593664726
74;0.03193319255830956
75;0.06844077154895199
76;0.02015528821621705
77;0.019956687335272318
78;0.061232759007998065
79;0.0314206608458219
80;0.034781006908337
81;0.055545742763645004
82;0.07095520023618083
83;0.06974297535566641
84;0.06101758276872411
85;0.07177427032513864
86;0.0745245336149863
87;0.0799652651882044
88;0.01904651180449514
89;0.0676682251430794
90;0.06057517704990898
91;0.08377452896761756
92;0.09299337796080975
93;0.014381118142594984
94;0.06391726318561983
95;0.09597963607342644
96;0.04430963921603085
97;0.011213116820910819
98;0.09563216893966643
99;0.09516380474028485
100;0.012538121900649103
101;0.01362261877660087
102;0.07367348287667073
103;0.033488049200926566
104;0.013032835304768887
105;0.05215310527819314
106;0.030766903941413806
107;0.001606387526117481
108;0.09769338046861584
109;0.08065069338709491
110;0.06605231624208978
111;0.09348335419677085
112;0.07212793500223728
113;0.0884084628624224
114;0.0177665008657369
115;0.051910881408519155
116;0.0037569357182481557
117;0.09197795053654456
118;0.020652699516682096
119;0.03553623651546147
120;0.05738762232266176
121;0.01864529127468172
122;0.09167147004304928
123;0.05034032752147055
124;0.0566490983585801
125;0.07319436130672505
126;0.028079781436195796
127;0.03773761697347593
128;0.027481362963198443
129;0.08927633821267739
130;0.09584641929113961
131;0.08151902931110969
132;0.028311710044536444
133;0.05980384123618592
134;0.07141382594688
135;0.021152682006879465
136;0.06338957174027479
137;0.049016505688725176
138;0.013897352048649825
139;0.0780491553672509
140;0.09800187721735609
141;0.025053490612841345
142;0.03241737081786288
143;0.011164780720304836
144;0.09977002639216705
145;0.09212397902832495
146;0.022247756137047648
147;0.07507727011082099
148;0.09053985582888578
149;0.05629897949550869
150;0.08658162691462114
151;0.006100926869323131
152;0.04195150080228726
153;0.03499537975305763
154;0.07247865351142817
155;0.06075782970719162
156;0.03345133512547158
157;0.056063939065877824
158;0.09283325598515496
159;0.08971003747370468
160;0.022350390382497056
161;0.07723828331685738
162;0.08176800196154173
163;0.022024641804960457
164;0.004067752246834666
165;0.07448703890766216
166;0.08405452943048446
167;0.06360416977037417
168;0.03375023403028238
169;0.09196851374344665
170;0.08618430280194543
171;0.07705402303334055
172;0.042317621239047726
173;0.03216573201908753
174;0.006147156130824072
175;0.022481670690954372
176;0.022105677882858922
177;0.05367561033043531
178;0.06511808205879481
179;0.022006279201322067
180;0.09002788572681167
181;0.004689504226061514
182;0.0368154267617984
183;0.06708807303858376
184;0.05134867239607569
185;0.0746003200082856
186;0.06644120319310957
187;0.02844153442706894
188;0.04348459082240272
189;0.04324856510794933
190;0.05399425849513467
191;0.020947994215345257
192;0.017930047148146267
193;0.09204757843401908
194;0.0859883997201299
195;0.0902408005760687
196;0.04321508517980891
197;0.039363681518205566
198;0.04088877892618738
199;0.04101428368470994
200;0.062497566364923735
201;0.05405185293164569
202;0.0991989879746106
203;0.08462154299587114
204;0.046293053047623024
205;0.05981147054490441
206;0.07086556309638102
207;0.06876304933898454
208;0.05260698939980794
209;0.05371240243964814
210;0.011701823554488122
211;0.08341660246068754
212;0.03740176672772503
213;0.03936996165882546
214;0.018168575806290634
215;0.049870873916709295
216;0.07674411008156858
217;0.08648142204557285
218;0.07673981813858904
219;0.0769155371034289
220;0.06314332457197502
221;0.07415495065398989
222;0.03435398622126491
223;0.03701049803078519
224;0.02120454203373745
225;0.00484595636937355
226;0.018688398464824618
227;0.05802166023399066
228;0.06344021223825562
229;0.00475184053701937
230;0.08601121426879421
231;0.04890110290605593
232;0.0377545756884578
233;0.0390206078129921
234;0.058067500381758654
235;0.09607183810964728
236;0.046530360809683174
237;0.05311394664703787
238;0.07628258496228514
239;0.0841335326408443
240;0.06358984031670427
241;0.0751700750103163
242;0.03524558117148418
243;0.01495354840763945
244;0.07636799217624626
245;0.07398340922999241
246;0.00528377685477589
247;0.0011807445903243231
248;0.06944503158216762
249;0.08696757040331332
250;0.07928157145387743
251;0.011534365044766126
252;0.053988024897426316
253;0.08716455493537437
254;0.066427677499034
255;0.09309242841762404
256;0.06825253449886
257;0.0740040395955384
258;0.007710151203477267
259;0.08049049693767577
260;0.005944509669253074
261;3.156004182311989e-05
262;0.056426553691484194
263;0.022920131976602823
264;0.06218789307702715
265;0.08667018550032418
266;0.08927216276209968
267;0.08992920919954112
268;0.0039616564406596225
269;0.05287174302077278
270;0.009793527088856925
271;0.0259900922466911
272;0.00706375167715071
273;0.04304921201694927
274;0.04130722183943735
275;0.007781376091982817
276;0.0704515632367064
277;0.0483582221881681
278;0.05849621629460316
279;0.021452624563200018
280;0.04166249847274065
281;0.054837032621334596
282;0.0707389406279825
283;0.04115564296690088
284;0.06426215983303916
285;0.08678834382906242
286;0.0025980527789788987
287;0.02394505403320074
288;0.024768464826634307
289;0.09549967873044157
290;0.07669028227680665
291;0.07987779790429785
292;0.07515284260306473
293;0.09452905692398705
294;0.04269777698620289
295;0.07711758088335341
296;0.08673890853910171
297;0.08527390357828554
298;0.0008046601643457275
299;0.09802361268704675
300;0.07721129779466923
301;0.0005026417636892266
302;0.004353266962198188
303;0.06009969425652602
304;0.035685291016418784
305;0.08688494250304958
306;0.02127110065091059
307;0.010923533427838361
308;0.08897757038742149
309;0.05634003608384689
310;0.07262448211851084
311;0.0864292617636701
312;0.002432323496884692
313;0.03509848061613548
314;0.020887181839980506
315;0.04016012088625816
316;0.00207948262346801
317;0.03187256290291917
318;0.057168483327836764
319;0.04242636659956091
320;0.03577028539747484
321;0.06068777085375391
322;0.020255938957680044
323;0.07446842512965506
324;0.09296316988272565
325;0.06066390031866782
326;0.07219729060238582
327;0.0442805559671416
328;0.01705996590157486
329;0.024362938712114493
330;0.009142260421898375
331;0.08787699913188464
332;0.06274878305511918
333;0.09631734776499243
334;0.04702757805922839
335;0.08586986764197674
336;0.07488267506127146
337;0.05054421499674451
338;0.08364230653213174
339;0.06679346749166985
340;0.06498991043900511
341;0.0686956965820403
342;0.09921152547545284
343;0.059474147963106655
344;0.0690834803151159
345;0.06529785639850495
346;0.016661421006470868
347;0.0898249036134499
348;0.023096422672876583
349;0.02821711764405879
350;0.03594705029754345
351;0.054541037148400834
352;0.057115569273510816
353;0.04020307126925361
354;0.05621255309770819
355;0.030585904703206858
356;0.03797959054843125
357;0.09351013605946273
358;0.042547210872281443
359;0.024026038654965488
360;0.030971982574538218
361;0.05352473401373514
362;0.0838101990534987
363;0.034263533418373106
364;0.028460220455680942
365;0.07633040997824586
366;0.0905465344129313
367;0.04418185126804352
368;0.023287963541626468
369;0.008653707095135034
370;0.033116626234345505
371;0.011551951974291054
372;0.014074251254276228
373;0.019824312961670955
374;0.03750985854233895
375;0.07615449619457444
376;0.06554706469098281
377;0.05049753023659727
378;0.04883311823941405
379;0.07809492581201227
380;0.021314180652007544
381;0.06502854079517889
382;0.0035785100709713525
383;0.007919043810613414
384;0.018153990552589296
385;0.06841353117012698
386;0.09949999461270753
387;0.04755930264186027
388;0.01822990210495351
389;0.004157695166991993
390;0.07512560269763063
391;0.0489790762546341
392;0.032161548580971276
393;0.0687011297963366
394;0.055177582566147104
395;0.09681038872844683
396;0.019816316429519823
397;0.01670317317615483
398;0.005329599228317661
399;0.03930849111305047
400;0.04666038265740544
401;0.0704950119811103
402;0.028457385953135385
403;0.07507347222579591
404;0.09951077208677594
405;0.07387546766618619
406;0.03495265115513607
407;0.07227769057257513
408;0.045256201744612326
409;0.04216133017408272
410;0.05833389417545917
411;0.029895531901619768
412;0.05129202427418897
413;0.05282137026109124
414;0.042506031154860915
415;0.017746961544404083
416;0.09365683766377225
417;0.052967461021602484
418;0.014731515530244611
419;0.06072738033362225
420;0.0170917743770852
421;0.041058515361190095
422;0.09367067303800407
423;0.05245940585173645
424;0.09469149118345982
425;0.08210683262617575
426;0.09724704950504537
427;0.010528702161387626
428;0.04286256007738453
429;0.003884508806491849
430;0.017956592406994053
431;0.09513217581018679
432;0.059383673411586506
433;0.06216719427291704
434;0.03927560193249513
435;0.08213929387573275
436;0.03342959055230237
437;0.0791067365501672
438;0.004938677948088267
439;0.034749312906889054
440;0.055474335997983196
441;0.0676588698444314
442;0.01722671910876087
443;0.06450108875046207
444;0.05925833388031552
445;0.02538249883857785
446;0.08103978297741515
447;0.05256351188308011
448;0.07907283168374554
449;0.006057239342385757
450;0.08975951149824984
451;0.02534142196909044
452;0.07610915678805315
453;0.005616154336192625
454;0.07342008392849929
455;0.02286284329472195
456;0.09324303782321919
457;0.014225834365578505
458;0.042285567503786106
459;0.03134226570732529
460;0.005573310672414323
461;0.00469020946421711
462;0.052204412833787274
463;0.06724849104556978
464;0.04831410786363645
465;0.0991029100481262
466;0.05875914980156943
467;0.03218028196903816
468;0.03958423787888363
469;0.027321475392407302
470;0.011088491376159526
471;0.006482580932380255
472;0.09902267896702638
473;0.05496995160274948
474;0.06991539117316609
475;0.0657070701645955
476;0.04603168142473214
477;0.010025137135898554
478;0.03979035052875485
479;0.018313445596479405
480;0.08077025853054687
481;0.09240338548657417
482;0.04340194391459848
483;0.09055666966550685
484;0.034556833698393956
485;0.07771934126544934
486;0.044868509535378055
487;0.08575076378260077
488;0.09315908952994068
489;0.07236110545064799
490;0.08138428244152615
491;0.026513520215752175
492;0.027466492743341644
493;0.015768879861626617
494;0.07009727830457617
495;0.09354649137209718
496;0.09361805004069007
497;0.05946776309035408
498;0.01689219495790889
499;0.0980259546524353
500;0.016058857937444982
501;0.022303994427565112
502;0.005076578364624707
503;0.003582964049273463
504;0.009917103250401649
505;0.02917585452050916
506;0.06908286597007049
507;0.08967764905309936
508;0.04453764842920696
509;0.044417060875166586
510;0.023037879416520236
511;0.025444800623879407
512;0.02179848966114102
513;0.03761037920302951
514;0.0750882691231358
515;0.024602644560847577
516;0.0002022495684251946
517;0.001485745525132376
518;0.06845565606343186
519;0.05386206109298798
520;0.01291375895919874
521;0.0358437492486595
522;0.06442692563863382
523;0.06296077061804937
524;0.00838052324994456
525;0.04246170714478558
526;0.0009958728319489297
527;0.08474553437402313
528;0.029477101156055497
529;0.04863815688851143
530;0.055281529239705356
531;0.02047440169956002
532;0.006223004867560056
533;0.02353975257230916
534;0.008316994739021522
535;0.05936463796637839
536;0.03329195003297508
537;0.0032691706850136674
538;0.03777452755019683
539;0.03349686097644341
540;0.03191184784625888
541;0.0644520978286942
542;0.06693046372289695
543;0.03308372637814674
544;0.09877449943745559
545;0.05527366623841937
546;0.05432632294934936
547;0.0940300045221681
548;0.08018436327065015
549;0.06555600703352685
550;0.023746818044913867
551;0.02594106049542303
552;0.09341725485695111
553;0.04392052507031933
554;0.0221600587285121
555;0.030218759535883124
556;0.08162652397606097
557;0.07962210008955369
558;0.03571650371055114
559;0.07251543272208752
560;0.021721572589441875
561;0.05766534642259762
562;0.021301036654392293
563;0.03287876187957374
564;0.0888959637831718
565;0.024349098161664962
566;0.06952163907217437
567;0.006454862715902965
568;0.047423741558611045
569;0.07753880149992458
570;0.010402282151332343
571;0.03267965738010258
572;0.05628551563473945
573;0.004129515814343387
574;0.017326207935892547
575;0.04230301064313903
576;0.017687079681770447
577;0.0775718890532146
578;0.008372033032301763
579;0.031107622093200695
580;0.07117281696138068
581;0.03687749642230781
582;0.012378864061922602
583;0.033255725883426644
584;0.047971230525740864
585;0.06471336558973377
586;0.04484683890931293
587;0.01690157299009515
588;0.027818920433898088
589;0.08003397500875623
590;0.07371991075697919
591;0.05066818664889211
592;0.012245811595868461
593;0.030545197079397804
594;0.043021338760659944
595;0.0004292685034613442
596;0.0732850350787306
597;0.026530110639796434
598;0.06446747576476757
599;0.04592682325729385
600;0.04647718538125496
601;0.06729932804147327
602;0.02555372903247274
603;0.012621532355251831
604;0.08632392908116743
605;0.08071026213144983
606;0.057643045638604354
607;0.009027469842443948
608;0.0673823787404461
609;0.08281159428368319
610;0.08252973121003797
611;0.07904854743081555
612;0.07612830581942298
613;0.0453723563247338
614;0.012217540882944933
615;0.03060143334155745
616;0.011901726658107582
617;0.09273918008917843
618;0.07533817086874495
619;0.0201389357899599
620;0.015495708818842435
621;0.043707434618837665
622;0.03667491768643706
623;0.09512059356595001
624;0.07712696212975133
625;0.038319990711586066
626;0.05779042069208934
627;0.018205170712857124
628;0.06979788984337226
629;0.05589046337720163
630;0.08617130913604698
631;0.09331361018074467
632;0.0023521414794693274
633;0.08682182675052583
634;0.07900977947111937
635;0.05697416641238654
636;0.08925535572552457
637;0.02369003354198598
638;0.04184501492956632
639;0.0022060222789477835
640;0.029525505099725805
641;0.06034948057303901
642;0.09857649127468895
643;0.07575361111666133
644;0.07856784678921898
645;0.02515124384941031
646;0.06683093609079144
647;0.08619545532852338
648;0.08938445314091374
649;0.07550605412371403
650;0.004982272512249542
651;0.0824993617970321
652;0.07659976364972743
653;0.020295678978278744
654;0.07079010187495796
655;0.07330958674915532
656;0.05811134949146321
657;0.09791559270319433
658;0.08671719448489525
659;0.09408030716467089
660;0.002216176613005505
661;0.011076578044108422
662;0.08359525499846998
663;0.03429794549351874
664;0.018021438305646186
665;0.08948143738519244
666;0.003024461709000037
667;0.003618174179652001
668;0.08022566642331812
669;0.04698332626063444
670;0.013699464491714853
671;0.03484185149167688
672;0.033252294811400386
673;0.05441237015137216
674;0.03507434539384202
675;0.011712905121360674
676;0.09068318815608085
677;0.0595991475539856
678;0.017556106773281833
679;0.04847036148349742
680;0.058897191170399266
681;0.010478500242481282
682;0.09696934404394703
683;0.02217779376285345
684;0.0629961209695407
685;0.044828428130687895
686;0.08762714421946963
687;0.0507624387257151
688;0.08959030474079271
689;0.07422067214539299
690;0.03437956933659025
691;0.04061436440185711
692;0.06776797840942049
693;0.03962031861860266
694;0.042846454629399434
695;0.08569242504803884
696;0.014623190146584386
697;0.061574036846246606
698;0.01042821613142042
699;0.0496255648464729
700;0.0657255651279171
701;0.09460863696351207
702;0.04935281147541662
703;0.056830070178690975
704;0.008535186597834966
705;0.026236733898835265
706;0.04118706330347802
707;0.0024700085063473765
708;0.06205030402108694
709;0.09893651749193838
710;0.03491639059916207
711;0.04687152131395014
712;0.012605447953923023
713;0.05657807435486465
714;0.08731400679011551
715;0.058639903382124436
716;0.03696519377042062
717;0.07293649681485709
718;0.031366684087416684
719;0.03689957319409872
720;0.04399823048492161
721;0.07236044391591732
722;0.09631541576614683
723;0.015762378404218947
724;0.05367577182813671
725;0.049130397105424856
726;0.09900913970835841
727;0.009439479132170204
728;0.09634562450302589
729;0.08499732612802528
730;0.08802359453624276
731;0.034595950274971775
732;0.035203489872616636
733;0.05050007881914858
734;0.055271123788227086
735;0.046434067128415704
736;0.08474134976756752
737;0.016723411515893894
738;0.02294821071289004
739;0.007240063964727228
740;0.04894818893663806
741;0.04070946624415372
742;0.09435876727061872
743;0.09217040609475606
744;0.04371214079331398
745;0.04598859143080519
746;0.08867073694809759
747;0.06576139349032632
748;0.07328646067011337
749;0.03395532040871481
750;0.07748267632358341
751;0.07059241400721068
752;0.06832517365149539
753;0.026506178236125357
754;0.059845808465621056
755;0.05225935161868594
756;0.03688859934653351
757;0.016790432348190765
758;0.0630647320508862
759;0.06520125291031333
760;0.08433755698699025
761;0.039240657029945114
762;0.008912338686229515
763;0.04048926907133962
764;0.059750517285455586
765;0.08864792314389022
766;0.09396827926158771
767;0.07119409111772693
768;0.0394534643648862
769;0.03698026659356325
770;0.0931820541576998
771;0.004504637562171942
772;0.07256125132338608
773;0.0790902381348903
774;0.07680414536331126
775;0.07962540165653528
776;0.06734426178317526
777;0.042757419324952195
778;0.02770833347503986
779;0.022230732212312844
780;0.0129624162446794
781;0.012368935414126559
782;0.08438161649873066
783;0.052884866850748814
784;0.04560833984972357
785;0.02557205098792037
786;0.0009353946142281578
787;0.0885053890942497
788;0.018735987681553823
789;0.020037766556282977
790;0.0037335759129594305
791;0.09388531077260023
792;0.08628125399525326
793;0.012778807623951761
794;0.06295927444313161
795;0.018147333413575686
796;0.06946086695732719
797;0.01177330686958077
798;0.05967864696935016
799;0.07396640068571897
800;0.05044679044567843
801;0.091417204059711
802;0.06271553605628852
803;0.0017099254986682633
804;0.06665498731115894
805;0.02299269742351756
806;0.009655121621423346
807;0.05149906007615512
808;0.0640784676518634
809;0.07055363696358112
810;0.07808931153041644
811;0.030837619669858176
812;0.02517115414105499
813;0.0502149174510791
814;0.03878794127232291
815;0.09765042475339594
816;0.0999839947860933
817;0.009747559459675627
818;0.047892089939176666
819;0.09293564624168872
820;0.09714315719176245
821;0.08990159305671461
822;0.08272926512864061
823;0.0779794248159768
824;0.04891789139706394
825;0.07088192311048573
826;0.005181322951972734
827;0.08159875187881017
828;0.019077665940150867
829;0.07783067276784367
830;0.06763828240365402
831;5.586433837133642e-05
832;0.09434356141958161
833;0.09365628080746985
834;0.04142240153980634
835;0.04173876762267882
836;0.050165844131625364
837;0.08358089506891549
838;0.0025644469659037773
839;0.05128742639355405
840;0.0673229816819802
841;0.08782175124594782
842;0.054001267740689786
843;0.08196088114404293
844;0.06987386916799272
845;0.009077407683129979
846;0.08681208782410155
847;0.02141531534044624
848;0.08043865505914469
849;0.0804089305611454
850;0.0776987218573924
851;0.03646361500125502
852;0.013358972295241134
853;0.001160799634015608
854;0.030436486968574705
855;0.04868194516981981
856;0.08107287290400463
857;0.07551109138998173
858;0.09376294062962817
859;0.09362339727468294
860;0.06655692462915505
861;0.018776494463806893
862;0.06080841759602151
863;0.08332391758154423
864;0.09002334240558574
865;0.029923138412234564
866;0.026167102328619074
867;0.048573897205358124
868;0.009573186118196065
869;0.038970192776800784
870;0.011159721860134853
871;0.04162604564354055
872;0.0666895849967198
873;0.0023071655656274116
874;0.005679185738710102
875;0.03736717579206333
876;0.008749862846307466
877;0.05951323485725777
878;0.07209784465559026
879;0.07313163586775843
880;0.052265331773215955
881;0.09671618221811035
882;0.015116290478297646
883;0.07134432464285485
884;0.08551255201265662
885;0.05599638552553093
886;0.01973218745254446
887;0.021299992499609968
888;0.03838919532170698
889;0.0782287246836796
890;0.09631607094432286
891;0.07390124102444094
892;0.0607946057359874
893;0.034112707565602175
894;0.01573341403800962
895;0.005629786180868502
896;0.048775989500029884
897;0.02874146866217694
898;0.034850038356739436
899;0.09185690317497358
900;0.029535399863585943
901;0.0009537020351086944
902;0.04839007094816984
903;0.03156302811421681
904;0.03508596091596261
905;0.014190340525077694
906;0.06738478138112754
907;0.09938007482341137
908;0.03833515546030117
909;0.042270804878334525
910;0.08090691081824997
911;0.06985271698647917
912;0.06892632231934977
913;0.011877946994347844
914;0.020390696686521593
915;0.08314008165533086
916;0.06623949023880228
917;0.06093532489748441
918;0.004454016664053884
919;0.015093700114474163
920;0.0768633326895749
921;0.0351185079094455
922;0.0660877998953217
923;0.07090809235742061
924;0.03536689982257285
925;0.06934609629053883
926;0.09555489908169407
927;0.053571812357885044
928;0.03731460000738444
929;0.06597691491148379
930;0.03459186716130325
931;0.021840676234644963
932;0.023729826055979356
933;0.014439955733104793
934;0.09418162920057602
935;0.07681865355484269
936;0.05483667723508915
937;0.08882488253640962
938;0.091822902603063
939;0.0520600657275511
940;0.0756219827049976
941;0.04370771522853505
942;0.06801346902228603
943;0.09481419661575613
944;0.02450154809270474
945;0.05775897383062437
946;0.039680743640747446
947;0.03857268224316418
948;0.08212947728314578
949;0.01635472364942645
950;0.02251120447069448
951;0.03189553084206679
952;0.05777383119723051
953;0.05172939975193256
954;0.051282783538532474
955;0.03457335889170512
956;0.03352790142390079
957;0.04759019628946414
958;0.09731001938733126
959;0.051686097798255684
960;0.09745654169284906
961;0.0914059489148211
962;0.010816560044073609
963;0.041666562239783114
964;0.07158234616367652
965;0.08230696884256977
966;0.017228511007580216
967;0.016404766609270583
968;0.003472029564693713
969;0.01806802668955464
970;0.04127779320227584
971;0.06274469564198078
972;0.021825190673762353
973;0.050569655869645826
974;0.01679049861095614
975;0.04557100853503726
976;0.07900815717841841
977;0.008140045156679088
978;0.04294037763847713
979;0.06614991591259985
980;0.07570005044065153
981;0.09179784303669038
982;0.07567650065191488
983;0.007664339783783847
984;0.04030521122124625
985;0.07813412536039128
986;0.05146855474481692
987;0.05245714229474751
988;0.023796287514970173
989;0.0027060022275158025
990;0.01941303171545904
991;0.024766561066771588
992;0.03168357940678625
993;0.09198313864020215
994;0.022793678145339915
995;0.0194608312284281
996;0.0397588944887305
997;0.08351106851004485
998;0.061528769385546994
999;0.03239132710431136
1000;0.0006095558059557304
