1;0.04479722082171659
2;0.09227686459775841
3;0.05411072421291211
4;0.02890467225972775
5;0.09587418841012856
6;0.0619487164409806
7;0.049544493978173336
8;0.04007317770670204
9;0.05013773551197154
10;0.04447817088320541
11;0.026065590094023795
12;0.010582925436092917
13;0.06384962736540617
14;0.03864537738956452
15;0.06152746368879358
16;0.025085347570651208
17;0.07197465315864768
18;0.037391444811175234
19;0.06846285299459971
20;0.0717649912511573
21;0.09873181094680517
22;0.009190579389565568
23;0.07012970783660692
24;0.04883026320867776
25;0.059826556309729356
26;0.0056049076491739075
27;0.02835397567328022
28;0.09033403659540049
29;0.03460690600758456
30;0.07965411158211907
31;0.09779558171139108
32;0.04652214794879972
33;0.004191859110176432
34;0.07602429610328036
35;0.014009754679546738
36;0.05469072469025219
37;0.019477060991301143
38;0.020452599565551566
39;0.056409090346535976
40;0.09827393863611966
41;0.006865120026830197
42;0.05040254261347478
43;0.020177410899989447
44;0.05881976826105176
45;0.009600915323629645
46;0.09733172120417723
47;0.03619063807699015
48;0.06074978677428236
49;0.044709667911458084
50;0.07319354904532074
51;0.09919287093800536
52;0.09546683996801214
53;0.06530605148145346
54;0.006515267997257302
55;0.04387060355768733
56;0.059184478653458175
57;0.004592368697558913
58;0.023007250904499812
59;0.035353956789125084
60;0.09741257177073762
61;0.0016856956511201782
62;0.05447471740242901
63;0.0029579384912467145
64;0.00035337647286443064
65;0.04263898861604431
66;0.06842317087904258
67;0.07758982627105476
68;0.016403585298939483
69;0.052862744813767674
70;0.060947079299572285
71;0.07332855044770369
72;0.052781981502403
73;0.014985682713658821
74;0.06839372033458653
75;0.04065824343967494
76;0.015072648262111688
77;0.08731382724671362
78;0.051107465235570186
79;0.03522679370858376
80;0.06908486962393116
81;0.0824750045649722
82;0.013102850145098122
83;0.05214669430953161
84;0.006780459536285544
85;0.05058611292527604
86;0.003867425301802674
87;0.046395503148179335
88;0.08853028601259838
89;0.09427787059297103
90;0.00933579153332581
91;0.0968054301551049
92;0.037590262725061545
93;0.013258859305138204
94;0.04772803363266899
95;0.02264363538164308
96;0.0676836060149023
97;0.04144099303583665
98;0.08477158104283918
99;0.08588746430737225
100;0.09262764750281134
101;0.017158523225810286
102;0.08424613970597665
103;0.033338174497792375
104;0.0065445333754974855
105;0.04780997124621658
106;0.0797285359776935
107;0.08047145243910814
108;0.009927302128223693
109;0.045807749306996964
110;0.06504893951290355
111;0.07425551930721534
112;0.05928593854833422
113;0.042138788506902
114;0.07896348849321333
115;0.07526673425959195
116;0.006065488155256105
117;0.0031775028817313867
118;0.09796566550509705
119;0.09110746631630573
120;0.09236257848228163
121;0.001265934025081461
122;0.012366340471152981
123;0.08733434785303451
124;0.08443873598226327
125;0.08652852380050564
126;0.07249042853786382
127;0.07478024795336244
128;0.010760935072250233
129;0.023295840656517065
130;0.0332661435551054
131;0.04236220023367818
132;0.035931982486263996
133;0.01358279308518663
134;0.03856284023117138
135;0.069267782923489
136;0.004016326337832721
137;0.06308262032430977
138;0.018161263462281196
139;0.0007163514925087711
140;0.052317923011123216
141;0.038073956804670905
142;0.08362666008179793
143;0.05982984619480289
144;0.009834122407405688
145;0.006356552845363495
146;0.011542890940771112
147;0.08284611048981996
148;0.07614395467268427
149;0.029192188239381647
150;0.033085074993417576
151;0.008032816713947344
152;0.086000600382696
153;0.01953431687813169
154;0.03075307506138919
155;0.09733071948501523
156;0.02847337395704578
157;0.08228984819045339
158;0.0437611383900021
159;0.025795301791896975
160;0.05450109391501719
161;0.008229275432299232
162;0.07191951899369625
163;0.01741852726103259
164;0.009962277043554147
165;0.08820479374828602
166;0.023996801179333796
167;0.026000972028536573
168;0.02349358740169538
169;0.052686459950646
170;0.046003287269152995
171;0.046511769786268135
172;0.08574059372516286
173;0.09287977246064516
174;0.05816407820245594
175;0.031350049159269415
176;0.054401155897256914
177;0.014532937965396543
178;0.03438311078215598
179;0.06602711341733558
180;0.05922327747390337
181;0.017887604772034504
182;0.061906280784151384
183;0.09798821781819456
184;0.050308692375540726
185;0.0487577358818275
186;0.08669732906740835
187;0.020718588158524988
188;0.0113066724103439
189;0.011128072536624723
190;0.08934849863880046
191;0.05331070918922448
192;0.00052301433780787
193;0.039924569438870496
194;0.0015036597055202328
195;0.0352176171969119
196;0.0616491363497543
197;0.06603279765985019
198;0.03350152750699036
199;0.07216725975274986
200;0.007940503825445255
201;0.019414736547664013
202;0.006842427676041363
203;0.006601750136407281
204;0.08317544301538168
205;0.03674564804184801
206;0.09929185801546678
207;0.02857981535179336
208;0.027007813395741966
209;0.06350818944509956
210;0.05021389817294952
211;0.021877641443229345
212;0.04389879815584241
213;0.07546594403725099
214;0.019770767314814766
215;0.04102118928129907
216;0.09911817450203805
217;0.04514601553090412
218;0.01369888638862369
219;0.01391703506539902
220;0.09929034752966405
221;0.012192752702803511
222;0.06567243529623767
223;0.07939247545537695
224;0.05075617306579804
225;0.046935540719343694
226;0.01611720044617464
227;0.02042376231991452
228;0.049648432544663404
229;0.029443277514497903
230;0.023030750336349118
231;0.09832336803035482
232;0.05307836292845067
233;0.05871363191921242
234;0.03389744874369989
235;0.05588644440847887
236;0.05676530057046562
237;0.03229358991177924
238;0.05631687065132143
239;0.07887576415959857
240;0.04732493636029536
241;0.02058822191635098
242;0.07840978447868147
243;0.062089325223620574
244;0.09521237862200804
245;0.027516497694050703
246;0.09614199078261036
247;0.043449235932794754
248;0.001588778196753371
249;0.055291405364398166
250;0.09067852111674557
251;0.05957965608187121
252;0.07403358812711146
253;0.034331189102220064
254;0.03699039755686525
255;0.00011779598018831773
256;0.014188838448151608
257;0.04125939384904346
258;0.016296357061601298
259;0.09792717447218922
260;0.062291453542008594
261;0.0811481544681753
262;0.002354460557540472
263;0.02739758726401135
264;0.08742210354108468
265;0.07068353786049068
266;0.0560442717662065
267;0.05452664329750337
268;0.04451608044831032
269;0.0856381015027445
270;0.09721495370429145
271;0.04616770673986718
272;0.07937999102500405
273;0.04286582925732925
274;0.0384357257370887
275;0.08359047084043082
276;0.04792640932283492
277;0.04428528554027458
278;0.02576482608611477
279;0.03793787779510397
280;0.08523234208262431
281;0.0028979662194440815
282;0.09677862317002706
283;0.004091304607854085
284;0.023640285842277033
285;0.09472852650433722
286;0.029819273071371524
287;0.02861571639209657
288;0.027908195089123414
289;0.0996420643164388
290;0.06103800500955451
291;0.04456323903199188
292;0.09494803765334289
293;0.09450185214842334
294;0.0022298932035713427
295;0.06151963717545403
296;0.042716578456339284
297;0.05044209948367001
298;0.029355946870593477
299;0.06264389837803502
300;0.007627611794230005
301;0.00435306099638062
302;0.027924634251346028
303;0.09068033116025931
304;0.058727922464002096
305;0.08486505007448664
306;0.027165720910379134
307;0.08126940364649443
308;0.002675781221822604
309;0.00925656682669176
310;0.07518877201023942
311;0.03204170485276712
312;0.06327902298606135
313;0.010912187463211587
314;0.052943223309899805
315;0.03284032948603636
316;0.07444024576666947
317;0.024407093542747196
318;0.07309355512983859
319;0.034728826468754095
320;0.028682592502500937
321;0.011028451505008842
322;0.03564621586463695
323;0.09023619895601616
324;0.07718678698509797
325;0.06203996577489691
326;0.0559227361943943
327;0.09940921640890012
328;0.0008895572984588762
329;0.09376359028506512
330;0.00320714320494665
331;0.04713612188256353
332;0.06723096881463536
333;0.09333424108775185
334;0.08198412169044197
335;0.06182447015509005
336;0.012174240458722719
337;0.03995959014552213
338;0.024165444019625826
339;0.08929739941336597
340;0.046627174743238554
341;0.08589335412690917
342;0.03533875091233092
343;0.0700290852886814
344;0.02249633748755151
345;0.07058333966867904
346;0.04919235105670508
347;0.049254788913287974
348;0.09346590786323437
349;0.06696610585032554
350;0.0848591520958647
351;0.015789420319487237
352;0.029436617917707887
353;0.0657934235373162
354;0.08289223512527644
355;0.021955275126405084
356;0.06952047227874987
357;0.023814331171531547
358;0.0030762349188080632
359;0.07190623177213235
360;0.027807935536554997
361;0.06994775188571402
362;0.037682633302496306
363;0.09997647804614952
364;0.035000176888600874
365;0.08893691037263053
366;0.06067837568978484
367;0.06455073435998439
368;0.05367441582949938
369;0.07566259970574295
370;0.02244320111920435
371;0.06770265448847755
372;0.02793493598316349
373;0.03017869518662937
374;0.08133470022611379
375;0.07757934144590313
376;0.01560492339511589
377;0.02088860343945841
378;0.022285435788821653
379;0.07592059668381679
380;0.06368133947810481
381;0.03953267660293463
382;0.040324449899105344
383;0.05153669929410762
384;0.03654416609199789
385;0.016487027650638864
386;0.04057499012786923
387;0.08538196544744373
388;0.062215410934685016
389;0.012127172276549593
390;0.0543875112547034
391;0.09055253164442617
392;0.0760167456995985
393;0.015370481039816575
394;0.018625032401352038
395;0.07822650268597953
396;0.09510476561521361
397;0.044490182899205144
398;0.031066164562350562
399;0.05339091792256423
400;0.024914515383588756
401;0.04103193732472467
402;0.019290851228561712
403;0.06838088644778963
404;0.012858397682987188
405;0.08401317182777886
406;0.049297002857347796
407;0.06159962009972392
408;0.04513001159813236
409;0.05403177175442208
410;0.05772820950648482
411;0.020284025153366636
412;0.016988469347156542
413;0.04948999757954703
414;0.052064471064950706
415;0.0925398312804652
416;0.045863838231274094
417;0.055323481874859505
418;0.015514233130272304
419;0.08381623656884443
420;0.0007459424786490421
421;0.029912980146430956
422;0.0037423414556431722
423;0.05434574456559477
424;0.09644396409698283
425;0.045506422203936914
426;0.0203019379084478
427;0.0911070101119761
428;0.08451621539689119
429;0.051995479275889316
430;0.0859353000696883
431;0.02531126004201032
432;0.03767615167071336
433;0.05711025824103169
434;0.041930605913584044
435;0.05754109523816651
436;0.019482635017092353
437;0.03915534396207011
438;0.026578542366845204
439;0.018937038364058245
440;0.03011895881981952
441;0.04719942942603005
442;0.07544931056347925
443;0.07290223631984864
444;0.008942168752275437
445;0.09248814048418781
446;0.047369503418170235
447;0.011676704088500101
448;0.0497125164686263
449;0.09963817553559651
450;0.058881385337793
451;0.00011386901629788504
452;0.0008987327987448169
453;0.0719531903431213
454;0.06653677540049123
455;0.029062556830429898
456;0.0809273039264161
457;0.043348320315390945
458;0.07120801837393217
459;0.054070108139059686
460;0.028307225274989523
461;0.07958446637633414
462;0.039261942734369476
463;0.004526912967144458
464;0.010910986133885116
465;0.08987189442000833
466;0.076310743588291
467;0.027215922144615767
468;0.09458982487241899
469;0.024064632534366373
470;0.028979579681142523
471;0.015576307683556402
472;0.06793799383252752
473;0.09326646700269378
474;0.053965409023492145
475;0.056627098334650565
476;0.03328983143295126
477;0.051447177030242465
478;0.06344620238131708
479;0.029175466254783025
480;0.05500145373955956
481;0.0772057118752994
482;0.050362406380710004
483;0.04997704093527831
484;0.05433457259009542
485;0.055508763558854805
486;0.07809483902710346
487;0.05525463230217246
488;0.012778629248714247
489;0.014287580749231388
490;0.07764275777597997
491;0.09779568288508464
492;0.08283850195657995
493;0.04015348149695386
494;0.019402017047550926
495;0.031364168169054
496;0.02172404653398893
497;0.05335355707899321
498;0.035143748188916184
499;0.046468552088203774
500;0.08751876196963494
501;0.00737650453421046
502;0.01598787033401854
503;0.055464153473274797
504;0.030143288269779835
505;0.0417342809366029
506;0.06707790821383806
507;0.09844621824206241
508;0.024569940884355525
509;0.015362894038391584
510;0.08144350984984736
511;0.037522778495070123
512;0.048333108161049035
513;0.024948404947579342
514;0.07400023858394136
515;0.004339346460636206
516;0.0905642785682325
517;0.010929495401512002
518;0.04553868962701198
519;0.07565294599147294
520;0.012278387768259914
521;0.06889397263979172
522;0.062074925772958624
523;0.08571225983638332
524;0.09123235273135355
525;0.056691702489263834
526;0.04188764783301026
527;0.0031289617757842337
528;0.040991430370351314
529;0.022365539182872197
530;0.021339446189757985
531;0.05420835965907605
532;0.08345841681302936
533;0.09964953395451191
534;0.032320508868111546
535;0.0961025388692703
536;0.08627428442511377
537;0.07085760510905713
538;0.03184636333628556
539;0.09375052446576586
540;0.007554752888504746
541;0.04426292977493593
542;0.05157712836475208
543;0.05079825024400947
544;0.016677909327938445
545;0.01492028038325406
546;0.08621393775800852
547;0.07148343894310605
548;0.03719222590109045
549;0.0875577246699128
550;0.09150899218184036
551;0.06571204139124555
552;0.005869552714507709
553;0.06965747869772292
554;0.09974101151522748
555;0.07835276928036077
556;0.001118317433180216
557;0.019761424680923113
558;0.039953584792487985
559;0.03659725972743066
560;0.08475686329095224
561;0.054809348160218124
562;0.010696125623174502
563;0.08101717626104096
564;0.07588801967981185
565;0.04356406423134293
566;0.04762594456303331
567;0.005202672164360678
568;0.06786005372831526
569;0.08268042511415256
570;0.045619717246287675
571;0.033206798302686115
572;0.07863642119487874
573;0.005562780896408159
574;0.039975306956372025
575;0.0592560242356065
576;0.019252839769927466
577;0.09825651730161866
578;0.0006986020889003797
579;0.07888848204928534
580;0.07918991634714492
581;0.04878843508927412
582;0.0751500033323506
583;0.06820888608095861
584;0.03510509923504277
585;0.0913321998079641
586;0.0545798429234748
587;0.06994929742458138
588;0.012441033986264305
589;0.059758533019836135
590;0.007499777462948432
591;0.026475140648051135
592;0.04706666345658124
593;0.003726496109642963
594;0.06931649616879684
595;0.08383305676294323
596;0.031831954230088014
597;0.09761490147148633
598;0.026613891791077385
599;0.02643820804878847
600;0.030977457334069494
601;0.025951347304378092
602;0.08357837233989054
603;0.017158561972441522
604;0.014451066481700692
605;0.0011762906788550965
606;0.09611305066371853
607;0.043591189458136406
608;0.06317684995744126
609;0.05133296953319703
610;0.05362011218457927
611;0.08646171910308433
612;0.09595433264470142
613;0.05058602066166661
614;0.07588998497734825
615;0.059436462898434884
616;0.048010829761090106
617;0.0739394600353189
618;0.05297405428566491
619;0.0047149555661551885
620;0.0960673789091401
621;0.028358749208609937
622;0.06593586545442706
623;0.002891082042995885
624;0.02917062559219802
625;0.0643253439945445
626;0.07788051003017343
627;0.09486152080052035
628;0.008753582303790409
629;0.05585320694053997
630;0.08756489120972671
631;0.055473470984628404
632;0.04751580379162497
633;0.046020662911181814
634;0.07816846558247723
635;0.08055402910761046
636;0.08885247345124113
637;0.08161799563346601
638;0.004486793868696349
639;0.06460813141721891
640;0.09078444886398357
641;0.051432967237900765
642;0.07051087164846968
643;0.061931244690951306
644;0.060387792108575034
645;0.09816635272023488
646;0.0689599766137997
647;0.061690827127339004
648;0.021583100328374617
649;0.0787977798423483
650;0.06961105933122307
651;0.0742871183758225
652;0.056616665117079835
653;0.08153569088913261
654;0.008876170145700135
655;0.010600013641956986
656;0.07886100450422834
657;0.07072154710042748
658;0.09263649892152102
659;0.022028724279675727
660;0.0073905464255521365
661;0.04830299394056529
662;0.003509235891824847
663;0.0074672889781555625
664;0.07858722647206173
665;0.026618011622595174
666;0.0008503743841910106
667;0.09926753335785998
668;0.05900255071023909
669;0.08201751319175508
670;0.02553357535650025
671;0.06938640353614484
672;0.012343772796014197
673;0.0067463460823056105
674;0.07070389848033407
675;0.027403354746817432
676;0.045489536156084864
677;0.04967927617550341
678;0.09244999048721333
679;0.004917015115337942
680;0.07396927654331334
681;0.06807102339405634
682;0.06719316663095719
683;0.02465353097241705
684;0.008959195350259287
685;0.07866187997341446
686;0.021864513865564428
687;0.09631258768878775
688;0.014483256680857504
689;0.054807235719266933
690;0.06235334534375449
691;0.009655775898434749
692;0.09853848146837015
693;0.012269418122786714
694;0.0680396759363466
695;0.03985303568232849
696;0.06137711743443545
697;0.09397943150654615
698;0.05046405186704579
699;0.06387679742623556
700;0.07040006708391473
701;0.08313661100763796
702;0.06410436961292806
703;0.07711437441652602
704;0.00901327368448478
705;0.05392012044214134
706;0.07243870205819689
707;0.017384797610180535
708;0.07554248791175579
709;0.05645934918459895
710;0.054152675040752885
711;0.03822289029210433
712;0.02915072324309379
713;0.0003163180700449409
714;0.028881639242995052
715;0.08828543214329879
716;0.011457946570265432
717;0.07679320511299767
718;0.06113563022072288
719;0.09380692338236539
720;0.020934727275956844
721;0.026318977242317854
722;0.09925264032440548
723;0.07628165750272364
724;0.024269484734152226
725;0.027458115470976954
726;0.09371294061713213
727;0.09591263194126683
728;0.08889788942058702
729;0.056433955774441574
730;0.06544042109600116
731;0.09975736981463457
732;0.04559679883718774
733;0.08526862834812596
734;0.062303107244375024
735;0.03407489842492267
736;0.08316896289539472
737;0.07956462640677665
738;0.09006270836615424
739;0.01648641728774596
740;0.043685848439937315
741;0.007320191822395084
742;0.007349505077673669
743;0.05955127772117961
744;0.01320557326416244
745;0.038755617468425554
746;0.002739882805014216
747;0.007065890533740838
748;0.028819520142838152
749;0.06470481364774539
750;0.08366217658477607
751;0.0009039161287035414
752;0.08561207612138111
753;0.0649030209963503
754;0.09188263639494972
755;0.008615029356493165
756;0.03440477937601806
757;0.06651770232232233
758;0.018293562784884955
759;0.06653077224019806
760;0.027565517628203785
761;0.06867852032175108
762;0.04429777072126915
763;0.0469032767069156
764;0.07491446499251024
765;0.014697971484252493
766;0.03932410652740229
767;0.0970410623873009
768;0.010701928815257555
769;0.06687843670694196
770;0.028906030006254513
771;0.05959902985637075
772;0.057997536534756124
773;0.03761963186478476
774;0.08697118148809102
775;0.03859303369731553
776;0.055035472289057565
777;0.09574594209037096
778;0.059160583274703686
779;0.018363002025865084
780;0.013309228775854621
781;0.05653436354625724
782;0.08715495872981556
783;0.05920778230048129
784;0.08147651070793321
785;0.02697890627847911
786;0.042542589920955734
787;0.09479737765360154
788;0.008463770684747685
789;0.05773600071105588
790;0.039933215617111543
791;0.020405847527631405
792;0.08115650352622783
793;0.01657910881242395
794;0.06320929852499703
795;0.05015560418727151
796;0.04175100631083735
797;0.08423038133724398
798;0.06727664894295804
799;0.03545613541577367
800;0.05633613041192103
801;0.013961983784083955
802;0.023479631161785232
803;0.014420644506069502
804;0.09670109236126373
805;0.09970329065417503
806;0.09845982544903249
807;0.09301136716929478
808;0.006039602720644577
809;0.06624015258141812
810;0.04657533555620574
811;0.08238631012660098
812;0.07127648687119896
813;0.011051577396708269
814;0.052525438830248954
815;0.042084708958319964
816;0.08566193980601887
817;0.07698820060044798
818;0.049308293494987145
819;0.02590300518125136
820;0.09631284147250929
821;0.0997682635937335
822;0.05669018276415988
823;0.02902696629830799
824;0.017424715422827277
825;0.0866104344200423
826;0.08273214643187529
827;0.03816240019081597
828;0.0924304037783751
829;0.004870811103507633
830;0.09671312870393829
831;0.0007264994945518355
832;0.06081153270025344
833;0.05117895101380038
834;0.06059599494277967
835;0.07525740316990306
836;0.004426564853551651
837;0.004028684155664974
838;0.06908864123854118
839;0.05509862388197968
840;0.0022312613482318613
841;0.029883289101611
842;0.0424111127602851
843;0.007531133031350912
844;0.09308551805044278
845;0.008126019872097467
846;0.01915139286119121
847;0.03126053896018799
848;0.034363939348557374
849;0.022098099051395925
850;0.01897250594646406
851;0.07135104555153797
852;0.05161728995177674
853;0.08249359449169347
854;0.06880029234693183
855;0.09586258776841527
856;0.05118157380126975
857;0.016693476224967852
858;0.06957651668151076
859;0.07871695141581203
860;0.07625902617152769
861;0.004970409753353323
862;0.04595224532089135
863;0.01189424067080902
864;0.0832646411444737
865;0.08005626440817674
866;0.04199113729473585
867;0.0065046017276300105
868;0.012621527042832915
869;0.09627377693021501
870;0.08061248447133854
871;0.026855502674617282
872;0.0855185114332019
873;0.027139125441689494
874;0.055234028469420306
875;0.047824954915959485
876;0.06425855876713744
877;0.03604047644215246
878;0.08672463235870603
879;0.04251225011672915
880;0.08175706496531211
881;0.058066221373831564
882;0.05526365619353743
883;0.0727619919514753
884;0.08459752381379418
885;0.09849284624747748
886;0.05572750082427979
887;0.07429944522538932
888;0.03824326997027825
889;0.030941906022852142
890;0.09113367035018421
891;0.06102554098310761
892;0.061418031999554146
893;0.08730623981168253
894;0.08585014336153457
895;0.027540669979930633
896;0.07031991005490136
897;0.06696935844730562
898;0.07808145471696137
899;0.0320260971564853
900;0.0034201413642008017
901;0.08249251004934828
902;0.0829034251860226
903;0.009863899992627378
904;0.008331433319686733
905;0.08389432605663574
906;0.028078312078094938
907;0.07291142379483699
908;0.029773653992850837
909;0.0029725731511274223
910;0.0259477356467553
911;0.07658108576675383
912;0.053176151821848795
913;0.06075460582415848
914;0.08866630728502012
915;0.0012724974990361738
916;0.07294402457140253
917;0.06280320065367145
918;0.0833190955736074
919;0.050295269132944624
920;0.06991298370048063
921;0.08411637955813389
922;0.04825876008429493
923;0.07222479122210423
924;0.09356182192955026
925;0.0658927052161321
926;0.07030984458228445
927;0.09077464195610183
928;0.040227530908380243
929;0.06735149482568814
930;0.01855236836621138
931;0.06133227294779945
932;0.035759252113057374
933;0.0626488082953159
934;0.052092879251123214
935;0.06395253309574213
936;0.07130885355712789
937;0.03566349210078242
938;0.04112148028559377
939;0.048527075253378675
940;0.07916284311880692
941;0.06195728744228621
942;0.08446936530107102
943;0.0024438314181300827
944;0.00553276056416795
945;0.0013439076848458242
946;0.09536108399057176
947;0.002097076233602646
948;0.013529295797533336
949;0.05631388313707547
950;0.028277961234219853
951;0.06518210500627902
952;0.029026444735486767
953;0.055734789046622595
954;0.05732155348834476
955;0.017658518631750532
956;0.007930077166409378
957;0.012953891775139448
958;0.07673936780922037
959;0.007502270010851908
960;0.09182751393049284
961;0.059162002633643775
962;0.07478340362378111
963;0.09641755256952758
964;0.044319580474323134
965;0.054228018601416274
966;0.07896639886360073
967;0.08638918236766203
968;0.06746734074867021
969;0.07756058149595427
970;0.04619070849324049
971;0.01823329785740141
972;0.06559632108443655
973;0.027754327081971578
974;0.004381231454103774
975;0.0877691376116318
976;0.02930223743810283
977;0.0017108178191213464
978;0.07395920127277157
979;0.06301048591770157
980;0.03352326872237862
981;0.038769616594913014
982;0.06516466459817813
983;0.07201596765014302
984;0.05349877059768454
985;0.014531263621721314
986;0.08677968891732939
987;0.050916050707008775
988;0.05110295022949079
989;0.04449538297015835
990;0.0033214046482609397
991;0.05247900549882789
992;0.08926893992677216
993;0.049729356959462435
994;0.09193830552881811
995;0.00657589041823995
996;0.0612626560554668
997;0.032004147994721045
998;0.08785942606263655
999;0.0800269371590772
1000;0.015412605309420714
