1;0.03782603187508378
2;0.008938546991086083
3;0.004175621772978977
4;0.001208347431845014
5;0.06469642716193776
6;0.030680496546861603
7;0.0817290240617307
8;0.01291586808437546
9;0.06833826967109735
10;0.019611423356855586
11;0.009596257155827981
12;0.026318458094675392
13;0.08733899747632244
14;0.015903641411695302
15;0.07880343829191216
16;0.0645172824801012
17;0.07617701414641298
18;0.09595924165632211
19;0.0998921611583357
20;0.03995461840607992
21;0.09801764272235003
22;0.09225165305207511
23;0.05178763599789137
24;0.04187423525400983
25;0.06511034091085931
26;0.050989883923915263
27;0.00532940842893922
28;0.008587324728814228
29;0.041347747320955454
30;0.09460229350400563
31;0.08282433160718994
32;0.08417279681856045
33;0.06367959872080368
34;0.021029572961307242
35;0.06888199153468592
36;0.06551064086984276
37;0.06528410548346118
38;0.010906316941790518
39;0.08557965298011172
40;0.07086805770865208
41;0.07795949190920176
42;0.09300948679317263
43;0.0046304833337280525
44;0.006701905949955067
45;0.03638000095025077
46;0.07865648801555147
47;0.017650044211071303
48;0.06020500499371717
49;0.01708623694715915
50;0.07943491061509932
51;0.05984191558957239
52;0.09064742756271296
53;0.052305800432623374
54;0.0025860719834368997
55;0.048572687314171775
56;0.012947201131447372
57;0.04140129790939352
58;0.05346337251270562
59;0.08938255341563539
60;0.012967011764076875
61;0.06431536806953743
62;0.004954311456571415
63;0.02172459761478327
64;0.04809140318943164
65;0.0955804849782592
66;0.012223809769160477
67;0.011896909526746281
68;0.08185087062565849
69;0.03865294356690885
70;0.05801950633066655
71;0.04985971090591384
72;0.01100386458704007
73;0.06946769814475955
74;0.03453824249160118
75;0.04784655527236589
76;0.015451998267123136
77;0.04684555168074518
78;0.004413622012014851
79;0.012426678308683981
80;0.0358653171961116
81;0.05182963247926295
82;0.02361847959956921
83;0.0768026884078593
84;0.0353299702359243
85;0.08657432900124233
86;0.020246573534788537
87;0.06051215623503256
88;0.069856645945206
89;0.0075507126856214635
90;0.00927484465545646
91;0.0984729148403887
92;0.07236954367128717
93;0.019317139571552747
94;0.08661511517916747
95;0.04840218437534976
96;0.07352923599770075
97;0.05083102751610394
98;0.05346055246403545
99;0.03126085665613043
100;0.026607771365694713
101;0.03050108262079373
102;0.06790533521053226
103;0.09798496295134576
104;0.02924334224282542
105;0.06942499920712787
106;0.09707125105243163
107;0.036162536192737606
108;0.05600136142117537
109;0.026308457000888266
110;0.07145562987987555
111;0.007920882051675238
112;0.008632158518092625
113;0.05283892107949219
114;0.02736668677993083
115;0.00311641357046909
116;0.04721328954964271
117;0.025625387372762178
118;0.043906121294211654
119;0.014777213914851284
120;0.07999494520104151
121;0.09221206038439794
122;0.05917384503512514
123;0.03120427357965455
124;0.08768956350879287
125;0.015992086521271754
126;0.06666061575826002
127;0.051329479610058626
128;0.05905210545133789
129;0.06440356553996944
130;0.08221682685540094
131;0.035197375591251245
132;0.03693013966934962
133;0.06917390509605033
134;0.07110103842697396
135;0.08424482567698949
136;0.09765939527604034
137;0.06580287089017547
138;0.01907472805831194
139;0.05820163682763951
140;0.047178098238575376
141;0.014376033527087308
142;0.05271887752860913
143;0.06309857594281369
144;0.07437936105227771
145;0.0446593760755927
146;0.042222877859217633
147;0.04974974972825117
148;0.048059901417230017
149;0.0409010379976365
150;0.09641510690842392
151;0.07261084275307898
152;0.06888257394885101
153;0.07908025872787416
154;0.033328170047234096
155;0.0769732969624082
156;0.0770866430609929
157;0.08312475706953773
158;0.03988426820671686
159;0.012248942975607047
160;0.07543139840260767
161;0.05840856557219644
162;0.05261963368304167
163;0.03697934496245108
164;0.012899420350238767
165;0.06569752589470935
166;0.08476249928785815
167;0.05498220080999783
168;0.005327732932199025
169;0.0956309334659334
170;0.0016035087032397755
171;0.015062401585845276
172;0.09830463999816057
173;0.035126506158964656
174;0.09773206415934738
175;0.020626276509615838
176;0.06030264506066446
177;0.051279907810536055
178;0.08881688332937898
179;0.03957393665253809
180;0.08979104726815894
181;0.05332559703171992
182;0.013669641909003771
183;0.08628804381288023
184;0.03179974164714402
185;0.031141677406314062
186;0.012543763485694682
187;0.08742217580340014
188;0.006078239697360422
189;0.030026521617261315
190;0.03724120807843846
191;0.09268403403073931
192;0.042850171957856543
193;0.062421964688051515
194;0.06733074670389723
195;0.005108306295538556
196;0.062194149507658614
197;0.06062678711087136
198;0.0997633072154816
199;0.004202915865933465
200;0.06316963547043587
201;0.07065091712069871
202;0.041845394492438584
203;0.02629810382697625
204;0.09396047506318664
205;0.042022132528856504
206;0.06064574083109975
207;0.003596073571913894
208;0.0954166886440521
209;0.01281581635543444
210;0.08571910735191708
211;0.06727199184251968
212;0.05513489299675455
213;0.04372134306309983
214;0.04923497311107908
215;0.07237175588814633
216;0.006432358033656361
217;0.07146379772238054
218;0.06159583006089786
219;0.016704087811462442
220;0.05652349238269377
221;0.03083441953697884
222;0.03593000653218822
223;0.004806598035534649
224;0.0008092860941187997
225;0.06429358012562773
226;0.024144936771512717
227;0.045129704011636934
228;0.05924330769103314
229;0.07268992219223368
230;0.08623262137577818
231;0.037259425123827086
232;0.09920308536791933
233;0.08514828736115546
234;0.08468817794097834
235;0.03196657696669534
236;0.087256036801512
237;0.09566600291015398
238;0.05470412926744897
239;0.09596656862857773
240;0.01417281208810798
241;0.03723720766648898
242;0.02752376405146492
243;0.06958198333824145
244;0.09768455689562999
245;0.09269559176703508
246;0.054349358686066065
247;0.06868888199517496
248;0.035925865308267434
249;0.017501512077123017
250;0.04356930043100369
251;0.08296077846460893
252;0.0664905309011473
253;0.013338562215047168
254;0.06073656985519163
255;0.05091981054275107
256;0.06697578360476554
257;0.021156065590419063
258;0.09394324031439372
259;0.0970937062804946
260;0.09224861099437877
261;0.06313576393762778
262;0.06560142128173478
263;0.07390759860214466
264;0.0030443649539431575
265;0.028556485182836225
266;0.05317197566438976
267;0.04939350160411554
268;0.015190639098476611
269;0.05308522346763515
270;0.04081573812918881
271;0.03179939958740798
272;0.01859182365716614
273;0.042173588682974716
274;0.000724065861738521
275;0.04689611165251178
276;0.00594952946661902
277;0.032076615387080586
278;0.09975267375735647
279;0.062499442310135156
280;0.002629544936541284
281;0.042434361242412726
282;7.412653937414194e-05
283;0.01010440305626511
284;0.033998305666103505
285;0.08187261475171105
286;0.01813904978741393
287;0.06587035653778997
288;0.002754571648768567
289;0.09431364577925244
290;0.07642353106848869
291;0.08645355384384357
292;0.06278744229441899
293;0.06455861389113819
294;0.07870925837701374
295;0.03055914004054291
296;0.09158945651276276
297;0.0465051451798342
298;0.008549097796177919
299;0.0970062607473699
300;0.013911936312016726
301;0.050606570525312526
302;0.09809117660963784
303;0.025781039305265485
304;0.06822767149405083
305;0.03909630426391922
306;0.09254478461272331
307;0.022466352629868583
308;0.052845938058640886
309;0.09809355316537963
310;0.04174755669670548
311;0.015933194469483703
312;0.01767750715396468
313;0.03516961800567334
314;0.024011392148847777
315;0.0585340967809802
316;0.04130501671131564
317;0.02631501281967602
318;0.09180807156672535
319;0.03475622581074921
320;0.0685450923533234
321;0.09344927191774555
322;0.020852950426087237
323;0.004953405521135101
324;0.07321691968415744
325;0.013172133579356227
326;0.0861398612476609
327;0.09917394354694609
328;0.0374224106588627
329;0.06553588787316238
330;0.06895118720038769
331;0.05969457670287598
332;0.08226913417023686
333;0.033590550285295
334;0.05444412933934071
335;0.033770673831355215
336;0.046253860184160445
337;0.08355255569889453
338;0.07627200766353703
339;0.09469482442228978
340;0.030344988252794525
341;0.09379878577512328
342;0.001320792772102808
343;0.049125048490984695
344;0.010758334672237403
345;0.04607892583968777
346;0.06400790683713614
347;0.00010956325375669485
348;0.026715594982202318
349;0.07495986608195399
350;0.08369673513153295
351;0.036557081889532876
352;0.009870929140628494
353;0.057551886277627286
354;0.019613968131720227
355;0.051225015573987204
356;0.054286013734450037
357;0.010400505920079663
358;0.06713088220143308
359;0.0856398860264452
360;0.09851479106280057
361;0.09803893412715009
362;0.047656914713908795
363;0.0707950502280955
364;0.07238606124601105
365;0.03945641561175705
366;0.09352791367163504
367;0.06976711562849157
368;0.04748568637607201
369;0.01181928443909982
370;0.04967405503835631
371;0.09566748356241953
372;0.053968827570385215
373;0.05234458731277637
374;0.03267785761038805
375;0.05096294740425057
376;0.05207113945241866
377;0.020892899771161412
378;0.039590945122952
379;0.039945181903719554
380;0.05747790631118326
381;0.06656198858969939
382;0.03299803348159013
383;0.06830033575509985
384;0.03897252115461175
385;0.08036368489040706
386;0.040356569824882726
387;0.06018919798253652
388;0.06477303396005421
389;0.06607960993038058
390;0.05798304936432992
391;0.04136665489720681
392;0.08586960948204878
393;0.07564451618236473
394;0.054959896313914784
395;0.056725277133418975
396;0.0757305279375231
397;0.03266181239856587
398;0.04653661623173997
399;0.06388467857311474
400;0.037151969306303524
401;0.041802154251778335
402;0.058305627941547034
403;0.03197495218918114
404;0.014392420903049798
405;0.020225796618640393
406;0.006066556159064951
407;0.07884628654662272
408;0.030668731409091567
409;0.05292972072538779
410;0.05272885669138977
411;0.011500910631359718
412;0.08866413312737348
413;0.018344959425336305
414;0.06432417870500089
415;0.010708817588767738
416;0.00033763960083279534
417;0.07749011326378191
418;0.055259326984219106
419;0.002850958991389152
420;0.02828212231491376
421;0.012826241608974331
422;0.011096465520315457
423;0.05047979641839056
424;0.03902696925609438
425;0.014720511787763992
426;0.04244867772590395
427;0.06712322267150715
428;0.06227831358502034
429;0.02450796622350032
430;0.06623081634578774
431;0.09059872777979187
432;0.026193619209842478
433;0.032495766848315254
434;0.027801084381364496
435;0.09349106884624642
436;0.03597369497461041
437;0.07067246804186493
438;0.016416125352673706
439;0.0163418559915809
440;0.04358877426759919
441;0.04099331968777793
442;0.025974709941412655
443;0.09858877101321055
444;0.08114214351857005
445;0.021165139435347535
446;0.09634603742869176
447;0.027429129097109053
448;0.011001329976851215
449;0.017089860235745748
450;0.03223470183237128
451;0.02951167390646501
452;0.044361815636657746
453;0.04972074258821783
454;0.03336096965732782
455;0.043665137042633806
456;0.027130590271131984
457;0.08821755896074086
458;0.08156234576881405
459;0.03529152547230568
460;0.004832876119961427
461;0.0928754487991516
462;0.04061706548143438
463;0.08013922923452119
464;0.012481730020769279
465;0.08887323770546639
466;0.053343958911945814
467;0.019728846801463785
468;0.06544750158207126
469;0.007495516510523792
470;0.06698213305798395
471;0.015547710214779764
472;0.03128798913340266
473;0.07836196375284463
474;0.02816798473943435
475;0.09108342192273607
476;0.06375351217781809
477;0.038183515807626627
478;0.032785945764407944
479;0.02936933481059567
480;0.0704721812459348
481;0.03712828083639421
482;0.07651833844027263
483;0.014937366396823304
484;0.004219985205558652
485;0.07938560123536406
486;0.0885294621705839
487;0.0961688029188249
488;0.05662870280628303
489;0.03710891064429296
490;0.048960665747695586
491;0.048229700514820985
492;0.005453862546617883
493;0.03654537846313748
494;0.0670808126166299
495;0.08251172665264889
496;0.09288126844091533
497;0.007896537177812014
498;0.022266588216788508
499;0.07331984869081702
500;0.0718837535473174
501;0.005134663356800973
502;0.058954342914942205
503;0.006287738786508646
504;0.029789605295019117
505;0.056325693582517045
506;0.0860257098028381
507;0.03228363575651714
508;0.05537239333291342
509;0.02949769456572048
510;0.08223309090257165
511;0.026809058495612714
512;0.019798135052790922
513;0.01849470034870662
514;0.08326376862973688
515;0.09727911781180185
516;0.07332899757528433
517;0.07125669505697131
518;0.010609904437078932
519;0.027167850989883714
520;0.015026255909077503
521;0.03698245115460798
522;0.043413566999545176
523;0.023499172309341156
524;0.031180047774899
525;0.08844664681828975
526;0.031396661252243434
527;0.017523937986717097
528;0.006262712456968811
529;0.06187417310014758
530;0.05721847954905205
531;0.06249043284983207
532;0.024205949021158503
533;0.09054184179988732
534;0.055992612034537995
535;0.014423224827342707
536;0.0018883254527771955
537;0.004883876655108522
538;0.039709190801573126
539;0.004013855253618415
540;0.031075795532245577
541;0.058563020120650226
542;0.061866032772821156
543;0.0643703904473447
544;0.018976886717228303
545;0.09667910772706245
546;0.014409860277656984
547;0.05334792318991142
548;0.00863616587652496
549;0.08668468960969589
550;0.027853396882379755
551;0.09573948995505852
552;0.016892131704848035
553;0.053219079313472396
554;0.03225875986660872
555;0.021173254954011345
556;0.006537916447354697
557;0.07669663081504588
558;0.029065115477904736
559;0.00035827722019016184
560;0.04927985220920497
561;0.048167654026086415
562;0.004167349314423497
563;0.007791101881135432
564;0.09009835134964159
565;0.0308789947088866
566;0.050199270029039816
567;0.057739150928799936
568;0.07543989602265304
569;0.06695195894767551
570;0.08666257254363074
571;0.016927050147169644
572;0.021299820893122358
573;0.04680857992488512
574;0.04404198287165948
575;0.07544887285784274
576;0.001746641972101104
577;0.08677388402385537
578;0.010784307156327189
579;0.035442062392548566
580;0.061320552895790574
581;0.06330936501283414
582;0.06291332978852561
583;0.018953119115294917
584;0.04746277760541397
585;0.09533387053822406
586;0.08446880403891127
587;0.08968035534460728
588;0.05247930175239601
589;0.09331188896233472
590;0.07309925429455409
591;0.062435974189005164
592;0.08648568706641047
593;0.04517671912710667
594;0.0897083297200334
595;0.07885781822264477
596;0.015537770004892383
597;0.01951299287190621
598;0.0223905082899467
599;0.03247823424853077
600;0.07024957946578354
601;0.007728415059724459
602;0.08366759224971464
603;0.005891537018520021
604;0.057141808363176255
605;0.04808579465070043
606;0.09622726879255561
607;0.03887052681834555
608;0.06952752972746983
609;0.0860314915072822
610;0.08244032714491503
611;0.000418108647167037
612;0.06803607378081587
613;0.08624820952188712
614;0.018221552703585542
615;0.04683910182449994
616;0.08144653560305307
617;0.020732098450213357
618;0.011209712118530613
619;0.08907300151897402
620;0.0477594119088438
621;0.07343067306887137
622;0.008917225266551676
623;0.0006766809106940942
624;0.016451279845558133
625;0.0659071180658402
626;0.03676477090549376
627;0.08109228339430012
628;0.04324712096445076
629;0.06688358874557329
630;0.03532093522654419
631;0.043961809834868706
632;0.06912627321013974
633;0.08325620770817986
634;0.07038149766821025
635;0.06637377865929601
636;0.06285640125027825
637;0.04218620761608799
638;0.07235297526601205
639;0.0530340503445704
640;0.028852607837764412
641;0.034935719442920045
642;0.04630923798624162
643;0.018801336221537214
644;0.0005109978560936867
645;0.02117673426423147
646;0.04665469308918953
647;0.0878501463271451
648;0.05996035344334649
649;0.06540667418802383
650;0.08387079233313795
651;0.06348133792272391
652;0.02407812307301721
653;0.0014214745088251492
654;0.08105129675293804
655;0.026800264665306953
656;0.04874744197979128
657;0.04644059858016452
658;0.01405681444235556
659;0.09689163416874941
660;0.08853444563873983
661;0.09944107341665076
662;0.09881033017975455
663;0.07222379430152327
664;0.098430335145683
665;0.0749999991376425
666;0.09271095189134998
667;0.048272331999793985
668;0.06712786687427819
669;0.007255348003110451
670;0.07407029602020089
671;0.08331326767155683
672;0.03977084444909337
673;0.041503720714403426
674;0.05267321245866555
675;0.06261570612192706
676;0.08421211204621809
677;0.04789235140099989
678;0.09279786737955614
679;0.0994518687992406
680;0.08534884600825857
681;0.0031533973778275493
682;0.05929821481545007
683;0.028259810531884023
684;0.07191262553826148
685;0.07435534972362211
686;0.0055396908681978555
687;0.04182070092850953
688;0.06244878037756876
689;0.04467108069597856
690;0.03231439945275122
691;0.050304079990291156
692;0.05038346716248224
693;0.024272151037438995
694;0.06917535110690874
695;0.004033738302174561
696;0.061416602213946285
697;0.0009016899192180628
698;0.020155235856957776
699;0.0579634787145718
700;0.019222820208505367
701;0.05335569329562513
702;0.06788571169319575
703;0.041797276522845095
704;0.08088281012807448
705;0.09913536226150288
706;0.07950266381431421
707;0.07279068692931577
708;0.09108862386916416
709;0.07353970521963087
710;0.052099559477123726
711;0.016782019134832328
712;0.04702044012930008
713;0.027312980326500726
714;0.059905069489598166
715;0.012756125398227859
716;0.0909381340043651
717;0.04944802382778596
718;0.0566688669696827
719;0.00121483202428605
720;0.019458849240763257
721;0.021903682675851046
722;0.09618975953028035
723;0.0955880620851056
724;0.08285742448715243
725;0.06863687335115881
726;0.024860488229193668
727;0.0872205127064032
728;0.055257776509682714
729;0.02742782149721509
730;0.01734226883846739
731;0.02985097735615726
732;0.0644815797030208
733;0.010317473511058295
734;0.0869446212926553
735;0.04574222584641692
736;0.0781292431322786
737;0.04974771923604431
738;0.04473159712950793
739;0.05229296172255657
740;0.007879307357619481
741;0.046627094113904935
742;0.06672897648248749
743;0.03404885646485885
744;0.05881544557365658
745;0.008380207888839053
746;0.021535066721999542
747;0.06184712562592762
748;0.09242715483449082
749;0.08878561268351864
750;0.02561180592445067
751;0.03888930363745663
752;0.02695220319954572
753;0.03971780434504564
754;0.034891146950733413
755;0.09420870829425242
756;0.004275244915107712
757;0.04939828407102657
758;0.03010464049508296
759;0.05770628048087578
760;0.058571090101205904
761;0.004756955247663264
762;0.05395321741853198
763;0.0974400925943012
764;0.009337978902952805
765;0.06843699034858895
766;0.09455105603185668
767;0.058552755942184065
768;0.07413196673919492
769;0.03505090242175886
770;0.01888289562078185
771;0.024217227641433317
772;0.0982263734401723
773;0.0030622277735690598
774;0.027631705281221875
775;0.07499482240475408
776;0.045797829213926236
777;0.04100334516906151
778;0.06952951304266364
779;0.010044185395193951
780;0.07483064466451893
781;0.06484618021437609
782;0.09986065134068028
783;0.0256126983266359
784;0.014303040568209125
785;0.041088426670893144
786;0.02739739805831668
787;0.01320438829085311
788;0.025788999437170102
789;0.08187034639208302
790;0.08166548128800777
791;0.0022190473748758934
792;0.015819507136027044
793;0.07219342134281602
794;0.02035905811782708
795;0.04366806087544648
796;0.005291309062900107
797;0.03526876586484531
798;0.071572119216684
799;0.029965084908919595
800;0.06947197536615034
801;0.02055823310065216
802;0.021380672205703846
803;0.08335704157959983
804;0.0023250645241041147
805;0.05170306609567769
806;0.08533646597652163
807;0.0581293073250065
808;0.05057061409320414
809;0.08759321833613494
810;0.0222951903992353
811;0.010111576861788808
812;0.0696323985635725
813;0.06244350312162897
814;0.019493511498254058
815;0.036715525073137856
816;0.06074994912170383
817;0.041199134484422376
818;0.05273651887818707
819;0.04031763815538578
820;0.005644758954151796
821;0.036003193904961005
822;0.03920233700507728
823;0.0961792624305427
824;0.04349425575395582
825;0.07354904372609723
826;0.020074566165987254
827;0.009278152157742737
828;0.04781817063762357
829;0.04648077378460911
830;0.056083333211143616
831;0.08101256243316539
832;0.05838401185522222
833;0.09553866311167308
834;0.0065336568185608845
835;0.049082084401911856
836;0.015223626752712272
837;0.034983973485951725
838;0.019495646314210337
839;0.08614560961821466
840;0.07304316414016541
841;0.07387865296032825
842;0.024527997324692866
843;0.024200056862595833
844;0.011300412702284546
845;0.06911516023933316
846;0.04338493668815904
847;0.09656939663140451
848;0.03648216572144517
849;0.06053104824041762
850;0.06140263612085605
851;0.018537511615005033
852;0.022136787412772085
853;0.020372771249520694
854;0.017522549160009705
855;0.007320897710936381
856;0.015813093894870733
857;0.04707984917850341
858;0.09255427631404808
859;0.0318206702487871
860;0.04662749433532581
861;0.018398245583867403
862;0.046846003061872844
863;0.09996491128394715
864;0.09139426078424931
865;0.07687883230373184
866;0.06262320456438872
867;0.09698564527330064
868;0.06742854576269285
869;0.005114245457475741
870;0.0034725633503956965
871;0.022743839676453482
872;0.023373437677885456
873;0.029902146459394666
874;0.025586790169281073
875;0.013260963535385951
876;0.06560026967666843
877;0.09568380126773637
878;0.0008882930554342306
879;0.08360427995098538
880;0.04608110313922806
881;0.07847082537703044
882;0.051031307268069474
883;0.0019067419826790167
884;0.016653796750626847
885;0.015111896012488902
886;0.018733317102534588
887;0.06451665889702383
888;0.03312588883906421
889;0.05940811816554858
890;0.08784598981807308
891;0.03216276351709514
892;0.0013419685235183333
893;0.0815258401095451
894;0.04812167923995882
895;0.018779080490933044
896;0.008113375285819336
897;0.08034761237922385
898;0.07617074884836175
899;0.09278720151533733
900;0.09546536058006788
901;0.011697271568338486
902;0.01864320372583276
903;0.08595957555533726
904;0.07035507293881348
905;0.00224615311361257
906;0.036946381577971886
907;0.023482680153770242
908;0.0772498550149018
909;0.0622192627662439
910;0.09956829736181039
911;0.08947630900707453
912;0.07842306397719147
913;0.05008414866630863
914;0.02814903821824053
915;0.05917002875022501
916;0.04038580618236775
917;0.08967976550616816
918;0.08971482694362323
919;0.019356841091433142
920;0.08480974526222873
921;0.035158555593746366
922;0.04877974264266817
923;0.017337466372298726
924;0.025404503779216173
925;0.07900256221140989
926;0.0720131369388711
927;0.07534727556787041
928;0.017639957309950195
929;0.052070703241420546
930;0.0537021790898947
931;0.0059684641342201755
932;0.06609977843657512
933;0.08140507339996761
934;0.06502521321954906
935;0.060149091853035554
936;0.03688916247749672
937;0.09819027938620206
938;0.004713783094942737
939;0.09868793241820821
940;0.06815988422416418
941;0.004401812507064518
942;0.04518919893575314
943;0.001820669840017808
944;0.08153844693287286
945;0.017407958638321255
946;0.0865940233476108
947;0.09626184300848428
948;0.09509692465939662
949;0.05102130403254862
950;0.012891441956255946
951;0.08148872728480518
952;0.03609061769066898
953;0.031839581110950886
954;0.08841980226984542
955;0.03001627894061063
956;0.07771579660335513
957;0.019175464014194444
958;0.09063146439135522
959;0.07579543772740228
960;0.041750164867050715
961;0.08156278100085336
962;0.09901939090569442
963;0.008430243048295028
964;0.015613318765905528
965;0.06151241731889262
966;0.059088583604486926
967;0.09328849227547435
968;0.07114315623490972
969;0.05286369500165133
970;0.04115936398600885
971;0.016515679663839922
972;0.07648409302071528
973;0.07846388839410909
974;0.07632547462383976
975;0.02182943272228013
976;0.03952168663450065
977;0.08544559256529323
978;0.05954691198941062
979;0.06113698114346018
980;0.033360915722854004
981;0.05160563314578055
982;0.0669771980685341
983;0.07194146420461515
984;0.012370394427861288
985;0.07212462415053093
986;0.09463946028797329
987;0.010582280465645744
988;0.07690525100908291
989;0.07321632571717727
990;0.0029270633991963727
991;0.05056245526601542
992;0.04812206391286056
993;0.042448578331032355
994;0.09332398512516171
995;0.07481222410680646
996;0.006701034318919941
997;0.01410432904511978
998;0.01525394364765479
999;0.07274317144478708
1000;0.05309103866800178
