1;0.0718544224058193
2;0.0036904247964420823
3;0.008716544073180843
4;0.028528041928861627
5;0.029770474423385308
6;0.04538112233686919
7;0.04378805282360712
8;0.07849957078331077
9;0.06652863348695819
10;0.04421121221156567
11;0.06955873742224883
12;0.06915056031013066
13;0.07982929487824791
14;0.048607451977242755
15;0.008451626145713797
16;0.004689128237319851
17;0.01760291729679733
18;0.07980206557285086
19;0.03082646670710423
20;0.05321101907447678
21;0.014795342092140751
22;0.0656590371728388
23;0.08493948527008877
24;0.08798243594727706
25;0.02873954781899909
26;0.07658316610286471
27;0.07566825206208205
28;0.001695189659121621
29;0.06333668159203246
30;0.09708480363527273
31;0.04916017456281207
32;0.00788621582613217
33;0.0024936257226737426
34;0.09862992107006915
35;0.06987895127634812
36;0.07512486164423098
37;0.02993820770199468
38;0.07301708248307913
39;0.005939305834249032
40;0.06546775557853794
41;0.06095230318653806
42;0.04213494849775852
43;0.0469719095756965
44;0.07880734269374311
45;0.06027106200312893
46;0.012717513140822612
47;0.039511454856809486
48;0.014031006077940722
49;0.09841018965402493
50;0.020052692381361016
51;0.08277780442229166
52;0.08308315947433716
53;0.03837060573277108
54;0.0892144788172379
55;0.03896878474886309
56;0.028149054512408248
57;0.05502468992344887
58;0.0866554159411645
59;0.012477917830801778
60;0.07576476600890376
61;0.015994773666385798
62;0.05384866269715386
63;0.05212668543281132
64;0.02162439710733385
65;0.014585808620967033
66;0.025910332835192885
67;0.09464901667849847
68;0.026354511339522102
69;0.05826232775009185
70;0.011765878909692296
71;0.05609132288488781
72;0.03427655976192153
73;0.09119387501685361
74;0.09913576359163863
75;0.0501865710332182
76;0.04748373899977404
77;0.09590092418507813
78;0.09311466600857118
79;0.050635376284773506
80;0.06490690095536329
81;0.028539841685978708
82;0.014660475767516723
83;0.07959265758987248
84;0.06466149838586646
85;0.08503712563701654
86;0.09057166432597036
87;0.03710745728622979
88;0.017731717628538535
89;0.029809203525912334
90;0.03721751907851665
91;0.030807398599369998
92;0.07202990652083258
93;0.01961809067775614
94;0.07774932928996192
95;0.002578285842507666
96;0.022200508922862097
97;0.0680910537368971
98;0.054058214223575665
99;0.026342553798983717
100;0.026766323780823376
101;0.07647559587033825
102;0.042224380318017146
103;0.05272768739697092
104;0.012086781573641604
105;0.08862316380397528
106;0.08579251597320227
107;0.04443167742937029
108;0.05226370606701711
109;0.06863785025696614
110;0.054986953152585595
111;0.012831897247474978
112;0.09093281382138742
113;0.0454174930542493
114;0.09540894617389885
115;0.07782753155622776
116;0.026431858329878488
117;0.061096136577645205
118;0.009642677028442037
119;0.07754543048370324
120;0.06548617522300766
121;0.018760427346221076
122;0.04483356418797768
123;0.02466477386158389
124;0.010542588648750984
125;0.09146018451985403
126;0.06321228769968065
127;0.008063930093664197
128;0.0026966659216756564
129;0.05619002286380656
130;0.09497847630486184
131;0.0429769062142733
132;0.09710765774244606
133;0.09372028383373149
134;0.005326708046139373
135;0.07537622322512427
136;0.061809970614870174
137;0.07237072101034085
138;0.09977569006041995
139;0.07424670349600486
140;0.001955850366916001
141;0.02797431322363544
142;0.06659371872683988
143;0.09669547700745422
144;0.07321831019159367
145;0.059640393911704774
146;0.09823299157861597
147;0.041283463632829434
148;0.031687811258381104
149;0.0037439825217732373
150;0.03697202519875519
151;0.023665267853414874
152;0.024198262670438897
153;0.01792572503222002
154;0.09231539329040439
155;0.032979462774290036
156;0.05273450185519332
157;0.06685358365408116
158;0.034748248880261234
159;0.09550566651261241
160;0.09220212652272251
161;0.09316237113407377
162;0.021813305578351053
163;0.021131742947164325
164;0.09048572118312231
165;0.0240250708520949
166;0.09684524456102234
167;0.021167276480370135
168;0.02752760184183757
169;0.022987874118012366
170;0.02465500239936689
171;0.029283851699122246
172;0.016878574084917976
173;0.08519246754672904
174;0.0232907984913861
175;0.09984917881259764
176;0.017935953467787914
177;0.013667191322430572
178;0.06499032376478181
179;0.03758667918922135
180;0.03131405354979335
181;0.08275842685850417
182;0.06247315084486074
183;0.06935601633712864
184;0.07466210246522792
185;0.010061587748874702
186;0.09605949196917922
187;0.07649988470788806
188;0.09957794360786106
189;0.038970533313768076
190;0.032196564012216565
191;0.04073209069810654
192;0.026537086543084034
193;0.015748628511720455
194;0.03317814155557345
195;0.09546618923017808
196;0.013074080750096896
197;0.007781473015496776
198;0.05032835230761963
199;0.07850140085223527
200;0.06155826012719972
201;0.009138045190135736
202;0.0189148267648835
203;0.01852557651333203
204;0.022396277343672534
205;0.06251160817906382
206;0.007058043231845579
207;0.06567525817528878
208;0.03499803945902801
209;0.03098547970622019
210;0.03137832368934101
211;0.033615597413817956
212;0.07254716952141016
213;0.014441810911640285
214;0.05823563379009211
215;0.06984964389217234
216;0.035241008141279354
217;0.08512770178770086
218;0.09874072347271137
219;0.00549009529657758
220;0.026466767378583847
221;0.014143870890488342
222;0.07345113353824272
223;0.08728291182869075
224;0.024026601872244126
225;0.037209276575858354
226;0.016902297581084802
227;0.06976327618110241
228;0.06623337491218782
229;0.02411646221098375
230;0.03663877343511679
231;0.0192391588111305
232;0.0036134078922811733
233;0.03726022335370358
234;0.06439869686691045
235;0.03630910188737254
236;0.07416358688100992
237;0.008509347772713971
238;0.07776394094984757
239;0.0010876190704534273
240;0.0023432411752803417
241;0.08523349993308604
242;0.08567262228720206
243;0.07521862102855593
244;0.033420870766509174
245;0.03919837116555383
246;0.03343313848057068
247;0.0722456483927712
248;0.01600930757245562
249;0.00878450372350177
250;0.08847489190426959
251;0.052345313187511025
252;0.023481227814646035
253;0.0049816020581549105
254;0.06390156659263678
255;0.013353405719847701
256;0.021977037848600656
257;0.00018930298711160589
258;0.025585112528089083
259;0.03864953418179854
260;0.07643351634924142
261;0.009091684138580603
262;0.06241609486126787
263;0.09223892306517029
264;0.0015694560069755782
265;0.0967212762578814
266;0.08202797341845414
267;0.02472934081439996
268;0.0201990326548955
269;0.012185497987189998
270;0.005364828491870289
271;0.06461962628867797
272;0.09629202213339016
273;0.03183930612396131
274;0.08651474818389177
275;0.019954066320419375
276;0.08553481957389979
277;0.09631960295958694
278;0.06103960435140263
279;0.09418142205748185
280;0.08354697826057131
281;0.04652063616954569
282;0.09166743207141721
283;0.028353939467552925
284;0.02436558680691181
285;0.04660207138192331
286;0.08493620397054606
287;0.04783127068793526
288;0.02939325128294309
289;0.024344050476773616
290;0.08570841797947329
291;0.08288542944602088
292;0.09220068899857622
293;0.08893890842261884
294;0.019238909103909452
295;0.04839616203680772
296;0.0992080461768064
297;0.022415550529923913
298;0.0012746923388005317
299;0.02091040019512609
300;0.011025743558414892
301;0.004835135469386665
302;0.028983646537681942
303;0.020259551218331007
304;0.09079053072588415
305;0.021949206852865458
306;0.09900305097123413
307;0.0987151681774977
308;0.023868878289709728
309;0.0726148066254122
310;0.06500207067416346
311;0.01646386306999099
312;0.03400272988552584
313;0.05711530926394407
314;0.01141512651220744
315;0.07435783443190142
316;0.07499037881074914
317;0.04521204670990673
318;0.02239854894624841
319;0.03360125191120599
320;0.022402806261472032
321;0.02434196001523181
322;0.08468978143506378
323;0.06617455718737253
324;0.013111934587073604
325;0.00031313136670605427
326;0.055944504301215836
327;0.08286691016424963
328;0.014235410400767158
329;0.06327066634529795
330;0.017742304399224928
331;0.05883330523499778
332;0.0011116956376517662
333;0.06879505757336128
334;0.09722236161116636
335;0.031946663310676006
336;0.058280694200984355
337;0.0583031957276626
338;0.08260697358688729
339;0.06270135737541589
340;0.09139373501620549
341;0.013437259667515734
342;0.08034969277149145
343;0.056481386686417806
344;0.06891463810460434
345;0.09440516332919544
346;0.01789433729496549
347;0.037792569043422444
348;0.0022019330710617347
349;0.012401708228989495
350;0.03804787488024648
351;0.015137047962282248
352;0.058511080144716426
353;0.06600355704652908
354;0.032676622304831315
355;0.0707940459530176
356;0.007297191002841608
357;0.006925732710190902
358;0.08622724297751204
359;0.01998609761068102
360;0.09362230021722535
361;0.059569414137326096
362;0.030939667270731375
363;0.08449017953023963
364;0.009215423135368285
365;0.04879723356060291
366;0.01835774188487768
367;0.05883519229982906
368;0.01555111121123397
369;0.09715493988332495
370;0.07745260016621405
371;0.05129422690321205
372;0.03663342520724396
373;0.05649943355763706
374;0.03390302265676045
375;0.019128999864492235
376;0.07023798577968685
377;0.006979780428911098
378;0.04589489887623993
379;0.01264288602712571
380;0.07665893560798955
381;0.010009603177653615
382;0.020818854942197942
383;0.04853076018996414
384;0.040885048157783134
385;0.005013998685401078
386;0.06901103030029775
387;0.04618454824761203
388;0.008686372273675625
389;0.020065752860518073
390;0.0868369080870586
391;0.03318507461826919
392;0.03603240479822367
393;0.07343532704946407
394;0.046399729157339344
395;0.012778167761408932
396;0.03305727896989779
397;0.07462447130911062
398;0.016986320527805243
399;0.02139110644641473
400;0.02261328730292167
401;0.023971227496479522
402;0.07269403403844564
403;0.08821711036276231
404;0.09432427746704501
405;0.007750120416777373
406;0.024479556294758578
407;0.06759605892726446
408;0.053085945614066654
409;0.07270108338367985
410;0.04231865024501979
411;0.015714703504764328
412;0.06339171813867504
413;0.09079315855544806
414;0.06570864180564925
415;0.07186799664771193
416;0.006139734013800391
417;0.06938378682336521
418;0.044277353362998983
419;0.0860180682155282
420;0.09434390594744801
421;0.007502379119528113
422;0.061801438870855555
423;0.02042894226493669
424;0.0035402617113063587
425;0.05137028613866216
426;0.040881610948673666
427;0.08379067687330131
428;0.04659846317847155
429;0.09740794994225957
430;0.05500891195562766
431;0.0966560030543559
432;0.04865636579604348
433;0.08491170091194075
434;0.06879737934938471
435;0.04709675313758739
436;0.07485478295756638
437;0.085070739659039
438;0.0905108161969333
439;0.0226209527578524
440;0.05775062892571367
441;0.05066877011135884
442;0.05605397263802937
443;0.05709318878067668
444;0.08992610688770686
445;0.03657144747886727
446;0.0023384417891712975
447;0.07946024802583027
448;0.03557926286696233
449;0.06947296769143806
450;0.013411125639825761
451;0.07754611786403422
452;0.07421327545046273
453;0.06977258108236536
454;0.0772845721821094
455;0.04515469258674524
456;0.017409726805792048
457;0.08228656943705819
458;0.0009029548313931213
459;0.08944915681500694
460;0.03980760398278992
461;0.0030820100331724666
462;0.06787935227678125
463;0.0717165513978199
464;0.06485686632715888
465;0.053565024093385274
466;0.09773351001335122
467;0.06508620403200138
468;0.02416504060535344
469;0.0837177756812029
470;0.015838988428760803
471;0.009200794618336028
472;0.05124542773417026
473;0.023428088823157247
474;0.08033202284550967
475;0.007729656346117009
476;0.048625337959248296
477;0.046214896371036096
478;0.003761208497565871
479;0.009657015395930557
480;0.08661557178501467
481;0.03648638503087416
482;0.06171606302281423
483;0.009941358423239843
484;0.0691449883961571
485;0.07184420338597512
486;0.08424301922721608
487;0.01569252812331795
488;0.02499480749191967
489;0.030511931384335278
490;0.02837895138424068
491;0.07260728797412454
492;0.02870209909424162
493;0.08354335028537725
494;0.048367050027441974
495;0.0953604788689534
496;0.03774234801222656
497;0.016980234405276018
498;0.03525447347307547
499;0.01042063769784668
500;0.03447777231242163
501;0.07852245441576877
502;0.09717272966893975
503;0.025378341850025778
504;0.04798178468219042
505;0.07017852740233982
506;0.07510179175909994
507;0.05380751782219702
508;0.025025249663751404
509;0.07436686833201256
510;0.07851176539835347
511;0.012744181706533332
512;0.09207783253384912
513;0.07782279727579845
514;0.07484108460858435
515;0.06103731374142404
516;0.08326384949425931
517;0.0542011831223127
518;0.020209150250193143
519;0.06894538913655768
520;0.07218783326425153
521;0.045714529522385305
522;0.08013877935997837
523;0.03252085197156087
524;0.05024832676215601
525;0.06263405800783271
526;0.08117328994615072
527;0.039326585027286504
528;0.0652151987424529
529;0.07668445571596794
530;0.030267366746052383
531;0.04524033748230182
532;0.0455986043503836
533;0.029167461356670366
534;0.019900617751163297
535;0.006130097391000822
536;0.07407790666179946
537;0.08594382260922259
538;0.083174297733232
539;0.08328378647879216
540;0.022152258567350237
541;0.09406014447920007
542;0.08810932997969713
543;0.04583048464090757
544;0.015309611605672702
545;0.015598631063595403
546;0.02909840136421642
547;0.029723536845496792
548;0.09153448494896553
549;0.09805991500499173
550;0.02957917044973897
551;0.0058960629816471434
552;0.06569519785324804
553;0.08596045596615676
554;0.020758415503291352
555;0.03320803292443832
556;0.019016554000974774
557;0.09927413749443911
558;0.09162525501177543
559;0.035080089484486744
560;0.07459346055669884
561;0.0478871192415668
562;0.06720678414339973
563;0.05175581175351218
564;0.009781136545720394
565;0.03305560144667093
566;0.08516604012435125
567;0.059681444995884174
568;0.09240158340342183
569;0.02255664542609134
570;0.011869041584128194
571;0.09593398119092636
572;0.029227373935836132
573;0.049296177062197126
574;0.03295909836169919
575;0.09779363838373405
576;0.06545531207875968
577;0.024176085912844092
578;0.02573271869175946
579;0.09946440151967335
580;0.034705805874900963
581;0.009711771761426381
582;0.05731104089935252
583;0.026560924504640773
584;0.042776296567939076
585;0.09777266305059971
586;0.05723207863105097
587;0.055736676428024635
588;0.02209702978165582
589;0.009776034859259985
590;0.048762754398321395
591;0.05509917542603102
592;0.045543680532488584
593;0.012921667740166022
594;0.08259446096299165
595;0.010421795071193219
596;0.0059847291513620456
597;0.08163331623079641
598;0.07828739207604737
599;0.08141765497869714
600;0.04969927868401458
601;0.005843524962500735
602;0.01732754061317107
603;0.06843250043740785
604;0.052292942427647496
605;0.05999549368080629
606;0.024500012336701918
607;0.0410832834124681
608;0.0864726508341077
609;0.05667923971702891
610;0.021566907572083474
611;0.007824124214848694
612;0.043323509111998317
613;0.013713932783671591
614;0.04008628548731383
615;0.06215920624802726
616;0.006593288162401668
617;0.09623030681142343
618;0.07464849192294218
619;0.028475276321730716
620;0.08075934522300975
621;0.056769877555237803
622;0.07263802760596401
623;0.09731492123862241
624;0.0650132908099324
625;0.0502149632262547
626;0.06816305253518094
627;0.027091778396472477
628;0.042083494070011364
629;0.08054183333949173
630;0.06935241378646956
631;0.08090831112241587
632;0.02026525262910435
633;0.004476868232024989
634;0.09477671864710055
635;0.09230208404775182
636;0.07013257246102718
637;0.05164718987200339
638;0.01441139912300582
639;0.064705855054615
640;0.07721435571532592
641;0.007877161828459822
642;0.020109183538092913
643;0.0323371309895924
644;0.036467267243701265
645;0.07638242146067796
646;0.011457532335380195
647;0.01444186714933643
648;0.013843745227195137
649;0.06480615273003558
650;0.034844848789075414
651;0.05073273697852047
652;0.08938454628279455
653;0.030108084212887146
654;0.0518855400490598
655;0.03055394679797975
656;0.07322053734485594
657;0.03914806623034868
658;0.09640253448811043
659;0.08377531189601463
660;0.09076755712607738
661;0.03002387547516775
662;0.05163069637572476
663;0.037351733128063294
664;0.04747309212728369
665;0.05594299868624556
666;0.04726058626222767
667;0.034057790722950766
668;0.09898851934768875
669;0.08323199620986005
670;0.06478924721852233
671;0.0995570416039362
672;0.07156794759257519
673;0.010966691177847189
674;0.08759236808039399
675;0.08985533589052465
676;0.0902053762466915
677;0.07080629994014505
678;0.056383115243481656
679;0.0007826383531253534
680;0.0002760200225420895
681;0.09892678814953504
682;0.017837032539612774
683;0.039864256536304356
684;0.08687366557426227
685;0.0003579107265071824
686;0.07251054579600329
687;0.00755903483972763
688;0.017352664918359153
689;0.0886144361454239
690;0.09469284060080324
691;0.04333963011946976
692;0.02487377241399338
693;0.08940975321922107
694;0.020601697784988094
695;0.047102801393573306
696;0.06103203313665465
697;0.012339545447128664
698;0.06609594181365332
699;0.06969426817628248
700;0.03855383684433033
701;0.03881873948888414
702;0.09846850539937435
703;0.022808538792852297
704;0.0487218166002785
705;0.017554485463408067
706;0.05398414415886557
707;0.00617205414938552
708;0.015941275272797508
709;0.012923534156099249
710;0.03892713557003226
711;0.013126935514443239
712;0.028892283742024395
713;0.052894885116948856
714;0.030577715364564873
715;0.09013148616013095
716;0.028873765576727908
717;0.02748660275050866
718;0.01939803110243209
719;0.09622590524088072
720;0.07749549277254209
721;0.04710118067888182
722;0.02295210783442433
723;0.03502752919863883
724;0.03267538398135568
725;0.08465459961285132
726;0.05527810983046444
727;0.09113232318520151
728;0.05244478894776927
729;0.03589725395061815
730;0.07284163161439021
731;0.006307891636177277
732;0.024191171310426987
733;0.05540645798000578
734;0.08782104080196829
735;0.05074703084598331
736;0.002993490986865011
737;0.0441682395356342
738;0.026569024694233778
739;0.0003441870587680418
740;0.08541424628037103
741;0.08922126860280083
742;0.08934313933479274
743;0.06457942779223406
744;0.04009669418127705
745;0.09730832000356514
746;0.0359488022505577
747;0.025619437260590662
748;0.08314403424571537
749;0.03176123451613323
750;0.08354493670964583
751;0.07908730949354359
752;0.016071491010333762
753;0.08972042173354948
754;0.06104499961603173
755;0.049550347393958555
756;0.055679053906993625
757;0.01891086755965108
758;0.04346814486502646
759;0.00983410392583497
760;0.038542569972421864
761;0.048771147997643476
762;0.06006335657620106
763;0.05538147902742801
764;0.06884634149067803
765;0.0695731285508531
766;0.05556010908992636
767;0.08167882436792293
768;0.06713751798849
769;0.05090892167493008
770;0.06591291553955654
771;0.04632631716770457
772;0.04764185825631412
773;0.07139166715455626
774;0.08133537529465647
775;0.08426548653446105
776;0.018956052658558986
777;0.04137328484737625
778;0.08957272572789958
779;0.06246159995485049
780;0.05073324738733871
781;0.03675929435094901
782;0.09981720646696852
783;0.06777558903304876
784;0.015598798271695292
785;0.03689729779397632
786;0.04949743968877233
787;0.05362998128547236
788;0.03168273120234565
789;0.057786800184195145
790;0.07062451513088579
791;0.08319902174403083
792;0.04054110734543929
793;0.06644224165650044
794;0.021823745202591196
795;0.030996002928634026
796;0.09183385023758774
797;0.08596600410882843
798;0.050010361202988185
799;0.09972868455059447
800;0.0688845943596254
801;0.07304909484693549
802;0.05601033401896737
803;0.09061451377217963
804;0.020545900310820875
805;0.09468358022818782
806;0.03175979282613334
807;0.06322301977580348
808;0.05521542374324972
809;0.021739971625134316
810;0.07625338859027919
811;0.08793981394499242
812;0.05398468167058701
813;0.01988089425180031
814;0.05685810887361562
815;0.024105906414862523
816;0.02850093290181376
817;0.09149965770787201
818;0.0794322300008695
819;0.02289294364102891
820;0.021382867926353324
821;0.055246023455869
822;0.04780880144594851
823;0.06324194999959447
824;0.0822656152427766
825;0.04876290989759235
826;0.026308226461681253
827;0.02160914515079101
828;0.07934724387898334
829;0.023867744949443326
830;0.08434228614705123
831;0.003779228853532779
832;0.0023066305811759616
833;0.020658563880771454
834;0.05431013220737391
835;0.03736600954990115
836;0.010380669583206482
837;0.09800707369884668
838;0.06369715633844497
839;0.086583675598956
840;0.015925305123367085
841;0.04999633184817313
842;0.09922692160036306
843;0.047246107895946216
844;0.032960905452295484
845;0.013129747590760256
846;0.043020929100074184
847;0.04470338105009112
848;0.012591647612305036
849;0.02658787342572151
850;0.07026494086833411
851;0.0078008198205485775
852;0.04142753668260477
853;0.08572257863636078
854;0.07303248266062223
855;0.01830341979799485
856;0.0008692386159153465
857;0.019713468796184255
858;0.015509159506588122
859;0.0051761009340979824
860;0.030564640553187472
861;0.0366197608372941
862;0.04126401820162754
863;0.0355324861270517
864;0.005182061062508892
865;0.036425283239031624
866;0.02125215065288716
867;0.051338992061640824
868;0.010938552659967217
869;0.04633702747082685
870;0.046460431589691945
871;0.05278229274223822
872;0.08946328177428206
873;0.09388931375975672
874;0.013600313495655249
875;0.04604846174288461
876;0.01033533541540619
877;0.015074564665667268
878;0.07223840815202166
879;0.08451381746900688
880;0.026964462485580466
881;0.0029099845930387726
882;0.08905278289762603
883;0.003396839937532148
884;0.050040661500046914
885;0.0021220292876621416
886;0.038692701627502636
887;0.0221658721701679
888;0.09304064607950549
889;0.05187229084339665
890;0.08453608444952777
891;0.07923990994195332
892;0.01973626525887864
893;0.0644079667300009
894;0.051045063408816586
895;0.06869304310923535
896;0.023002760989546678
897;0.09084369623798749
898;0.006633069702406913
899;0.09733014187090405
900;0.0824615823664843
901;0.003960578500284684
902;0.014205594863245852
903;0.041595875553556906
904;0.01074768387241275
905;0.02643403844517822
906;0.025553425151635802
907;0.06919260878181542
908;0.09576110817177712
909;0.08881626645841106
910;0.0037671480297583717
911;0.04288584593306706
912;0.002343056149587253
913;0.025275470028049286
914;0.0015988614025456817
915;0.07327688406692699
916;0.05399183358447393
917;0.02606894930012199
918;0.03595656363527796
919;0.03810338010333201
920;0.044961012933624506
921;0.053289318638695876
922;0.01675056840857955
923;0.06868668005266591
924;0.07726495335591374
925;0.06575328595378947
926;0.06052186299022996
927;0.049797045762604936
928;0.01501940861477532
929;0.06903495340672845
930;0.012952752552555458
931;0.08741130534135985
932;0.0899891632083335
933;0.001984792833497351
934;0.05167079434480733
935;0.008098360707376651
936;0.07776449297957985
937;0.03414959577998555
938;0.011567402284773721
939;0.009164420950904528
940;0.04480675674664078
941;0.052414130638002855
942;0.09485042025751551
943;0.0700267697900394
944;0.05215391002926345
945;0.07396469967151088
946;0.033032148520087914
947;0.04780779454517673
948;0.009100698210253711
949;0.06637987254557041
950;0.00028165029234511474
951;0.09728753608083071
952;0.03153422671141539
953;0.04706246204999509
954;0.010304882205647715
955;0.022358520809764915
956;0.019190111879568816
957;0.030681153998361077
958;0.06422065132163826
959;0.0013585905423637024
960;0.020761753058581047
961;0.016170305452810264
962;0.04686897137972549
963;0.07877584748236166
964;0.047246628535119274
965;0.08849226831472634
966;0.013688869343160139
967;0.021193726153954984
968;0.021430089113558384
969;0.08528396027453955
970;0.015948648231529472
971;0.017459890408870894
972;0.0956646278170152
973;0.0451891969758717
974;0.060048763662916976
975;0.0537158330044745
976;0.04327676951588705
977;0.09572664668584906
978;0.027080513661673158
979;0.023352853174954537
980;0.07144821478832718
981;0.03167980114114436
982;0.0032928839808805677
983;0.03794892889533307
984;0.09285399165842137
985;0.026833661108205443
986;0.03722150194844753
987;0.02736720537375187
988;0.031123794902244387
989;0.014427291872919369
990;0.06598371195567491
991;0.05442929067729102
992;0.002216740491408209
993;0.03140815896243485
994;0.013569199355957507
995;0.05298763565654152
996;0.08255106623085905
997;0.0632862709239275
998;0.07380958969625726
999;0.07828559126834364
1000;0.06289244441567075
