1;0.19235405808235204
2;0.09251259836573858
3;0.14961843078635423
4;0.0037030298273739606
5;0.18046211395723039
6;0.0645436838975083
7;0.06125845997653232
8;0.18294189862386975
9;0.07666044019530743
10;0.15879205452963896
11;0.04958398430135602
12;0.03242082924418397
13;0.031008496187350732
14;0.15014692117186632
15;0.16795225707261394
16;0.08078799852925625
17;0.1767145363560538
18;0.05944697635577645
19;0.07081173081072416
20;0.14987875690284533
21;0.025311847133668876
22;0.02676671729546598
23;0.002743738698472398
24;0.13084208094706945
25;0.18858668410965335
26;0.054114667256649644
27;0.05233655902993875
28;0.07600246549450523
29;0.040573220029176606
30;0.023273465752772983
31;0.12199315071307806
32;0.15235293045935197
33;0.10469418029199676
34;0.14993238421821173
35;0.0690999898985716
36;0.0985388596032965
37;0.18930827308562329
38;0.018986805489843175
39;0.17723956892052553
40;0.025523860413869094
41;0.170735187098901
42;0.18611661221181783
43;0.021474029582037948
44;0.13865285163046825
45;0.013766483554048949
46;0.0562884602641156
47;0.04985409376771022
48;0.11250256810079787
49;0.1581110259223443
50;0.005933004909924478
51;0.0760860297663816
52;0.12636163366398576
53;0.11872245030252507
54;0.07458480589980014
55;0.09192754514612252
56;0.12355012438158702
57;0.054224091875799574
58;0.013405843529658146
59;0.1035035947292444
60;0.18855771663481877
61;0.06813106177037702
62;0.009993714632747987
63;0.088080174576604
64;0.010245622337137706
65;0.05472555630469942
66;0.015543966652670438
67;0.0749484165345151
68;0.021112397789106476
69;0.18752743738181787
70;0.0905926071057496
71;0.1891218697255092
72;0.06426864428111871
73;0.17892999913865248
74;0.13231566869285835
75;0.028969907941698514
76;0.0017201585883422244
77;0.16540358267073102
78;0.03383580240528128
79;0.024501533664855815
80;0.0020348447970538475
81;0.05465939916428569
82;0.15968156873110018
83;0.18502396445721936
84;0.14802359170339388
85;0.1013323436951626
86;0.19256458228790174
87;0.025825183683750176
88;0.1479736273160074
89;0.05677446934735464
90;0.11803664658160018
91;0.061202870012526916
92;0.11655511271719983
93;0.12064716357945492
94;0.020552628162418207
95;0.07189454140989614
96;0.17418985851474697
97;0.08519639904451984
98;0.1956048813921851
99;0.14709803826580514
100;0.07736443949660943
101;0.14130817079713817
102;0.1949558940170838
103;0.12171363010065939
104;0.012640700437962083
105;0.12391146061509771
106;0.08308046599590457
107;0.07486637649487704
108;0.1884075957890959
109;0.10935975648316915
110;0.06594544660181194
111;0.06438934275101922
112;0.145533834082736
113;0.04142643014942063
114;0.06036111544634462
115;0.1571948445562083
116;0.18233106015690848
117;0.11288991926875569
118;0.00861413285184789
119;0.05507779829793236
120;0.08359558587011238
121;0.09918973933970068
122;0.1892975494108823
123;0.16656244857620933
124;0.16446187913461463
125;0.012673346040661327
126;0.0019692683013678327
127;0.03498468697223962
128;0.14267303041196272
129;0.020460597566827568
130;0.19634439174823806
131;0.15533765706525401
132;0.17714129363804568
133;0.01252607791244278
134;0.07085778212864198
135;0.08455415869366566
136;0.09933660988202933
137;0.13644822463952008
138;0.1613429229911934
139;0.04958634709497416
140;0.11420263768259423
141;0.10082046390586984
142;0.09366518078871225
143;0.09450651576479735
144;0.05423057280924966
145;0.11557788943198054
146;0.1826588184449039
147;0.08004500478166687
148;0.16420232763284207
149;0.030757260238853057
150;0.19581725372434589
151;0.19054251053656268
152;0.18349887969095496
153;0.10042483087642698
154;0.0894237321107069
155;0.1336103506051518
156;0.0661029921693984
157;0.11150530986636259
158;0.0896883826659747
159;0.04566654098986483
160;0.17095270091825254
161;0.16713699563194415
162;0.013670326172858084
163;0.07068375596464374
164;0.1020319300734664
165;0.0796407247800163
166;0.19405102901665838
167;0.007389895428460203
168;0.15343895480898498
169;0.031095840788674757
170;0.15034315383746757
171;0.057599324091680185
172;0.03823376707613242
173;0.18802325936319061
174;0.1861770998063484
175;0.04534277394121571
176;0.1628775304857428
177;0.17711664338771177
178;0.17169580969681225
179;0.17622312536013665
180;0.12244365407245031
181;0.024017061266604012
182;0.06104417143789061
183;0.08667622039568917
184;0.08971206783983043
185;0.15036986467049562
186;0.14662773181374783
187;0.07229077548313075
188;0.08120293585022434
189;0.1356885363210092
190;0.07090888888180402
191;0.03281775298450553
192;0.00580954994512164
193;0.03881412104710458
194;0.046035932469925926
195;0.15280932109751988
196;0.08953227007837083
197;0.050606877106410965
198;0.00016831421822423033
199;0.152085691363911
200;0.1909916767792953
201;0.12580352856112126
202;0.1626178798021679
203;0.15491740849653243
204;0.006969228456176735
205;0.05047933409046701
206;0.07091512876845983
207;0.11559122693291633
208;0.19476763923874416
209;0.11752615766971955
210;0.015171570819116931
211;0.1958948794488598
212;0.06985773073964348
213;0.1018860707763008
214;0.16747562512921266
215;0.013892956456275685
216;0.14258493317928164
217;0.0922780130954861
218;0.11020257503709437
219;0.09329082577514153
220;0.07035428500082934
221;0.1836911029333454
222;0.03382265407119398
223;0.14722968614430024
224;0.19934822221046408
225;0.15076453909268692
226;0.1144168069721811
227;0.17337909586267378
228;0.09797038896099526
229;0.03995387245339546
230;0.11844729076354142
231;0.12556008220177772
232;0.09948873458807411
233;0.09192794197412704
234;0.0382151026817775
235;0.15985153179298517
236;0.05123205376956359
237;0.09064520346851988
238;0.11319502706119056
239;0.03255005024248832
240;0.03939758630111816
241;0.12666955467361543
242;0.09130689033675743
243;0.014266525390759389
244;0.01838911499787572
245;0.09451648702996761
246;0.08093719339285521
247;0.07999454429532887
248;0.12820789004661046
249;0.17175737288990217
250;0.015333369798895546
251;0.05128850862206938
252;0.13916664486991673
253;0.05128500261436817
254;0.07097014866908598
255;0.17882386380260817
256;0.13107204054360924
257;0.16852812870959796
258;0.05768400053461778
259;0.13162953811964895
260;0.14110913428067004
261;0.15099036360655754
262;0.11922233181605113
263;0.14860389075345778
264;0.11577496124116848
265;0.02573989572691955
266;0.12547483559131065
267;0.1602662198028244
268;0.19940925371507115
269;0.1776744025737782
270;0.1292451800954609
271;0.12583977076674166
272;0.05894930256760065
273;0.06788535504250746
274;0.12429682764973551
275;0.10731193411034026
276;0.18385070560606367
277;0.1861760754841374
278;0.07665394781734246
279;0.09794371470072681
280;0.011328990904817272
281;0.08562864750358812
282;0.03826914984243035
283;0.15672634970403643
284;0.17085949492084687
285;0.1581838735689115
286;0.07256716837934017
287;0.06403445239695381
288;0.09847243418525098
289;0.05222072640452855
290;0.1014061804034862
291;0.0012502632507993107
292;0.19946325685215838
293;0.022079128423728125
294;0.014297678892603428
295;0.12679086478005805
296;0.05401719462033048
297;0.012551084160495309
298;0.06902441236632176
299;0.16731801094338875
300;0.03469805882967192
301;0.16603550830941433
302;0.05985701975925628
303;0.06407991611937243
304;0.11267759527165251
305;0.14881105506864695
306;0.06022353674982091
307;0.17384142231679964
308;0.020277674599195827
309;0.11020578499571612
310;0.13920432172794878
311;0.18108984152275065
312;0.14587542974363527
313;0.023646876885339042
314;0.18598121986360683
315;0.03867643174650037
316;0.006758744448060128
317;0.17269804714654835
318;0.19302503237288876
319;0.00620404186523944
320;0.1530948315571475
321;0.1501496965304109
322;0.12016658088856765
323;0.15213994741005682
324;0.15754577539772976
325;0.1890993750557742
326;0.03401809925196462
327;0.0838091781499663
328;0.019504197464083963
329;0.16186418376617107
330;0.1298246132293234
331;0.12002924575129284
332;0.04169416347367645
333;0.12467898309728474
334;0.17685825839578403
335;0.09289024639173885
336;0.10225082540663882
337;0.09121658373836712
338;0.05315307611141473
339;0.07462928965670061
340;0.16909899640555584
341;0.029463516949254132
342;0.12983374746456033
343;0.17221061230201684
344;0.11934145635359882
345;0.16750208003253175
346;0.17787290502141928
347;0.15301776207876167
348;0.11095092572083319
349;0.08509944536923351
350;0.058373353581071964
351;0.003958949289279756
352;0.033307717499107235
353;0.18699157186869075
354;0.1657188436457421
355;0.1376272251283667
356;0.08403045632018234
357;0.026509207530653535
358;0.1145422969725014
359;0.05323202960938303
360;0.13214296526322009
361;0.00837663672347362
362;0.025258525086282124
363;0.16680593981853895
364;0.16475599287009643
365;0.1887671728210862
366;0.1936764563177214
367;0.12668546814787018
368;0.13193875944954225
369;0.01269979923105209
370;0.17329119323219885
371;0.1747551028717665
372;0.01602653560401255
373;0.006006624149377627
374;0.06018459400196122
375;0.1905250917688288
376;0.09023503776764148
377;0.12062846720742976
378;0.17325175698941986
379;0.08848671656672852
380;0.05592618671044485
381;0.10074162109561001
382;0.10297345695444304
383;0.09031859430617162
384;0.10751139611628438
385;0.14614179411258096
386;0.03449201401427351
387;0.15706569503423085
388;0.14261489015319193
389;0.06212803611202311
390;0.005228218726173206
391;0.0535386879378585
392;0.0467249819657303
393;0.12570613337218473
394;0.03221152469394613
395;0.07672979932775686
396;0.0039926512829673525
397;0.10810378781895534
398;0.19737541510514522
399;0.09123572876630964
400;0.12933494238171714
401;0.02284429934137653
402;0.11066131105541188
403;0.1455494153695209
404;0.027364540093096523
405;0.05976053414035618
406;0.16203642319376427
407;0.024149943359652173
408;0.1557146997073301
409;0.1884712562673809
410;0.19289374470306503
411;0.054629629608481084
412;0.12595213733317714
413;0.162754992634973
414;0.16138927631403407
415;0.18249382170756656
416;0.1361626201834418
417;0.09901016005135184
418;0.18847282480449098
419;0.14833667204473774
420;0.19834171540138418
421;0.17111078039652086
422;0.12229978318885358
423;0.10141578910072822
424;0.04327582948493676
425;0.06472043622490578
426;0.028402393953908422
427;0.05838466287125237
428;0.18276178715313385
429;0.19335403794003478
430;0.013753391153824035
431;0.06790148411741381
432;0.06097688185337605
433;0.10779122617359578
434;0.18996062633005306
435;0.04042627992080912
436;0.16004834741620047
437;0.07817633852264334
438;0.06433778582289236
439;0.10045496573828779
440;0.12644893324796277
441;0.0043781354860272575
442;0.10128149671595998
443;0.15139595706054387
444;0.11323225372318918
445;0.12462158767299734
446;0.10643240714745889
447;0.1918162975903263
448;0.17717245274210902
449;0.15653865693980118
450;0.1871661999571096
451;0.11135482941006852
452;0.06384974344424581
453;0.03684327252135351
454;0.14183582894443078
455;0.024213797340449927
456;0.17435822573328408
457;0.04829017442546482
458;0.06717398242247788
459;0.10562783970963324
460;0.1548822756757857
461;0.07260662757233526
462;0.14993770156774652
463;0.13440517504432467
464;0.03146744270412636
465;0.16267551773340957
466;0.11840288957968848
467;0.19573316804812407
468;0.12086573928394001
469;0.1875745337974799
470;0.04114364772685522
471;0.11417158223822839
472;0.18365336818738892
473;0.1592042734643651
474;0.1622946258058321
475;0.1907996118225059
476;0.07230459089805151
477;0.0675305791372834
478;0.03405382076793342
479;0.06835885723092183
480;0.047156538084611205
481;0.01776962956326089
482;0.022113604820332047
483;0.013916806022847462
484;0.006664922517568228
485;0.11482069181174576
486;0.08290062716571348
487;0.12432688550126997
488;0.0634853102382235
489;0.1473716069206717
490;0.02732772025982846
491;0.13083821734482023
492;0.06578167201851835
493;0.03180741562004792
494;0.053562401760005464
495;0.13531284911620653
496;0.11725625947121619
497;0.0016884012947107952
498;0.16087124090101224
499;0.09855673494439304
500;0.13888456217563477
501;0.0989788691495338
502;0.018573590117280415
503;0.08521709378288572
504;0.09238152743630418
505;0.01125191768769207
506;0.015053835192907816
507;0.07115910831159182
508;0.009538373597055207
509;0.010985534897252604
510;0.189750021153277
511;0.056158823794045534
512;0.0268972373261859
513;0.19642712435301893
514;0.18703675644784273
515;0.16514215097831797
516;0.15743077539544592
517;0.03698665001779058
518;0.1579961370237694
519;0.020057642838170776
520;0.06674107826059526
521;0.046085360745148796
522;0.1487109944704699
523;0.174069276099425
524;0.10275933271574743
525;0.09966630270655107
526;0.10441971372690327
527;0.19099050613115742
528;0.03401822290009262
529;0.16967060793004338
530;0.10981097427842629
531;0.11045547220834802
532;0.16001041335086605
533;0.14708348790616874
534;0.13124111915752784
535;0.13713757815144764
536;0.19968204383803223
537;0.08085950666256299
538;0.15281586676704487
539;0.16315978916483667
540;0.08672621061703455
541;0.10904924110246861
542;0.042206957506121134
543;0.16524617017508594
544;0.00415971507745212
545;0.05951010367953773
546;0.09796723389286605
547;0.0014211202889397923
548;0.11979399985996
549;0.16991982056938362
550;0.051017134615333574
551;0.15535680577537367
552;0.01413714923234042
553;0.0063266274834730355
554;0.05330784733091385
555;0.1795762920611801
556;0.1420968751045266
557;0.016963006579057405
558;0.10108233929800395
559;0.13147333028301997
560;0.03930969299772467
561;0.06591446679167134
562;0.18261791085610862
563;0.1262167343153641
564;0.034133465020341494
565;0.1225713017195943
566;0.19430594925197553
567;0.039464344095038295
568;0.0345361999121746
569;0.029169027779500478
570;0.11600670309776068
571;0.1048600184500097
572;0.1408921044366046
573;0.0610928750322374
574;0.07740498412331216
575;0.19307874047139717
576;0.17248632041616774
577;0.17736169318603798
578;0.11006655572633084
579;0.0012042210818462796
580;0.02373159076729694
581;0.0607071377976111
582;0.08778730063119154
583;0.06595997720366491
584;0.016779647936973553
585;0.16092830351684748
586;0.05875379173002304
587;0.09825586699945515
588;0.13918312047413048
589;0.06949718664406268
590;0.1063245045595031
591;0.006906235746864997
592;0.19185641232116823
593;0.1438323839167028
594;0.052917886303965815
595;0.13078004871881208
596;0.017645749546907143
597;0.15642029109898475
598;0.10912854772438314
599;0.08582497978784549
600;0.06462413749173716
601;0.16643613604909183
602;0.08619356532710941
603;0.12977912287899848
604;0.05377249277707037
605;0.04563830994388732
606;0.1092907454318711
607;0.14257298031438828
608;0.13388769098970985
609;0.12327627259228463
610;0.05851599835380703
611;0.05434189027871437
612;0.08439904826021588
613;0.05287480505705538
614;0.09557557860886655
615;0.15699450876385385
616;0.10812581773508266
617;0.18033081584817
618;0.04234192951712952
619;0.07728625956023326
620;0.07124133087641867
621;0.17891454814076757
622;0.03707018528084229
623;0.09101948302102691
624;0.15349750643752924
625;0.14063290048514732
626;0.07373544247501351
627;0.01380262867016262
628;0.169765802208064
629;0.02820344298911146
630;0.031231746086423873
631;0.04465568738160972
632;0.07150579295502078
633;0.19553958835185736
634;0.13485715841755766
635;0.14299233827089997
636;0.15982185316941752
637;0.010341131572346663
638;0.10219434771255376
639;0.11612943148302696
640;0.1414244913905598
641;0.1052974934044939
642;0.029223036741540278
643;0.08916524572598997
644;0.10269482654204048
645;0.02951758068626851
646;0.011871449136407253
647;0.017979853895299793
648;0.18446002635853725
649;0.17354805195983747
650;0.14957532532658163
651;0.0915596278114415
652;0.00866244951937667
653;0.0853636352637986
654;0.15473543644253304
655;0.0831459292544275
656;0.01617566862641775
657;0.03570110227755326
658;0.08829199966751416
659;0.17440191744896558
660;0.06230548624219539
661;0.0045092522832936854
662;0.12467723606970012
663;0.05654894722606379
664;0.030039871416394682
665;0.16437507681195299
666;0.1166792476095862
667;0.059430011898736645
668;0.06047438592346202
669;0.0547199575455791
670;0.06451972778537987
671;0.03773999288590764
672;0.1731549472435986
673;0.06680211732579355
674;0.08082844099528569
675;0.14407664132346562
676;0.03168963705108776
677;0.16533873566940094
678;0.06750648198377361
679;0.02751891735035086
680;0.15861353051723381
681;0.12971186773337975
682;0.1927880171918862
683;0.19946978779982727
684;0.09091158075675945
685;0.018623913674672376
686;0.10381769312027611
687;0.019871450173547568
688;0.18645865001955209
689;0.18623769043684782
690;0.1896223684283053
691;0.09426230773576266
692;0.12617392961714533
693;0.013073429846757901
694;0.08485631168213333
695;0.18542600446615196
696;0.007764324073692941
697;0.11914480072762956
698;0.07297631676915209
699;0.12953625792477372
700;0.14650448253513662
701;0.09331749516803847
702;0.009892656334829742
703;0.19766248910021356
704;0.1838142339278341
705;0.11751911979215264
706;0.17774693625409096
707;0.15337820720514747
708;0.12948306863283163
709;0.14628195744796627
710;0.16011634326232893
711;0.18192278789047533
712;0.10474953255833488
713;0.06826598369260557
714;0.19445803864667371
715;0.16128572565580263
716;0.11753028746642707
717;0.15085506318431663
718;0.03362466958465506
719;0.08776524782858733
720;0.048644815415955625
721;0.17170723212619868
722;0.09788356583877567
723;0.032987571324638414
724;0.08026097450056319
725;0.0009892624050723998
726;0.09378009975115574
727;0.17678362706869166
728;0.09858442291264113
729;0.010497551537083339
730;0.16371472713754665
731;0.09819887749872641
732;0.18604182569578737
733;0.016330798870898368
734;0.1647485767197513
735;0.17967089315176768
736;0.008593309172077724
737;0.18561708952271838
738;0.06817599563127821
739;0.0067473930969851326
740;0.010776448151896401
741;0.010646043068221657
742;0.007396879963390935
743;0.16112156792677865
744;0.018740135451781305
745;0.09492418344544014
746;0.140330632630936
747;0.1935560371176225
748;0.1054102027716739
749;0.14470447933523276
750;0.05671019021809365
751;0.11346282955789888
752;0.0813172979186591
753;0.056377971335820565
754;0.193139787032604
755;0.15819707746180675
756;0.008630860189739997
757;0.16422549457248034
758;0.0017633553251863666
759;0.009792812079693403
760;0.010734430158135733
761;0.19824362016786146
762;0.19057454013648178
763;0.19626966691739267
764;0.03710067604329575
765;0.13259861777114054
766;0.061789376598481494
767;0.0018071020507429926
768;0.16829737512001583
769;0.07052775511824334
770;0.12035233420063901
771;0.03883327897162512
772;0.09576324321025918
773;0.1450914078184726
774;0.1949828597799238
775;0.0044739648271481915
776;0.0028447728582189358
777;0.09873980024733704
778;0.13998275980262836
779;0.02997207721744746
780;0.011028668776379692
781;0.1294000942280031
782;0.18097106989043196
783;0.15589361722562453
784;0.030555388126265418
785;0.05896717240017984
786;0.045230837142349545
787;0.16184174206528576
788;0.08463419691134054
789;0.09171964599226959
790;0.14007648351238575
791;0.040380706715691855
792;0.140856163017919
793;0.14899430693791224
794;0.11169994090823268
795;0.10988285269390961
796;0.06868545909044665
797;0.17418037858438543
798;0.11034545277752933
799;0.1480734235104836
800;0.04155768315596531
801;0.10340945587977
802;0.07694861291078825
803;0.02314649226355783
804;0.1335733548521351
805;0.08577670014463366
806;0.1559219051410725
807;0.09714411775342202
808;0.19015259856363667
809;0.10829830066197482
810;0.09653706204197299
811;0.1022812399542421
812;0.06067813726681366
813;0.1255906926380566
814;0.1724164009569829
815;0.10712565742232566
816;0.011928370504864394
817;0.06191637573303943
818;0.028249284902563312
819;0.010927078705833338
820;0.19004154889576186
821;0.01307827245559754
822;0.013013197474477468
823;0.05402262704582457
824;0.0899015017410752
825;0.1916901612118196
826;0.09300966279526962
827;0.164422785966107
828;0.11971526184563396
829;0.11849215184746938
830;0.1674496643379494
831;0.038110926164016345
832;0.14284234672882706
833;0.06512317730795691
834;0.12370367381589692
835;0.15890959822624842
836;0.13557346343252027
837;0.09214435163573048
838;0.14927357054635598
839;0.19763492253664
840;0.07750157263015936
841;0.1322777155734883
842;0.09352478433134964
843;0.11354025757150964
844;0.10907511141151432
845;0.15441635066664108
846;0.17994107008661908
847;0.08324078462099221
848;0.003660518213754793
849;0.13106023936089187
850;0.09330560334890975
851;0.18688782419656408
852;0.04058350862239464
853;0.08932683882241306
854;0.06164016270413741
855;0.10953536225640484
856;0.10371595105210746
857;0.15569596166733773
858;0.13584639999637263
859;0.040578378669764374
860;0.09132916493318698
861;0.13735609019677542
862;0.03587531638760293
863;0.17042108259426583
864;0.16513282183912947
865;0.07033139799533693
866;0.14248773726257788
867;0.07813558956074701
868;0.02625058063095516
869;0.017058084079012194
870;0.17782802449077986
871;0.035726106702515435
872;0.09272414184868544
873;0.03501828787949044
874;0.1909488425109305
875;0.11773696616748863
876;0.19786271004591346
877;0.14430698847520282
878;0.034817831673655646
879;0.11185331994151414
880;0.135359434748029
881;0.11817205985941961
882;0.1326903378384204
883;0.008749651859434082
884;0.14734271463531537
885;0.1623554054882904
886;0.07983704633468586
887;0.09590075326240849
888;0.1966261679044394
889;0.11333334635925074
890;0.030075778243672913
891;0.1328896020213476
892;0.19629132720179393
893;0.004980630084699911
894;0.16793052689383528
895;0.08855159003221061
896;0.19774617420132912
897;0.06898024914245955
898;0.10570651686103756
899;0.0686847217958311
900;0.059220778879945216
901;0.03697042948889069
902;0.02224103475917516
903;0.011616791617141043
904;0.1981567667941717
905;0.11862297243495556
906;0.060075044240590736
907;0.10968092922952821
908;0.04045175937108492
909;0.1816366870701679
910;0.05914256495081541
911;0.18945943002455057
912;0.1489284981023201
913;0.029230311594958994
914;0.1970840332318644
915;0.0888172873192078
916;0.019770060918626566
917;0.13913612618424093
918;0.16436346322027418
919;0.19241151652811583
920;0.017939196755462895
921;0.038286929040127385
922;0.06170316128348266
923;0.13784781009134056
924;0.12123306277700759
925;0.16106548481780045
926;0.12589676190073326
927;0.0010479640456699357
928;0.008376521068558374
929;0.0905255836454533
930;0.05655870905934046
931;0.037411255392116115
932;0.10662762719777162
933;0.08857260111196602
934;0.12426850246311182
935;0.13219097634022287
936;0.05384353454280422
937;0.1760625916356951
938;0.16345593580268358
939;0.19344764710977572
940;0.19666129334968158
941;0.08860902226886469
942;0.1917233575453085
943;0.046215489952502624
944;0.09513659390723675
945;0.02285759618623613
946;0.09473390040341292
947;0.09078005899176217
948;0.004617097559012029
949;0.0024581250168346893
950;0.14156647118809762
951;0.06724766844216604
952;0.15478587828520696
953;0.10099204420420649
954;0.11971190299336364
955;0.13833799731586768
956;0.15015496958597854
957;0.17714229018880856
958;0.10735215046672902
959;0.12240462969356317
960;0.19360812611122322
961;0.07709482930297072
962;0.1227878912169793
963;0.13890524946200575
964;0.128958555568735
965;0.0348649408855996
966;0.0022959531581177475
967;0.013067759705268368
968;0.1711297575757701
969;0.10136635749563501
970;0.10196662879298589
971;0.1391415709012845
972;0.17982703503006905
973;0.19265733311467684
974;0.0574022893629838
975;0.11785979062949481
976;0.18244936619315508
977;0.1512057433013625
978;0.10982395009422014
979;0.14295494852757543
980;0.03406325588813424
981;0.010264432672179358
982;0.08395514683993138
983;0.10130280113035212
984;0.04159450553680884
985;0.07316344142664047
986;0.19363843764196484
987;0.0930755275398168
988;0.06496060927020333
989;0.18982116350770473
990;0.062133229036706816
991;0.13115224738837003
992;0.17523617930127378
993;0.12389487818270178
994;0.0250733513935703
995;0.09267620926733143
996;0.015789245421834287
997;0.10028160110152835
998;0.06592458146887677
999;0.17188344020482302
1000;0.0008945082094396818
