1;0.059709268142066674
2;0.084816324413014
3;0.04985278907688451
4;0.1559866306866545
5;0.06865893166921169
6;0.12684798400004238
7;0.1116028176840352
8;0.18408061820396351
9;0.11124141659319252
10;0.019095319536186862
11;0.13992034851513308
12;0.18869855939859198
13;0.053090741042325744
14;0.03582185713358323
15;0.07885594546199726
16;0.130752168977854
17;0.17635056753200307
18;0.06539829513520574
19;0.04226874785773227
20;0.008756742588882616
21;0.16849401675237197
22;0.12239476521702092
23;0.09681014307142183
24;0.03395066600632766
25;0.05413981421839784
26;0.0221648931188968
27;0.08642709189904729
28;0.1141647155591245
29;0.11506031624309021
30;0.06342368904879912
31;0.17174382763405785
32;0.0018640737314389534
33;0.16613120326036296
34;0.058709102995506315
35;0.10987738954812201
36;0.06914627478704208
37;0.17375698738881276
38;0.002730404666477049
39;0.13080194542751286
40;0.13824960710339476
41;0.09524189050523113
42;0.15736698987263523
43;0.01798726788287344
44;0.0853964668635091
45;0.15955950272166236
46;0.14114763480174472
47;0.05625576762248095
48;0.04198011274494955
49;0.13378492847044723
50;0.02220246133632582
51;0.04219219014160058
52;0.012655731277877315
53;0.1309693418154971
54;0.12359534860492807
55;0.11245040598714813
56;0.013428029031363775
57;0.021671872289423178
58;0.18346441351263454
59;0.023868422976434458
60;0.049377518736111695
61;0.02952066694753848
62;0.1925123457502607
63;0.0016589705595846606
64;0.1934042029955486
65;0.1853997864938214
66;0.01758487106465878
67;0.0544348053617417
68;0.1336375253901775
69;0.17770109108603532
70;0.04261267738217259
71;0.11544788746461465
72;0.06669399442165358
73;0.1402687204293551
74;0.016019980858699847
75;0.09465266358743225
76;0.0779223360940276
77;0.11353226025047938
78;0.1949312859262829
79;0.12279703907605447
80;0.13266729732555785
81;0.009946422311509308
82;0.14850967095859424
83;0.1258484610139247
84;0.022358948416785897
85;0.12377899691977652
86;0.0009430972456320853
87;0.1327294342070003
88;0.10718971713566311
89;0.11788818023604636
90;0.10269935788697655
91;0.09036455973437346
92;0.18965349058797218
93;0.04782263624591163
94;0.14125316269666108
95;0.0073675785894642635
96;0.1337755176542753
97;0.039187655351714756
98;0.04379273678119003
99;0.04471597667256677
100;0.18574954648635222
101;0.06568608223718107
102;0.05011271946898943
103;0.04072617106098948
104;0.0656614811335041
105;0.12489909613221346
106;0.19076809705695738
107;0.04367109493692711
108;0.13042327588896604
109;0.09444858743598149
110;0.13264370768674902
111;0.04783992486298974
112;0.105769424457361
113;0.10037953264327514
114;0.1785869247592466
115;0.024534609874441782
116;0.05205494287061168
117;0.13629246590685204
118;0.15247993036908272
119;0.12426629956646054
120;0.03948192897487906
121;0.18417683637837612
122;0.07788147241432264
123;0.18877635319191724
124;0.18467724505924699
125;0.009966437070750534
126;0.03383829581029292
127;0.07852674088392951
128;0.18151920955924783
129;0.17045359652072511
130;0.16322976354050717
131;0.18793654792880424
132;0.15758335830559198
133;0.043983770940825
134;0.016864039459870007
135;0.11642805771773941
136;0.08690800120004472
137;0.027204128825076102
138;0.1431506108445102
139;0.09476539567174982
140;0.18448112219752202
141;0.011021249395254019
142;0.1186919126542546
143;0.10314943431281139
144;0.1862311399330365
145;0.0363806882409907
146;0.04874115579480318
147;0.12378306145164575
148;0.17228251136617198
149;0.07353501358770465
150;0.01783358207708601
151;0.032123428191427085
152;0.017378373635156995
153;0.01004424354707505
154;0.11176826420971533
155;0.10260282810087354
156;0.15873952173551656
157;0.010147276584568932
158;0.15924276797146233
159;0.010580695478696068
160;0.08204299571870804
161;0.024882758163936883
162;0.1524066871075882
163;0.0060300077222649184
164;0.16480638185725996
165;0.04060991214327234
166;0.09796962846388993
167;0.1432559167009059
168;0.1498670428892519
169;0.1493219373828078
170;0.1817324850928161
171;0.11798650215781206
172;0.02013336465290412
173;0.09538677914261867
174;0.01850176273819031
175;0.02973954134947006
176;0.14962015707272278
177;0.11790912221838011
178;0.06605935143309814
179;0.08967427251154743
180;0.09361922744737226
181;0.08363358083484157
182;0.10337035240748066
183;0.08401191738926353
184;0.0618660652154041
185;0.04405340559306899
186;0.19581358057206966
187;0.1135057473209174
188;0.15964561177482164
189;0.051902068474159346
190;0.1815742510538213
191;0.040345488604897506
192;0.03086452494363483
193;0.1960915723161557
194;0.18443790527052617
195;0.17750577731326633
196;0.11413193771558253
197;0.02937381354110631
198;0.14784604816149555
199;0.14367655147297148
200;0.028887452236358246
201;0.18831564036648313
202;0.1609583690733014
203;0.17905989661428168
204;0.1501875445991031
205;0.10143568897413682
206;0.0752126146297657
207;0.13181976346071964
208;0.05115337196643497
209;0.08591160715008667
210;0.10851908237173707
211;0.05706169447863077
212;0.10002831461785158
213;0.08942392315136449
214;0.015611715979033925
215;0.0859079016171501
216;0.03485715480056162
217;0.16844045585964024
218;0.042519058586652905
219;0.19532162707236267
220;0.16256344876542062
221;0.04053816821169445
222;0.15185102256908659
223;0.03706120969925369
224;0.13126783630161462
225;0.05222782666705039
226;0.13092831697158072
227;0.03674087655550762
228;0.04951527554493234
229;0.14624320406263158
230;0.10713750857144094
231;0.15065839895739938
232;0.0832221972964079
233;0.05667133076857205
234;0.09572554836091557
235;0.1993080739548529
236;0.08713060848273445
237;0.13231575747951824
238;0.03228083691662827
239;0.0815131397893449
240;0.03539729671117338
241;0.11811093453154771
242;0.14275691525797068
243;0.11577279871890588
244;0.10785877777187441
245;0.05955286604519605
246;0.16963141148734567
247;0.1351675233056084
248;0.1890531742234014
249;0.09433811108350548
250;0.11453078286749328
251;0.038421861920016225
252;0.1189275397423602
253;0.061047593080064536
254;0.018420561213126473
255;0.04065896184011597
256;0.04447057040558949
257;0.16852317549267679
258;0.009995582739667564
259;0.105726497734149
260;0.10588720225495728
261;0.1965341254895869
262;0.058818491660335884
263;0.14578093579241055
264;0.058680499937658205
265;0.11307924454721448
266;0.036435679730989046
267;0.11860417699118411
268;0.12594584645350343
269;0.17065570219561457
270;0.10910755267750914
271;0.19212095429485274
272;0.17909156561704478
273;0.14233169619736583
274;0.06586851120297861
275;0.07432388509487298
276;0.058055077885747756
277;0.12375210142725804
278;0.1638067295731892
279;0.11413057979063242
280;0.004910450099583397
281;0.10257047088206167
282;0.08824504252606113
283;0.12031638853023058
284;0.062397365643813
285;0.16166480760454105
286;0.013519423063162518
287;0.08974337462175952
288;0.005755717337811595
289;0.15952794199112674
290;0.16551998046652106
291;0.13537198182042534
292;0.10423467070705605
293;0.18666668491161797
294;0.015097721610739235
295;0.19401873604652206
296;0.12720646850813708
297;0.06220297549892624
298;0.10525842121017369
299;0.19572966294087246
300;0.09428688155123971
301;0.050120721159000126
302;0.1938951189471542
303;0.14959874911357318
304;0.03091945384408854
305;0.19842170994463976
306;0.07264690448290856
307;0.08008159677931635
308;0.14083147459892092
309;0.12079078337652618
310;0.13389720522206938
311;0.1121759213309998
312;0.029054251816539735
313;0.13423615270850764
314;0.16461550561328422
315;0.14078752407773218
316;0.11403962972553626
317;0.06251866050896637
318;0.19024663538834735
319;0.10789755646851991
320;0.1730442286313334
321;0.14272734724208727
322;0.0031293314953110274
323;0.07913645775127345
324;0.1607243903749895
325;0.04579064688267834
326;0.01439195679810903
327;0.17384710247120863
328;0.18689015896180938
329;0.13569884333193794
330;0.07580009259670387
331;0.08123191286540554
332;0.19211893275651853
333;0.19962498214786067
334;0.1511125487917855
335;0.19905769459407757
336;0.03722964422974726
337;0.1350962895008844
338;0.035821254708953525
339;0.18169348408628486
340;0.19802442432009829
341;0.0036695607089400452
342;0.018959072076032715
343;0.14071907831066316
344;0.07730687635134036
345;0.18798685084036595
346;0.09606915906123006
347;0.1738347996099539
348;0.07607983588731133
349;0.008305644303943227
350;0.001016386827203264
351;0.1531730989803595
352;0.05713816246947521
353;0.071194964497448
354;0.013999502295666488
355;0.04452188786005165
356;0.10918408239195998
357;0.11516598304293182
358;0.020241190403913367
359;0.03769535206947348
360;0.0488525859808826
361;0.12278295205818664
362;0.07739953550795944
363;0.17342624900437142
364;0.005745329309129965
365;0.011862624007313883
366;0.0708718063701382
367;0.12935967852801877
368;0.08567427517505877
369;0.007272711463587389
370;0.1877043110746982
371;0.18481931515793726
372;0.07185855342197944
373;0.060061282747835246
374;0.13698595054964866
375;0.07509260549485348
376;0.12766284157442698
377;0.12327689898155768
378;0.1773395383404727
379;0.09111453700800741
380;0.12049488183500086
381;0.19856629273185836
382;0.0972596267062667
383;0.042003073116765016
384;0.0393024618914321
385;0.17329838019790925
386;0.17936297982631572
387;0.12095896179702229
388;0.0014698335612210124
389;0.04091183633638005
390;0.06474088543888419
391;0.046669363209577486
392;0.07754111767754997
393;0.18531121936149875
394;0.1293013877096346
395;0.18722646652311223
396;0.11969820151037013
397;0.1724953810261733
398;0.18099093642236527
399;0.09063606325347705
400;0.09512837005122168
401;0.0068207128851924155
402;0.008988458973505753
403;0.12119874370744646
404;0.14841346634159622
405;0.15918609505745235
406;0.125297219197236
407;0.010458673025607747
408;0.0426049883090549
409;0.033456563027121904
410;0.1980424834056371
411;0.11121390246748622
412;0.1421521163963112
413;0.15662756047789178
414;0.06478210227970181
415;0.18164061695637773
416;0.03655197809371693
417;0.03949696095841773
418;0.06977479327185264
419;0.004706882381227163
420;0.07392104292926426
421;0.1230273132237526
422;0.15760495267112698
423;0.11374711505781371
424;0.008603243613364953
425;0.024948847757692794
426;0.15601206168032633
427;0.08169071759793806
428;0.05510419687698747
429;0.15652771044609856
430;0.14249731194539503
431;0.03993969420792598
432;0.12998540407174272
433;0.07680603514369858
434;0.001580936772418462
435;0.13843577622684863
436;0.1703792995546013
437;0.01882095502712018
438;0.19373490302616236
439;0.06048570936065865
440;0.09310932881730626
441;0.12771128593519723
442;0.0014980749254937865
443;0.15411972198766552
444;0.17722929953094355
445;0.06174522885931353
446;0.11247169143641128
447;0.1439558774270714
448;0.1534254905837607
449;0.00961063736648029
450;0.1580244597910124
451;0.1468675201769409
452;0.02470975433338576
453;0.13356162922018888
454;0.16341984325332523
455;0.1507427848512434
456;0.01190499097261748
457;0.1255378452188862
458;0.0315096163665654
459;0.07313169437913357
460;0.0812761405693764
461;0.10862303127721147
462;0.040762473160963736
463;0.12341000144764146
464;0.11874893210178812
465;0.06757404024222238
466;0.10450256819198792
467;0.060053571024931654
468;0.046362595046473914
469;0.14667894332233994
470;0.03058419732059936
471;0.04016386218190398
472;0.10957444428464036
473;0.125356535220567
474;0.028926619230157227
475;0.08078436069274852
476;0.09809312340071262
477;0.07857940763375573
478;0.14649351186641918
479;0.056938335191017146
480;0.005719099394296024
481;0.16036517185141522
482;0.03501703216086478
483;0.03738390643959455
484;0.08495728923217999
485;0.046750764661925806
486;0.12374513094218126
487;0.048390205264745134
488;0.18524969500601374
489;0.1382790546689394
490;0.10835085717899114
491;0.09748091473289766
492;0.04049851342870994
493;0.15569758260381045
494;0.03690827436727164
495;0.06524328885266029
496;0.020692977787220325
497;0.10013192197521184
498;0.1180264022493141
499;0.09461566267408511
500;0.09047736683451668
501;0.123497572868919
502;0.07080294531963603
503;0.06117053100756238
504;0.05681207583482975
505;0.14359039681015248
506;0.06062056601510921
507;0.15322835707752244
508;0.001701303419905198
509;0.19594786354124705
510;0.14899705300815122
511;0.19317094690275632
512;0.14247504287277635
513;0.11249698010618941
514;0.19798027216352995
515;0.16620879665870344
516;0.06113558093230605
517;0.047820416850578806
518;0.023193905493396772
519;0.06831165029179657
520;0.056666683749767494
521;0.06946267701680653
522;0.1581331746237853
523;0.04388231787111843
524;0.1049682839003598
525;0.03812755378007948
526;0.16137920722250576
527;0.0006216395723313229
528;0.11738035006902443
529;0.0527785159295507
530;0.13466850590910748
531;0.13417013600656946
532;0.14615379026753758
533;0.1876335838020706
534;0.19676131025068397
535;0.1779702242551379
536;0.011449778837454794
537;0.038454742728859695
538;0.04105781487612379
539;0.1684019088072765
540;0.13854831843685608
541;0.10216875841589951
542;0.06253199959437956
543;0.17923694904411713
544;0.19814531603863386
545;0.08510682660920642
546;0.08778956177364985
547;0.12828538930203454
548;0.008301212257474334
549;0.09447821957437241
550;0.09767357364332835
551;0.18145363434575754
552;0.15263119993593008
553;0.1907994582110169
554;0.19809417104366137
555;0.191694402056382
556;0.14922919855065073
557;0.01627076582649725
558;0.03467888082872195
559;0.006168463400296176
560;0.19066744757010562
561;0.13870799127391853
562;0.09991318685964606
563;0.06214576458749106
564;0.16829989629192352
565;0.11493766117020472
566;0.13177441580777047
567;0.15087555817677048
568;0.19567309619351092
569;0.18105020168004907
570;0.16923558755074597
571;0.015453940904377817
572;0.07464767576239682
573;0.02960771454453666
574;0.16814638444451013
575;0.11387445883447943
576;0.16425815576019615
577;0.15915792392487244
578;0.11998876240048764
579;0.03105342298763332
580;0.09815562287944855
581;0.02688769976407024
582;0.1037314482899286
583;0.09301861475151532
584;0.19850966516593804
585;0.04292068129181406
586;0.026984063163805663
587;0.024109626533683672
588;0.1857668823158385
589;0.18661878658358272
590;0.04172313396170435
591;0.12694563615252957
592;0.1508905515704715
593;0.07816889352432238
594;0.11470432324688147
595;0.08458203714855944
596;0.05952759432057902
597;0.08668649765083213
598;0.04898422622142027
599;0.012266176758692106
600;0.14429315479427957
601;0.19617925947756454
602;0.07317628937642649
603;0.013849929698345998
604;0.0795766677018617
605;0.01440353776242409
606;0.15483426004612832
607;0.15913168983456172
608;0.15345684219037947
609;0.06664901549666842
610;0.13731240917243814
611;0.0759396932005348
612;0.059417903450009836
613;0.1626073864506625
614;0.19585686765228133
615;0.1691902000850043
616;0.17060165145389572
617;0.11945032558246611
618;0.1240774432078071
619;0.017986020205768227
620;0.05434292191619177
621;0.01041788165374178
622;0.04288867216005841
623;0.1924986037742947
624;0.0310113026819864
625;0.12295670606194856
626;0.02887888790898088
627;0.0469775645703058
628;0.08828365999156856
629;0.18297368946927794
630;0.1076183887809213
631;0.1772108518205403
632;0.04263647772764321
633;0.09121171328468383
634;0.007767500093970848
635;0.0869197996355551
636;0.12331477809219696
637;0.015034480826784158
638;0.11124485866624673
639;0.1109080637197421
640;0.10822941273449989
641;0.15452684208766956
642;0.11519398806240173
643;0.18686355329217433
644;0.10303768254144773
645;0.18723829813689816
646;0.04332794339614965
647;0.14826014776553506
648;0.017694462997273376
649;0.09762323475153166
650;0.1281508794169136
651;0.12198477220651845
652;0.04492660379487515
653;0.15908400291231817
654;0.15995740199166034
655;0.18318505644928573
656;0.031166241946936537
657;0.14105133903083641
658;0.16597183375829638
659;0.16498106893617
660;0.002164405507549927
661;0.09528621438889151
662;0.1928138628571353
663;0.14613980148289576
664;0.18093440218015028
665;0.033836025482697284
666;0.0035857639698941846
667;0.04363323084335296
668;0.19326000751519756
669;0.041493027810360975
670;0.05323449140834862
671;0.06911872735646518
672;0.1418304193659828
673;0.028623494900430146
674;0.010401568156923746
675;0.12874644545735844
676;0.07185791188361278
677;0.04227817203962281
678;0.16137764873813176
679;0.013957894362537094
680;0.18266976242998723
681;0.09273982741450991
682;0.008318350453345058
683;0.0011551908429620506
684;0.011779949943421953
685;0.17614501327475918
686;0.1408435099319551
687;0.007384337614934378
688;0.03249310854921426
689;0.0796380720962418
690;0.18521397948623225
691;0.06689924551968217
692;0.13771061648280267
693;0.09543488710148887
694;0.1209665158451243
695;0.042982794321930265
696;0.04602547243441013
697;0.11429513426398064
698;0.012237772719930297
699;0.15866148976744782
700;0.1329118723469319
701;0.10132096080702774
702;0.18749779152373733
703;0.18329167934031432
704;0.1965915037286048
705;0.15453439728202673
706;0.08047741839916156
707;0.10397065586606045
708;0.0054418441242287015
709;0.1721292856542314
710;0.060937514895703274
711;0.18260304158138713
712;0.10138812835532479
713;0.12836973796301268
714;0.07584527201021576
715;0.16500972203733777
716;0.0858087055783515
717;0.17141068934342996
718;0.12309324600122121
719;0.1463387367383212
720;0.15811453143704213
721;0.1340933341678697
722;0.042264681612041666
723;0.019286751920604986
724;0.15003319243917793
725;0.1375491799949018
726;0.03185871286372062
727;0.17768203076822137
728;0.13269459213844378
729;0.1994069378964491
730;0.1617712862668586
731;0.05772542239601695
732;0.08093545667671612
733;0.03095016935750612
734;0.04854429889452283
735;0.0530612466570501
736;0.0850473545593244
737;0.08352166306040805
738;0.03812810898363353
739;0.1886251111785996
740;0.02387305725051299
741;0.15961161092033288
742;0.009376061300951456
743;0.07049001240771227
744;0.1615515055496819
745;0.06256479951121563
746;0.004423578780897453
747;0.16387547911756492
748;0.01542481042162387
749;0.0216314478817923
750;0.03687434834804133
751;0.12036673854674587
752;0.007993206548640731
753;0.11769922334907656
754;0.14305882769272896
755;0.15562602008688753
756;0.09120795667825028
757;0.13618077780740315
758;0.166039530909996
759;0.173374897737131
760;0.10637821490277255
761;0.02422913401049569
762;0.12014969297434089
763;0.1412118788404706
764;0.1945364477934406
765;0.13848532730389282
766;0.003549282294085732
767;0.17118000860535942
768;0.11077102007995143
769;0.0037875766154039205
770;0.05659915878876934
771;0.09023388963914898
772;0.18833017936826757
773;0.13963743933193482
774;0.014688503311167401
775;0.06886617113571827
776;0.11204373639915642
777;0.07325708541241836
778;0.06375477949836549
779;0.06805082614316141
780;0.16017224843183556
781;0.03673546019433149
782;0.15487207753226664
783;0.04585708712249992
784;0.16620736947071588
785;0.04943923229762151
786;0.10382256255236044
787;0.09007090012680748
788;0.16095362769050214
789;0.059850055720879695
790;0.15050996234892935
791;0.01733593571374539
792;0.13572521781810348
793;0.12195904382710968
794;0.15300012903612198
795;0.013016816307968294
796;0.1541315165085788
797;0.09607796031547707
798;0.13054143437208857
799;0.01847496562864828
800;0.099112196420576
801;0.17675600197120275
802;0.040221000351136474
803;0.11772715383126049
804;0.018259826014246718
805;0.07611860508153723
806;0.04946395620229367
807;0.18204737943465765
808;0.12318566029148681
809;0.020637573080549476
810;0.08804680661795139
811;0.13878484809080013
812;0.09276423173462144
813;0.1418551697342425
814;0.1687732123881852
815;0.18119025482143403
816;0.0348976882804638
817;0.14933112778093754
818;0.16050521083053923
819;0.13444590735641898
820;0.14129895303836318
821;0.04968410638070467
822;0.10264141505698275
823;0.09107274661481089
824;0.09593722052424469
825;0.10748123171239816
826;0.009396277349172278
827;0.06319234070913178
828;0.1507266564271396
829;0.11761467126034769
830;0.05778780148561065
831;0.11016080414617212
832;0.158114842629241
833;0.053871502162235824
834;0.03891325023445287
835;0.0835673784655346
836;0.18756616228133074
837;0.11688835166324972
838;0.1739189650317926
839;0.03813161441346578
840;0.097434204992575
841;0.02023133386664329
842;0.005825752475811985
843;0.0016746035017430883
844;0.03859162060532731
845;0.06749108962926813
846;0.10940423206234902
847;0.0962376181222868
848;0.0925884637424642
849;0.0410139831012554
850;0.004249173158326025
851;0.14724625376426748
852;0.1940303275636776
853;0.03834503088895805
854;0.18730571385959796
855;0.08863162958570124
856;0.03610062255398601
857;0.024073148874330187
858;0.010704082816260741
859;0.04647810964569315
860;0.01638142067999191
861;0.06221901859743065
862;0.1969375953466318
863;0.028767674981753436
864;0.036364049210652394
865;0.07680106626320114
866;0.12598519551789575
867;0.17829137639012793
868;0.10140999764310431
869;0.09156728494083194
870;0.16929780779488013
871;0.13184739495824413
872;0.06940912029615003
873;0.1430383009292446
874;0.12551841991894958
875;0.18088116086163003
876;0.004818568384404576
877;0.07294792546733973
878;0.042994170905101804
879;0.11426126531167867
880;0.16743793775358753
881;0.005799615887054799
882;0.13191387797169435
883;0.19191351158100897
884;0.1985525141464724
885;0.025762886157528378
886;0.039122202929769645
887;0.09135260982400371
888;0.11458017224789233
889;0.1366239913210784
890;0.06735379355022296
891;0.16740874386883847
892;0.11994421921335525
893;0.15664324190966053
894;0.10342338179205118
895;0.12300054094242803
896;0.049401760442271896
897;0.13151681802445073
898;0.1726218869693517
899;0.007888249217072407
900;0.0010133781884936299
901;0.08522684650695522
902;0.1719351092984015
903;0.0661512834161179
904;0.10399655237677535
905;0.07614018019217977
906;0.17452338490074337
907;0.148230443278937
908;0.09285557741226116
909;0.16472764118694252
910;0.03261583031625022
911;0.13880808644427378
912;0.02319265844484262
913;0.19390009438819542
914;0.0023974113510696338
915;0.048321990129149506
916;0.061624010310497405
917;0.12235019566231645
918;0.012673338064154072
919;0.19273863690560533
920;0.16714118522444976
921;0.11206839925948264
922;0.00016088426352816045
923;0.06420845512991913
924;0.12902306225704044
925;0.10805685382326724
926;0.03373303110238004
927;0.07612254278074888
928;0.01651648002390833
929;0.11949757142620342
930;0.0631811513338701
931;0.12500192532381194
932;0.13080184601030737
933;0.06601429328341689
934;0.002227184333344834
935;0.13144030409030577
936;0.055832768465396865
937;0.061261989986892945
938;0.13817449175273058
939;0.08939614197118789
940;0.17555427868540271
941;0.19859547826137722
942;0.14573092983333966
943;0.05041739682630489
944;0.11349479548048919
945;0.005444643817216633
946;0.1338150565542851
947;0.03342977940689911
948;0.16839479493878107
949;0.18293533667274742
950;0.0751776183132642
951;0.09340977985863799
952;0.15954887022208541
953;0.1951059831758214
954;0.04158608036224638
955;0.18224709858729682
956;0.17328779276399575
957;0.0929746521728782
958;0.03398185229198438
959;0.14027344574656883
960;0.07175547302918091
961;0.05244217621195333
962;0.034185816312746864
963;0.014025601034374691
964;0.19504549418280964
965;0.13699288771727777
966;0.04761796888781509
967;0.1826697746817027
968;0.018484608911418766
969;0.07447958715261103
970;0.04843116827106275
971;0.15098597942382172
972;0.13013681040963343
973;0.17933730769830858
974;0.1817230829521976
975;0.0497235161246618
976;0.14604750436227487
977;0.027291714248975585
978;0.0569392693029541
979;0.18793188382328394
980;0.11262758839373979
981;0.027791652847433037
982;0.040451706991988634
983;0.10925893892665504
984;0.004360064249414064
985;0.004393677971469323
986;0.07946178202108888
987;0.0499337036663263
988;0.0331175636956363
989;0.065689893275418
990;0.1640448247903099
991;0.05570049905477495
992;0.10905713873009855
993;0.08980833264621083
994;0.061469523743883994
995;0.17984805726474712
996;0.16451356492468064
997;0.025965447926759633
998;0.031440205631688145
999;0.030096769019916647
1000;0.023578728162750306
