1;0.19882359385232254
2;0.19282452101123657
3;0.1258872625581346
4;0.1735800153941115
5;0.08273606283002398
6;0.0611444709375097
7;0.03684736712674135
8;0.1477898550010318
9;0.08764767619682722
10;0.126150202346646
11;0.116986274770738
12;0.19506843545936603
13;0.047437540357864696
14;0.1747662381246408
15;0.19703229836116756
16;0.16307083170686837
17;0.19351065260752476
18;0.1039947463947047
19;0.1653020760807673
20;0.16485806721049645
21;0.18447652898545483
22;0.17724629399424646
23;0.050824091849589206
24;0.030086786829009983
25;0.18719436176447612
26;0.1437770309297278
27;0.056574962968163806
28;0.110651525949639
29;0.047880543387448404
30;0.06285610287080622
31;0.04001883214837126
32;0.19735587314892009
33;0.17532911052284217
34;0.04224331194595324
35;0.1878272963043705
36;0.14671032732780206
37;0.017222915912954197
38;0.09830769781884839
39;0.1008873432297705
40;0.0869703663683048
41;0.03287746804837446
42;0.05389573590039507
43;0.08140267715732259
44;0.04563121986653107
45;0.16568893346948113
46;0.10766542324601032
47;0.1795701476662125
48;0.12090725399833864
49;0.09012059370690702
50;0.07005495065240175
51;0.04471635656914961
52;0.12472504842995497
53;0.09718269637351232
54;0.10456718473429545
55;0.1225786377249307
56;0.02221385747566649
57;0.08363109745179248
58;0.11424166672023428
59;0.13475129984519738
60;0.11984370054311096
61;0.0444598615832474
62;0.11931493844491281
63;0.10525639622751251
64;0.1876315291178504
65;0.07028376407419981
66;0.13257214475956577
67;0.1128340281627382
68;0.14320381029116255
69;0.0194046264533545
70;0.18829217513597918
71;0.13657184199959707
72;0.09804113722635739
73;0.16822677419599996
74;0.06912149130379162
75;0.0667211993064397
76;0.031258849455649655
77;0.007664592249911829
78;0.012795875054438445
79;0.003963360375177416
80;0.19851972540546403
81;0.12342893075858803
82;0.11367246692257732
83;0.1833622494634141
84;0.05510040414576705
85;0.10011884178377417
86;0.14351661079505498
87;0.0505948325079489
88;0.17494029961379554
89;0.18118165273785616
90;0.04092724396272207
91;0.04241866788747955
92;0.005615285358931188
93;0.04683231906316712
94;0.14031061278196374
95;0.11219713817141863
96;0.05465590575183359
97;0.10319608527837792
98;0.004137331709526882
99;0.12829880611348807
100;0.13208815569173715
101;0.10181641239931756
102;0.1437797492796882
103;0.18170953239516852
104;0.11478955000530766
105;0.18298869493778067
106;0.07352107814628484
107;0.0759223085360218
108;0.06299666847822814
109;0.10927687569818544
110;0.13644483895873621
111;0.06096244071248731
112;0.18078328719612433
113;0.13722797019106878
114;0.13132309464893313
115;0.16645810286525797
116;0.003855334155208579
117;0.010749514333941735
118;0.0943628700102651
119;0.06342950012704761
120;0.08380726187727904
121;0.19444684883844296
122;0.046624527412915076
123;0.1005548993010931
124;0.04981917920505696
125;0.1165553653681144
126;0.06432958740886706
127;0.06427631717039908
128;0.13663155632141694
129;0.194038688546152
130;0.18676561076222742
131;0.06048096753578552
132;0.12998208656543705
133;0.15101497724486934
134;0.012327822870430084
135;0.1033831386727636
136;0.1443712315767854
137;0.03273329943553878
138;0.047265563273927086
139;0.00600540112081498
140;0.07967002036186417
141;0.08460324527447488
142;0.00778617854833843
143;0.07331958179603038
144;0.057152303298202825
145;0.01908862771102189
146;0.05579671381286022
147;0.08956429288658962
148;0.13951849994768403
149;0.0847967689960215
150;0.08922875735888654
151;0.15321808992444538
152;0.18986409267551996
153;0.12119450210987673
154;0.06447113206017928
155;0.07862738067968418
156;0.001632941005145261
157;0.10841117817123705
158;0.17676555257729032
159;0.10456363889160358
160;0.16796586980578185
161;0.14821875694157263
162;0.11416508681421314
163;0.010068289569199963
164;0.1724898001997579
165;0.19765235788041907
166;0.03991919080398396
167;0.1324686060195234
168;0.06489241250767828
169;0.19948329948475416
170;0.11689537736324354
171;0.053601820378141186
172;0.032165810100315544
173;0.030625701362518677
174;0.07145951170068157
175;0.19793091405197627
176;0.14929034217198592
177;0.17536099915136455
178;0.1281463904667767
179;0.07245285999182696
180;0.05679527552955741
181;0.024855781149773694
182;0.08559848213542504
183;0.08189069788870565
184;0.18373821797866227
185;0.0020443859564804215
186;0.10114680977812995
187;0.15205702920281253
188;0.1416499862383879
189;0.16270338401133175
190;0.15505516309097178
191;0.13013182234018014
192;0.08933198278726683
193;0.032126778034393566
194;0.0762039231977853
195;0.17930866353692632
196;0.12722719913354244
197;0.13915653367943462
198;0.16402034628486306
199;0.032624091601419235
200;0.17883196063338402
201;0.007716284132761198
202;0.08145954453280996
203;0.07796751179050787
204;0.14592025505810405
205;0.11133895246888055
206;0.03136055890615832
207;0.0730129491935581
208;0.15056987010799255
209;0.11715304183649
210;0.012622382459948622
211;0.05278528562000404
212;0.1446644563646349
213;0.19990528565210866
214;0.14680822145380684
215;0.11346988041563288
216;0.10189522494001993
217;0.15147380183023407
218;0.16338479245219467
219;0.006797085322394869
220;0.14178715113314588
221;0.13518335179736707
222;0.19756822455797593
223;0.05896757005145728
224;0.08651198134079584
225;0.0665780290680208
226;0.11383562866135784
227;0.024992299395119467
228;0.1405038175814755
229;0.16807363946292975
230;0.16423137791005096
231;0.15330001500107443
232;0.14989233617336592
233;0.014080653542879485
234;0.1270856160100578
235;0.1278001232693264
236;0.1721798450555799
237;0.05988303414270542
238;0.09221046138792649
239;0.06295225785563359
240;0.17394623372405388
241;0.07657518427288366
242;0.11721373462171357
243;0.16019081641416544
244;0.19711415030546814
245;0.01988193741100093
246;0.1808826439974036
247;0.11132536070527183
248;0.0044088467230413595
249;0.13178636302656324
250;0.13558764417220287
251;0.10690309010139776
252;0.16305740133204338
253;0.16225339107375414
254;0.11194055986109588
255;0.044134826509360764
256;0.0018510869177261525
257;0.15759980691863829
258;0.11264094772732232
259;0.16847078766123538
260;0.031241892103888613
261;0.028201498336188992
262;0.10628752195480316
263;0.08327674663424414
264;0.1874010166556514
265;0.0032481862051551903
266;0.0985633037223763
267;0.04213633233496714
268;0.06891400804622015
269;0.09325039997778134
270;0.17192897842842103
271;0.10580688923531525
272;0.15357771431668443
273;0.18488196466845647
274;0.047176195047389596
275;0.07326449730946238
276;0.1886265196153116
277;0.03836981695614172
278;0.012516951285675005
279;0.1485195997408741
280;0.16524559945125183
281;0.03390357884632005
282;0.18533168538045058
283;0.04061118183483292
284;0.1268526789076663
285;0.19894028093619734
286;0.15835667317399635
287;0.059710964326146025
288;0.17016213892897325
289;0.16114354776777723
290;0.08439662839458076
291;0.05435206848743586
292;0.10893527310925447
293;0.015512879143208091
294;0.1178010504052941
295;0.05342992935407314
296;0.03586157303569533
297;0.029873182484500438
298;0.11777160223468015
299;0.1841523035660034
300;0.07732561631415101
301;0.12136392814864674
302;0.007232000172326569
303;0.05737941302422611
304;0.15206053907515363
305;0.03222508396727004
306;0.08013555496233281
307;0.14189624216886698
308;0.12852599775554185
309;0.03921265944803936
310;0.16155186788168632
311;0.02732473628057315
312;0.08793077060295451
313;0.14631546717774277
314;0.1331595265186503
315;0.03840261871855675
316;0.16257990608216286
317;0.15689831214577019
318;0.17891693218942573
319;0.1562113602584775
320;0.14622161205076084
321;0.02634702272092773
322;0.08526479783983776
323;0.16955945625630006
324;0.1348286990338862
325;0.07706796475782432
326;0.05593695832121817
327;0.042620819471099525
328;0.04612407930802869
329;0.03331140010958516
330;0.17689825158946984
331;0.017342904995528662
332;0.17659835689279269
333;0.03972462292031301
334;0.17732623924058666
335;0.18124578577007522
336;0.19186873133955293
337;0.1634423276709629
338;0.10339931692856108
339;0.02180177498396496
340;0.02145680525177107
341;0.09781494997949113
342;0.039930534561431454
343;0.020595110342742064
344;0.039299237733116346
345;0.026716174524555904
346;0.17045285819040482
347;0.19724601721942187
348;0.15455096885669248
349;0.13586609188409146
350;0.05026338482497461
351;0.07192364569822576
352;0.00909844118305141
353;0.12568708068562282
354;0.19523037149645805
355;0.16318259362612358
356;0.12749877416773
357;0.13906510463629332
358;0.07049981416062141
359;0.11657400163695303
360;0.10021557641955235
361;0.14311770121744136
362;0.03147398688122054
363;0.037313192888094315
364;0.03562658760689208
365;0.09551587292453217
366;0.1551497815856836
367;0.1676140716283044
368;0.12018218635620936
369;0.05936667943550642
370;0.05439042705710484
371;0.1815548764315295
372;0.04857561225806566
373;0.0007923093809999227
374;0.03248023097945205
375;0.11456659822482632
376;0.12731243862837752
377;0.17288289142837984
378;0.1376630723335675
379;0.17257068013370724
380;0.15359921926556858
381;0.07322976452855194
382;0.15727393415127122
383;0.06036250920478836
384;0.1864088891389912
385;0.17431127028613136
386;0.1538676127276484
387;0.06924379134011918
388;0.1712804899648177
389;0.18613697932016815
390;0.15353450298037224
391;0.013215616343562898
392;0.01820424636083098
393;0.1238363990743649
394;0.027763039960845927
395;0.13460251493929043
396;0.09855134970184015
397;0.040940573727060836
398;0.16474290093455182
399;0.1838384745722457
400;0.18930290630188193
401;0.17772935436894977
402;0.1418965626107281
403;0.16776519173270912
404;0.08542514839149361
405;0.0832861122278965
406;0.01393962419270909
407;0.1396682786938029
408;0.05467581286885999
409;0.16406283908174246
410;0.006541115423451083
411;0.13460392354118794
412;0.1789054161027068
413;0.12993403007685
414;0.09066563410556663
415;0.17499018708980907
416;0.07519020534482435
417;0.11294660662023415
418;0.19830409284800965
419;0.12604609920286006
420;0.036647951656749105
421;0.10669291701836144
422;0.04938266524137305
423;0.09232958785192134
424;0.139367468094561
425;0.07267429454685415
426;0.09277547167029812
427;0.07708065597633798
428;0.02126358260214474
429;0.15056760010493084
430;0.13361766128607
431;0.09013775649420351
432;0.024308034479127084
433;0.04317448136585089
434;0.06285612289994989
435;0.19196872355667458
436;0.0062833774186859875
437;0.036994860143854516
438;0.1271060876749896
439;0.005678280932643088
440;0.14719696498038046
441;0.07025841021166404
442;0.003067954625669356
443;0.12185377766409936
444;0.06960520084335879
445;0.16141772137698918
446;0.022702814568765817
447;0.0732764962134906
448;0.1852284366897435
449;0.09186242916409577
450;0.0614105333300415
451;0.0437052200378008
452;0.06233492810604194
453;0.1869607453682419
454;0.13108564869362124
455;0.09372268800867467
456;0.05224335663379392
457;0.07909148136238305
458;0.1371410176249763
459;0.06949522311966379
460;0.19025228465631994
461;0.0793029790675674
462;0.01060067568853993
463;0.06170663734444531
464;0.15536609671009946
465;0.10179757285995317
466;0.00018029048074366119
467;0.12119442789298362
468;0.16769910856504244
469;0.11936580059266494
470;0.05183333844676217
471;0.0011566231500951486
472;0.1773475692680776
473;0.07754267210063658
474;0.06490627957690161
475;0.08035350474927015
476;0.03766037812389196
477;0.07786528070484221
478;0.007849653804490675
479;0.08021786335919866
480;0.05198830034896258
481;0.0017579171353660163
482;0.18546751263059202
483;0.02063714479727088
484;0.15899705050125798
485;0.0014217071235304247
486;0.12443465703049639
487;0.009623578818504619
488;0.06762527013019815
489;0.11644292223164465
490;0.014158298369701772
491;0.04668923390462248
492;0.1489484344524305
493;0.06321118005384843
494;0.1625471030756073
495;0.036867208201828185
496;0.15666859789480087
497;0.1980628181139091
498;0.11468607986725379
499;0.13633779248761513
500;0.19473324011482626
501;0.08335148139507997
502;0.06383115307867715
503;0.13490247228859548
504;0.08438749133043388
505;0.11534487099107958
506;0.14027112391702506
507;0.13106246022605453
508;0.05747563241054135
509;0.07570653474811034
510;0.06896032719887273
511;0.15299248034771804
512;0.06387529253041094
513;0.14052152206126842
514;0.02905170637848993
515;0.03286145688107572
516;0.18022807373281277
517;0.1890582467969385
518;0.012893365135912506
519;0.15147233167649976
520;0.021463926761086306
521;0.16474591563005436
522;0.001555744510537216
523;0.17022635652814677
524;0.11963235171745178
525;0.028398561460075623
526;0.005255303765685193
527;0.04493724202272451
528;0.09876018113111598
529;0.13828167479019157
530;0.15670539535770145
531;0.06903805913522554
532;0.09995948426938628
533;0.09249484075520675
534;0.03956881098187921
535;0.1692369197607401
536;0.16139279250679164
537;0.1355571439760561
538;0.11218382062094874
539;0.1723919998041664
540;0.1993235670739826
541;0.030222345788142115
542;0.06446862971289935
543;0.07852682276905093
544;0.11260569072104265
545;0.05348476586481932
546;0.1538959307887855
547;0.1621934042525081
548;0.1424947376479418
549;0.026152329896795612
550;0.0604387185876371
551;0.08123295745760331
552;0.09164562458564428
553;0.032949617729545855
554;0.1559988394385994
555;0.06910227094644375
556;0.00236107233997398
557;0.09022541105075302
558;0.14596310868808496
559;0.028769469836454432
560;0.1906175810799967
561;0.03106196156231733
562;0.020970184032353647
563;0.029672221322208883
564;0.1644499876094706
565;0.10412948470059508
566;0.1699234177811612
567;0.07907841825191252
568;0.1486813857825805
569;0.03926239204587423
570;0.18958146571115397
571;0.17481518981755728
572;0.18152315383868958
573;0.18641785256418852
574;0.11838593742466919
575;0.15571057451961628
576;0.03182328126145504
577;0.057119597686232676
578;0.056954417974435595
579;0.005087876523277224
580;0.08052899024793643
581;0.08457844198297136
582;0.16197114321072348
583;0.17811616238091268
584;0.13554847432785494
585;0.0504378102275394
586;0.17512209521224265
587;0.014377996147332685
588;0.16602964291475406
589;0.0019325270995965704
590;0.03874846284410791
591;0.11154851795839452
592;0.0277872495866804
593;0.18976281001911052
594;0.15918998261320969
595;0.09691940107604757
596;0.1742726486246128
597;0.07419555568203538
598;0.19911350830562577
599;0.00774087525448508
600;0.01974927161093063
601;0.1348605568627431
602;0.04024838375432454
603;0.07740011762052695
604;0.18965342194081253
605;0.16059339988672997
606;0.05899459429567758
607;0.030614361346290676
608;0.023303565590810305
609;0.020632084676682563
610;0.1585111413183001
611;0.07801465053590645
612;0.15786756746320582
613;0.16512590306576538
614;0.03641222814973002
615;0.05310326844995979
616;0.06551153256980964
617;0.19416056282160019
618;0.10747144281603381
619;0.1814350363917542
620;0.010978971522922421
621;0.08003117003236865
622;0.0022828653237180643
623;0.11135710910748
624;0.011245333858002261
625;0.18169327202397775
626;0.17113144384012285
627;0.09763145158183806
628;0.08442488354317107
629;0.0007010824135860628
630;0.1162568767338942
631;0.04612246451693802
632;0.10950725311117682
633;0.12922886938021588
634;0.1868104822060655
635;0.15692678642845692
636;0.13292645013672233
637;0.07340590564008664
638;0.1968412257892299
639;0.08741022258759885
640;0.003151152238131627
641;0.03782264724182845
642;0.02940656785717335
643;0.019727892328194163
644;0.014364594978092837
645;0.05260582944024468
646;0.039253209036807936
647;0.08965672460273627
648;0.1299668310233475
649;0.18045944645460252
650;0.009352165791118128
651;0.17659968696611086
652;0.0007033305696453329
653;0.1481306465170202
654;0.1683455993351194
655;0.17169264320795186
656;0.14470704817722801
657;0.07950884696473377
658;0.10406568295527463
659;0.17831713385940606
660;0.007705210758652981
661;0.016432611500646344
662;0.14386595207845085
663;0.1365945102564911
664;0.15658223957657227
665;0.08564543121085902
666;0.03847644467268583
667;0.08977942896561275
668;0.17558304107892303
669;0.0605244524421718
670;0.1513342324514022
671;0.17724913608185355
672;0.1168883938602916
673;0.1500857547086357
674;0.052261423142845126
675;0.07205114063108316
676;0.042194675547109185
677;0.10130500303461645
678;0.11924681951397438
679;0.029686591250264828
680;0.1128341740239204
681;0.12826084563583665
682;0.19706461712707313
683;0.08439714907841611
684;0.10101589724715793
685;0.001124470499679897
686;0.09309054365355691
687;0.04555099556996587
688;0.16553193301177693
689;0.08186004728750325
690;0.054811968648122766
691;0.19597046400271556
692;0.1915235268116223
693;0.1401385632395402
694;0.09948938895291226
695;0.15370692905903796
696;0.10572959713061168
697;0.004973176448047756
698;0.058142357678855255
699;0.055266150156662454
700;0.10393512089101016
701;0.09042674992491953
702;0.043538872163170456
703;0.144117352380676
704;0.07629382952470568
705;0.1555567828913826
706;0.12221677942288259
707;0.08257539589784293
708;0.1806735758609959
709;0.10502032511712565
710;0.08095249942467356
711;0.17514948439788564
712;0.12895364158245368
713;0.15828602411782777
714;0.10613927371669439
715;0.10741963930397143
716;0.14111191578341872
717;0.04878719314753435
718;0.11933943083355084
719;0.032739695063158596
720;0.18995629087774818
721;0.16289522867076323
722;0.09454838616825317
723;0.0072142846410681695
724;0.17985573561570103
725;0.033633527651338334
726;0.007106472689007415
727;0.027635450699954392
728;0.009220597638340289
729;0.04265099342790966
730;0.12313547178522805
731;0.021626834519852367
732;0.02446347963905167
733;0.1801408758417019
734;0.06537143857965402
735;0.18873943967014384
736;0.1823686549500212
737;0.10616269824353859
738;0.16471463759270144
739;0.11170444589191537
740;0.16382462419675534
741;0.09395373243291885
742;0.010542211317235206
743;0.10010940957767378
744;0.13632075254649637
745;0.0036096215658590228
746;0.13051309943562897
747;0.043894011967336936
748;0.01943435547407455
749;0.08906095020565755
750;0.06500456359473686
751;0.03668705608396281
752;0.059842889534696346
753;0.007419079119608352
754;0.09775404475578274
755;0.14171505436939832
756;0.023013982440304594
757;0.13182167985339213
758;0.13269263746592758
759;0.11286905035088893
760;0.12840958475199238
761;0.12918620655451293
762;0.0517861730789126
763;0.003694429236244279
764;0.017588402158045913
765;0.0859918726921855
766;0.02547157734947496
767;0.0370386008434533
768;0.12272732405633549
769;0.13641634918490558
770;0.18354444568117548
771;0.11945771606340108
772;0.06070556191335772
773;0.14849549225609432
774;0.013910781328296928
775;0.09266930263898693
776;0.15765884523717671
777;0.0017958539820306597
778;0.152480717774289
779;0.10883879629572393
780;0.16106291238075943
781;0.1468211241502093
782;0.1164299301991637
783;0.16103015056066228
784;0.10983195335637681
785;0.1218538032041021
786;0.004377669520301208
787;0.018966330888065874
788;0.07482002200200895
789;0.08567782077048786
790;0.0004898070249240272
791;0.12471859378454707
792;0.07276058907935833
793;0.11337595635320952
794;0.12392919706748894
795;0.15972043845310102
796;0.046419039316770584
797;0.1433774552235819
798;0.09860027226155621
799;0.1753420644626842
800;0.08844308234705056
801;0.14129298093953147
802;0.11079391191406758
803;0.010708605071958434
804;0.177256704131469
805;0.09151604119352603
806;0.08724384920372251
807;0.0053137005258138805
808;0.17168548253532967
809;0.17380606920325684
810;0.03645014837583432
811;0.09003937419636401
812;0.1028746228501028
813;0.05082002612375474
814;0.15327952679177323
815;0.13149053137749742
816;0.1992872876045815
817;0.018402797028354834
818;0.18320260711575093
819;0.07656847776880447
820;0.07064203064900557
821;0.1805405513016449
822;0.025333457009898776
823;0.17946573217447315
824;0.015470097904182634
825;0.15368082235114666
826;0.007670136679784601
827;0.15297627884617038
828;0.1392042778358625
829;0.0022445821698889867
830;0.09593538913201752
831;0.12036618797504442
832;0.1969940646555095
833;0.15929154356084332
834;0.15826707188362285
835;0.12751484348626949
836;0.02242900485346464
837;0.18621443578882832
838;0.050148772292873095
839;0.031182810036811448
840;0.17493544335552147
841;0.11476001292952775
842;0.099252789231603
843;0.04106043529458232
844;0.10246119608024942
845;0.11946241631849788
846;0.17290245890190276
847;0.10683042470586397
848;0.02306151576218962
849;0.018096131644955805
850;0.09149574597097235
851;0.16239816450172317
852;0.1108065977795675
853;0.18212906086408762
854;0.18686897500088112
855;0.1702370863387457
856;0.03688586932514755
857;0.12406781839468731
858;0.13544689647761382
859;0.1594784326911789
860;0.17842838355075466
861;0.0492351399657222
862;0.11329905468378176
863;0.0056261074395705934
864;0.14361915287879154
865;0.12591429494358794
866;0.011825875902937112
867;0.01737010769137397
868;0.04094269910102908
869;0.044826090559808046
870;0.06482770628366481
871;0.03690145666805507
872;0.044895991001464845
873;0.049468028574675894
874;0.14598252498275263
875;0.012211970013226848
876;0.03767658651375941
877;0.09941164841105908
878;0.1458381369971749
879;0.192908275341846
880;0.08027521563201184
881;0.15811503010650124
882;0.11392307116021223
883;0.1136545394038549
884;0.03344260816449964
885;0.12376929927404193
886;0.15227329586329472
887;0.056652709621347164
888;0.15234784759186565
889;0.08889104694228625
890;0.006589896579147392
891;0.08815768162694836
892;0.18889444842145794
893;0.09992317178882554
894;0.1310767514471509
895;0.18555175901542695
896;0.027894395134579565
897;0.030570217883078322
898;0.04280571636226774
899;0.09369692396782843
900;0.18540810127811402
901;0.18751229814894183
902;0.16835310600508713
903;0.1102237685947912
904;0.0704263884935828
905;0.15206562452117833
906;0.03188747374276218
907;0.07197467737533303
908;0.10311343124561348
909;0.1980335263151446
910;0.1591909608274163
911;0.08220957455744252
912;0.1259373403428014
913;0.1020152366454295
914;0.13282104651098298
915;0.162640199756129
916;0.19352048429719182
917;0.12696447692309284
918;0.18581062262681738
919;0.0007716357630560777
920;0.11579055687078486
921;0.009173457898594894
922;0.05956500423364124
923;0.1502942815194197
924;0.18459425036794422
925;0.016083363802403095
926;0.12526369937837625
927;0.19871288279672583
928;0.131833021403888
929;0.04008088154538663
930;0.13003691792866684
931;0.015123537189276105
932;0.15392702642931677
933;0.07741728691668898
934;0.08547804044922197
935;0.04225386893748626
936;0.08788397235471222
937;0.018283759088385265
938;0.014677356394844444
939;0.17274191435229058
940;0.1528762220964349
941;0.12486073928837141
942;0.1932757475198298
943;0.04635808990717205
944;0.028869758734379625
945;0.17942062224192643
946;0.0791515469248084
947;0.1265460335564156
948;0.18382469668340615
949;0.13012824226404468
950;0.15939921861159476
951;0.09130976699200107
952;0.18699398646441034
953;0.019459420765539748
954;0.1653277921329335
955;0.1567885430705922
956;0.08841721802019378
957;0.02750969762091453
958;0.06611429980417578
959;0.19334461071754014
960;0.19534800875257283
961;0.19251018617243765
962;0.05638432182056161
963;0.0402299157475903
964;0.09699879921597394
965;0.013583437221432916
966;0.06586176915316733
967;0.09703372989771922
968;0.11250495928018672
969;0.10549899895814617
970;0.025087272828323817
971;0.15550851207505803
972;0.14063037776082368
973;0.1972597456675591
974;0.1482700911671537
975;0.13350461713854803
976;0.13258296159882843
977;0.10197604890522066
978;0.06290050752913799
979;0.14914641616628466
980;0.01936406327867011
981;0.03755607405673527
982;0.08239516655372554
983;0.07725078312127472
984;0.005934928412929686
985;0.19668491385881615
986;0.07638843923933313
987;0.17039733154839626
988;0.08691168651070987
989;0.18601222542228274
990;0.1198426822114961
991;0.03300422913632508
992;0.1136084258419114
993;0.17527491900553113
994;0.17183315388541232
995;0.10753034178020922
996;0.19451626835969124
997;0.004793532803178935
998;0.018616585821485267
999;0.08438802779353133
1000;0.11249014693947024
