1;0.15110797938739243
2;0.009692805073158195
3;0.1378858075771278
4;0.010455171180653755
5;0.018124764201525312
6;0.02077688268274096
7;0.00031694189848887613
8;0.19045052770637494
9;0.17400959544899242
10;0.17406408530319475
11;0.010815905851938347
12;0.08032746015562016
13;0.0830004402508374
14;0.1286395684178011
15;0.1684493625512783
16;0.176115920569466
17;0.060788158784876624
18;0.12947709842523553
19;0.1341568008255673
20;0.09270540034412432
21;0.16185891594834995
22;0.1376283710766657
23;0.028612564769332983
24;0.04260263289566113
25;0.03506613619547305
26;0.16864858572607133
27;0.03018225242692829
28;0.05414539902414648
29;0.10873033329881124
30;0.12695112159654853
31;0.10115814953971221
32;0.1791418540826416
33;0.07006354569434048
34;0.14785408521232316
35;0.10224306880947563
36;0.044355628027510766
37;0.11959841816087527
38;0.06917189401977329
39;0.09795225693602427
40;0.1316844899601466
41;0.1993090439642542
42;0.0034998830420810423
43;0.0714422444382237
44;0.13390865243265215
45;0.01410506593133849
46;0.09560295792883129
47;0.026514111887321112
48;0.07389173245553203
49;0.005506335639750937
50;0.1958024996596518
51;0.1627864282320395
52;0.02362511266883498
53;0.04296995480303714
54;0.16155040657345296
55;0.06436549183937734
56;0.1487964912888821
57;0.09240619704271816
58;0.10711656123522409
59;0.18342292816813738
60;8.792705545326297e-05
61;0.06905632739144241
62;0.19116127827890372
63;0.15461845837765129
64;0.17858224880328633
65;0.10778149112829699
66;0.10902711605331988
67;0.023348685169770733
68;0.01488541747067771
69;0.131108284010811
70;0.18148396973934075
71;0.06726221594926891
72;0.0694378854790003
73;0.18953595743401225
74;0.07806118026350638
75;0.0940209607652006
76;0.17619261835538458
77;0.1700316568007896
78;0.17512490954368076
79;0.02161592496728855
80;0.11342656087737368
81;0.08770225256513604
82;0.04260461631781061
83;0.012217685191464357
84;0.1284233259129566
85;0.1566512827322972
86;0.0388880156127353
87;0.18112249120520446
88;0.0020971390878306907
89;0.1067908535727633
90;0.12163403986556104
91;0.07268053665419649
92;0.01373495368360751
93;0.10917454560402423
94;0.11717672378318787
95;0.03349657132005348
96;0.04756437625424799
97;0.09955180097791672
98;0.17080016040252505
99;0.15301666595346883
100;0.12554537914694705
101;0.1950621036399812
102;0.02403946017797858
103;0.09068647191463484
104;0.055614471448369264
105;0.01713094868871421
106;0.17384502153825585
107;0.0530567582755084
108;0.14467017729555634
109;0.03076850779823237
110;0.08965472424801502
111;0.05651691711676843
112;0.1307673619984052
113;0.03574489064135427
114;0.15204475898897873
115;0.14921779333320503
116;0.08620588727199799
117;0.07830919392112984
118;0.030445349026505444
119;0.15248312812230327
120;0.0651738559087059
121;0.04469330177805142
122;0.05193867699753274
123;0.09664391409812625
124;0.0036266960405198613
125;0.05460759579333366
126;0.047205229269536075
127;0.08826606337227783
128;0.03135102219035326
129;0.0034913101157173277
130;0.17854402680927317
131;0.11428980479854552
132;0.1958049599059638
133;0.15981219990355572
134;0.053560731187137584
135;0.11332320456163439
136;0.17719134286453606
137;0.1617980844378353
138;0.11387263789572549
139;0.016023245932105423
140;0.1489534130356391
141;0.1847144338561403
142;0.010223417993906648
143;0.05003675735931426
144;0.11377690324390272
145;0.04355009450921008
146;0.13387086318300312
147;0.05680862757311054
148;0.10715326179626102
149;0.10145415330671509
150;0.07345289420917693
151;0.19074727746769524
152;0.11910087422680467
153;0.12328511938104865
154;0.17416361375680936
155;0.09143878518968696
156;0.08290578681709349
157;0.026796087541152216
158;0.0937702963926169
159;0.10230363506602057
160;0.04185556318963
161;0.1212251915108557
162;0.12445812233733444
163;0.19282655027669907
164;0.11596586947687262
165;0.1628702088033103
166;0.051567852573413675
167;0.11325898874037583
168;0.08185953655486318
169;0.11082455449097017
170;0.1201997768163452
171;0.02493553493855032
172;0.18833085898918075
173;0.08068093893669051
174;0.15359426840725643
175;0.12324782220456565
176;0.1986356457452574
177;0.005901799969975152
178;0.048341475183616645
179;0.04939082459665265
180;0.07654895140971639
181;0.09240658482581632
182;0.1771312725167743
183;0.19509920287558066
184;0.16523098924448498
185;0.10691882781785478
186;0.024890010884606673
187;0.09916455284750281
188;0.12982429253398137
189;0.04234362528408773
190;0.13339556061753688
191;0.08192850275655693
192;0.140503638156763
193;0.05064600062516962
194;0.1294122884506124
195;0.06973982642024516
196;0.15009975983884402
197;0.0647511924468268
198;0.09639734240213214
199;0.15620917827153716
200;0.1992133971755569
201;0.1329488565907945
202;0.12380257344249637
203;0.1803080578516733
204;0.17471455672702743
205;0.05702666823109335
206;0.03882460808272936
207;0.08695835406916846
208;0.07738195582768964
209;0.14195705846765175
210;0.17798385022185273
211;0.17110391949214465
212;0.09104261207743579
213;0.11471116611329307
214;0.11042544089856976
215;0.15339353585130922
216;0.12552654108137143
217;0.08519949657443252
218;0.1812705259150427
219;0.14122696175188085
220;0.06394083171570564
221;0.18370442891421715
222;0.1275091522962107
223;0.19129190443231836
224;0.1738951691733236
225;0.1853391818961173
226;0.0716153281577973
227;0.08962005145306545
228;0.014649230359826616
229;0.0029794345358971743
230;0.007638788923707463
231;0.10222331504690355
232;0.09863769817962992
233;0.07259898962903436
234;0.12494004392242036
235;0.06720057049239099
236;0.02254792832434398
237;0.10477174415501445
238;0.09075757986287436
239;0.07480989186181171
240;0.0808971459796417
241;0.02964366076075773
242;0.08874302626922143
243;0.12254394804566215
244;0.05311799324336253
245;0.09681495680631624
246;0.041686350519571286
247;0.17972026682214648
248;0.011838546661194127
249;0.0448290369653414
250;0.13773850502921076
251;0.11774763119238457
252;0.18309303650694506
253;0.1350700413783741
254;0.03332843387941227
255;0.09022345289541506
256;0.16588707704838185
257;0.11291104264228757
258;0.043514572219396946
259;0.009729669776646377
260;0.01958586914075873
261;0.14461995012328435
262;0.006328445391865368
263;0.06845146444628891
264;0.07031472326177224
265;0.0573065266789806
266;0.011951270763038325
267;0.1855530681516926
268;0.039180915798033844
269;0.0068497413459017945
270;0.0510046851800162
271;0.09004608287829688
272;0.1117408601991664
273;0.051081498116991655
274;0.1955612006245328
275;0.05614511842378345
276;0.09797905472202457
277;0.060673630754412455
278;0.07123095877052939
279;0.16277584795004563
280;0.15735082123545205
281;0.18221923830033515
282;0.16893979791339964
283;0.12279195266392505
284;0.0812844837754617
285;0.12014697519810054
286;0.07672096701834322
287;0.058745244438927195
288;0.15366938127998042
289;0.11481735365363109
290;0.08695711130444028
291;0.17002155689993995
292;0.17038798567760413
293;0.04455264132163379
294;0.03575449723342474
295;0.0949729696833998
296;0.11539479655477132
297;0.04655616363339126
298;0.05154513551456111
299;0.18120171765645307
300;0.1096429286308402
301;0.045413650500160135
302;0.03387760162770095
303;0.09163444106831962
304;0.13388474231784459
305;0.07191317930721282
306;0.07157755736803777
307;0.03443692240437126
308;0.15346424478026863
309;0.11088341752809237
310;0.08154805757072021
311;0.15844497097063726
312;0.17202113090517712
313;0.032076651856869566
314;0.17743044971257746
315;0.032499291998954495
316;0.06270655949276563
317;0.1493693816058394
318;0.10692308757249674
319;0.08163320402687389
320;0.008442955877686554
321;0.021225554556603823
322;0.1317822556660141
323;0.18489421261530337
324;0.1499825298125196
325;0.1912206651148015
326;0.13774765024619276
327;0.12664313114698397
328;0.11228401707585847
329;0.047645345570040215
330;0.12386485310868425
331;0.12277522762123881
332;0.10187003092863858
333;0.15444781792173345
334;0.07002653336611157
335;0.085223471310024
336;0.14787742145427382
337;0.193757980154378
338;0.06027112776292609
339;0.06918025982376504
340;0.12567680238715828
341;0.04245015178124816
342;0.11480658239712148
343;0.047719557621381116
344;0.19178870358162503
345;0.0965802986710528
346;0.0761214802795909
347;0.06339507207297208
348;0.02924904202387664
349;0.19381295390069542
350;0.18032079822815644
351;0.04395243383978782
352;0.12816775569856775
353;0.09058656368203939
354;0.16019141643814935
355;0.07088970665919514
356;0.030100403658506837
357;0.05143287838392688
358;0.026635094132181104
359;0.01798984038399818
360;0.020417562017136584
361;0.14404634558834992
362;0.04815178369742153
363;0.10258161601207505
364;0.1386443535891537
365;0.023946407854605802
366;0.048883839625403304
367;0.07474649533611166
368;0.14131441574232934
369;0.1045147820881308
370;0.18763957895158367
371;0.1446412703325486
372;0.14032283799399461
373;0.15269995973591036
374;0.06325644327973523
375;0.11745732815081972
376;0.10319729964192048
377;0.15177610277423564
378;0.12246085493469017
379;0.06155967529804003
380;0.196888851520762
381;0.09001772434490363
382;0.025423859822360284
383;0.16787449850916483
384;0.009566471462266503
385;0.15391868356297023
386;0.027194532347691605
387;0.17325951925535876
388;0.17325556082319032
389;0.011746059144514855
390;0.16406325812596712
391;0.0011946664885436054
392;0.09838470455248714
393;0.07307898495162939
394;0.0224727087183503
395;0.09355226636978597
396;0.07549634737743341
397;0.08081099673212622
398;0.016233552216293478
399;0.06849871071262073
400;0.012471294354892715
401;0.03618403596917752
402;0.08866728079605556
403;0.18593265554648036
404;0.03750664697821402
405;0.09495369937489564
406;0.0331222897746142
407;0.01555579717544884
408;0.15053719159496817
409;0.1788952830455805
410;0.04265932352650621
411;0.06186489258226085
412;0.18959181331030237
413;0.15106502242470538
414;0.028255907413342142
415;0.01101332028844675
416;0.1459421461645857
417;0.05171392103396395
418;0.17627608752746063
419;0.1794461637806871
420;0.07354459563612807
421;0.13074465342917163
422;0.047741064881167784
423;0.10923105791504423
424;0.13423375432141976
425;0.04713180330097853
426;0.15812769852648284
427;0.16842065392715078
428;0.0675517518107758
429;0.1896715211646962
430;0.11847703493462756
431;0.15417104371622276
432;0.07123420012232229
433;0.06180580743159641
434;0.05180358322287742
435;0.026873553169579935
436;0.16381699968608038
437;0.026164908200242334
438;0.004337448079296702
439;0.012561444078268048
440;0.03862583837546978
441;0.1506335182814415
442;0.1678371110248723
443;0.0075540576146173825
444;0.17517752294704486
445;0.15022262717942023
446;0.04359813568742539
447;6.325468263637114e-05
448;0.005744991442000536
449;0.1734870816353843
450;0.09040257430489285
451;0.13586438309567292
452;0.0375556165763433
453;0.19132314514060267
454;0.12023313272369983
455;0.008188710684093482
456;0.10844954786205037
457;0.14105667290389828
458;0.01035159045489622
459;0.1768246056065432
460;0.05206746269016174
461;0.06690111557134619
462;0.09258033856803159
463;0.044816484264524184
464;0.1546876499978751
465;0.028737142874219735
466;0.0445428795259617
467;0.017889135730154694
468;0.1662093052839172
469;0.018275345859568647
470;0.18195861952908388
471;0.15870635990346005
472;0.17920590496783909
473;0.03899568664289366
474;0.09279899092622781
475;0.12351224459939342
476;0.09628667192832563
477;0.1284426894832387
478;0.05410204702057789
479;0.14230228232877493
480;0.1791887456140715
481;0.013181729365047735
482;0.16312657526272137
483;0.06933297989616612
484;0.1861674004693854
485;0.13480593906079305
486;0.036830348183975285
487;0.16209069145842547
488;0.01860486891200692
489;0.10577096229953237
490;0.06096509981934402
491;0.1579107834095507
492;0.12080880064101095
493;0.15689441568671766
494;0.07082788663052988
495;0.1878259475333326
496;0.18104722858995323
497;0.05547389476628872
498;0.046136405839521305
499;0.15189547243048962
500;0.012106959653162708
501;0.09828479515315157
502;0.09459293395543358
503;0.17730563607659477
504;0.07117466399969648
505;0.040146014706680534
506;0.09630970965721064
507;0.026840257184600813
508;0.005064512219778239
509;0.117941967125548
510;0.18380551589611152
511;0.17369711968597537
512;0.17172035257669493
513;0.02167616904334757
514;0.017485822510816786
515;0.01989267155787562
516;0.08008749418072403
517;0.11627534494957129
518;0.0006543290736318986
519;0.03236903937397042
520;0.13678157987263836
521;0.19802707200177527
522;0.08309929831453362
523;0.13923165206108035
524;0.06914837443190525
525;0.16908854416145516
526;0.16922287447395518
527;0.02468379972464805
528;0.016439697364666994
529;0.07400696881094526
530;0.16898715167644118
531;0.1510191389402652
532;0.007813917241623147
533;0.008591302029637204
534;0.0824345452401814
535;0.13232919937643914
536;0.07051333027725425
537;0.14046522021556648
538;0.0478817157545878
539;0.09496183465681995
540;0.1346066827611695
541;0.08988807903695334
542;0.19774245824763315
543;0.004250374520454026
544;0.10698830898632161
545;0.037127013178853654
546;0.07095540157149698
547;0.1529595232427594
548;0.08171611088522711
549;0.02216310672877482
550;0.10926643311779978
551;0.12549397446518493
552;0.06735117699876014
553;0.0726535268059613
554;0.04458871023209268
555;0.19108998248245987
556;0.18396063082277603
557;0.12831031715369356
558;0.10274698016090039
559;0.11951762257600292
560;0.10353721792060594
561;0.021081667589714238
562;0.00017207158148100366
563;0.17812356159626322
564;0.09145013257028814
565;0.16285094137574024
566;0.18465131835303775
567;0.0616269487920194
568;0.15198976824606555
569;0.11457488962447414
570;0.1714230346584252
571;0.03423926965664448
572;0.01787966030906918
573;0.08859119602567961
574;0.0971445982640486
575;0.0010181532574011776
576;0.17967542826533597
577;0.1684417515139509
578;0.15011805110258478
579;0.10750318720390946
580;0.16170796416044908
581;0.00831496714837241
582;0.17487991327810662
583;0.03227666651653221
584;0.14397711823953183
585;0.04504995254984343
586;0.08272773481144036
587;0.10201074518781882
588;0.08334821433055409
589;0.1607879546709186
590;0.0010927572258273345
591;0.056803130443862676
592;0.08187527316038312
593;0.1735286901168335
594;0.12077372099583153
595;0.18659816145922997
596;0.11299390412077973
597;0.01644005993018185
598;0.18288671510424692
599;0.16876009928026148
600;0.1545470905727578
601;0.1964067040740352
602;0.1636044783702975
603;0.09229011341447746
604;0.1365974148239893
605;0.1146712278959486
606;0.005917489454427317
607;0.1697015637355701
608;0.12441943393348887
609;0.14322348660989714
610;0.1850212821907165
611;0.1755715570913029
612;0.1467409430377958
613;0.19862985208883516
614;0.11171829527629754
615;0.03631156572867627
616;0.00984149724091652
617;0.09693043304803134
618;0.048541781087812555
619;0.17917328192020915
620;0.05720758268680118
621;0.08257140733393192
622;0.19604857078868576
623;0.13065411706736096
624;0.07554820673150212
625;0.04558231348984283
626;0.14272478138249323
627;0.13296907216223333
628;0.02381769433820509
629;0.04466751691612281
630;0.1788150681039402
631;0.1858654365707495
632;0.1601685905711287
633;0.10331862240701095
634;0.0279345269888831
635;0.09008056303763892
636;0.01943106874865306
637;0.004119754751016869
638;0.1529823816538444
639;0.18264930412830752
640;0.10112831850514599
641;0.08705110028889236
642;0.16705030873205384
643;0.18907376645141372
644;0.02367679976617103
645;0.09954939061903481
646;0.030280123971185402
647;0.09460918790676141
648;0.060934697908290404
649;0.06516103661307877
650;0.1950363462721458
651;0.056926833351191024
652;0.1108192092151441
653;0.15208436807732115
654;0.12366829718095121
655;0.11377225301883323
656;0.10885884935931685
657;0.16843851308036403
658;0.11007406427591687
659;0.16670752866619448
660;0.03384960798906831
661;0.032976943020729024
662;0.16907787483739709
663;0.05774196252422799
664;0.06152060364700203
665;0.023984159667146912
666;0.07700951752010943
667;0.0695065428665701
668;0.18383845964225765
669;0.09665565704927487
670;0.031793553285973664
671;0.06213345619611448
672;0.09122717299377121
673;0.048777809214158974
674;0.02453648924983065
675;0.19933318380579756
676;0.10408476961289169
677;0.01705522124985819
678;0.06343912345862095
679;0.15500232182253487
680;0.10802345730950158
681;0.13470492448014235
682;0.17063581097723762
683;0.028160094952011286
684;0.04705047963167326
685;0.0032398437639685976
686;0.19952221077592175
687;0.19886462055637644
688;0.13870837244320797
689;0.026592065003975485
690;0.1956596292877042
691;0.1093549368140679
692;0.05073535878464122
693;0.059922699585024324
694;0.09970669747630814
695;0.10055134065810512
696;0.16342928032010043
697;0.15375636816147797
698;0.11419332055101668
699;0.15213254196362375
700;0.06536610016428575
701;0.17404174824907806
702;0.13639899325046476
703;0.04359840128883161
704;0.06706058530090246
705;0.14117705610598988
706;0.14595431954567328
707;0.06139084129312016
708;0.09254514916209107
709;0.000940055306083143
710;0.12034901155432827
711;0.0034788061040193167
712;0.02691379583562328
713;0.1785756091343478
714;0.18444996936272337
715;0.1239645927257175
716;0.06478487688038662
717;0.025454006877627024
718;0.11118612862910367
719;0.19520601226915696
720;0.12191054457393019
721;0.02575546184410842
722;0.022224686068460175
723;0.03801535356992014
724;0.06441364197821522
725;0.01983986314539228
726;0.12839067219310937
727;0.11517912387525753
728;0.08342248407403921
729;0.06892582244029995
730;0.04495334270012481
731;0.07612580262329256
732;0.03566157964269787
733;0.16968275228356178
734;0.11075973186720559
735;0.17183638355257488
736;0.06729093085363864
737;0.06825497303130053
738;0.12034263920044792
739;0.028225732784410852
740;0.10054224184465779
741;0.08862856121264501
742;0.08493146511199792
743;0.16972474594789025
744;0.10420991826544489
745;0.06822569449341667
746;0.18108148115593387
747;0.10127662910981049
748;0.10012490338119594
749;0.05063702266753383
750;0.06197619169688673
751;0.032390656853659654
752;0.143792381538511
753;0.13499270154429524
754;0.02265133117267988
755;0.0040989548967103944
756;0.07164623812889884
757;0.025861068122047828
758;0.14550557328518224
759;0.13572346507497157
760;0.05479137264131571
761;0.03401795158811021
762;0.17327768036275948
763;0.07391301620166071
764;0.08252583263649363
765;0.1065621901964037
766;0.09825370469085654
767;0.17684525593027717
768;0.152619565901923
769;0.005846947829865812
770;0.11678764084739324
771;0.008779814894907468
772;0.1295461985263046
773;0.1289193561094089
774;0.07934859072875583
775;0.07469799157236356
776;0.19431929528027908
777;0.14919971194714066
778;0.1645504418926027
779;0.1302901854962818
780;0.03973975478400498
781;0.023773672615894095
782;0.12474511583970166
783;0.06675596498615965
784;0.05803697125594201
785;0.11121743215990905
786;0.06853461872826201
787;0.057692025766525545
788;0.061583092252416476
789;0.12324422037617924
790;0.021798907417797775
791;0.12822249606361194
792;0.04770493350163139
793;0.04173101737575649
794;0.18054033743865708
795;0.02886704500250155
796;0.10726646734101293
797;0.16753936393983607
798;0.17195392726268435
799;0.11363100789752976
800;0.07561165734815828
801;0.10595409275687127
802;0.17240158246314885
803;0.023044157335352658
804;0.008575872277660856
805;0.04729942701592871
806;0.18805055850345923
807;0.03810649285445509
808;0.12286631479959323
809;0.025818480636538268
810;0.08873665383257526
811;0.16189911902866766
812;0.10609221323637406
813;0.16245361136375241
814;0.14210483544509803
815;0.19666438186663635
816;0.1680186162084597
817;0.14971797175316992
818;0.0488888765021738
819;0.03994066812845725
820;0.11043572507926841
821;0.008903701409250897
822;0.008084505100299611
823;0.19583542382058394
824;0.08073702623835999
825;0.17027417494864047
826;0.1457572991942378
827;0.0840236286300244
828;0.11098119797489564
829;0.0661987986856524
830;0.026923317680214855
831;0.1439698625713068
832;0.034808629984938944
833;0.19260971288839912
834;0.042410172834902386
835;0.1874868287853315
836;0.1413667756896981
837;0.17429306636856906
838;0.046708935396572754
839;0.0024012220705479596
840;0.11046857148767256
841;0.0981700671573568
842;0.16327963541302645
843;0.17823380594996904
844;0.03755326161839663
845;0.03829865566702755
846;0.021461716765792206
847;2.106923706186592e-05
848;0.04945163637283574
849;0.18753765341814943
850;0.17251065835645707
851;0.1940835553448855
852;0.0805137014631918
853;0.0099647117477915
854;0.00511096483636595
855;0.02199457858570804
856;0.009001583100063137
857;0.11161956836017593
858;0.14542901477884396
859;0.19864249025784922
860;0.05474689729657725
861;0.14021503856403936
862;0.006004272371231934
863;0.11068820788507483
864;0.05684665704987897
865;0.17651298304780835
866;0.05911526813562687
867;0.059692276853875015
868;0.11280832292489834
869;0.07047197604901044
870;0.06233948382382535
871;0.11098198888198148
872;0.006505220631647469
873;0.06461466821572236
874;0.11427032432675999
875;0.06265149571848727
876;0.12385152628025826
877;0.09239847878917676
878;0.13380801929756095
879;0.1533494874807195
880;0.19141768047751684
881;0.07903122265951723
882;0.1360968084721479
883;0.07795140524088183
884;0.13492405016676798
885;0.07704185873154248
886;0.1753043043004156
887;0.10649974449763769
888;0.09153426012701318
889;0.07606618735417654
890;0.008663158396521499
891;0.03605999893929881
892;0.11770237201561484
893;0.11620487424466364
894;0.05657796202607939
895;0.17343367005379207
896;0.08798875941231865
897;0.09465335754312386
898;0.16133343239722775
899;0.016600648210595172
900;0.06411191350812602
901;0.06422415830009139
902;0.04511902546606797
903;0.19051898245739043
904;0.12502633423503282
905;0.16274520100065792
906;0.1898460138378644
907;0.07226334099887151
908;0.09128150417493722
909;0.08995648738515066
910;0.16856042218410638
911;0.008490037008028528
912;0.18296773226818686
913;0.02514351315493504
914;0.06698650823052128
915;0.14774956984961962
916;0.15771649814307134
917;0.16639775137821114
918;0.18479475318933808
919;0.1209303533204041
920;0.03215180665967012
921;0.1498002804485775
922;0.19419447965130504
923;0.03989969958259292
924;0.1352047659149209
925;0.012121974273996729
926;0.04350386618414104
927;0.024343098964168843
928;0.02633622389548043
929;0.05422348715668306
930;0.13331801772533633
931;0.14604034497366056
932;0.11284860803779834
933;0.06286344819247917
934;0.19064017696572985
935;0.04542238464412503
936;0.19269349283863876
937;0.1755261141086586
938;0.019028147290102628
939;0.19659890451438522
940;0.1851470445329677
941;0.11435756892129388
942;0.041145083185659063
943;0.04122553992145222
944;0.051648046139138364
945;0.14827650570254466
946;0.13696074471929448
947;0.16390662924171287
948;0.16112664671236193
949;0.04964099795469326
950;0.08635207075910907
951;0.14855699926021346
952;0.05721119896405964
953;0.020029153468978312
954;0.16922226204450896
955;0.07246505372610175
956;0.1834614204705941
957;0.08681819017194364
958;0.1749687373508323
959;0.04190621322460819
960;0.14738192337154837
961;0.13510388968726403
962;0.021560745008118
963;0.1862545695036989
964;0.12872286242556094
965;0.08093095775034509
966;0.17644384194806206
967;0.11643367570792738
968;0.14448894217510752
969;0.06137488252147534
970;0.1932126815926689
971;0.026813972242187824
972;0.14320199177661583
973;0.027042404326039906
974;0.03529322226991061
975;0.13823682869007609
976;0.18141209984505452
977;0.14598779359724665
978;0.15502697501214474
979;0.061505432047519015
980;0.0006635962449983213
981;0.042471317826559246
982;0.14503082355295274
983;0.02651241620224376
984;0.0317192067784944
985;0.06266068643111773
986;0.1455039339727442
987;0.12547841365926582
988;0.1612732546319384
989;0.12419881097247965
990;0.10845352496729906
991;0.15586734057204607
992;0.1366211316208108
993;0.17021130226041692
994;0.17292932985216208
995;0.08161235845540094
996;0.013568250522485182
997;0.146308901645352
998;0.08328065438606372
999;0.16688419293714268
1000;0.04969124605269886
