1;0.028796687592549566
2;0.07501153379398674
3;0.0720569476124175
4;0.005469901321791315
5;0.04443487547835648
6;0.007693472235574306
7;0.08230297553845595
8;0.0907368907483085
9;0.08041809527403815
10;0.041763335662642946
11;0.09882705731783477
12;0.09015532109743273
13;0.01900529289341404
14;0.008553033444667402
15;0.033072051225915965
16;0.08982864009687302
17;0.06955322103191745
18;0.09295985374869767
19;0.01331683207802077
20;0.04693953306015589
21;0.005729240750033471
22;0.07245457445267754
23;0.009158877822727252
24;0.05983627669078389
25;0.025616554534560423
26;0.08204764914197811
27;0.07897170460304033
28;0.006028794851221509
29;0.0415838766417389
30;0.06554548310329236
31;0.030873687133351792
32;0.07205868485632122
33;0.021322298413399523
34;0.017349624485672344
35;0.03280707762395627
36;0.07459293042335807
37;0.0038476046716616197
38;0.010910480367427712
39;0.03219890680699714
40;0.061356946659751825
41;0.09388629713649965
42;0.06523245960731096
43;0.019176035041706098
44;0.03667567969390919
45;0.05469655729792092
46;0.08210762976373653
47;0.02864129485953154
48;0.03858902961054175
49;0.001257685128531272
50;0.08892742617663606
51;0.04494447996160581
52;0.047089222335393144
53;0.01834339358598718
54;0.04078784006427971
55;0.04391593705195782
56;0.02038899997200553
57;0.0838404373136718
58;0.023716838360307427
59;0.013671130810059707
60;0.04869081415386516
61;0.04069400701896872
62;0.09409276889681067
63;0.011663967748884618
64;0.09694172006003364
65;0.02292281541499578
66;0.0965561480173579
67;0.08582189775050694
68;0.0895459803573933
69;0.09570128764794306
70;0.031221682575739
71;0.0023969582473621466
72;0.0779155043928712
73;0.039367459351216855
74;0.006626449646001564
75;0.0987033784945125
76;0.018072771288751
77;0.05836607213464193
78;0.049958770282846114
79;0.04222350836492137
80;0.06860598867088581
81;0.08005277247928927
82;0.018426959724003458
83;0.002865895306816202
84;0.0898426608720169
85;0.019806069224589697
86;0.017262190503964336
87;0.08552714571951753
88;0.09819919751859646
89;0.045270712856652295
90;0.05991044115722313
91;0.03133850524313048
92;0.019287584077564413
93;0.014957103027900355
94;0.028799987896634394
95;0.04097511954394585
96;0.0960044618982222
97;0.02687809504174661
98;0.008583260662879245
99;0.026215450701984368
100;0.07864936477813854
101;0.011946759704947208
102;0.010507459501248873
103;0.09491422125620153
104;0.0526073911671939
105;0.03513695369461304
106;0.04148926106384605
107;0.03890195140036491
108;0.005853750997988627
109;0.04384857960349764
110;0.06661991763364622
111;0.0995302018286496
112;0.09624648188360342
113;0.04110427762627168
114;0.07872335484551707
115;0.05411002752727567
116;0.05181406985859736
117;0.041529586117729556
118;0.08419253558575748
119;0.06963486785084562
120;0.04901368769936633
121;0.09689885509078582
122;0.06348476590635103
123;0.036626020269351967
124;0.035072027583785706
125;0.00811783457611527
126;0.07744106033248681
127;0.08794359622011202
128;0.0566305363348553
129;0.06642557531656544
130;0.04513155364803537
131;0.09164639537520118
132;0.009332178553565518
133;0.08914933057940248
134;0.033345684810125356
135;0.09585820894995958
136;0.024701612060995984
137;0.019494769053115903
138;0.07365989789636632
139;0.05683584029394846
140;0.09795259698771146
141;0.08517067187429006
142;0.05683609353739536
143;0.0051437242367902486
144;0.012980767480514034
145;0.030368787650395447
146;0.04485859161225855
147;0.0777101164944714
148;0.09591133234243729
149;0.0146099408073203
150;0.0632254028533661
151;0.0037482007612708815
152;0.012851314055001251
153;0.06568121828023774
154;0.05416052253207614
155;0.09066737496291885
156;0.0897254538118339
157;0.0890624535158964
158;0.010646925487575532
159;0.04083248747455015
160;0.04310638980722195
161;0.00030575546369689956
162;0.0007268078017569568
163;0.05980295239636532
164;0.027981042626581534
165;0.03050619469282061
166;0.035239115695768146
167;0.07735314049116368
168;0.008668433793951314
169;0.04130025611402084
170;0.060867587425747785
171;0.07361167154022234
172;0.0034279515565467378
173;0.03736149569094843
174;0.017818698033934755
175;0.049144780356101994
176;0.0764745692589672
177;0.09781646747524853
178;0.0730356519543056
179;0.09527747644580062
180;0.06056471192897034
181;0.08753123878050982
182;0.06024110204388691
183;5.6989472469515245e-05
184;0.03507251580674037
185;0.06785553980727113
186;0.06005240949423473
187;0.025240575985331606
188;0.0499213757828798
189;0.004944798201255174
190;0.05861817165313038
191;0.06208359552635804
192;0.05166392719130922
193;0.07106981794374238
194;0.04333359821889837
195;0.011222067667298986
196;0.08540551327973225
197;0.04380764944788193
198;0.002026393443277341
199;0.04637982792583925
200;0.02079864369262099
201;0.01079251553525924
202;0.022001186509302197
203;0.025726293356858523
204;0.00924148080674203
205;0.09135268503985423
206;0.01053792205457037
207;0.07482751928172526
208;0.08374669915885295
209;0.04664659488557719
210;0.0420276910018027
211;0.07230674451752081
212;0.08983368391393602
213;0.07239586420504893
214;0.03970044043098151
215;0.01718817331410839
216;0.05188531254085302
217;0.024151728453942756
218;0.0550532440097698
219;0.06783155645993008
220;0.057403457859521737
221;0.04306781758220453
222;0.09452329517253123
223;0.0560879785079047
224;0.0064842451944648995
225;0.08736596622004565
226;0.03249646061072233
227;0.049152749477713954
228;0.012381449399213951
229;0.03174991833114237
230;0.044460809653218206
231;0.0444777278861944
232;0.0061838302692650785
233;0.044583306838022696
234;0.04093534324056578
235;0.017090643354906888
236;0.09464366956392944
237;0.04384958239057534
238;0.04718152664043512
239;0.020683200700468463
240;0.02112665927121539
241;0.0829099086806748
242;0.07076125999756527
243;0.07279361344425316
244;0.05911705869023709
245;0.029824816757047193
246;0.06653561556781024
247;0.0046359465902875985
248;0.08210786838998514
249;0.02850798815976906
250;0.06289699224158239
251;0.01704995266664835
252;0.05088879935894165
253;0.024453325384515803
254;0.09515178401106328
255;0.0601912337417698
256;0.03461559285963715
257;0.056325696499988934
258;0.0023047469910064235
259;0.05337539657579965
260;0.05562809471447049
261;0.0777932504285794
262;0.0676424514687885
263;0.09704937003062834
264;0.04441381681767814
265;0.09213803427786733
266;0.022388149421236028
267;0.030389733315839076
268;0.034296091938380346
269;0.051379401286276966
270;0.07635942885520809
271;0.03625401105869474
272;0.04647720518702878
273;0.06363704507125667
274;0.03817415263453834
275;0.09355577780007183
276;0.0361078514340912
277;0.029309300086201053
278;0.014151476558278343
279;0.0980868210137038
280;0.08568687635469585
281;0.038492178277023864
282;0.07707567082700117
283;0.08861337990360962
284;0.058923674375146354
285;0.04054929768586425
286;0.011488136936177085
287;0.03971898386939646
288;0.0465382080275507
289;0.029955808806945018
290;0.06222506904473111
291;0.09437373500569826
292;0.06014073873388263
293;0.07430598374551577
294;0.05815094172470652
295;0.08192073404016494
296;0.09069238128024971
297;0.03131210244825673
298;0.09078607814528553
299;0.021640624954546196
300;0.06832274939675394
301;0.05383912742878516
302;0.0049426210212538905
303;0.0849371486247921
304;0.06536125303658273
305;0.05818246944586464
306;0.08406596203403144
307;0.06434398716520212
308;0.09566936678223575
309;0.011011311600042607
310;0.09269437046251407
311;0.054193984803960385
312;0.04820323821233551
313;0.02181765882649053
314;0.07250530991990684
315;0.08286652433243795
316;0.025138086691741692
317;0.09706564484792293
318;0.03153968518466136
319;0.09703912447668676
320;0.035489497492201975
321;0.039125423678212694
322;0.060108782158132736
323;0.03550844461849293
324;0.04058914625524031
325;0.015018901888610658
326;0.05452462537829983
327;0.0014204876559530178
328;0.02872370180244035
329;0.0014819006485891852
330;0.08662237311026644
331;0.04827720152331221
332;0.005209091523255872
333;0.007533703395087132
334;0.010306455543984773
335;0.09281059782406884
336;0.08615076619530633
337;0.09211396668409463
338;0.09169199231300934
339;0.07294433528545005
340;0.0072768649491379515
341;0.04711128164418134
342;0.09058793935829389
343;0.017512343230877702
344;0.08086116241991413
345;0.03754525772990646
346;0.049910763648947844
347;0.058552485479605856
348;0.03510873137770102
349;0.07718983943174824
350;0.07801903596552381
351;0.08932390984627382
352;0.06176604562112242
353;0.022132902712761485
354;0.08616039653877032
355;0.08608071398917289
356;0.02326728717911111
357;0.007910576528115621
358;0.005626132254113736
359;0.012820248820537283
360;0.08813870768526416
361;0.09127624399281525
362;0.03376394141078359
363;0.02714347387567219
364;0.015446478139316579
365;0.020208897196494293
366;0.08632652187717892
367;0.07265286581661985
368;0.03881130659165149
369;0.034804104070142394
370;0.07827902463045401
371;0.0077047593699992815
372;0.09052063383273845
373;0.07271293214199265
374;0.07994103084359551
375;0.04564717474051257
376;0.06328929553329528
377;0.03288127143582035
378;0.05993182063890761
379;0.0184405452975551
380;0.052692266860587804
381;0.002158610634340341
382;0.011870135728431076
383;0.025541205719741323
384;0.016633685673656584
385;0.06418172243755493
386;0.03739738194550333
387;0.08728968079967704
388;0.007525680568311633
389;0.08584066942043271
390;0.0729306284401126
391;0.01421732910538216
392;0.07182204356075948
393;0.0464488496853474
394;0.06328953919031362
395;0.09838692753073891
396;0.019329828610897305
397;0.010056637309047989
398;0.04731640424762832
399;0.017373955729428004
400;0.052425615285894095
401;0.09161630810542808
402;0.04619002412391632
403;0.08769915904942334
404;0.02282189522991305
405;0.02316946937253278
406;0.01893964953507884
407;0.08572966196180397
408;0.03793506367424643
409;0.055308218352103644
410;0.06129178327857903
411;0.08242396314560878
412;0.08300654485551785
413;0.041484184525203416
414;0.03031996274150065
415;0.08393433956594425
416;0.017305039850043658
417;0.017554152573020867
418;0.046779831055484215
419;0.011352390114665012
420;0.029643386725397472
421;0.05251579167695941
422;0.0709364811483642
423;0.08783891087882074
424;0.007177262656941819
425;0.031627249155805795
426;0.08125838139686106
427;0.020391701755215853
428;0.0437567975142
429;0.056695255859342625
430;0.031901415843081406
431;0.09134542522135101
432;0.09162594246474415
433;0.04004486968842666
434;0.07848971647743948
435;0.022313277615739504
436;0.057175414102429115
437;0.046649540469007135
438;0.08947233519022475
439;0.022806915324035615
440;0.04446901246309681
441;0.07948974096200362
442;0.06417363008521236
443;0.012184676438503496
444;0.044494730623416336
445;0.008235515618528933
446;0.010079867810985445
447;0.04207565747913111
448;0.07201418645723823
449;0.07380142977394283
450;0.03239705291896775
451;0.08529844342952318
452;0.0031522936018377303
453;0.08653147173526812
454;0.03164814673229567
455;0.08973123966259874
456;0.07927654283705855
457;0.0016383472299517643
458;0.09831272928792281
459;0.02552416225300105
460;0.008400525147402171
461;0.021551902371273836
462;0.08670769938024281
463;0.0012514417043990923
464;0.05861851940122344
465;0.03321001328051978
466;0.06701393891285527
467;0.002713796827709403
468;0.006995178539069502
469;0.03644841057041416
470;0.09615492621983729
471;0.07267672116043629
472;0.046113064121146144
473;0.0838655661129637
474;0.002009471551595432
475;0.018862074241958127
476;0.08684412049967016
477;0.09553170212414003
478;0.08820249899759997
479;0.02579533570627225
480;0.030894602753116486
481;0.09000982589125811
482;0.04559190148401332
483;0.07570513543178851
484;0.08472862385895404
485;0.09052021763659951
486;0.0478976199527192
487;0.055867254700078195
488;0.009228526817762905
489;0.042307488349441924
490;0.08817357129339956
491;0.041703225372477774
492;0.091584539091288
493;0.057651770616357206
494;0.0069527903130436886
495;0.05789689655115468
496;0.09805899455399009
497;0.08022984213164415
498;0.0960925648334211
499;0.012668515337858767
500;0.08196101927569174
501;0.0905217377859708
502;0.08953953039521778
503;0.09263133446267738
504;0.07583056222181138
505;0.005424558220999265
506;0.03683311431618698
507;0.09170786501923965
508;0.056522023057271824
509;0.06397258484036532
510;0.02241407350286543
511;0.018854889922134223
512;0.09677022534752965
513;0.09498330609377734
514;0.07054440748683062
515;0.0455173795913326
516;0.07464909742285843
517;0.0935925429521288
518;0.0994729482466176
519;0.05702194434426311
520;0.05904464546191338
521;0.08905001139061769
522;0.0072663658388851145
523;0.08975609287960404
524;3.053553386849206e-05
525;0.06908822626378773
526;0.05017885480515927
527;0.044739310884940986
528;0.0406213238823149
529;0.0784898214694416
530;0.04223708152521616
531;0.067420838089045
532;0.010521590558515183
533;0.04010961082815412
534;0.09081552061875903
535;0.09653876255133043
536;0.02502451494903395
537;0.09733768696337734
538;0.05656126681798293
539;0.022543066289188743
540;0.07548812741630667
541;0.010382977884257617
542;0.06001008664142618
543;0.058900868228274145
544;0.0019779119386874044
545;0.011856866591774984
546;0.026663830499201346
547;0.07674012711569536
548;0.050108996322897
549;0.09059184961855368
550;0.05002607026447638
551;0.0632561697445293
552;0.04152202542973202
553;0.07121574811256766
554;0.09378766724647535
555;0.08025168385656628
556;0.06256224824181497
557;0.052009085925087684
558;0.06741624607364237
559;0.018763294578704615
560;0.036897312959891085
561;0.0339651952413064
562;0.05080372191491822
563;0.020959485702963177
564;0.09643059958500454
565;0.09578234355604172
566;0.022610992927415852
567;0.0853749253462289
568;0.05254324571199011
569;0.04290686480893771
570;0.07775784210206449
571;0.053764853061297385
572;0.08604284126532726
573;0.07722530862834176
574;0.09304236022077983
575;0.07025452766030231
576;0.06558078652187146
577;0.06349469927286237
578;0.07044848771029581
579;0.0183834470280153
580;0.009614460310965668
581;0.0779006554847232
582;0.05301166778977582
583;0.014900675677025955
584;0.03659204858750942
585;0.022214714161938265
586;0.00812773407166344
587;0.09524851967765184
588;0.06452027069839918
589;0.010966533803628553
590;0.007296752506405913
591;0.0016289877972146096
592;0.03193387804641695
593;0.03678822911832469
594;0.02937203763673496
595;0.0895735415511964
596;0.0770110327243631
597;0.05000218336875156
598;0.03965059297193452
599;0.03640721059430703
600;0.05917682018710529
601;0.004379676030676571
602;0.0920380720312623
603;0.026532305663658107
604;0.07892604047138721
605;0.0013010737868197177
606;0.09924721926053759
607;0.008959464132142492
608;0.013205486786448806
609;0.0009671204922935717
610;0.017811631164455
611;0.03271115548065937
612;0.04125229223773508
613;0.01262676900153159
614;0.08415328925320277
615;0.084432124009145
616;0.019214274238671628
617;0.009157165684410162
618;0.059268048688065934
619;0.023918899751929304
620;0.09596645952976013
621;0.08776341788451296
622;0.009388519446586797
623;0.040937055664084135
624;0.07612308630020323
625;0.02000416767741873
626;0.00810352483838458
627;0.013462689143872797
628;0.08127098562292534
629;0.002779319620998477
630;0.005369909671509687
631;0.007442529332924885
632;0.09144595800321437
633;0.045811187613309615
634;0.05140878750905384
635;0.041874037967589775
636;0.037130950049653964
637;0.09702296445000808
638;0.007625529749351545
639;0.042027402543935534
640;0.003970483679282888
641;0.04107963851149158
642;0.0783977292293378
643;0.08749726314563466
644;0.04695814695638716
645;0.09012599941413912
646;0.052972484993933505
647;0.09713360647302169
648;0.007208009275233929
649;0.032214188529270764
650;0.02558107451995413
651;0.0736043535290382
652;0.06093370169853766
653;0.07355206434960479
654;0.0209834496044657
655;0.05189896972356406
656;0.06487684291216131
657;0.08712137470523039
658;0.01692173190365878
659;0.08254118910452421
660;0.03504587855047995
661;0.06582734002370902
662;0.001383619379920409
663;0.022237298410573814
664;0.03266025678681048
665;0.0698150589404236
666;0.0485244459365963
667;0.08928477134321555
668;0.04173266642740009
669;0.025150201636711
670;0.039717632718605435
671;0.06282055716497077
672;0.04087585190075071
673;0.05303585175363186
674;0.016713776343044228
675;0.05013415016942633
676;0.06790451573126602
677;0.03338404810203306
678;0.026491000270246368
679;0.024565352648176077
680;0.025436791606347455
681;0.03426383398715101
682;0.0868079428559789
683;0.05031888134858329
684;0.04410356112833498
685;0.0771635010426291
686;0.022138757628339202
687;0.02596540956425272
688;0.020581752976185055
689;0.08717231825402334
690;0.08823062667554522
691;0.01219704958354989
692;0.008382751744878004
693;0.06995130549289844
694;0.051010647126440045
695;0.0887722247654698
696;0.06427971887464942
697;0.048170608983545055
698;0.08330788894460428
699;0.03337736399478485
700;0.010128400507135316
701;0.015375556494048193
702;0.024034940165825615
703;0.07529030641577164
704;0.05283999615633376
705;0.0001913055285666987
706;0.023429709202304996
707;0.03279650046877243
708;0.05214009855879009
709;0.04354467277135994
710;0.07735305794848457
711;0.07259167225694253
712;0.006245893804810199
713;0.06135436359487345
714;0.0689886099726059
715;0.01932041730492874
716;0.05073633324601047
717;0.0479714256320366
718;0.057152275872298465
719;0.06104977284033683
720;0.07491618652203574
721;0.09931625834468494
722;0.0926424137296819
723;0.06641580395640385
724;0.021994130366720422
725;0.04661719237684486
726;0.09869748744907089
727;0.018418367618633382
728;0.07590343815782172
729;0.023722524732480335
730;0.04973839822928161
731;0.0027411243914229225
732;0.06088829331024577
733;0.07741023784828317
734;0.06350082881461792
735;0.047014931981756075
736;0.04579917519105567
737;0.09539742952599259
738;0.0478482988383003
739;0.09897498878334254
740;0.07340986638570642
741;0.06691001857320986
742;0.04082210009218156
743;0.06888885010090297
744;0.014095306551732368
745;0.00623050967173
746;0.03486905641807092
747;0.020765506638880896
748;0.09855516221853361
749;0.006126373579375921
750;0.09761262777699486
751;0.004598300877487904
752;0.0735241311628361
753;0.03714076328356047
754;0.019121229178035007
755;0.05576676835346718
756;0.07947903123322071
757;0.052189727548657174
758;0.09345861543645337
759;0.08475654439562186
760;0.02900415160392994
761;0.00838242451187139
762;0.00631283299776041
763;0.053084761632650204
764;0.03693710910765809
765;0.012494705920088833
766;0.027991013808776534
767;0.060386925595603214
768;0.03820513676511572
769;0.04375152245489135
770;0.050540656111710804
771;0.04620054058419535
772;0.04351569732238025
773;0.0467627391747413
774;0.06986715578009282
775;0.02251557610324193
776;0.05027920693647492
777;0.04264488394387153
778;0.027761238552018053
779;0.060351024564759936
780;0.08037433117554588
781;0.02423320367838785
782;0.08763734405243617
783;0.04293429232168793
784;0.04523280833287707
785;0.05379430393767223
786;0.08054933842237078
787;0.0167384058706774
788;0.007898089020347688
789;0.08389316299233407
790;0.008599107108642768
791;0.04953466476931905
792;0.08612331295128371
793;0.08727322325178011
794;0.08694809816614696
795;0.03796370718533322
796;0.07550868178202516
797;0.003919571219841234
798;0.08384383209432128
799;0.0977212403406045
800;0.06291142802675327
801;0.04622326937858389
802;0.0757554887706752
803;0.04592031356401199
804;0.00793627776914505
805;0.031393489369761975
806;0.024808632161909285
807;0.0442599800570881
808;0.0018405676449147702
809;0.034382572606113604
810;0.032776564448293015
811;0.08000850515330858
812;0.03518071076112057
813;0.03734634727669197
814;0.07227873654771798
815;0.04144850302664093
816;0.08260260969889244
817;0.0029158526642765526
818;0.07875007995658379
819;0.07101212325388105
820;0.08296437603818554
821;0.05309905290676401
822;0.016518413006321776
823;0.09835474001325449
824;0.017426194647574646
825;0.04849449427825069
826;0.03528545680624162
827;0.02094077307188155
828;0.0681816568457905
829;0.02751261846914064
830;0.039055437324662434
831;0.08866912219547324
832;0.016355345662346477
833;0.06046280146055724
834;0.009380082188855145
835;0.06522821558081175
836;0.006250393599458415
837;0.013310731173403423
838;0.02473416117870583
839;0.06038525643108919
840;0.04054306891974629
841;0.056371496236154554
842;0.037517172982673756
843;0.07024469164743484
844;0.014275434281297284
845;0.03287109143579144
846;0.06925845226870792
847;0.0671817521662914
848;0.005366204833676703
849;0.07344897372983494
850;0.011958896684919474
851;0.013925824315381242
852;0.08683315518574919
853;0.07768821606684559
854;0.06649396297471453
855;0.021341887749297364
856;0.043448157530442934
857;0.09026377920134526
858;0.06385395178144052
859;0.018795560710297622
860;0.0830508073599925
861;0.05137473249021932
862;0.02171963830390059
863;0.021117891858510564
864;0.01832078779361277
865;0.002234557614997013
866;0.01193137916724254
867;0.0891000059992241
868;0.0821700254740529
869;0.01981080195769922
870;0.05949934936474536
871;0.009466078779026844
872;0.0427260333380472
873;0.08160948406618085
874;0.07041746258604369
875;0.05682439698351334
876;0.032578371348427136
877;0.07889992942769283
878;0.031490425738440575
879;0.07763958521266286
880;0.03401300673842219
881;0.014885918088767847
882;0.007019653682605953
883;0.04622154718093594
884;0.023264021008590277
885;0.00818499170038287
886;0.06375719526290474
887;0.07949416338815363
888;0.049652926024374267
889;0.0737311240187767
890;0.08269351551862872
891;0.07998584233084573
892;0.012594268196913129
893;0.010937252044943592
894;0.09869612408528528
895;0.00013107706097962302
896;0.030725439992968485
897;0.07422413269512629
898;0.04153103433877778
899;0.02857182111910336
900;0.08288508567733155
901;0.01781517298160793
902;0.028608508281767156
903;0.046793943351132294
904;0.00874842762250917
905;0.06813514310369688
906;0.07331879704226407
907;0.07208507093075155
908;0.03819714335601622
909;0.08032015986593627
910;0.02731782602694427
911;0.09224948838781998
912;0.029293904460483078
913;0.001658625713599149
914;0.05905674533814739
915;0.052094117786118624
916;0.06450281836522741
917;0.0055718551720012055
918;0.08010970081970112
919;0.015397550543706486
920;0.08658894738404482
921;0.060487695954491584
922;0.027343599842715893
923;0.031670423466530505
924;0.018996969409581333
925;0.05729744918206148
926;0.049776418236846864
927;0.05669560435946223
928;0.048262899300618944
929;0.08435780358562672
930;0.02841640038520358
931;0.022219406015841284
932;0.09133173918503228
933;0.08289567645699517
934;0.04913239771238646
935;0.005546433052760914
936;0.0973641454002605
937;0.01216541952481045
938;0.01456988343086163
939;0.03724607008486656
940;0.008383144920464903
941;0.05721718568692259
942;0.04542450015206857
943;0.09729315746564253
944;0.0501548101864242
945;0.08995581249510629
946;0.0665552701514575
947;0.022846296658232304
948;0.05517894694471873
949;0.02964708886380937
950;0.09699536173187473
951;0.07083962074788125
952;0.02314688894411282
953;0.02300477807566217
954;0.01457065179762248
955;0.09752905587861388
956;0.049354584824245054
957;0.047301219342536706
958;0.0016421870453973586
959;0.027699850477737067
960;0.09658192090403966
961;0.062316398787211916
962;0.021042660548801884
963;0.09652882977858773
964;0.08666082428501748
965;0.032105919486710814
966;0.057928657315637136
967;0.0842730546701425
968;0.09075775917416763
969;0.09601234781999578
970;0.03521346043762446
971;0.07260910692189444
972;0.015493746498292394
973;0.07848595960427103
974;0.024136943641837206
975;0.022533580428119572
976;0.05139059333977514
977;0.0585866968759223
978;0.07644196620959721
979;0.011497417086536689
980;0.0703646443909766
981;0.0986381385478885
982;0.09808539792356878
983;0.02393567435625529
984;0.08371351330289846
985;0.01831530738301216
986;0.019551130396829354
987;0.06426052440469661
988;0.0859789013749727
989;0.09684930983332989
990;0.0601265631875758
991;0.029909662918451842
992;0.05866689053210168
993;0.0484654299201395
994;0.06305104359202476
995;0.013573308832737597
996;0.018277228830220784
997;0.0971040560424212
998;0.08086979622236706
999;0.04468563599409914
1000;0.03192087875470839
