1;0.053874901624160455
2;0.09000768995448885
3;0.0007428885355860948
4;0.08402465516668928
5;0.07227637629107936
6;0.03369450345914856
7;0.02907150424435776
8;0.024242996131988406
9;0.003828651256241966
10;0.05509944336766163
11;0.01450103695512811
12;0.07511825970814262
13;0.013690450655829267
14;0.02677603006403767
15;0.002326167613979502
16;0.05892559437597551
17;0.015604841897944643
18;0.09423732116443152
19;0.07961389326553309
20;0.017566425848651004
21;0.09154493322832162
22;0.0850892889989768
23;0.06930583626535924
24;0.0836983724865068
25;0.015950649314589727
26;0.053003186293376074
27;0.048937180262859786
28;0.09235753023032563
29;0.07054553487360664
30;0.006640356786743462
31;0.026737307086876484
32;0.03093078360338929
33;0.055730216024927386
34;0.007318934937774291
35;0.034530763578916636
36;0.006678333154142735
37;0.005220493223612278
38;0.000670323809092166
39;0.06590975668105906
40;0.010920618592759968
41;0.014044660722157232
42;0.06714446786374652
43;0.018925340836115623
44;0.0018755449474297525
45;0.02288759427854832
46;0.01784785615605703
47;0.0993815911806183
48;0.07350002968259126
49;0.07488690171976263
50;0.05538819820171801
51;0.08183039137965974
52;0.09558356671012978
53;0.07520104529779095
54;0.037710322264733726
55;0.062420654113253426
56;0.008726257199474409
57;0.057632566930492346
58;0.006217317246023146
59;0.01313215958469216
60;0.041543562693669205
61;0.032632091450561056
62;0.08734186209813675
63;0.0312932861757752
64;0.051205101943608715
65;0.01247893467901986
66;0.08440085267919256
67;0.07254289479432523
68;0.04225820315843383
69;0.09322602881530534
70;0.07700975344219675
71;0.05974707623012189
72;0.029775869759517706
73;0.08359734618358095
74;0.0035944201026277714
75;0.06504449792447699
76;0.052992257149248045
77;0.037429507092990665
78;0.05162912303837053
79;0.07121881809226546
80;0.07799027207962786
81;0.05139165065734204
82;0.03595224600788469
83;0.0816383429520638
84;0.036228940933638466
85;0.024031905707703617
86;0.03376310133289922
87;0.0034042168868582802
88;0.016532394947140563
89;0.01930477695531394
90;0.02744915012910475
91;0.06328065788653607
92;0.09811529220331623
93;0.06943286937754355
94;0.06129011969094809
95;0.026731536261978786
96;0.06332071789020338
97;0.05767294345514018
98;0.07478714136195994
99;0.08686257295593941
100;0.023941572612488072
101;0.04845734143858696
102;0.013267880271442257
103;0.048400866991170605
104;0.049466285395677635
105;0.06167170652478792
106;0.022345094622755315
107;0.005614750175209915
108;0.08767249344399664
109;0.02658701557861595
110;0.003192001993207061
111;0.01934373565630857
112;0.046506666973174376
113;0.02774614533814808
114;0.05853670026702933
115;0.0246178555585716
116;0.03976566645456009
117;0.0429555521478992
118;0.05336597761636687
119;0.07561550773412518
120;0.084900228171512
121;0.06159118076419473
122;0.06886113884478402
123;0.003723516331849053
124;0.032220194235956755
125;0.020523660288715873
126;0.07159513769671037
127;0.08902767630106516
128;0.025108419297431118
129;0.027472977433723157
130;0.009514479977563717
131;0.03914697322243128
132;0.07472108689953637
133;0.009237199927429041
134;0.06649656874750362
135;0.0015423911411191372
136;0.09374318791694243
137;0.020842493072917124
138;0.020765459167155165
139;0.0579172370458596
140;0.02502149520817869
141;0.07227008176318611
142;0.06942295899471396
143;0.03483950083438225
144;0.09360098740529452
145;0.05832534149624802
146;0.07663084729066853
147;0.09358690739077713
148;0.04886636776270852
149;0.016133577175490712
150;0.0639870741447811
151;0.04664533852351426
152;0.041801674168441494
153;0.011320437589744825
154;0.07033311758167063
155;0.06227294137958438
156;0.0058478709284954244
157;0.041498652618890575
158;0.08856961236629474
159;0.046753230981377326
160;0.017657876318113563
161;0.043070722137178996
162;0.054307762515223956
163;0.09575143092941732
164;0.007831812524767168
165;0.08892012049879797
166;0.020354622040749185
167;0.06576024429587791
168;0.03467498563342143
169;0.07015790234713008
170;0.0038316852783571113
171;0.01473113634576606
172;0.05145767387681493
173;0.04151051749536462
174;0.06278787218787434
175;0.042810835701029816
176;0.03138592373121281
177;0.03361124197580562
178;0.031234697779903453
179;0.017967622671504393
180;0.009252745875176428
181;0.053499640090286654
182;0.09744678977606673
183;0.0981839730394226
184;0.05275934507231669
185;0.05742510611432088
186;0.005380565851670816
187;0.06218181089822642
188;0.029486899959832225
189;0.0771128746488878
190;0.0435036413834402
191;0.06825900660355645
192;0.0268194492822614
193;0.03851042822438394
194;0.013436319196312963
195;0.05602785536648737
196;0.06591423520103067
197;0.05851375084094404
198;0.029257418002201975
199;0.01661323010658944
200;0.04784396740199231
201;0.011104864525359926
202;0.05704593737010349
203;0.0054906671035244384
204;0.03866946034927247
205;0.0306275517242123
206;0.03958670147446414
207;0.0005362233800746852
208;0.022703426543318108
209;0.008098115022429898
210;0.06126610060164309
211;0.09280139098778682
212;0.017674395121414024
213;0.09549031155375819
214;0.09746237192611659
215;0.019446944824497537
216;0.07091793093928876
217;0.05922177183715532
218;0.0159235243975694
219;0.040749573958583286
220;0.0038264312031897063
221;0.05359217282387967
222;0.034968743554843196
223;0.031567025416268706
224;0.04221774945860238
225;0.07256714767661447
226;0.0931459526856922
227;0.06711715299517917
228;0.09667116733590203
229;0.06231102819543898
230;0.0078005579147309104
231;0.06331557283335128
232;0.06779574734444661
233;0.0037061623086579345
234;0.03348860974959985
235;0.008695889452042405
236;0.05043665995901007
237;0.048666303476500944
238;0.07204637350697093
239;0.07466056028275785
240;0.0422332114225335
241;0.074695643343956
242;0.005106739214416844
243;0.02117535064873867
244;0.047456691725343995
245;0.006224702172214803
246;0.007717438484868478
247;0.01665571793330909
248;0.04548535673920823
249;0.005840347011082103
250;0.043542803335428565
251;0.011428426512419954
252;0.06283863010501657
253;0.07701972805548424
254;0.022977281321188682
255;0.07072514973411129
256;0.056336409782488495
257;0.08638673827945668
258;0.032329343591183814
259;0.00981100497853309
260;0.030325795814549097
261;0.060750060934139594
262;0.08599753806390628
263;0.08026194379536161
264;0.08311294965065935
265;0.06303939323845557
266;0.016860119648410332
267;0.07898993807811908
268;0.026276508714938685
269;0.07487129855147694
270;0.04197127954678734
271;0.06837852484994629
272;0.05192500207335902
273;0.006314170357645088
274;0.03804106243560765
275;0.020584638037926484
276;0.07603836848042964
277;0.07308792357991427
278;0.06754657100838779
279;0.08095526633237599
280;0.013889307090240633
281;0.09387444188488789
282;0.08528867842482837
283;0.07254391190181994
284;0.08001287405616932
285;0.015076213618682489
286;0.0002872863923600089
287;0.01197015365726356
288;0.06821105117966533
289;0.01914454366982432
290;0.0015017100812300345
291;0.07143488780244536
292;0.09257448965146353
293;0.08230115101467031
294;0.058947106707170974
295;0.08148663879066918
296;0.04930493532637869
297;0.04294475615207375
298;0.05773036345650001
299;0.05552767680393105
300;0.09572573184597183
301;0.07779022195996459
302;0.013832843577748978
303;0.0798514689180132
304;0.08894682328865469
305;0.0028517566094017344
306;0.05156460810570245
307;0.018139804229084577
308;0.08304459538290049
309;0.07632377696230547
310;0.023081385966334245
311;0.05068143680649251
312;0.07865579262750065
313;0.09127780993542063
314;0.06733119834942751
315;0.022153071368203617
316;0.062393576786934406
317;0.039191190443054295
318;0.09919723691604872
319;0.05905327661225071
320;0.017786499884578588
321;0.012444177152284176
322;0.06010719799152368
323;0.009536327634559895
324;0.013875815167406226
325;0.07369478493204171
326;0.07717385323520876
327;0.0227761171870853
328;0.09007261778528261
329;0.03696254750945762
330;0.04209898075166044
331;0.09948506762921855
332;0.030866508791602378
333;0.08653590832259311
334;0.014030078100603895
335;0.07786485269345789
336;0.07916340822997221
337;0.0031631753145803577
338;0.07977777445741549
339;0.0022550860005458476
340;0.033592385572023896
341;0.0834874556607492
342;0.0025575643070108404
343;0.02237053855097948
344;0.019795866040105206
345;0.06906882171137499
346;0.002769414271368098
347;0.025233200310522452
348;0.0004528379611931088
349;0.017962649713856794
350;0.05222460694837475
351;0.08133172625303307
352;0.004739428738683638
353;0.030201440397329526
354;0.0364076595728226
355;0.0029684143539834063
356;0.06612244930356624
357;0.050704364872373724
358;0.06997203206556826
359;0.03231371896923248
360;0.06433488499740747
361;0.07056839615372727
362;0.07144508562041942
363;0.0803014331448462
364;0.060003312773413836
365;0.041430496059844404
366;0.08120184171768291
367;0.0730859971698931
368;0.09434936730583862
369;0.004347400685874514
370;0.04419542249700875
371;0.04054398714266923
372;0.0805120971287068
373;0.04113108263445882
374;0.03382078511790631
375;0.01983467343048413
376;0.0865932659197988
377;0.07760569917575261
378;0.026998287968462032
379;0.011494517838549212
380;0.09218360521593749
381;0.05911789355709836
382;0.018186230565759087
383;0.03321566082714206
384;0.02941193506321299
385;0.04125289305884449
386;0.007244617847119883
387;0.09835862295615154
388;0.029964339324344114
389;0.01353429571251681
390;0.04409249180334479
391;0.02165035681453057
392;0.015383309200123674
393;0.028907583016819272
394;0.09848436778138744
395;0.08803167361047175
396;0.024613260190210297
397;0.0007013420144767025
398;0.08281122531635812
399;0.002979279544337843
400;0.08535227801974099
401;0.018044689441043062
402;0.0859335467995552
403;0.02936844402474358
404;0.08316254105809852
405;0.08210598668223636
406;0.019047553744254042
407;0.0015014739855917947
408;0.04201963617990221
409;0.004694697637811541
410;0.08007331782934651
411;0.03275678451588853
412;0.09904943800745887
413;0.017791398302546512
414;0.06429898931407604
415;0.011240937239794024
416;0.0609555236393367
417;0.016821041952331996
418;0.07673501263279531
419;0.028620990097299216
420;0.02238972580653369
421;0.03713250519918454
422;0.005393716798957393
423;0.09379390366300638
424;0.06883834263448808
425;0.046873630884385675
426;0.07609730785632925
427;0.010163456608032473
428;0.05890552189132769
429;0.09626702843773838
430;0.03469217288948937
431;0.022820485123921055
432;0.08279218819568447
433;0.025272601848883504
434;0.054968229246318515
435;0.015575186470375302
436;0.08149409524630763
437;0.05998604224963318
438;0.0878013991096363
439;0.09269429723667034
440;0.0947996582140801
441;0.036696287047496966
442;0.01193040547535549
443;0.026391883078110825
444;0.06120628892044525
445;0.0891214238989405
446;0.046661533763002555
447;0.07547867645117734
448;0.000490178193748958
449;0.02856851494769959
450;0.05799514897055853
451;0.030032908247812795
452;0.03374412958253483
453;0.03454901554233486
454;0.014629993495114525
455;0.0995084318071221
456;0.014072517543622532
457;0.018647648175013666
458;0.08824678474732613
459;0.08660271367419746
460;0.095542855018561
461;0.007740804478555219
462;0.01778668424716926
463;0.03482544738295517
464;0.07381419353309203
465;0.03304325667663682
466;0.09573091366469794
467;0.04903421000723406
468;0.051554847549844546
469;0.0007484936891616113
470;0.024648025161272416
471;0.0740970612605264
472;0.09445131135227983
473;0.03787989425104735
474;0.09291237541551702
475;0.0730637678210388
476;0.002449923227584017
477;0.09140714482816181
478;0.0989959233106591
479;0.06555092080067644
480;0.03651524251251899
481;0.08710925813574381
482;0.06228869264750236
483;0.08863753253923717
484;0.05245305718587245
485;0.07351747324359062
486;0.02170255294401511
487;0.042255255529395325
488;0.0361987215556611
489;0.07323396270626747
490;0.050483855126010196
491;0.016069204575972995
492;0.02089523748267066
493;0.048006086780434415
494;0.04451328449856842
495;0.09698998806678061
496;0.0030795031917699393
497;0.09855550592312065
498;0.056913307023280374
499;0.025195655145576867
500;0.05547636566957557
501;0.08429172194561188
502;0.07968541316352576
503;0.08288114532343849
504;0.04023992115385819
505;0.08069443668604796
506;0.08402575438678585
507;0.022360148232927105
508;0.04916477701207374
509;0.008911962743962299
510;0.02347609334931281
511;0.0308347194201015
512;0.08433116084193351
513;0.0036554586368384603
514;0.026675942294433888
515;0.012139172729218762
516;0.02646303484954643
517;0.048165387972995834
518;0.08380603622072234
519;0.0773737132722953
520;0.049266213995179324
521;0.06951738114113591
522;0.09884642415603939
523;0.009865109175719079
524;0.0032042692071373225
525;0.04675163678067234
526;0.05068427052897158
527;0.06001219434027623
528;0.010151949554502571
529;0.02159253538998043
530;0.025408706835242212
531;0.09601641335764229
532;0.06786414390193349
533;0.051574940731148926
534;0.08866470124937856
535;0.001358094387752029
536;0.09636376231215647
537;0.09146955521792931
538;0.07554075404228244
539;0.05124757282966931
540;0.07235708632728859
541;0.08172927280855208
542;0.0495303864955374
543;0.04961420300608249
544;0.019809949527584615
545;0.02983057562666236
546;0.03757844422598672
547;0.04519533091920868
548;0.06052550469499051
549;0.005237721982968558
550;0.08189834158703885
551;0.09217722932847486
552;0.014134215992391876
553;0.022304955581736896
554;0.003120878968371543
555;0.06849541475995216
556;0.05286415180157114
557;0.056602250046936156
558;0.016298809084056953
559;0.07167943343061949
560;0.052574059868490154
561;0.08133297494090859
562;0.07173191100886923
563;0.08579521079553325
564;0.004786472386572283
565;0.03759468202981259
566;0.03495752934522881
567;0.09674675759394125
568;0.036249353441972075
569;0.04087663488234844
570;0.029072187057495348
571;0.0013654580723138745
572;0.005545888776870012
573;0.04546775441093769
574;0.07683186184016211
575;0.007193459580718021
576;0.02985132735430023
577;0.08425505830129273
578;0.098851606926192
579;0.08104794748150695
580;0.04830351605782214
581;0.07158718710249161
582;0.038234367055103705
583;0.0804157262747649
584;0.0889245379420344
585;0.03316017276844885
586;0.03393100190139673
587;0.04370683710674364
588;0.022757353791910642
589;0.03413158933961187
590;0.038623220607100585
591;0.05425524788759818
592;0.012664043174209584
593;0.009842359394365285
594;0.038285631321320325
595;0.030452779411856715
596;0.07630611859921016
597;0.005817820883813063
598;0.09687727281800888
599;0.03356088911780649
600;0.09286292070495722
601;0.0981796817624901
602;0.007441927043230368
603;0.006621013242632046
604;0.09993937796183673
605;0.054680446180564446
606;0.09747703079087171
607;0.055978225569801435
608;0.029884402491824072
609;0.06845540926822843
610;0.048845166855775585
611;0.08289738538874723
612;0.07077046826783098
613;0.0725874447906297
614;0.07022190057534873
615;0.08654758888645514
616;0.0686442561697929
617;0.03097516288963601
618;0.0196152990809475
619;0.08230353504626296
620;0.010866412886909628
621;0.09694026894064017
622;0.08165868600740173
623;0.06548888414622824
624;0.07995801454548788
625;0.09120006870786151
626;0.05855463851016022
627;0.0077965903674397825
628;0.048683311860974354
629;0.08887172118443787
630;0.09254151988673313
631;0.04583988272947237
632;0.034444093855659365
633;0.06475681551820765
634;0.011415142513319454
635;0.06809879901947258
636;0.0702836925490089
637;0.03400546626743618
638;0.011091098264645195
639;0.0894089636559172
640;0.05729409837875962
641;0.0037471775838204937
642;0.07209184288643809
643;0.0660054594001422
644;0.06585092393528633
645;0.08053828965784035
646;0.018868366192649033
647;0.04974347826215081
648;0.01363824035615331
649;0.07025473380365671
650;0.09100048867930856
651;0.09654675643569066
652;0.07268410252309854
653;0.0278472645355657
654;0.046986795074256696
655;0.09256244205508944
656;0.0805325606505331
657;0.07035189161194495
658;0.015892643162981446
659;0.07422681621890569
660;0.02842514847267924
661;0.07593175489535117
662;0.04566643908629197
663;0.0946702885912103
664;0.019860910249103792
665;0.004545020180512238
666;0.04367849513418716
667;0.08720244522949774
668;0.0838673577758736
669;0.041144318498069404
670;0.023769437244634387
671;0.08821426089476153
672;0.07664092460856399
673;0.014776334292033278
674;0.08993719138269154
675;0.07533224374301026
676;0.010595775862860257
677;0.046158862780684165
678;0.07349167807485074
679;0.014618902779500531
680;0.08558913130946709
681;0.0005841386297661955
682;0.06577990900344755
683;0.036204425602171485
684;0.09678034182592268
685;0.04421094301492848
686;0.033159750528331255
687;0.09868904299106192
688;0.07907405309977583
689;0.022086341389108668
690;0.06679187464844358
691;0.032746446314344056
692;0.08263618662940646
693;0.08468851558127799
694;0.016617889794023077
695;0.018461482108412898
696;0.04715927015619144
697;0.030261118184547367
698;0.06662540894554705
699;0.041403819653787935
700;0.018662443185751165
701;0.06486426394626944
702;0.09901990672370944
703;0.06886877249140573
704;0.057030492930930016
705;0.028777670579652383
706;0.09226927042334847
707;0.08557880500865948
708;0.08225418268349577
709;0.03175064353938868
710;0.029146837597975896
711;0.08851210002591836
712;0.09287161961282363
713;0.04749813994007096
714;0.04044620074961524
715;0.00860214812556056
716;0.09157250330833266
717;0.04676997636772058
718;0.02128331069486407
719;0.09769622931146371
720;0.03212201962747159
721;0.08645741356537506
722;0.0037733304340985987
723;0.025127711598965697
724;0.0018687760984043235
725;0.08301071867923752
726;0.07292274839719474
727;0.039228902553467664
728;0.007388803429492253
729;0.029414937896611905
730;0.036255540809870083
731;0.05512970551696555
732;0.049053640218713536
733;0.01841864083825362
734;0.060169703046734496
735;0.08193197619249619
736;0.02378944736964056
737;0.017025568033735783
738;0.026660432379557897
739;0.042978053758403835
740;0.05046776147318876
741;0.04373124982978648
742;0.055060890474773305
743;0.046424139430788706
744;0.034221637608933445
745;0.013752785902648912
746;0.09297625821675276
747;0.03728053631301779
748;0.008418655937960318
749;0.04695043930958284
750;0.04076071573923216
751;0.09075826198163447
752;0.04231992664598114
753;0.02487956203053612
754;0.045042647501096204
755;0.05301711781019184
756;0.07804437264983376
757;0.09293892480738608
758;0.09610480389150744
759;0.054415277342004936
760;0.017643870074949785
761;0.005221641101263586
762;0.019806901951427015
763;0.02188154546214055
764;0.06747210578019062
765;0.08644634968709047
766;0.07838059365640909
767;0.02088748412819145
768;0.027564925585324876
769;0.0405220229126693
770;0.09096499781297451
771;0.062232723076896146
772;0.06246564264543586
773;0.004478139085886135
774;0.006494487252679093
775;0.001492080340152513
776;0.04151077185060908
777;0.08412452275963975
778;0.06251690141108604
779;0.03449934873553604
780;0.06941619201796505
781;0.08553445550958806
782;0.03333369417533484
783;0.07541161214521147
784;0.05701965583568567
785;0.066550758675806
786;0.057237946939634105
787;0.09688314062050604
788;0.05934389070986527
789;0.09555066455507208
790;0.0682035168032392
791;0.061328966170231536
792;0.018253564678284696
793;0.08495936571440814
794;0.07104140396591742
795;0.004748125476748822
796;0.027899424265863927
797;0.08379620299559554
798;0.04556915208011312
799;0.07923876035663202
800;0.004083533679664986
801;0.08008499023675138
802;0.011878614502648911
803;0.03914097327783053
804;0.04956496031139486
805;0.022149139642831318
806;0.017337818872427448
807;0.04306892703090146
808;0.09978316689300495
809;2.3290843377155037e-06
810;0.060483951529530726
811;0.04217958599370189
812;0.03073907602635656
813;0.04487601852967663
814;0.09716416683031945
815;0.08594122477117895
816;0.09530456920104952
817;0.05018731372847088
818;0.08861069180523352
819;0.0809308795224361
820;0.07487985598556238
821;0.08568831913398922
822;0.0857019368092865
823;0.06544555243253762
824;0.041914953808085256
825;0.07683880004986143
826;0.07565814952053254
827;0.08082300674838787
828;0.04531966537526675
829;0.08778365214585156
830;0.05828939302283729
831;0.0013509431019458008
832;0.07027690406989479
833;0.04384718028815256
834;0.058372364622494614
835;0.060491514065683843
836;0.09824387343535107
837;0.019140661146312077
838;0.046841730037653385
839;0.082418179549108
840;0.00850468686430529
841;0.05838416247036263
842;0.08611945543594833
843;0.0804485739776583
844;0.027369138760412793
845;0.04277460043384068
846;0.05853440563654664
847;0.08397279320338404
848;0.018145414643977054
849;0.036823500510549334
850;0.04670723284936591
851;0.006007695253628331
852;0.024946732772183434
853;0.02347054544009447
854;0.005745836249396097
855;0.09570786819092623
856;0.007245170844751326
857;0.027075570343698986
858;0.004019629959278748
859;0.004557447787545033
860;0.06253798035565193
861;0.08683353611633507
862;0.07810267021806343
863;0.09928998313429901
864;0.051162479237481066
865;0.05568758675715305
866;0.0787343319042476
867;0.05053330999192848
868;0.0840506937211254
869;0.09102896719537995
870;0.010010394131124811
871;0.03870149373944538
872;0.04864664567399316
873;0.05262509693915373
874;0.01731567847514104
875;0.0785356760484273
876;0.04703864946237523
877;0.0955517299143448
878;0.09922091254883214
879;0.038497704472750874
880;0.06398431290540472
881;0.04767053008338393
882;0.021604814010761
883;0.03663137734535683
884;0.02771867536014211
885;0.07418068592987705
886;0.03288753862856336
887;0.06932525196941017
888;0.04288913038324767
889;0.000329037115159625
890;0.030001637479904752
891;0.01245571909144405
892;0.0823456238155495
893;0.09097953756383993
894;0.045979536617491906
895;0.04288673843678852
896;0.008217737481491561
897;0.08269390801771326
898;0.010670712260376459
899;0.06970559295985577
900;0.08984416158493838
901;0.03704087680356218
902;0.035894286794477995
903;0.03698999038290023
904;0.05539152842970732
905;0.07568356357344974
906;0.04387264321272327
907;0.06925034334535199
908;0.07052711587696753
909;0.03431077041748174
910;0.020587269612097947
911;0.04465784043469298
912;0.05257316037110284
913;0.042946634508139486
914;0.009327776674087141
915;0.05822535903276989
916;0.03772501430576211
917;0.0705118039645489
918;0.07490239627496167
919;0.07257904575472417
920;0.035438248194759714
921;0.011091903762231105
922;0.0015885816151508638
923;0.09529204751632463
924;0.05860670362446261
925;0.08985476245992638
926;0.03016280108406646
927;0.06180175770201928
928;0.07149438836799786
929;0.0915004246914679
930;0.0949685013618668
931;0.04107320237126506
932;0.0507812389037478
933;0.04947335219117782
934;0.02371861681308257
935;0.014105339458417132
936;0.04961158114935185
937;0.07876032909017573
938;0.008601589974399682
939;0.08086361015438844
940;0.080441337915029
941;0.005825414826073516
942;0.009044272765314254
943;0.07130902887270422
944;0.09122467338890752
945;0.07423171899636428
946;0.06034135962126539
947;0.0905478955633334
948;0.007209612778192476
949;0.04584400692900379
950;0.052213553613717156
951;0.0878359305901541
952;0.09734626230724075
953;0.03359665927435498
954;0.09417005609311624
955;0.00034734089230893385
956;0.07208121228403111
957;0.0651648425358585
958;0.04288076518377737
959;0.03729166389453525
960;0.0015092642671862277
961;0.0359946276392775
962;0.07729119644278881
963;0.0826097460516734
964;0.008206487580796585
965;0.0033507775629297853
966;0.013088811113927202
967;0.012303158676725413
968;0.05141444191691113
969;0.05850311702545196
970;0.020251714694843683
971;0.05224523256244115
972;0.08079247473545556
973;0.07113014080422281
974;0.04296426379508517
975;0.013639159218470821
976;0.08418006197326329
977;0.09386610614007646
978;0.007683435369764402
979;0.06714349235718209
980;0.023024734957097517
981;0.04165806453338955
982;0.004853332290679724
983;0.08111009366235614
984;0.05856642486080835
985;0.024923084213148428
986;0.03210591052035196
987;0.009961908139586629
988;0.054953572859389635
989;0.08682901189138348
990;0.09590125229923546
991;0.09836141401836088
992;0.012455068853427599
993;0.01815233751644525
994;0.05246247294082106
995;0.021035705454011025
996;0.030304562505794178
997;0.05113509649768059
998;0.04514961857184682
999;0.021332746899006994
1000;0.08684196579643087
