1;0.09860664396481972
2;0.00768492286220377
3;0.009063662194129962
4;0.08076776895838125
5;0.07125043240069477
6;0.0807074106213232
7;0.013681489361796318
8;0.07130775673563484
9;0.0681301675673322
10;0.04627341832156252
11;0.052071542833808715
12;0.08818380933450465
13;0.04188273298669365
14;0.05175956796503192
15;0.01803805093343144
16;0.04230701657035466
17;0.022698520445121686
18;0.00552204167766599
19;0.054237978568080214
20;0.07302064268114451
21;0.003516541908866
22;0.0722896791199145
23;0.04422316838005417
24;0.03924745448908143
25;0.07739972849847652
26;0.0368964314568951
27;0.0824177923552722
28;0.0018517592725144862
29;0.08447641369268419
30;0.07242380889428147
31;0.04046922805395708
32;0.03730315590908484
33;0.0857615810470913
34;0.06556483302252253
35;0.014595334046767395
36;0.043319115787103804
37;0.09589335989776405
38;0.08546317543955473
39;0.056600275241549404
40;0.013649301176127405
41;0.027707964027635937
42;0.029389140121152613
43;0.095718976048558
44;0.0661733373089153
45;0.05569534268660084
46;0.03566712821587872
47;0.00783430089178202
48;0.09433845938901785
49;0.017053032830821258
50;0.054107051800627484
51;0.05175804359234409
52;0.06337119040152209
53;0.07139189874214298
54;0.0025660120551463496
55;0.09496121441786787
56;0.07660531677911603
57;0.07121817553798238
58;0.09364176324130227
59;0.09983269285296736
60;0.0447557871222323
61;0.016167634621488937
62;0.06127301756280082
63;0.0864709036800117
64;0.04379008796756994
65;0.034479486721972596
66;0.03981261724997041
67;0.07322125868113481
68;0.07090125487490333
69;0.030249459519834224
70;0.07548456390593132
71;0.07155200954187317
72;0.029176506375063218
73;0.09542113945498532
74;0.05398274850444434
75;0.05974791825603329
76;0.017279341489919987
77;0.048947249794167924
78;0.0314117303177947
79;0.00515464381977091
80;0.03833718908635633
81;0.036634639510955816
82;0.03542211563204493
83;0.06797337835719389
84;0.03296585916445042
85;0.05054602028213298
86;0.07697982309430068
87;0.02983434775067341
88;0.06543733782595838
89;0.08061449264917935
90;0.07863999301990726
91;0.06842384336319839
92;0.08532594872724086
93;0.08127906066697324
94;0.042253291776749885
95;0.04430634308754186
96;0.056551924322189674
97;0.03342918716456058
98;0.043621048330034995
99;0.02244724058236196
100;0.005752285281575953
101;0.08913942609590231
102;0.07361750613712585
103;0.014069630209234041
104;0.010651108046435999
105;0.03563698192903993
106;0.019718402520632772
107;0.09343866474876038
108;0.08138524020864192
109;0.06414112398030102
110;0.06135735480782323
111;0.001433263922178818
112;0.05867050537520803
113;0.031614248385100095
114;0.07056535657003699
115;0.022143535027785613
116;0.021168998324392063
117;0.08525453957058864
118;0.09357091417263312
119;0.05634514276955404
120;0.07151269031022324
121;0.04342785902881116
122;0.05300984085952412
123;0.007166950369144276
124;0.08404417465106338
125;0.05625389640881076
126;0.025266910099008357
127;0.022671639410763535
128;0.007963854336350763
129;0.0409166446274562
130;0.012129603349644314
131;0.0765108137790181
132;0.05104243467909564
133;0.09757436785124413
134;0.03404114216719898
135;0.07382010326775934
136;0.06757275592590477
137;0.010733420215372082
138;0.05430253136102521
139;0.060109619699370266
140;0.04425884137902543
141;0.07468796390654352
142;0.015234803218259652
143;0.00789078593860204
144;0.0600908204512965
145;0.08797754581653346
146;0.017794378048144734
147;0.011745728708993198
148;0.02507355917046802
149;0.016714727191755995
150;0.00252318986865282
151;0.06540315831534314
152;0.09393139068626764
153;0.04932148952180641
154;0.051568511720636936
155;0.052767648791486314
156;0.04305763815586942
157;0.016974535107938327
158;0.03967140444411659
159;0.0746769695227487
160;0.08989686600328706
161;0.029131107156268966
162;0.09787427944074059
163;0.09549764113879644
164;0.06832924981917729
165;0.011654602705607076
166;0.0397286777372763
167;0.08011924380697705
168;0.08976465967011071
169;0.052823875646392994
170;0.06978329280054296
171;0.09064723905571373
172;0.09480919125249337
173;0.014820639917633029
174;0.08240815560081709
175;0.024264817076792636
176;0.007862455050620432
177;0.0673738872664144
178;0.03631278641174723
179;0.013200849555186002
180;0.060606580219094125
181;0.05671894657105814
182;0.0779169469893094
183;0.09717103878329897
184;0.022821206550791485
185;0.09538340008778372
186;0.06938569993048169
187;0.005933008861272682
188;0.06864532284537771
189;0.04338022411046099
190;0.043357345562342234
191;0.06824900768224072
192;0.05876836021149397
193;0.050137454867660414
194;0.02018091763669082
195;0.09798187726247387
196;0.0842724899376417
197;0.02082363110331692
198;0.008972676972255912
199;0.08388845677917808
200;0.02508505544134323
201;0.010546174478737803
202;0.028732407998914022
203;0.07534463686709558
204;0.08846332398370954
205;0.06251407793779533
206;0.06728262039927811
207;0.08406733091254721
208;0.006459605913908418
209;0.07293870746798166
210;0.08890355166740256
211;0.03689325576002023
212;0.04867896341406777
213;0.04680851505903188
214;0.07211213609958715
215;0.0541923082140925
216;0.04305892381217043
217;0.021653186285480533
218;0.08539016613635464
219;0.0005140908212008633
220;0.010805679590081264
221;0.02547842973746757
222;0.03897948729335454
223;0.08557743165075296
224;0.02416463074840839
225;0.09656936399165246
226;0.06792624349876984
227;0.08139781809447542
228;0.05188356150380973
229;0.060191704264471284
230;0.04244816135373874
231;0.045578815900729736
232;0.054216562172421906
233;0.09157439128529044
234;0.010777670492991644
235;0.057891398799816154
236;0.03919695447752939
237;0.06103000097330822
238;0.010929013816586175
239;0.06349297212027562
240;0.06506690713056569
241;0.03941863109708928
242;0.004545323965582382
243;0.0277589269796241
244;0.07409790473550587
245;0.08784650570144985
246;0.05000353667223463
247;0.05277841815403263
248;0.009019608680606962
249;0.06906692736424372
250;0.04434917605696394
251;0.0473349228964444
252;0.06185635726080916
253;0.08297254888925454
254;0.009009110914322249
255;0.05927764788841769
256;0.01174945440082963
257;0.019734240835758754
258;0.001167990192686852
259;0.004908607244533992
260;0.017682087307034466
261;0.02618636612386648
262;0.0066272471646464555
263;0.06276929189199544
264;0.07534203366314624
265;0.0498244121779171
266;0.04944215692401434
267;0.09746968740599715
268;0.0013239157437310745
269;0.07995925428475098
270;0.017858776624874072
271;0.010828022647577274
272;0.09926269879166191
273;0.09840245128589284
274;0.02168713737039305
275;0.002747176670134988
276;0.02479899077469514
277;0.049886738733801284
278;0.04586425342866984
279;0.09518317419728917
280;0.005862126555691916
281;0.09442357478902487
282;0.021754853248917405
283;0.0928106968925426
284;0.09459568409010799
285;0.035767050925925706
286;0.08717178224750227
287;0.05866448034436986
288;0.029775163619272585
289;0.06480643852145605
290;0.05417681792902704
291;0.03289306278130423
292;0.015909941896991797
293;0.09428328588193437
294;0.020558550371545272
295;0.019545397515959628
296;0.07554972636306735
297;0.0898823379665028
298;0.005017394551513766
299;0.06190186632922298
300;0.05590898824378
301;0.009021150749606
302;0.06042114024499989
303;0.02311321856903369
304;0.06971865306367384
305;0.03339816505245491
306;0.05114011131753449
307;0.05691433578583635
308;0.07196601060131534
309;0.017071538232244398
310;0.009433203990636142
311;0.004292461733875464
312;0.06998015944252241
313;0.032959587287297046
314;0.09302187044073512
315;0.03619984295041697
316;0.09784505078256589
317;0.07521267659678879
318;0.0939029325679173
319;0.07263779819947856
320;0.06262339807074878
321;0.04384652549452275
322;0.09730865626182947
323;0.08623416512854255
324;0.09939931504535134
325;0.06441905456946449
326;0.09697746025011188
327;0.07192206187983809
328;0.01585026715266539
329;0.05735116757497294
330;0.03572761527905371
331;0.038838529607929155
332;0.09702189896064349
333;0.0840265653050195
334;0.011832343950466185
335;0.013437799483544156
336;0.029726126398569298
337;0.06729360303811661
338;0.04214109490676905
339;0.04879334269411372
340;0.02908670283146482
341;0.09796386481827468
342;0.07915738061756383
343;0.09551569843838181
344;0.0796057463005521
345;0.0765629917057481
346;0.08281583741519567
347;0.06039822137342635
348;0.03258344823611201
349;0.06532115264609352
350;0.07530088498800423
351;0.07163992032949418
352;0.006588335736286366
353;0.04329064186331717
354;0.009562968239853087
355;0.06734758434817838
356;0.04100347879161468
357;0.092992525038451
358;0.052563801654534906
359;0.04286024091044141
360;0.05506296450189394
361;0.016868985759152546
362;0.05482404162080189
363;0.07259789217156694
364;0.014914151991114089
365;0.07314255893299869
366;0.012598799660055261
367;0.015082789243204997
368;0.029940762928006237
369;0.017419531951826717
370;0.050478043238657434
371;0.026626722340139488
372;0.011082032415891053
373;0.09908049428670104
374;0.09713956260271848
375;0.07895007192960632
376;0.08563205542928035
377;0.04614695111960918
378;0.01587309717052553
379;0.02603534068766762
380;0.026447720211311945
381;0.0032288197897131555
382;0.05302669224345247
383;0.028861106772351642
384;0.09046890327654934
385;0.05317493089940037
386;0.01853582588917615
387;0.05379520842909259
388;0.0681848954184886
389;0.0683865320806174
390;0.013967435857218014
391;0.08731413093611726
392;0.06918855489356142
393;0.08675483978815773
394;0.06930972081373317
395;0.06418329198115967
396;0.06422541548609176
397;0.023087084072713617
398;0.03466013789814274
399;0.08583639893470903
400;0.09612413762728603
401;0.06195207791282917
402;0.08769184763497667
403;0.07289932311723354
404;0.07526807208136228
405;0.09483715520952407
406;0.09578054449876794
407;0.007660062621236131
408;0.006415841830074598
409;0.09413507655780468
410;0.00014885412863105963
411;0.07248419130953741
412;0.03315846928154866
413;0.06264736805165808
414;0.02226097762821847
415;0.045152129699965585
416;0.01953863415855425
417;0.0677345881309329
418;0.013445104573640933
419;0.01841657455107595
420;0.010088410461310671
421;0.03978656483692337
422;0.02152509884008288
423;0.0053158065968105135
424;0.024458599141799067
425;0.0751506181580195
426;0.05258152856601185
427;0.07946401871363146
428;0.05742559531125997
429;0.04620577113643831
430;0.060496657640325094
431;0.02383677116754214
432;0.009557424217204803
433;0.06622937199473834
434;0.008548222081802026
435;0.00886014402073163
436;0.09636273042230499
437;0.025628071447190218
438;0.027958762036599305
439;0.024880894412213896
440;0.09689681121218204
441;0.040514012758024624
442;0.04713775996574143
443;0.09621857831003396
444;0.03613114594443136
445;0.0010022833018428657
446;0.014174021780075985
447;0.06414634440798722
448;0.04705165264890905
449;0.0022718014499968245
450;0.0005826534909811665
451;0.015070479916351754
452;0.07253027672454782
453;0.018158111575000902
454;0.05634025930737181
455;0.0645782709001978
456;0.029300477893599765
457;0.09667068169047421
458;0.056705699685255975
459;0.09124653164710246
460;0.04078237114645061
461;0.026006844893984006
462;0.027531902260156327
463;0.06880357131391807
464;0.026694214422898946
465;0.08585614073177843
466;0.030076442115732738
467;0.058694101067973306
468;0.032130601186450815
469;0.09803123051242002
470;0.01977707642774993
471;0.00988466754808397
472;0.07785826164530729
473;0.07423934012620094
474;0.023836958005802947
475;0.004614419756369315
476;0.055712196288195584
477;0.03955819403715804
478;0.02454908301119431
479;0.06813295145860607
480;0.01161917210678487
481;0.02058417683495195
482;0.06316985957276741
483;0.02385950185557406
484;0.09236937529894053
485;0.04219883591031104
486;0.05883783735467965
487;0.09521406294376007
488;0.08862974327063321
489;0.09148220490477232
490;0.0010954534221214063
491;0.03485668644193292
492;0.029662405979989273
493;0.02043168692427734
494;0.09717337194501108
495;0.0368992080708034
496;0.08512200500479662
497;0.021124906543389523
498;0.027903293949684084
499;0.03110995241446959
500;0.05113277728770476
501;0.07460600064750873
502;0.04032620050136039
503;0.025749248597779217
504;0.05056972085215414
505;0.05900002725542667
506;0.07944750233439625
507;0.0830159701836874
508;0.012252955382106002
509;0.001236898974455536
510;0.09918028729052869
511;0.056379833468852864
512;0.07439958054982876
513;0.07189385041731262
514;0.0853974202469332
515;0.03839745099495814
516;0.031799718233271934
517;0.019904196470646743
518;0.005112549146273815
519;0.09688934634236707
520;0.04572910786642657
521;0.06282278152514818
522;0.013585218560155722
523;0.06018452081272216
524;0.07880945260602372
525;0.022821951086665505
526;0.005276011329828346
527;0.04355619722823398
528;0.0370047108759382
529;0.077641002067054
530;0.07033786003577101
531;0.02008003478382017
532;0.05897582759289455
533;0.0025968305788931613
534;0.05818423800034805
535;0.04959277259041195
536;0.07971211852038258
537;0.09178699237610695
538;0.00571458162453965
539;0.013043564362067862
540;0.08006010359560052
541;0.09543791905551618
542;0.0895442490580905
543;0.08333169906742091
544;0.074998934651672
545;0.009269297100494112
546;0.061966132825843324
547;0.09208637319887031
548;0.03526057129867255
549;0.08523463673741753
550;0.09162321277425754
551;0.0908529361240284
552;0.04089050052700525
553;9.562286411224363e-05
554;0.0036305937147707804
555;0.09865412050542904
556;0.017366230006695082
557;0.06405851772110945
558;0.006791167724675373
559;0.06264172491046009
560;0.0855088277598431
561;0.01991042746690004
562;0.023830814003594738
563;0.07183563149481592
564;0.0696311295932202
565;0.03853673545789388
566;0.048996679176843194
567;0.03216209654068715
568;0.07236541521626395
569;0.004451394199283698
570;0.0950092563570333
571;0.07490751981437592
572;0.018710086798645765
573;0.08955231758590033
574;0.014701424870824454
575;0.0415802786132434
576;0.0011174975013598764
577;0.08801442422602278
578;0.033502021736955566
579;0.06451662720452163
580;0.05445919168318756
581;0.0021948896276303698
582;0.04208491326849842
583;0.07313350268656979
584;0.02533115848913491
585;0.04685846195484738
586;0.062105930709565355
587;0.004205615351482706
588;0.06144170396991227
589;0.04781616633830546
590;0.06900615929511851
591;0.014692785874543547
592;0.07652035453698587
593;0.007318235749376734
594;0.07643061421088056
595;0.040289914445872155
596;0.09707425854931229
597;0.036100573902488046
598;0.08863948944661054
599;0.05784567257431349
600;0.08332500240355674
601;0.06681732771155854
602;0.04295730185266601
603;0.020527541042211873
604;0.012920387102211307
605;0.08325480756675774
606;0.01389017335684274
607;0.08386187908789244
608;0.03788457679675042
609;0.05587494950920838
610;0.09423326360838893
611;0.08729330116146676
612;0.05851654688214997
613;0.0837642574920789
614;0.093138145868564
615;0.0496634462705624
616;0.09761998108732868
617;0.04387419119457029
618;0.0965252108028793
619;0.0878304099934995
620;0.07077962011100301
621;0.010376798184183345
622;0.05040879042093498
623;0.007444051535049557
624;0.05652781952711408
625;0.050447723899326835
626;0.0453330095220437
627;0.025137648124989465
628;4.7881498412705176e-05
629;0.08328571321075225
630;0.09609351890738267
631;0.09934075043926478
632;0.007796763556894371
633;0.06210798831611674
634;0.01847134965627274
635;0.004156700244195177
636;0.045136480608134626
637;0.09518582903264655
638;0.06156880468740508
639;0.041423770701228026
640;0.04501433804088391
641;0.012427946374795341
642;0.07950377691170912
643;0.03112702272513712
644;0.08497031139015938
645;0.06074977937560815
646;0.09168564881735385
647;0.07285524294401784
648;0.03516384359580536
649;0.02131948813626099
650;0.0007351630317833703
651;0.0318547234857874
652;0.08980901014976711
653;0.038932577969541284
654;0.06828862984714743
655;0.09104769163282854
656;0.016772940753558375
657;0.08664504267962392
658;0.011207394100281487
659;0.03100848660052774
660;0.0647609485273209
661;0.04330931056829054
662;0.08808906880245908
663;0.0250236274013385
664;0.021871421244979053
665;0.0847257863947789
666;0.027480509696895528
667;0.014898642765555215
668;0.04491697413455286
669;0.04351823122705785
670;0.014631872609036256
671;0.005482567958879237
672;0.07313347106658862
673;0.06509820220589228
674;0.0711858855797775
675;8.52675982620954e-05
676;0.022390402432674684
677;0.09558502473001144
678;0.05190698164568128
679;0.05638499497252837
680;0.008585209061497878
681;0.07012663268269746
682;0.040007251019734694
683;0.02372597095777104
684;0.05870696442349719
685;0.010291494638571054
686;0.09390471210955821
687;0.09414103073806279
688;0.03817068095987261
689;0.07042734628364107
690;0.05445077364866975
691;0.054522038521984895
692;0.06384351435786655
693;0.06657741586407105
694;0.05902497108827806
695;0.09299569368788312
696;0.09665984500705868
697;0.0492508899560558
698;0.05648606721724018
699;0.08699756402617483
700;0.011760352540587006
701;0.08024610566723878
702;0.022647581546362972
703;0.08909636111334351
704;0.048474814084925835
705;0.061502629387584086
706;0.029568443260102797
707;0.00817162333482392
708;0.08603566142978816
709;0.059270442289493
710;5.0359349270845403e-05
711;0.018566169054221517
712;0.0397931713683638
713;0.08319286659366437
714;0.015146647680648396
715;0.013396496445350327
716;0.09998108619694111
717;0.0287649202547026
718;0.0060693088237777975
719;0.06144720485812151
720;0.09415849426690118
721;0.02574874052596343
722;0.012306706374567745
723;0.09388414351025698
724;0.06014340567900442
725;0.03899358489802555
726;0.049153163750940455
727;0.05403807373887325
728;0.05723245598821191
729;0.08320381047856582
730;0.05947663687762009
731;0.0338727301680136
732;0.06921918174110689
733;0.08885826382070293
734;0.09188891942576563
735;0.03195087489130886
736;0.08424201295977835
737;0.04926429013219977
738;0.028207501298577353
739;0.07482238286097212
740;0.018617556782114044
741;0.061624878742193134
742;0.014818500715019313
743;0.03963799561761993
744;0.027647824257248488
745;0.058025437707423355
746;0.0905622099271606
747;0.04303176508106552
748;0.041262936421753965
749;0.0715976114715544
750;0.024437172986540356
751;0.0021265808020541122
752;0.058168708056461994
753;0.05445040406796007
754;0.007404240568118037
755;0.026975978162229897
756;0.07305301062054396
757;0.02491030842982276
758;0.02417310654234205
759;0.05263895895535958
760;0.007776770513966181
761;0.07385124542276437
762;0.00860689639415505
763;0.08393350157702825
764;0.07300930390316283
765;0.09891720211851948
766;0.005212286297055691
767;0.040252464679993244
768;0.04100366687148504
769;0.05837153708966474
770;0.04713380303768865
771;0.04753711407539057
772;0.06815877703715327
773;0.03411617139470854
774;0.04274007903335242
775;0.013398572168460866
776;0.013505151399008652
777;0.06546034424404477
778;0.02744972152657499
779;0.07564637593637641
780;0.06735931575904336
781;0.04778493094460639
782;0.0793338420090644
783;0.028577829690197877
784;0.09751159885692183
785;0.05485410458544761
786;0.012808357584908371
787;0.020234139076792515
788;0.021804590655912094
789;0.03385335787954376
790;0.004043085509535205
791;0.04298708967594962
792;0.031097466246542527
793;0.08282909214684164
794;0.08039679041740733
795;0.03272249611830558
796;0.05835545941090006
797;0.019465070884544203
798;0.04764183384828087
799;0.09923604244439682
800;0.09727305354708699
801;0.07304636803575842
802;0.005920590763854195
803;0.037027400450282515
804;0.02602279269683716
805;0.03495910025595361
806;0.06970532782596645
807;0.01830994132225755
808;0.027355422649013764
809;0.006214380309219636
810;0.036859063113787595
811;0.0981368004912757
812;0.0899417266326202
813;0.03294405276398421
814;0.05659290037295728
815;0.09748103027631748
816;0.05032615255966334
817;0.0792221089373181
818;0.07381078871146017
819;0.09599699194689545
820;0.04602049185608303
821;0.07923365880082013
822;0.02032466004974608
823;0.06389566438260728
824;0.03506264018135742
825;0.014457252140043243
826;0.046718083503160125
827;0.02359070877634133
828;0.05187110632061322
829;0.08846978751034891
830;0.003033030582546392
831;0.004250833589660263
832;0.08934915108316448
833;0.01129836031995396
834;0.07784457036303366
835;0.029226327067831293
836;0.04242178138875611
837;0.08760752789289257
838;0.04164644282153224
839;0.00943849685392234
840;0.07193008458281604
841;0.006583687515480552
842;0.07436668420731805
843;0.09117287275142583
844;0.04879919592002713
845;0.026231521129076743
846;0.09347467566651402
847;0.027307886531286296
848;0.014643454854730576
849;0.06947097188356398
850;0.0008391625017817317
851;0.08327768746954023
852;0.05861358490231421
853;0.027768467703909994
854;0.029817687201724764
855;0.007022361911995113
856;0.07555148183336473
857;0.07199455222953954
858;0.028428120769922818
859;0.06599350117113549
860;0.006641137844739931
861;0.025464924223626152
862;0.037505815937188616
863;0.09268511078200459
864;0.05436844571287235
865;0.03732971582862793
866;0.03163366064663994
867;0.028708464846259964
868;0.03681735765324217
869;0.08949930129949381
870;0.09156440364336
871;0.07010722461287376
872;0.0278860587127044
873;0.0654207673593466
874;0.02484642701704012
875;0.08472526872085784
876;0.07862348295447612
877;0.002649491421950412
878;0.0753947587387693
879;0.09488056404861367
880;0.017920860641111338
881;0.009958708159075803
882;0.08926449568232823
883;0.06283666871804074
884;0.06690161211361503
885;0.012621623578637997
886;0.08413256592194514
887;0.08089746376456068
888;0.011690627569279067
889;0.01085415388800014
890;0.02807201394682617
891;0.04052545118717358
892;0.010707160364706082
893;0.09696422743584149
894;0.09513454207454458
895;0.0327314722466104
896;0.07420039493918637
897;0.042907427491690936
898;0.033535125568467265
899;0.0008201478725818001
900;0.09787518153489834
901;0.017167894703380315
902;0.05334641329309178
903;0.03345676040127245
904;0.06880466599099055
905;0.01812496736983418
906;0.08451064639980545
907;0.03961559908317928
908;0.07067361180608679
909;0.06489970802339627
910;0.05346525053077539
911;0.005754941867923236
912;0.005910578333503125
913;0.004093615325042266
914;0.0013779879741483093
915;0.08864375816877683
916;0.01701532332036614
917;0.0011831791842842
918;0.07999537469973593
919;0.03436525631877494
920;0.030492201602705382
921;0.06882674317074533
922;0.036352684199495854
923;0.07447824956966032
924;0.07779153494340713
925;0.018475617845816417
926;0.055912779652457195
927;0.01818350175966729
928;0.09475737012495639
929;0.03709238021351594
930;0.0012677815480758082
931;0.09383456953019388
932;0.07441521237123556
933;0.04040483805903833
934;0.0011734906901317843
935;0.08151556010290995
936;0.0665267094668322
937;0.015988920440266032
938;0.08101433677038328
939;0.0065055648157780425
940;0.08740466908991262
941;0.041470828662138075
942;0.02370375235696831
943;0.06292176249145125
944;0.004862073240298515
945;0.07220032309247813
946;0.036689199074925676
947;0.08777457963291961
948;0.021851126299137193
949;0.0813597000411538
950;0.04362892680287936
951;0.05353581205465682
952;0.09146348538271079
953;0.09009349683035327
954;0.07172160627033035
955;0.07194448502129075
956;0.06877305366376944
957;0.08398255165484386
958;0.05941934029784366
959;0.045403064185423586
960;0.043759027982775256
961;0.03466991366900609
962;0.013502290861514277
963;0.09443784541692049
964;0.018122773636769274
965;0.06315277239337627
966;0.083848373924097
967;0.09259465075625221
968;0.04894295463314953
969;0.07220771246042682
970;0.05722002975769389
971;0.0912065426938975
972;0.03919565372448583
973;0.018366113721414768
974;0.011257411912662108
975;0.055132350931147045
976;0.03979480734303706
977;0.08076908063332734
978;0.02681098353526025
979;0.04342044347834755
980;0.006897083746500088
981;0.04604104599230141
982;0.024140171974813752
983;0.07872735542254078
984;0.04748594280466437
985;0.024180767511943015
986;0.06972580033386432
987;0.029758623302897858
988;0.06378867032796778
989;0.03786921810855204
990;0.06275944615036567
991;0.03880764157064212
992;0.034674977596922577
993;0.005797458304977943
994;0.05837393976366642
995;0.0050571726331756555
996;0.09888743000381234
997;0.028300224159908783
998;0.055747058276093636
999;0.08312031485973786
1000;0.014420691893357885
