1;0.188562257913491
2;0.10411627676024278
3;0.01130026371029278
4;0.19343239829958628
5;0.03458860974339295
6;0.06931898080990738
7;0.030694382804737887
8;0.09678719818286835
9;0.05404211743866423
10;0.1018967301557579
11;0.07636712733467742
12;0.02291725029439753
13;0.17541121519350034
14;0.09340573495840143
15;0.1498112931328249
16;0.02128359155963886
17;0.014025832275780005
18;0.17930076808559636
19;0.16716208236754784
20;0.07590276543653705
21;0.12296954632640322
22;0.12086936825819164
23;0.1734513591963246
24;0.18712973403545205
25;0.1636035601064595
26;0.07383016880239723
27;0.0826639087388813
28;0.07927949867631819
29;0.16376871011167124
30;0.1451172415960311
31;0.17002333506343956
32;0.07965172644935013
33;0.15825810443222235
34;0.08238017318901257
35;0.008176862659835993
36;0.04303596354918764
37;0.0778725358807516
38;0.11410600868380627
39;0.028547868151662128
40;0.09600497734889823
41;0.011222138735985189
42;0.16179977792612352
43;0.12466040097383196
44;0.018818582682949916
45;0.13084617075506297
46;0.11443728937558038
47;0.196350329895573
48;0.006398576564102632
49;0.10210369609264264
50;0.12150458273307851
51;0.11724938684433528
52;0.09436427694296844
53;0.07255271562566348
54;0.055163764990874144
55;0.06889327948087691
56;0.12381073043089491
57;0.05583564543253568
58;0.12232302238544611
59;0.11566611678081572
60;0.04462198633310641
61;0.1257220502208036
62;0.05888836044332513
63;0.0627344085399516
64;0.16636725878160555
65;0.038393772592075374
66;0.11514190283740695
67;0.16192856116638576
68;0.07418095240446652
69;0.13687124198745565
70;0.18313077460307559
71;0.055940722828870595
72;0.13279150415786858
73;0.04615881704945939
74;0.10782429979799722
75;0.17254452273583928
76;0.04691554511370091
77;0.10432221231701594
78;0.13021105226889776
79;0.17524786278125154
80;0.027601322833744637
81;0.19840084756134185
82;0.02728079340292109
83;0.17856174292588556
84;0.17965849895850236
85;0.08498946618740422
86;0.13955309864014073
87;0.0006856702032034035
88;0.12704940735833972
89;0.02234518145221405
90;0.09918681268348478
91;0.0435876196452562
92;0.01184976908676616
93;0.03676668585214798
94;0.020087743597499055
95;0.017537698193311215
96;0.043064490127360404
97;0.022512014359012667
98;0.1835090134125011
99;0.16566656245042394
100;0.16418292316963407
101;0.10625518601440208
102;0.13809245086448033
103;0.19176972270312742
104;0.1999602246861674
105;0.1969177105386931
106;0.08013207660089361
107;0.10681490745846599
108;0.023783549478488333
109;0.013598646918590584
110;0.12707886379672337
111;0.19170850009633525
112;0.10490252341387525
113;0.14487844706173453
114;0.1899176542164546
115;0.17123213304711649
116;0.1320038537241655
117;0.1968691489825756
118;0.02352258435260837
119;0.017970840047233882
120;0.013569670648986044
121;0.05490598884898548
122;0.17824066690498652
123;0.15667930780030226
124;0.1538440238987409
125;0.13749528462204222
126;0.09091004223167637
127;0.10551617179278122
128;0.15020286500345423
129;0.15257396167747642
130;0.18384404841062535
131;0.1911741095565631
132;0.023083962367743707
133;0.15957647908993197
134;0.07861536399654685
135;0.05045492612489155
136;0.17081496290440012
137;0.0649603304420789
138;0.1448095969719538
139;0.15703172637961177
140;0.08313177729356243
141;0.10694032373343904
142;0.19842776538382706
143;0.1318267726688343
144;0.12147539546310691
145;0.18041570260314063
146;0.03158453236257837
147;0.09644066902878622
148;0.11016494815234029
149;0.12456693776660883
150;0.005934008013670656
151;0.18540786717297883
152;0.039407180108854384
153;0.054715657994587066
154;0.18044450248196203
155;0.07421579540774208
156;0.1311871228780215
157;0.10219899875361403
158;0.10803371989581803
159;0.01198019555290879
160;0.018424102987440617
161;0.19144679354507677
162;0.1399793521744844
163;0.01698888850563556
164;0.09975645131974012
165;0.005815151509875083
166;0.01978820792607119
167;0.1164535272645126
168;0.14773118932985527
169;0.19994602324851998
170;0.10577714686269167
171;0.04470011744661948
172;0.07430847458342775
173;0.0839151626515184
174;0.0038974909676997797
175;0.1555686396670745
176;0.16859319173367396
177;0.016551689424241258
178;0.14531203387673317
179;0.09308468733606186
180;0.08460730835570565
181;0.09362277506381063
182;0.13200712151147773
183;0.19900371476687725
184;0.12549475622156644
185;0.1966965735489645
186;0.021793541124918204
187;0.01223564324159745
188;0.08717466504950072
189;0.07791579488970593
190;0.12262844981480028
191;0.051333432099573265
192;0.07722582929338262
193;0.19384616134210797
194;0.11926866503081879
195;0.184806293718609
196;0.07711641621885218
197;0.017031626832860993
198;0.050254408013536936
199;0.04352835268085149
200;0.18499261176218063
201;0.11851271864579141
202;0.1713999415522748
203;0.07205012512371493
204;0.1626861034717214
205;0.08176480632415384
206;0.13957140039610272
207;0.19960751291786263
208;0.08781020892974321
209;0.0783497038209521
210;0.04759112577975355
211;0.0349097726026385
212;0.12251598517351672
213;0.1064987141336261
214;0.03977906554158559
215;0.01887984786044541
216;0.18434856531804072
217;0.07995227414765767
218;0.07564156763871087
219;0.12927017409722105
220;0.15657718186156616
221;0.04933340100464221
222;0.16467219758669246
223;0.034950783398421885
224;0.19014344763665014
225;0.18487305022863643
226;0.17718129723014647
227;0.08314790660794763
228;0.12359517221010052
229;0.003351307600181475
230;0.1276811915548223
231;0.16495946789322452
232;0.039865387873774076
233;0.14900753246528942
234;0.011567200864071614
235;0.08296076646594552
236;0.1611696305788925
237;0.14424924439715375
238;0.045521161861421945
239;0.0017059717420128797
240;0.12360531660801591
241;0.1460888269806021
242;0.07479665354024907
243;0.1757687265625941
244;0.19477210952327528
245;0.18825817781437595
246;0.15858022266355387
247;0.1756847919429692
248;0.09288213184851764
249;0.07894403640567352
250;0.18190936234615493
251;0.1854784339234683
252;0.049031676840381545
253;0.009798219023765454
254;0.19298740493392788
255;0.16479052712419862
256;0.19961304028805993
257;0.15198307167289615
258;0.03345049523594035
259;0.04303332244681366
260;0.127044415674651
261;0.05360331202990798
262;0.08589305635056055
263;0.05980630461934813
264;0.1378296290866738
265;0.1387778676530165
266;0.04084037900152093
267;0.19280574942077874
268;0.04469482160915139
269;0.08117269245442171
270;0.14386928613272373
271;0.04750255146421698
272;0.00813270829429007
273;0.07677384748525351
274;0.1447303546366871
275;0.0939702571316889
276;0.14489156470134887
277;0.1380998518913697
278;0.17204081213396538
279;0.026729028945188915
280;0.06702658606938915
281;0.18403088785799526
282;0.1729959654157988
283;0.04560387160541504
284;0.011398132661020834
285;0.17661622245432218
286;0.18346116531634135
287;0.04124784373192845
288;0.09633355911327744
289;0.1254567600586544
290;0.10721248716770718
291;0.02600494910276825
292;0.08217236201167298
293;0.12754152013908374
294;0.18763437940463035
295;0.08321373262679373
296;0.16108584405518556
297;0.159044295161201
298;0.1759601291663101
299;0.09094341193667843
300;0.08833266048995808
301;0.009800110457434986
302;0.10993727932941598
303;0.01602347570252598
304;0.08181187450764489
305;0.1003713694009138
306;0.1372161730002825
307;0.13798836615999496
308;0.11618079626331759
309;0.022245695089141582
310;0.10060408378360847
311;0.15562465786731983
312;0.16342738872889104
313;0.13525228690135335
314;0.01906615792227331
315;0.19880709131169377
316;0.11096046118381762
317;0.04521132121937384
318;0.16710363162158698
319;0.19035258013777145
320;0.1497233448974575
321;0.08953092942112516
322;0.17613232526378922
323;0.1049102205809521
324;0.05713493678210307
325;0.1837059647576065
326;0.07502554801779067
327;0.06403019644420489
328;0.012877239784040206
329;0.003023609113381576
330;0.004394976884284585
331;0.11651099120316553
332;0.16706575049260738
333;0.19244331540588985
334;0.09596219141891289
335;0.1703046312447298
336;0.1969290256725973
337;0.16281766400767872
338;0.18432470042203264
339;0.12098066662720762
340;0.19605903165851202
341;0.12223380920472005
342;0.18876984527612556
343;0.06412918216695589
344;0.015394665181656065
345;0.12204648623765886
346;0.02243621866222041
347;0.057324566473512896
348;0.05148317377540308
349;0.16339184501625173
350;0.07914159568312516
351;0.11989671362672034
352;0.12268919098063658
353;0.0013725842198396565
354;0.0587045837495106
355;0.10215250974115107
356;0.17783432355268888
357;0.05891282539091241
358;0.1234055513150168
359;0.18373747398287063
360;0.0760137236730289
361;0.12364319459717832
362;0.025159175443618054
363;0.09211499991493102
364;0.1849699052865576
365;0.06783476979867223
366;0.17017497067514128
367;0.044251340796023976
368;0.18690493065627223
369;0.14883397695259637
370;0.15740283114898115
371;0.05063082280145273
372;0.1871878151155919
373;0.0989256877613392
374;0.015284833906626228
375;0.04224264820402113
376;0.14745250170601013
377;0.10300403399412948
378;0.006664849967782872
379;0.1172506357438264
380;0.19697845882600643
381;0.05980581683107966
382;0.10011937366086823
383;0.009909784682592005
384;0.1169569025522848
385;0.044906004547594726
386;0.14019113275457915
387;0.1797216054566999
388;0.09096415989938073
389;0.18229522700567913
390;0.02992448783471091
391;0.09657947199763024
392;0.06453923673506011
393;0.023020226419275015
394;0.0814728660429426
395;0.05328815408626502
396;0.003743939918031791
397;0.09894134002680954
398;0.13063586051755022
399;0.07564145333448269
400;0.032210488136757844
401;0.1453092392070426
402;0.10208138288777405
403;0.10584538022264232
404;0.13799109478326657
405;0.00392935197722144
406;0.16823352501871416
407;0.15091757538217565
408;0.11389318861123401
409;0.19524988974919996
410;0.13378645456857824
411;0.05326866252259406
412;0.13195158342575938
413;0.15005416789781081
414;0.012834535969265448
415;0.18304874023784679
416;0.03809396925271696
417;0.0780000878808786
418;0.023837018105326103
419;0.04139606237943008
420;0.06321094225286861
421;0.035612343471095056
422;0.0434909637944499
423;0.12082679254092571
424;0.15719636045540197
425;0.11053549982287601
426;0.07954699389749786
427;0.19575693335342234
428;0.05338520498268509
429;0.05536859664172629
430;0.063826599448166
431;0.03596329918800589
432;0.1890673461547982
433;0.0651852635939765
434;0.1760765128464584
435;0.18555725177221827
436;0.1282946018314408
437;0.16050143317912735
438;0.0487690234728577
439;0.011708088910887282
440;0.1207711910831087
441;0.07653114190954245
442;0.1984071394463288
443;0.04931569017746258
444;0.19316286761664592
445;0.13467067576893685
446;0.09957048048215411
447;0.006725165314151505
448;0.003161895703171136
449;0.12140864046361066
450;0.17098789516458912
451;0.0025257550639229856
452;0.0749259962110324
453;0.0014780570311794918
454;0.19106127174212395
455;0.1684597837700641
456;0.06122533052527506
457;0.12369986438776195
458;0.05088254148544302
459;0.14607823953823837
460;0.19205511752365
461;0.08450435876408087
462;0.0732834716434313
463;0.04632524007491219
464;0.0899775993384568
465;0.057683917865028626
466;0.12419306072315442
467;0.04940796018017462
468;0.12361747418727767
469;0.013632836032625618
470;0.1922010106770444
471;0.15223317312473228
472;0.03974170085417113
473;0.1353567278663295
474;0.03812756084782505
475;0.16143663733657643
476;0.10819034379415743
477;0.04630263461414546
478;0.007212672961651534
479;0.06307390306428799
480;0.0642073340010082
481;0.15673916071059538
482;0.06825906453716823
483;0.026053784180162222
484;0.04935201022483533
485;0.014685958571476655
486;0.054686695391603826
487;0.1806771462658441
488;0.07487206971102887
489;0.04990034925449658
490;0.09151467135935692
491;0.17906857075411395
492;0.1359767542976544
493;0.17504768119096073
494;0.15798807552184307
495;0.17202684317006575
496;0.10417501874292015
497;0.17698425488122588
498;0.07577490933395176
499;0.17405878416004836
500;0.11838082150263148
501;0.07702976560006546
502;0.1495751847626963
503;0.002437372523153125
504;0.1467330345930595
505;0.1463246411548935
506;0.15966785868704036
507;0.012657964901443176
508;0.16785900349731694
509;0.16607555381742767
510;0.06467443751687361
511;0.029468881967795846
512;0.020882512219945238
513;0.16358892512760403
514;0.06479605919226271
515;0.11147702945650598
516;0.13136764378065482
517;0.16719413409650363
518;0.004043381666381585
519;0.04030198799186453
520;0.04576982293663794
521;0.17070467721290838
522;0.026181554014984256
523;0.05335182795507074
524;0.07110758652541363
525;0.10799518394755597
526;0.02032518123287519
527;0.1278704143791678
528;0.19699433565444135
529;0.0912755419402521
530;0.1167775625956949
531;0.07274107920317052
532;0.13840543985316517
533;0.1561454493791708
534;0.059094682943589306
535;0.021647515204523127
536;0.1369755381521999
537;0.05464693765551858
538;0.032981559494374736
539;0.16191405460523556
540;0.17539995569789119
541;0.16306543681728106
542;0.15350923314548012
543;0.08574707350213401
544;0.03352709168191144
545;0.12407375999613093
546;0.14791507071300022
547;0.1467065573120746
548;0.00025210537143944834
549;0.00534096608676522
550;0.008724827246985312
551;0.15624219629387512
552;0.123223128382
553;0.1569986818250873
554;0.12263229597145234
555;0.03099692030003727
556;0.18231099906029238
557;0.1708534136550471
558;0.17874930432971697
559;0.001201547488554078
560;0.15588098460126698
561;0.09693559630376553
562;0.07661626120592815
563;0.010951770048923937
564;0.17187981987961545
565;0.1241733759070317
566;0.12937730991740412
567;0.18531326368823584
568;0.05572055803040659
569;0.1422287009591882
570;0.06373803185453888
571;0.18840121454259065
572;0.036801981226894064
573;0.1488445864830327
574;0.032527547616260845
575;0.09798276244225879
576;0.18838285621741088
577;0.10004096673311516
578;0.020978608805281376
579;0.031066775892512857
580;0.10841680327284327
581;0.029361658131290436
582;0.13403472888938953
583;0.08991063974619203
584;0.1274095412678925
585;0.09133519336544563
586;0.09776069990399167
587;0.014650072775522993
588;0.1272299492175841
589;0.04071218639844703
590;0.09476329137999867
591;0.14513879713165018
592;0.07687940519063528
593;0.16755297697575053
594;0.14203198395917202
595;0.03166867556674542
596;0.03646738510264307
597;0.19147999807149937
598;0.13595539178949365
599;0.18020246454100744
600;0.07932936503066704
601;0.18591441014350008
602;0.07404200028510366
603;0.013365385058437363
604;0.17727728016515135
605;0.18976699232143504
606;0.024226138520263275
607;0.1772994606390348
608;0.051421502858128076
609;0.02556133135322347
610;0.1574651751122803
611;0.01814812971213884
612;0.04471996692406599
613;0.0010173080460886609
614;0.062485882497817107
615;0.006739641575530708
616;0.16664756720985446
617;0.18483326935066535
618;0.13028561926359966
619;0.06309418734854517
620;0.09281922797290826
621;0.026848285146685136
622;0.06481408000644244
623;0.04443123970053906
624;0.02531744955303086
625;0.06337152772834286
626;0.16441875317844531
627;0.014123839646077286
628;0.14374259219233412
629;0.15361589212265123
630;0.12370172669871392
631;0.057426714453395915
632;0.07399881604812131
633;0.1146457814710694
634;0.03567196398507544
635;0.10586307656847815
636;0.16643001976689184
637;0.18913871138540472
638;0.0421740780051207
639;0.11165672265703189
640;0.08814535823985886
641;0.0740402932377519
642;0.09436923790984592
643;0.043641712752196554
644;0.07199827625545019
645;0.015034930158114102
646;0.15564617156242674
647;0.13644704196384824
648;0.15936486365936034
649;0.05718523482080693
650;0.017324818831918876
651;0.06284375512305729
652;0.0617678484120886
653;0.19897645885279935
654;0.09027879754053446
655;0.15293175154459834
656;0.11162738901816045
657;0.17272418504449938
658;0.12218041829141553
659;0.1754853609328067
660;0.11578369246591694
661;0.08610520913586546
662;0.09692732672716496
663;0.11111036972030058
664;0.059622727927205604
665;0.040016362242011994
666;0.09055242667717356
667;0.16180760361711402
668;0.1874648156836672
669;0.03522672157235534
670;0.16432696758737622
671;0.0007683259592582648
672;0.04853853047326278
673;0.0710607529600615
674;0.07322829477744726
675;0.18520115910101856
676;0.08784943914886588
677;0.04654384979138868
678;0.09197883063040223
679;0.1279904225630135
680;0.014760157163614186
681;0.11015332425753498
682;0.03976461082412093
683;0.16355910508286645
684;0.18111507496910573
685;0.07648567579993093
686;0.04209652404092956
687;0.14612518941402527
688;0.021268534273937933
689;0.10104690069471192
690;0.09031443041050534
691;0.019971223621104928
692;0.1337917057738762
693;0.04275119791809992
694;0.06820031229421857
695;0.15171627343568206
696;0.16239397493714947
697;0.06635632328021472
698;0.19707653421152407
699;0.17196120709696158
700;0.07012040083675757
701;0.11076276020070577
702;0.001974986173389315
703;0.14312224802425919
704;0.10847148083762026
705;0.07190676876373907
706;0.051082176702038455
707;0.13882985129612826
708;0.03784008061168751
709;0.11439638940770036
710;0.06735894497379706
711;0.06312870429303352
712;0.18820991698139064
713;0.17426959932017883
714;0.14019765454428815
715;0.15492254485801918
716;0.08487590253401583
717;0.07469730095553799
718;0.04111215159743873
719;0.1327927773604795
720;0.15786187360744175
721;0.09711682098113157
722;0.1786282344832836
723;0.07491372299734167
724;0.07420107863542194
725;0.0832976490696634
726;0.16942176119370264
727;0.01285553803235342
728;0.10905918214728723
729;0.10400145917237749
730;0.03420545070876908
731;0.14489723291683979
732;0.006025789387946179
733;0.07849077226110153
734;0.17251862431111017
735;0.031973051317293714
736;0.038592462092062824
737;0.12664020452473007
738;0.050750167642604344
739;0.10724392405943611
740;0.19286686227398747
741;0.133705154426882
742;0.03465889130319993
743;0.09313155213688847
744;0.10237153239808061
745;0.03905361537746621
746;0.18567647833237677
747;0.06828968793742589
748;0.05777356224397787
749;0.06472073103468615
750;0.14054652623205272
751;0.19580976469872016
752;0.10219364908361839
753;0.06177060663757475
754;0.15135693932462502
755;0.162030881958955
756;0.01705907299229026
757;0.05907820509101454
758;0.06943288245218014
759;0.0846639253007871
760;0.06325539344014548
761;0.09540087141499239
762;0.00926399517354255
763;0.19051140137067868
764;0.1344841497560372
765;0.07584341779853987
766;0.06725072398589207
767;0.1577890149966565
768;0.04763061618189433
769;0.10060814129734602
770;0.005687664155404182
771;0.1591124885343139
772;0.06161151302401011
773;0.02076716184773819
774;0.06279576281051147
775;0.14528001926559966
776;0.16375134894924928
777;0.08211027575159383
778;0.035066234208945904
779;0.09974362709173275
780;0.09550651526353332
781;0.10876445076743069
782;0.1994790563909217
783;0.19656030813592726
784;0.079870126438531
785;0.13892303899639497
786;0.09422551975931895
787;0.008789729694875037
788;0.0003369604133070636
789;0.07654198478044756
790;0.09495213382686743
791;0.18622816858397562
792;0.07162740700661088
793;0.03604202127600782
794;0.030065169089083146
795;0.1530128032773651
796;0.007556913636004703
797;0.09067756771939131
798;0.08021274010830248
799;0.14025825298707167
800;0.021606434827354828
801;0.04930597531698631
802;0.11341824654855232
803;0.030954421043135838
804;0.005752577858867469
805;0.11822636702570795
806;0.02508485490379249
807;0.0952053533857852
808;0.006692645979727807
809;0.19193614378924703
810;0.055423485769265396
811;0.12457462600801471
812;0.0011532639864942685
813;0.1472853868478645
814;0.07844368938932476
815;0.13152740240630406
816;0.05906124035490268
817;0.06792426864534191
818;0.0033590881324671476
819;0.09306225217448004
820;0.0907024281499133
821;0.1764124907515511
822;0.09745911969830137
823;0.08958187007188774
824;0.0581238038182155
825;0.10742213745040502
826;0.1126134156002317
827;0.0353182077112417
828;0.10280007938321684
829;0.04733089910196917
830;0.09970649455823102
831;0.17986926330798034
832;0.09651896078844442
833;0.12560325623021168
834;0.18877168180792617
835;0.1614347495057532
836;0.13284023513448637
837;0.0019764627793917855
838;0.10378527630655564
839;0.14136939961972592
840;0.15744345900459203
841;0.07129678051943536
842;0.1465541514181011
843;0.008200547489451916
844;0.0565580692415812
845;0.14803793447374208
846;0.11851693994149533
847;0.04108742359939164
848;0.09367445346944595
849;0.11692589950677977
850;0.05813294310217459
851;0.19970508229804787
852;0.10743927588675346
853;0.005692263783688878
854;0.06405850737683923
855;0.01929370124628489
856;0.08528005054791882
857;0.13502682124688647
858;0.10176557827406925
859;0.03647829293288836
860;0.1291496480382964
861;0.12497059251671135
862;0.17116205077354352
863;0.11476329838363371
864;0.19637273562548213
865;0.13577935014353693
866;0.14279863627886655
867;0.19676719894857525
868;0.11252819957304594
869;0.12758856927446283
870;0.12511178973154075
871;0.01730195045874936
872;0.09781101640766308
873;0.06739065393110391
874;0.09211325631044082
875;0.04580290798007498
876;0.046189416679876506
877;0.1499504668446456
878;0.11194824946315236
879;0.10664563630660151
880;0.027164612829328517
881;0.12318563888350056
882;0.09798984675470175
883;0.0355012226488677
884;0.17705429332936856
885;0.03762932356893589
886;0.11029001438972558
887;0.12825353229955336
888;0.01753787659322852
889;0.0077225608682429895
890;0.06165616109736465
891;0.05047925739256039
892;0.13170709908238787
893;0.0017498584895544013
894;0.09197496758533073
895;0.042516263371824264
896;0.054545925832858846
897;0.14209966585076333
898;0.02389852089251392
899;0.1665203278658246
900;0.08778036570628643
901;0.1844455569753988
902;0.11129468230476303
903;0.08311927297496718
904;0.02172155707186323
905;0.15862172356028423
906;0.008058289183755464
907;0.11968252466829202
908;0.003002963756864374
909;0.1906076425168357
910;0.11797815115159656
911;0.17550258843306418
912;0.05776201255323499
913;0.19995735816771779
914;0.16329368313669865
915;0.08606604205201887
916;0.1516751716051682
917;0.07291307981982331
918;0.09492769115126452
919;0.06470281933152687
920;0.15812584565493373
921;0.018119214213783198
922;0.12291014490721869
923;0.06422377872590905
924;0.14978736872095716
925;0.01735575224364252
926;0.003242391939045164
927;0.025026144679968578
928;0.024831064860933918
929;0.005170569320534124
930;0.00032116378233473244
931;0.1879314985202654
932;0.028380335903470777
933;0.03130854008499744
934;0.05077634798132498
935;0.17450696932000687
936;0.15931371569475647
937;0.11894798657723503
938;0.12082957531737828
939;0.020956148982699176
940;0.139914309878271
941;0.18233293370886533
942;0.03597142907130859
943;0.016034582749960814
944;0.033237043967612026
945;0.1943230960963949
946;0.15167524437308044
947;0.0620841262083881
948;0.10816877011499898
949;0.18439851595498136
950;0.016404603043976507
951;0.05897448003859634
952;0.17561248239469363
953;0.1566400683339852
954;0.07817538257594477
955;0.022028991518073873
956;0.1578827172193327
957;0.06536198436119756
958;0.18503549009266135
959;0.171842385883306
960;0.128214690290745
961;0.1917749103694789
962;0.01669479186318783
963;0.13685876089981724
964;0.0008567599653809488
965;0.08994783630787047
966;0.19971703767327778
967;0.15243376980063672
968;0.015778342110926658
969;0.1475196865622784
970;0.05213423885330577
971;0.017607791504252134
972;0.05822711434539212
973;0.16005601383857493
974;0.09966126868337642
975;0.02390149370520163
976;0.035666860009003834
977;0.02696813308201156
978;0.007529053044672951
979;0.10734856254261882
980;0.0917437349295776
981;0.028494120244771427
982;0.051965262895934776
983;0.18809286590300928
984;0.14203896381618056
985;0.0703584420676477
986;0.09446253504411156
987;0.0599140811506163
988;0.05147821013582324
989;0.06961392857366093
990;0.011113419879797016
991;0.1586510424477859
992;0.0540464414404912
993;0.1782124842377653
994;0.04888103956646368
995;0.023156486030424597
996;0.028993415309198148
997;0.05325788445247202
998;0.004903724043787117
999;0.0016122990137955595
1000;0.00013773963740935092
