1;0.1729978634079182
2;0.12450382077681116
3;0.19959501288402146
4;0.10870826197636163
5;0.04152184569025124
6;0.1177803994783741
7;0.17547128203513412
8;0.1897048991160584
9;0.0356473330240662
10;0.01769678989880239
11;0.07151649018373284
12;0.0010978854108840697
13;0.08762673941167456
14;0.09142333484170735
15;0.12277962916407642
16;0.04300407069953987
17;0.191522182478452
18;0.1225204811261692
19;0.06603331644283801
20;0.1580051081863103
21;0.022275202597508884
22;0.07715407363036264
23;0.14140997100398076
24;0.03678149276061933
25;0.14891759294114934
26;0.12827513002928143
27;0.19700799154244197
28;0.07286023696679315
29;0.029086403651716598
30;0.16245749361182274
31;0.01821921776708211
32;0.10157422487949244
33;0.0778871501458023
34;0.18072394812733653
35;0.16591905277511115
36;0.11588782170962802
37;0.17471450985004452
38;0.15862458183803219
39;0.07374922224389917
40;0.12790879343153883
41;0.07472023890992296
42;0.14156100500428911
43;0.10287615425051662
44;0.071522426655154
45;0.17989043781086878
46;0.09103135410948196
47;0.04673699538938454
48;0.05854798820630336
49;0.1684415356458079
50;0.0302622537957719
51;0.10989229795325389
52;0.04125973253988993
53;0.15004699530679233
54;0.04483320732913379
55;0.10269886550011767
56;0.008601237971522346
57;0.01686148642390675
58;0.12749782453555245
59;0.18817511197243877
60;0.14369197138056855
61;9.207816111986845e-05
62;0.11974761118770277
63;0.10687859745806716
64;0.02834792384643412
65;0.13378849554090907
66;0.11346358972073355
67;0.18060218599038086
68;0.14335064994333413
69;0.024068428148675203
70;0.08531322029451119
71;0.11307846466396398
72;0.11402141047234995
73;0.18795884276922437
74;0.07977296131878067
75;0.13470679263744612
76;0.1644423654812721
77;0.03945066604553032
78;0.19492814924499186
79;0.03034994220258798
80;0.04403418046464352
81;0.03063063218290878
82;0.16026753810382646
83;0.14507543985861282
84;0.013934319479705227
85;0.05993725278539011
86;0.18406866445249392
87;0.15178127341796518
88;0.09649829950265101
89;0.036087909444391844
90;0.05442019607552502
91;0.1614949575882732
92;0.1432252849648786
93;0.06375610156101645
94;0.1143849072052538
95;0.03604374653115261
96;0.1915324808387326
97;0.17565759211664023
98;0.006927627558707905
99;0.023461190838453307
100;0.18139754585337745
101;0.02846016110517722
102;0.18998698419014692
103;0.04184525862877542
104;0.18415281380725776
105;0.16992555417379507
106;0.17302713640746376
107;0.0602381375809558
108;0.1041499145403113
109;0.07941127683670002
110;0.054931327564367166
111;0.09577488915175825
112;0.07399459772377004
113;0.05353303539489773
114;0.05410184410222914
115;0.1640302887836691
116;0.0469717375803324
117;0.09304970112822093
118;0.05576095863575051
119;0.024866692644130484
120;0.18215867692699528
121;0.005165599361683904
122;0.15004980929917816
123;0.16579793196371728
124;0.04983150175797238
125;0.057655462008834917
126;0.16784328529747117
127;0.11473918519176006
128;0.08583784774308821
129;0.1556969765675904
130;0.00044333158186082855
131;0.065800115784112
132;0.012971059428894694
133;0.015746739218537732
134;0.024420477142837616
135;0.155954160191921
136;0.17457997598732233
137;0.015402037217506371
138;0.18212589030051984
139;0.0733471596760753
140;0.11814109940306271
141;0.11781526291515804
142;0.17006455924269748
143;0.09284044611873221
144;0.10279751779267086
145;0.041378217312428925
146;0.038081907618894476
147;0.0932879622088248
148;0.18699738212910466
149;0.16054222682976718
150;0.1426344515932666
151;0.10350864116371172
152;0.07945731663784317
153;0.10079744981493433
154;0.17418570102313588
155;0.09356542318200994
156;0.17265058140718328
157;0.1743384438854524
158;0.08976893539335085
159;0.029057327597721908
160;0.11234838263566593
161;0.01435062033968333
162;0.15823354770300443
163;0.039695646445737975
164;0.1547689430130636
165;0.15576855469781356
166;0.18463360049080613
167;0.1472573225184688
168;0.19524946392964337
169;0.03925333943605711
170;0.1364198476110142
171;0.02824685196110124
172;0.03940350454368116
173;0.12128118104651664
174;0.0691830365424106
175;0.11767194123751777
176;0.037902228032900914
177;0.08561213837577392
178;0.04772430931736307
179;0.19654104864483957
180;0.08203434645820196
181;0.16334527747592825
182;0.048805752807345254
183;0.07453253481004032
184;0.13631300785620912
185;0.1801942701086624
186;0.01259934763728572
187;0.04957391078688172
188;0.18362115891188935
189;0.16476438394943188
190;0.042558023538682634
191;0.19147773134678014
192;0.04567794363616944
193;0.14261442241087383
194;0.07640905585312288
195;0.06226764437753751
196;0.16916709367546237
197;0.06347998927171027
198;0.041790940825825865
199;0.13258440248170664
200;0.05101816701001132
201;0.1504948778943777
202;0.046625917311562605
203;0.16413787844051253
204;0.010367408011574854
205;0.02578305319708827
206;0.1947257866579264
207;0.14737676466625202
208;0.10055261325474472
209;0.17779075900511387
210;0.15053413394197745
211;0.018119147963674486
212;0.09671107742684491
213;0.0712351207996794
214;0.04459130123768358
215;0.06165495290553849
216;0.0958715066977063
217;0.12676653007611868
218;0.13936121296520193
219;0.06195186082265596
220;0.13854347656912244
221;0.17380014874311203
222;0.06274777193428334
223;0.06929715241969221
224;0.1415307317401379
225;0.0020026323399924494
226;0.09122328673908493
227;0.04740025800994943
228;0.18222598395899325
229;0.16707140466661813
230;0.14148800644617632
231;0.04074772619736682
232;0.17472319670098285
233;0.13875665759242103
234;0.008688196519762537
235;0.04395123424870387
236;0.043665189828653334
237;0.06728254248327459
238;0.10528692053406136
239;0.1819655867217791
240;0.17027273412972532
241;0.043726266833067864
242;0.19455728180695464
243;0.10560344340445985
244;0.19042005801300899
245;0.06900216369763652
246;0.12517220199066154
247;0.05935317135765379
248;0.1659395589118977
249;0.08195434741715997
250;0.06434088033248131
251;0.1271415571902524
252;0.04511836714216247
253;0.1467784937798033
254;0.1497001495754107
255;0.18701690102827867
256;0.09598514001349108
257;0.19692743171026666
258;0.013362106155803577
259;0.18128520251854915
260;0.08314328053798214
261;0.019516634132023293
262;0.17722762489809452
263;0.13393939467863605
264;0.10859605606165237
265;0.14585254325956
266;0.17129537244790471
267;0.017361657873580683
268;0.08555321148665462
269;0.15054335629390453
270;0.1683543387946378
271;0.02780591894259543
272;0.07826842294092362
273;0.024799274146012462
274;0.06845714846860394
275;0.14165756662303064
276;0.1982543731212805
277;0.13615274425792784
278;0.18885109864739902
279;0.03851360999624698
280;0.01879481152232623
281;0.055009469849716136
282;0.19995618432043072
283;0.11044279850118402
284;0.14451153001671455
285;0.020594569262927465
286;0.16166789256940134
287;0.18244082575615872
288;0.12135492992596547
289;0.18410155111915283
290;0.10720060943396514
291;0.1666095588701485
292;0.1440229696356444
293;0.17677769294000514
294;0.014008931315387453
295;0.13825993607786125
296;0.03674317100030435
297;0.00594047991836244
298;0.09250165509553172
299;0.047043422579089424
300;0.14466211011622943
301;0.09576549388491512
302;0.01734655711823836
303;0.055552806424332295
304;0.0017584893670306247
305;0.015991238376609852
306;0.07522886608604545
307;0.12005187766449557
308;0.051276280492900256
309;0.03679995109135155
310;0.06258923560024299
311;0.06740091058350395
312;0.07154554162734604
313;0.0795257533149826
314;0.1347282427069236
315;0.021673599731498586
316;0.0836087027886884
317;0.05288202355363121
318;0.17294757182145426
319;0.025053994769969546
320;0.18947068305887682
321;0.1574081136699339
322;0.14348548528689517
323;0.18595054313460085
324;0.11123582737200047
325;0.13322658583741953
326;0.06582513177051492
327;0.006338350126411796
328;0.01910012948366706
329;0.13451035777140027
330;0.008483627110688263
331;0.09100144793512827
332;0.18195450419736464
333;0.1369179981969841
334;0.15352251705331205
335;0.04031466787029419
336;0.11450235950215018
337;0.03852434045418976
338;0.1719141469481319
339;0.14595667723124975
340;0.08257828494677305
341;0.017171589885826722
342;0.10011209521561376
343;0.16765353412005535
344;0.15520402465307706
345;0.18695475940459283
346;0.0832433854658897
347;0.12639899199251
348;0.18867556032871938
349;0.12708401637566633
350;0.09047847880326348
351;0.1806405643257343
352;0.11743653514819792
353;0.19667308083711993
354;0.05306982050573272
355;0.1744342821440864
356;0.07227222652729792
357;0.07189004747878446
358;0.16192631042462183
359;0.13331107181433186
360;0.101670286002266
361;0.055815952797979865
362;0.07065248410846472
363;0.08494349046420935
364;0.0279837047515513
365;0.11557533421602717
366;0.005761599985390654
367;0.08995424989208736
368;0.05515549148756225
369;0.12910851619289113
370;0.1781325387007509
371;0.15127161437931985
372;0.021339201768994866
373;0.0012910681298446969
374;0.17790159030000163
375;0.16088270169083882
376;0.18702735758659605
377;0.15476308919918946
378;0.12895048207391904
379;0.15262261393288357
380;0.10607378526089828
381;0.12340507042482428
382;0.08477344237979884
383;0.06652129639366104
384;0.029967104766669774
385;0.03559863937910281
386;0.1617910823191805
387;0.1765357587380689
388;0.01458710182141001
389;0.00202448150685004
390;0.0637305365158412
391;0.13514401740628665
392;0.05365494404449403
393;0.16616819323476983
394;0.1984316366961767
395;0.16782610363397904
396;0.1113189177883207
397;0.13708967946352607
398;0.16274143569113783
399;0.05223751565183628
400;0.1833689083177967
401;0.02653407057448436
402;0.017850897256005395
403;0.19717096168606799
404;0.10691445827221471
405;0.15604149080583796
406;0.05943335106993408
407;0.042958915975368744
408;0.07499232314140265
409;0.0961220849933927
410;0.15114493707661583
411;0.009380521663963482
412;0.06438354124683865
413;0.03964288511713548
414;0.15241498171687884
415;0.12342099332283392
416;0.08476343013166997
417;0.012383287989733783
418;0.18677840256735745
419;0.007040290510429226
420;0.16764789751035766
421;0.11897625165951904
422;0.1357910677499769
423;0.10255308990144535
424;0.009023852168448587
425;0.10684676238627609
426;0.14976207833590782
427;0.19927795568317708
428;0.18217345579766828
429;0.06508383979482305
430;0.012786708608967934
431;0.10711160089053876
432;0.00677233615231494
433;0.1390518728546826
434;0.14585182804145622
435;0.03775262500148433
436;0.12771424724141517
437;0.08703962527800826
438;0.0641500876409213
439;0.19104410911712205
440;0.12075214613506209
441;0.0010967822869886624
442;0.1080904391028962
443;0.04661739058394013
444;0.09744773660563583
445;0.04316109274909046
446;0.01454917358616481
447;0.1331336470488693
448;0.13518623310653233
449;0.07046045808406523
450;0.1358037757909496
451;0.027901117045807514
452;0.031391647478758514
453;0.1360995159386795
454;0.14805975549829903
455;0.14868026192743675
456;0.09112791770354192
457;0.18666599295066977
458;0.05463523245355666
459;0.17936319861059224
460;0.14860139723389013
461;0.13661958137922708
462;0.18786280590228763
463;0.0742245360470165
464;0.057995659598192084
465;0.04565263288620405
466;0.18476318901374367
467;0.05823279740313208
468;0.00018628182011279915
469;0.16754368803850717
470;0.1773508093750238
471;0.18875650046276957
472;0.11544300998910324
473;0.14455361164974828
474;0.14968843014183433
475;0.10351274205795327
476;0.1989627561906379
477;0.08178318144128849
478;0.056326677376051064
479;0.1965730018705112
480;0.009407000401291322
481;0.09767657050235248
482;0.06250991705766429
483;0.11126139354621334
484;0.17327720990142279
485;0.05761100853002874
486;4.316420159884427e-05
487;0.19379111788458817
488;0.19302961618547754
489;0.06620660783050906
490;0.05499098288879985
491;0.1968873846213151
492;0.10709545175612396
493;0.00936447882347895
494;0.09165182070595908
495;0.04510093229987116
496;0.06189896572887421
497;0.11612281152525701
498;0.053816335497521406
499;0.01409213382313428
500;0.03516491810214517
501;0.0055373008439511436
502;0.008993456218777807
503;0.07104715337544147
504;0.08978994530683311
505;0.1668419419231767
506;0.0012173279190755616
507;0.06253182607782369
508;0.14506316960724394
509;0.0005565186428896363
510;0.09746150982410827
511;0.18127452335525399
512;0.15346586228766695
513;0.15219681954479036
514;0.15330394171308914
515;0.031292779785320614
516;0.030864663354376255
517;0.1724014477414278
518;0.1126847428079715
519;0.12575121546347856
520;0.1831040770407374
521;0.10104459184912673
522;0.07096969214156694
523;0.12420110588402032
524;0.15065064736663172
525;0.03469784840718855
526;0.08502220698071877
527;0.111723837659862
528;0.193780755591333
529;0.19647201358873223
530;0.16030139255598744
531;0.16876149347578667
532;0.10373802443329
533;0.03238652417654233
534;0.09471560505551889
535;0.08908225661577802
536;0.11188972216679063
537;0.054061856122643984
538;0.1122526150891994
539;0.015930199934987187
540;0.0740837289143486
541;0.18530372789149
542;0.18598898124060773
543;0.05831126585181186
544;0.17725265695272466
545;0.09558823273174077
546;0.010977153131023277
547;0.10590971382205992
548;0.006831481974771414
549;0.0797461166404985
550;0.17540646963601453
551;0.06695788608237696
552;0.18709579457387648
553;0.024259326339484112
554;0.11221227475007073
555;0.07489570534131965
556;0.042844716326788414
557;0.026613075418388067
558;0.010834311431710786
559;0.18755108359589742
560;0.19737691730595755
561;0.1651374469747163
562;0.05413976389853823
563;0.17825322721478065
564;0.060184691984579236
565;0.04401012190230194
566;0.1297862490591177
567;0.09388152842164524
568;0.14896536929746984
569;0.09640788655103241
570;0.18939863323619413
571;0.09096254569903216
572;0.038840647326164573
573;0.10801949904345368
574;0.08117935874872798
575;0.009591934302627659
576;0.16277445144260771
577;0.08080250812000592
578;0.02352112260605026
579;0.18868413161417566
580;0.16310056947860363
581;0.0412036874364951
582;0.018717938368797694
583;0.11083550014827973
584;0.18355502829700424
585;0.06528460048586164
586;0.09734401704348826
587;0.06762982818536958
588;0.11814886557393195
589;0.12247467082835273
590;0.13623814674317247
591;0.05271853271772436
592;0.1046467068071594
593;0.12031046065092402
594;0.16455161574575716
595;0.13997570190219003
596;0.10993294729024763
597;0.15084455012233733
598;0.17365081794128867
599;0.004198971166496768
600;0.02637503194698425
601;0.07535927155917577
602;0.02157184283776801
603;0.03998202319703477
604;0.04514203154858368
605;0.18595604925025683
606;0.17571776950075801
607;0.1650880926088175
608;0.057281769380435256
609;0.13203486602038292
610;0.09816055323562689
611;0.015271312985366615
612;0.052286107269901044
613;0.07768643873438599
614;0.11051038693293327
615;0.043698337840804506
616;0.07799713771289979
617;0.19205332822926185
618;0.18670338065801473
619;0.12608413490270798
620;0.017541381416551906
621;0.11347292821195398
622;0.0673016221541709
623;0.08218985209665969
624;0.10286605664388077
625;0.05887571311277944
626;0.05344003136828182
627;0.06458206659735377
628;0.024196813625310055
629;0.1827561592424705
630;0.1850379939166087
631;0.18213152770962154
632;0.18572699614010327
633;0.10907824864555773
634;0.08565043266405986
635;0.15768475992259948
636;0.09183875232638686
637;0.1358019521986161
638;0.1554259056127829
639;0.07653901146044831
640;0.020781208891616165
641;0.1600720478437752
642;0.0558085563921632
643;0.05031135188150522
644;0.005664408975483571
645;0.10093511549547043
646;0.04122235114364514
647;0.04706278830316664
648;0.017701158708492825
649;0.03845961223654635
650;0.0275910867716449
651;0.1096061623921117
652;0.05699448420593045
653;0.03726700358811765
654;0.02446544026807287
655;0.042824133505597994
656;0.19372192928333812
657;0.03162997048702454
658;0.10710244611604557
659;0.13112054037542384
660;0.07634104499967967
661;0.15140595661638456
662;0.09426143979552049
663;0.15355987074889604
664;0.15713890431226032
665;0.04852247310816447
666;0.15246050669937794
667;0.011005057817085696
668;0.188447694815004
669;0.1771320035566636
670;0.08020992523087755
671;0.04359338014664509
672;0.12014161269288837
673;0.006806702481745708
674;0.04718987665345447
675;0.043460931609459255
676;0.01679967278884138
677;0.0965919163347291
678;0.008250821001917097
679;0.14467550277258953
680;0.16181421898127668
681;0.13220870266354035
682;0.11911808547106979
683;0.04335702782594433
684;0.015008037050193447
685;0.0693035995542803
686;0.054739073246104365
687;0.18323586217610163
688;0.14611703322869293
689;0.029562369434401204
690;0.07504432347348061
691;0.033903644839781234
692;0.04304912041426865
693;0.17753792959996484
694;0.08042540718693202
695;0.0986699033362529
696;0.1330731140578037
697;0.11401616856081237
698;0.15051276705116284
699;0.058871333446556665
700;0.11235829800750861
701;0.15852471161350373
702;0.13464294350408795
703;0.00996065881020305
704;0.10235992608944347
705;0.010506224310824064
706;0.0012580838832316312
707;0.18187245142135167
708;0.02988016305996215
709;0.16864587419739133
710;0.1361756684624684
711;0.009255111247037618
712;0.018507196197350684
713;0.07311683770754195
714;0.16886078737393573
715;0.05903473000620645
716;0.1906243049119495
717;0.1439093990381229
718;0.009638340237948252
719;0.19176421980473582
720;0.023875702874027516
721;0.10879781802738381
722;0.1769734710187308
723;0.01986405034269445
724;0.07112063607193604
725;0.067151299056973
726;0.1944738142946326
727;0.04173453841762498
728;0.059705352215701994
729;0.11523030902090875
730;0.0988258433946508
731;0.10410482518966778
732;0.07354939703141819
733;0.10738289135259667
734;0.020451610539738697
735;0.029781343623503778
736;0.12907186568763784
737;0.06509836972374859
738;0.0751691593894154
739;0.14602153424112016
740;0.1726948063676501
741;0.06785862071742284
742;0.1969024515765701
743;0.19786895247231626
744;0.050164832843295315
745;0.0803633289260811
746;0.10095228647935249
747;0.07461350088292873
748;0.10997049022048766
749;0.08540717113804262
750;0.07212591842301445
751;0.1309651517591642
752;0.19343890064728864
753;0.04076311061509102
754;0.01284503942376074
755;0.1295532726039469
756;0.15149253196532197
757;7.303036479699987e-05
758;0.1574389894541205
759;0.10551202379225853
760;0.18726043615115007
761;0.190900017991025
762;0.14122026688688583
763;0.13190690450635786
764;0.02190110791860498
765;0.15938825799208384
766;0.0167775762676051
767;0.022617197275841706
768;0.17544455429093445
769;0.15272200230964791
770;0.1441395327128154
771;0.17938747064006252
772;0.11723147260333278
773;0.07971264024495435
774;0.014835209944424887
775;0.11223155320311509
776;0.04165561078416596
777;0.0347591254785349
778;0.183102791935738
779;0.08492962749381183
780;0.15612764791268183
781;0.19470336545262798
782;0.05319193894651297
783;0.15359232096278666
784;0.08722549561888437
785;0.13249551074784358
786;0.1648818918126467
787;0.10083545042125763
788;0.16998275725015582
789;0.06914819218951838
790;0.18188360073913168
791;0.059066116085414455
792;0.07024777448053753
793;0.06897091818617092
794;0.06059927947904684
795;0.1247646315046755
796;0.05155944496747098
797;0.052563121545789085
798;0.13909015445350936
799;0.18183308119892544
800;0.10365103220732619
801;0.03863153774423105
802;0.052052987272251786
803;0.1596518934922293
804;0.18753368398379947
805;0.09828876605462114
806;0.05570377265412918
807;0.035951846031765065
808;0.13464412609188312
809;0.004080441360182529
810;0.10318234379155321
811;0.12773173368342525
812;0.05476151537372225
813;0.12403654373892388
814;0.12253978224242623
815;0.18209755855746443
816;0.14608283805723277
817;0.1284301151310274
818;0.09428481574645563
819;0.1101648787106969
820;0.09201952072092348
821;0.09544718584548902
822;0.10704112975696421
823;0.05051062596553127
824;0.16665418795754852
825;0.14431073557435398
826;0.19613701871515285
827;0.1883987161754312
828;0.06867558281391754
829;0.02111837508753014
830;0.040500751243912086
831;0.027517597599378642
832;0.08880301022952038
833;0.15420366818199566
834;0.0325413579001153
835;0.18156552480495947
836;0.10624529885679693
837;0.08296578502520591
838;0.1486915425194045
839;0.08778325511142658
840;0.11216598817284636
841;0.09325802864500586
842;0.15510834620394096
843;0.024985417927238254
844;0.16232578342498544
845;0.0548988451382999
846;0.12540190642769825
847;0.12940116013237568
848;0.16888539555310284
849;0.15019086493852582
850;0.19926332892173404
851;0.1515224431581295
852;0.13339118984262285
853;0.11124775623319016
854;0.1964950234354811
855;0.04557130688744604
856;0.030483576409681093
857;0.144038662514915
858;0.08473981301262981
859;0.04815871048968878
860;0.0071286716190155815
861;0.1220924602694794
862;0.03539305244096467
863;0.14249702532291297
864;0.08496976533010388
865;0.037399191849822565
866;0.1114341039357792
867;0.18243724355980623
868;0.01607269601616752
869;0.0029984979973725957
870;0.10294592664550198
871;0.024508779510311475
872;0.07467165181197502
873;0.0049038300089855325
874;0.13233527375599521
875;0.19312817128510976
876;0.08897013850375655
877;0.07087543223622876
878;0.004051062670403183
879;0.1868364521044953
880;0.04747214164926781
881;0.01603024860765714
882;0.03485172971260231
883;0.03793680375857747
884;0.08139733084214335
885;0.17140477320337233
886;0.05518786171499937
887;0.11284680526598855
888;0.1039582603309191
889;0.19669414268008767
890;0.012295643740089558
891;0.13830581699308228
892;0.047162037620145175
893;0.17973437913373863
894;0.19652804993549938
895;0.11969504220690477
896;0.01540286906901236
897;0.04839378966466282
898;0.029856777885551855
899;0.15421506062541127
900;0.003704319457823657
901;0.12698415496077095
902;0.016308050241338145
903;0.10955641259373183
904;0.09502733369178583
905;0.180099941436587
906;0.04975312092032889
907;0.16523330776084988
908;0.06690094388841875
909;0.0651640805130118
910;0.1737039238016408
911;0.014711405363152942
912;0.06648936604962122
913;0.061565155078672024
914;0.045731343745527814
915;0.17589174466296462
916;0.04105624068852481
917;0.14833667398692382
918;0.04694328079925856
919;0.13475399963318632
920;0.12405795286641255
921;0.14152097166817842
922;0.18067110518825796
923;0.050941262309230954
924;0.03978942236742729
925;0.13910634865124621
926;0.10100778952108498
927;0.02271938079668745
928;0.08846005763798977
929;0.1744361831586128
930;0.1539542624167124
931;0.09442430771593978
932;0.01145664759653884
933;0.0843108007330194
934;0.09726619466766342
935;0.025246188210225506
936;0.13727346573144267
937;0.18364754448716422
938;0.15159767516791947
939;0.13649737913382828
940;0.15886484522790878
941;0.13264770905214082
942;0.12032486610990234
943;0.10876890021011135
944;0.18110029655096505
945;0.19662395482741715
946;0.09221403703609835
947;0.12928239540291356
948;0.06788940594786819
949;0.12846553226366692
950;0.09730200079310192
951;0.18666410393241128
952;0.1801020110031805
953;0.14739923335784907
954;0.025769270947471612
955;0.12489147453461505
956;0.09239358062858403
957;0.06566497500821265
958;0.10162357971466879
959;0.12180964847518645
960;0.05113412241319431
961;0.03617228235809551
962;0.03021105358487468
963;0.12511540850077355
964;0.08093146901704383
965;0.07493373882291386
966;0.10999594384891818
967;0.013934510786085742
968;0.1504167254855395
969;0.013979638768538805
970;0.1367033996196842
971;0.07291646028426123
972;0.19879829545934685
973;0.19200276488022439
974;0.08434025194670369
975;0.16974734955547294
976;0.1786991388127924
977;0.14820628428499202
978;0.1611976978294058
979;0.08014423179027115
980;0.14703314800769512
981;0.19720821881340572
982;0.021967989586162175
983;0.16263361609061908
984;0.021908027384181183
985;0.020122224800165768
986;0.17414460766883022
987;0.038725753496221406
988;0.06462636626249177
989;0.08201612226916809
990;0.14256392299435103
991;0.10329118657785881
992;0.10748467214012046
993;0.05470578441816905
994;0.07590053088948444
995;0.10292967111508028
996;0.0745463208589904
997;0.14632876527981614
998;0.1864658762085011
999;0.10331695214823411
1000;0.18841292254474235
