1;0.08183792521564481
2;0.07332966859762928
3;0.09961764690071306
4;0.04972050158426991
5;0.16943183030179532
6;0.09172686197019292
7;0.10373119759123653
8;0.17846230717415873
9;0.05735737304814723
10;0.10044403338365085
11;0.09029062379836615
12;0.16311557356695683
13;0.0003287628989828484
14;0.18377291913685584
15;0.16058929278441147
16;0.17280819716673845
17;0.13618056650465044
18;0.18711033504823094
19;0.04937349497875068
20;0.12909615940777106
21;0.15083772575820134
22;0.02639400869242381
23;0.12444032960559298
24;0.1258141206973052
25;0.08946858976487711
26;0.12111986778449675
27;0.16974067563332085
28;0.08212825712898844
29;0.18841207842107516
30;0.11619825438742687
31;0.024543063468001815
32;0.07685592341036414
33;0.10511438605031127
34;0.09209570476704398
35;0.12443568986731382
36;0.017746749946316486
37;0.18863794175634113
38;0.07175133541373098
39;0.15519591493470997
40;0.18289402433558807
41;0.07199859542086073
42;0.024698640730767153
43;0.13556559153370304
44;0.05228709820841182
45;0.0426065071484526
46;0.1697242917599687
47;0.07708239294266338
48;0.05488750432455589
49;0.02279265064454763
50;0.16880521640790347
51;0.07541831115411801
52;0.1393200606579445
53;0.07741383676866519
54;0.15994312836729285
55;0.03392030478961199
56;0.003931901775187141
57;0.013519874962132784
58;0.018713571283105534
59;0.009825664669101952
60;0.13744407237910092
61;0.0035691236325545495
62;0.16215954628513288
63;0.057843771422165215
64;0.16662900653072063
65;0.09764615398014503
66;0.1540467379207708
67;0.11375344739364712
68;0.11932287280106445
69;0.12610620648151413
70;0.11729624833581989
71;0.046158731379613155
72;0.0027963060693111164
73;0.00033556444790969756
74;0.0053924693425151165
75;0.19839124997835653
76;0.04460257066205031
77;0.019393863610199548
78;0.19907652477064816
79;0.15123649767770497
80;0.05921444241283816
81;0.05906436048478934
82;0.19606470883520857
83;0.08094935890202476
84;0.09300855589981541
85;0.09852632193713198
86;0.013049566179664197
87;0.07184749399128942
88;0.17011405838414823
89;0.19547964519050642
90;0.015461375183472771
91;0.003591733743099579
92;0.013548610261974625
93;0.03360496692375754
94;0.07340811544698382
95;0.015347809796806545
96;0.1438378956861659
97;0.1472358774645605
98;0.14213420084410908
99;0.1874516340872745
100;0.06952927400523044
101;0.15661227321328428
102;0.007993908766356929
103;0.14819422258168777
104;0.1088591614178146
105;0.15102377817579388
106;0.07190418441506377
107;0.08320083882507852
108;0.16370397327711073
109;0.07934770755376389
110;0.09572479762187343
111;0.09261798946837228
112;0.15682851664724864
113;0.08733886025522425
114;0.12346022485923946
115;0.025225745991996052
116;0.08943561091280855
117;0.10256422512047181
118;0.007659673153466895
119;0.021221811434130423
120;0.19222055229688728
121;0.10130910050985459
122;0.11980183504876706
123;0.050647028931929364
124;0.1968133548283883
125;0.1960348929925879
126;0.018824964484789965
127;0.053001435068885265
128;0.041841713547864395
129;0.02021814377334026
130;0.13091469020249277
131;0.029067240529611207
132;0.1583374928122627
133;0.17038661054566312
134;0.11735068203824091
135;0.05880075493051678
136;0.14430278539945893
137;0.01030363335500677
138;0.18765278512343056
139;0.07906424026671138
140;0.02982652945926392
141;0.07706880014318851
142;0.07440322752038274
143;0.12198665810703468
144;0.14497638280283742
145;0.09164567296393869
146;0.03995235939151625
147;0.0636244436731305
148;0.11796297248883181
149;0.10375479504692708
150;0.0799915283015809
151;0.09313391415383246
152;0.03785911318224984
153;0.03890746315435201
154;0.11043766268341702
155;0.022466315223400948
156;0.12755144794474763
157;0.10955749108310796
158;0.012524957752039345
159;0.07816801128485112
160;0.09974171750844261
161;0.08907289679565632
162;0.0987038681081311
163;0.19995767457919691
164;0.17188638427261516
165;0.003167808614232093
166;0.0820943721813011
167;0.19791435361990142
168;0.004031121386904113
169;0.10801638241495065
170;0.07213381618409465
171;0.17486607764021792
172;0.0475048370604563
173;0.09642376282019104
174;0.1736720537860778
175;0.013287326702872627
176;0.14751100936009454
177;0.1989309816403234
178;0.15135315415024597
179;0.12556221641820794
180;0.1506557200988175
181;0.15771615435732325
182;0.19469528974663616
183;0.12151647167984732
184;0.1941250493292152
185;0.19958218876315764
186;0.01637902910874054
187;0.1824069118114358
188;0.042507644251612936
189;0.0781363019891046
190;0.032559649681254334
191;0.17945864959429897
192;0.07725904608303302
193;0.05528825561936584
194;0.06381717966025156
195;0.05060410885697784
196;0.062375775879778654
197;0.11558535970633631
198;0.08694759813970086
199;0.09770215698508321
200;0.049145359736889695
201;0.16142043644356613
202;0.17374345922344794
203;0.0643978416861809
204;0.05790798341759214
205;0.0942599391605268
206;0.09723294975444036
207;0.002286830118236738
208;0.1604397145403553
209;0.10087485523817608
210;0.16175963245518213
211;0.054814502610882415
212;0.19069808779358208
213;0.12556768745438446
214;0.08452673466902288
215;0.08629899739008723
216;0.08561890869803113
217;0.08766515316228457
218;0.14618918257060565
219;0.11044717948924741
220;0.11629200145102253
221;0.048564541486852256
222;0.10101157789296321
223;0.16949511302782477
224;0.15916857300802956
225;0.017968248907891282
226;0.01056411726394544
227;0.09772466382853562
228;0.14136502132712198
229;0.03876326649919318
230;0.16435673558516062
231;0.013203901126061091
232;0.14346689062343584
233;0.04597758400542804
234;0.027961652286794147
235;0.12879597098633142
236;0.12379426965054843
237;0.025929149261356168
238;0.09895331735657897
239;0.013579248409393042
240;0.19341513820736803
241;0.1345176592823366
242;0.10205054762433508
243;0.1428757816203141
244;0.1585223798265069
245;0.1974319722817816
246;0.011674003307663262
247;0.06777784494672205
248;0.004091354526016256
249;0.19438073640545567
250;0.036599895246022716
251;0.11274751043811926
252;0.10030551475556881
253;0.09999617717354994
254;0.08311832016490128
255;0.18304052052502912
256;0.14457439792905477
257;0.05100694554046206
258;0.07470172189047497
259;0.16562422374902258
260;0.19838292598023907
261;0.1673578853373332
262;0.056487699219328724
263;0.19312784803184202
264;0.05059702975130756
265;0.12848658104549074
266;0.034805811122547416
267;0.027091922385294166
268;0.10736597498549497
269;0.10475077819472385
270;0.11318209140623446
271;0.06206752569661154
272;0.19549966564481638
273;0.087456190856794
274;0.08091315545972425
275;0.1736477116102169
276;0.12777128004792473
277;0.032885209884885504
278;0.14686409747824497
279;0.1431145668524426
280;0.17916814939839523
281;0.013292287407864745
282;0.11883958441882575
283;0.0561674973450411
284;0.08654197548573846
285;0.12800284521081212
286;0.15882810507844683
287;0.13730711606165885
288;0.029128897003633882
289;0.168105224624879
290;0.0961277794831686
291;0.0530172012616327
292;0.07021422696625704
293;0.06858872387590069
294;0.04656718163434148
295;0.03772400325369869
296;0.1037837159991551
297;0.15495037980620247
298;0.11810082189331153
299;0.19856347706689226
300;0.13877607077361573
301;0.111594718927878
302;0.0786726288666624
303;0.043516382644073405
304;0.0330079522256636
305;0.11208127899264059
306;0.15106834505771916
307;0.1786697465909591
308;0.06880824082249204
309;0.08923461404193694
310;0.11340663231311726
311;0.17536964621331344
312;0.1690749037887757
313;0.014885366970970338
314;0.030201655216782045
315;0.14001437182103757
316;0.12673134464895358
317;0.05747466262594734
318;0.17120975034092067
319;0.02177337572011504
320;0.05731136011403868
321;0.07375956587612097
322;0.1928652398790607
323;0.09795096262720016
324;0.020980612864254435
325;0.16426733418606623
326;0.16757569691843274
327;0.09182693882490044
328;0.10845311899308224
329;0.15448575828551925
330;0.0788242436515217
331;0.18861959257130978
332;0.15899335608897847
333;0.12031199828901074
334;0.17312819172400037
335;0.19663224270297266
336;0.06746647863353815
337;0.132074289815664
338;0.11132316636139528
339;0.1427571701590273
340;0.1371268253355483
341;0.18420760181495666
342;0.12592808404474107
343;0.12355689728554525
344;0.19371339968967247
345;0.0826546182583978
346;0.03918660854567879
347;0.08176111225143141
348;0.11808891561131728
349;0.18378096322649914
350;0.030489636786487306
351;0.1427485674594358
352;0.0205057181379674
353;0.029616953321471275
354;0.15215747814190553
355;0.1980740125478845
356;0.09620915600240841
357;0.044247001443233125
358;0.11121259970659943
359;0.08375190015352385
360;0.09252363550766068
361;0.0806460948228261
362;0.1307391617001456
363;0.08673939127708219
364;0.03621551799351304
365;0.1404817327954185
366;0.08546230538998992
367;0.1734439050448593
368;0.06086029536203957
369;0.06892555747942163
370;0.019180422052082393
371;0.05322464132034317
372;0.1366003866685003
373;0.07708502392464617
374;0.14093832941602338
375;0.09483549436618027
376;0.06934171085555783
377;0.192787335668255
378;0.17289675029393875
379;0.07854645639102004
380;0.0454998542604965
381;0.16362159176342253
382;0.1580928548395224
383;0.11350367698159958
384;0.035292447915208934
385;0.1264036867897889
386;0.10679838767477022
387;0.12773233279806373
388;0.15240660349418328
389;0.01770592184517583
390;0.08344678036479257
391;0.12229540516701914
392;0.1367144589132356
393;0.10614356726670725
394;0.06148103431602783
395;0.17716428075043217
396;0.10939935508315153
397;0.17399660984217363
398;0.1930045549503041
399;0.19427752351086566
400;0.01345412772993957
401;0.038651424649334465
402;0.09584871695768332
403;0.11895222763808776
404;0.08514249343567422
405;0.0025102864876954015
406;0.134543607000156
407;0.10554474536554115
408;0.15910710256285032
409;0.02222228913738147
410;0.01931496079006132
411;0.09078337137770645
412;0.13354732767921926
413;0.18743424159554095
414;0.09312401983681391
415;0.07396440608898017
416;0.1517553116218575
417;0.19132761973972975
418;0.0605354619471094
419;0.1734381966691376
420;0.11010846750038156
421;0.027952839885061545
422;0.15215386000494785
423;0.09824809757311166
424;0.020404775251974462
425;0.16171032782768907
426;0.1870057514864933
427;0.13778577122173988
428;0.04809570849236287
429;0.01711672602832901
430;0.11500860911002553
431;0.004580049422266574
432;0.08545635502522159
433;0.07204650987179166
434;0.17492245770678772
435;0.15422285084505383
436;0.15212760542183262
437;0.009888307973989563
438;0.19735783176194888
439;0.10035198409483058
440;0.1689591936711962
441;0.044934628734665805
442;0.08403616391110356
443;0.0005453909496794029
444;0.11899128959562831
445;0.14879171470309113
446;0.039800475189757406
447;0.1694289474214035
448;0.16123931433774674
449;0.11958939514287528
450;0.09811153298346909
451;0.0699500199232922
452;0.18516528086203735
453;0.11865992059414057
454;0.14285573455179343
455;0.11153388044780854
456;0.08154214314766944
457;0.1879723629730232
458;0.15172224060513384
459;0.13797126411212962
460;0.09976748659017698
461;0.0012657486509281225
462;0.131338954396092
463;0.06912057912068632
464;0.1645497583897088
465;0.04841496454102992
466;0.10586056607525658
467;0.005613400350262188
468;0.11643737190314518
469;0.08013319195066625
470;0.06587179387968843
471;0.13966383550038383
472;0.19663326307507928
473;0.13945390892927273
474;0.07486307755834247
475;0.16630450196837454
476;0.16944795761241424
477;0.1140349783087864
478;0.0074881686454941095
479;0.0866877354840524
480;0.149012459669542
481;0.19118509315273413
482;0.07769435892618362
483;0.17959179842645656
484;0.1234188548257871
485;0.055243034643437786
486;0.11961271949056206
487;0.023290433747842343
488;0.03329352432704622
489;0.18225694522360567
490;0.18514718173286446
491;0.09110683752335398
492;0.149869109242178
493;0.16845842708952324
494;0.04205376091934126
495;0.1581186992688783
496;0.09711637742778899
497;0.025832447772807045
498;0.07994461595524881
499;0.05445654747452458
500;0.058145890799688904
501;0.12194557193630917
502;0.1726233157127346
503;0.16107091828114595
504;0.09248084525453702
505;0.1497335224170957
506;0.07341738213926843
507;0.13198988214227228
508;0.1369242400116116
509;0.14228798461200282
510;0.06009132479291943
511;0.1789530599259172
512;0.12888198808208826
513;0.06487852229348223
514;0.1265569277938682
515;0.040035164454652765
516;0.18940710388267779
517;0.06928672591046069
518;0.12433634704060609
519;0.10214013913261957
520;0.07913859254718575
521;0.11516771824744239
522;0.16734962864643568
523;0.15875375414093162
524;0.16245365546472734
525;0.033718106179904166
526;0.1841737355180629
527;0.05616530812968493
528;0.12696653925356058
529;0.13661102757375637
530;0.09134317515641184
531;0.1762528881002325
532;0.07842465542080189
533;0.10447099072792781
534;0.030139756117235184
535;0.18213172915173714
536;0.1130819414134931
537;0.04024239001715653
538;0.05346057952561676
539;0.1810289256414075
540;0.02694749228531761
541;0.11828272535845222
542;0.18568924957825872
543;0.13580218004825956
544;0.13045791113220923
545;0.17003485262323176
546;0.006330676728680817
547;0.15519080073435382
548;0.12281261074300068
549;0.03491212869836546
550;0.09125472257732413
551;0.07610222608416184
552;0.062293024995775985
553;0.1971003619401096
554;0.1465900110888667
555;0.015302417947560643
556;0.11711453098177105
557;0.14684262037669535
558;0.09810737276633806
559;0.1938419593478405
560;0.0995087411881044
561;0.02505448751518835
562;0.11859381776636065
563;0.08593622358121539
564;0.15456406077820933
565;0.18840791782331018
566;0.1635918470792527
567;0.11288659694654585
568;0.08939043689266964
569;0.10878305659739479
570;0.03829241662040231
571;0.044120804163577956
572;0.10278588485365986
573;0.06191550291033326
574;0.022738244378350283
575;0.10505194123136218
576;0.01710474700315936
577;0.02534263664631753
578;0.15709134677662165
579;0.06405035515043377
580;0.17900745687503578
581;0.010106582565586053
582;0.17373977255235623
583;0.18511051952815707
584;0.053437961985585127
585;0.07606960407565107
586;0.025090390327681525
587;0.173822365502122
588;0.02343415331481438
589;0.08529787653533238
590;0.07474925319393884
591;0.06183714072341147
592;0.1318922282351064
593;0.1386851512557564
594;0.13821224493881598
595;0.12417898128897319
596;0.12682631381863507
597;0.09430319326816601
598;0.16054778012880244
599;0.16609350065629616
600;0.1844575863566858
601;0.15537055070051553
602;0.05049166707251072
603;0.03247535155346637
604;0.0033993871898625907
605;0.1112029314107639
606;0.013233916238614852
607;0.07449226905462228
608;0.019074767909856405
609;0.06480203688870004
610;0.00862184126455079
611;0.08175281340201113
612;0.18491250492241093
613;0.1436793363838888
614;0.12899574446496404
615;0.1654955938708468
616;0.1702316419818984
617;0.19481930532563976
618;0.14508314624921137
619;0.11838495355840069
620;0.10563080929505504
621;0.0295568859028823
622;0.015411757428030672
623;0.09550013991520877
624;0.19952807932454567
625;0.10022389055417616
626;0.18086003678285045
627;0.08793930568169402
628;0.1981778160260811
629;0.03969717109655238
630;0.17702699334972602
631;0.16852849819540217
632;0.12024802816097589
633;0.1657397939408899
634;0.12501651630427152
635;0.18266089620763387
636;0.01771826817918869
637;0.14633480429463683
638;0.034905347344404695
639;0.07607594786119223
640;0.12679700213275966
641;0.1673050768184468
642;0.08959378240713155
643;0.041238645164242964
644;0.03344926635279444
645;0.13692636370416425
646;0.018042593506218063
647;0.04544236511456268
648;0.184792042592837
649;0.18697798046594072
650;0.062230790356054236
651;0.13785990861852343
652;0.04091329289727957
653;0.12272857855792321
654;0.0426379109116559
655;0.10378001515549416
656;0.03658291463532224
657;0.1081916644921917
658;0.08129588579686634
659;0.040034713716596754
660;0.00909284592884565
661;0.0005414581224893799
662;0.04881667631779705
663;0.19202590031732406
664;0.1575311222397936
665;0.13661114046909562
666;0.14132097445784075
667;0.07403029862802184
668;0.1658351795027011
669;0.10528446150986082
670;0.07972472149995924
671;0.13816574968538678
672;0.06997075092253183
673;0.07444002522999041
674;0.16185364679975744
675;0.045081548596469935
676;0.08815769560347897
677;0.03505475313748787
678;0.17311800053502657
679;0.17355629568952569
680;0.0912447987119906
681;0.19197000234692266
682;0.04885463999621589
683;0.04238147451618424
684;0.17491601873359633
685;0.032466121492295
686;0.12828968112562808
687;0.12784444435721964
688;0.10867620793248978
689;0.1739203854660228
690;0.1845242660417448
691;0.13213307795481719
692;0.1422774883865795
693;0.14084504336491085
694;0.06049176059329913
695;0.0044939064393359155
696;0.11659169576320748
697;0.0792924184386334
698;0.05941956928272654
699;0.12948464904113652
700;0.06150923191417623
701;0.15727166397878975
702;0.124048584528556
703;0.16648099032042718
704;0.04629695107581762
705;0.15612123883692977
706;0.08120653351390257
707;0.18402927907598804
708;0.10469468117326682
709;0.14445356229972103
710;0.027375751943019135
711;0.10799563786119695
712;0.19232867483108484
713;0.15964322190763325
714;0.05872950594927913
715;0.09056207184828612
716;0.08559934639797423
717;0.10019699865914232
718;0.16244527248160887
719;0.13916012602166958
720;0.015879194666628682
721;0.060524758074979326
722;0.07167194941172017
723;0.016684192018080513
724;0.11156771503158432
725;0.08225031074141527
726;0.035240309092642065
727;0.14931705133783613
728;0.19339111424769653
729;0.13842194826263307
730;0.1351431409546433
731;0.012994082869430313
732;0.06592933541181992
733;0.10379583445894425
734;0.027023404439346657
735;0.11648633504323343
736;0.029471900189744795
737;0.09061472676836282
738;0.12227304250703866
739;0.009930849272144982
740;0.04997064480274689
741;0.10774556816081078
742;0.17506469252751308
743;0.1831628535893418
744;0.040322867822409236
745;0.022764958103818247
746;0.04946130401631002
747;0.014248966950613085
748;0.09551362295381981
749;0.09786110531053012
750;0.06149060182544122
751;0.022487258677590785
752;0.02218843326445399
753;0.1404001185734017
754;0.1984495970446933
755;0.09124332105397277
756;0.14880888280747026
757;0.144330308019428
758;0.05922708733994284
759;0.09228023734985867
760;0.1544580198453003
761;0.011486784423554153
762;0.15307173150146075
763;0.15557041919188308
764;0.07624826067251778
765;0.07271635444924458
766;0.16019185916987344
767;0.08437436342429315
768;0.11773034103686988
769;0.058872179714089694
770;0.14771185337822565
771;0.10822564488807485
772;0.14531506372388642
773;0.09342837878034393
774;0.056584397970320846
775;0.07662479285429236
776;0.03798390421237801
777;0.02627955433556961
778;0.01562820120578681
779;0.13401725032309472
780;0.09769366985205566
781;0.14708406544362218
782;0.07055818121415396
783;0.04659861201607871
784;0.1330184066238054
785;0.06925609719185014
786;0.016456676490687695
787;0.19683087978199718
788;0.04904722883205703
789;0.19188664172911185
790;0.13461331553675815
791;0.11441029833445854
792;0.008266062730797196
793;0.05579532464262121
794;0.11878630627052374
795;0.19516091549711798
796;0.14682167534738907
797;0.07441047338104345
798;0.06681440485009396
799;0.15606806316341745
800;0.03471760720922146
801;0.042882866279518254
802;0.019210167904176536
803;0.08946565962330688
804;0.1923435709864782
805;0.03536355757482186
806;0.15016639596113718
807;0.11215153930438096
808;0.03344933153587677
809;0.152699312792684
810;0.1414684063868867
811;0.013545919977900646
812;0.16968348407677483
813;0.16387376078253257
814;0.01734828558981463
815;0.055045217564479935
816;0.09473835125715442
817;0.024441225480010088
818;0.035264571107665676
819;0.06847485677146097
820;0.03726100142260374
821;0.17875978076902188
822;0.102436748791898
823;0.17499045941817606
824;0.01939960792307238
825;0.031770748004389664
826;0.016367436360611866
827;0.06438668041585756
828;0.04627039535250304
829;0.03843705201422414
830;0.042799698279251785
831;0.10804044161503686
832;0.12319878374257356
833;0.15802493654411245
834;0.19550527467394985
835;0.04319481734279429
836;0.17216306688440203
837;0.015177934598379862
838;0.039874582532497475
839;0.068646191179684
840;0.007733050749437776
841;0.19067038252406998
842;0.027132043605778547
843;0.0702548269017111
844;0.16695963285477802
845;0.07040014598570675
846;0.03171546972224666
847;0.1678384692032224
848;0.06342875687122655
849;0.07102634179400824
850;0.020358218730069735
851;0.13472677814929476
852;0.16392938832884424
853;0.08989035074550696
854;0.0255861195769177
855;0.014198327222891029
856;0.14118867798179077
857;0.09210743586415011
858;0.062375637710556237
859;0.12741304139349963
860;0.16803695196909008
861;0.013160200440333192
862;0.1603941303234261
863;0.19482669891697482
864;0.17883557287950488
865;0.09387582018079473
866;0.16558841199416335
867;0.025909503380725396
868;0.09561158949007459
869;0.16002648487906151
870;0.05586629957202032
871;0.05839035231352421
872;0.027956539223843002
873;0.022426565070533533
874;0.030059157839023888
875;0.09904355736149434
876;0.08930709889352538
877;0.06170297982259779
878;0.12243283619060914
879;0.1522881511500489
880;0.09429988897079425
881;0.15250366687832612
882;0.10341439558420205
883;0.05428979518568891
884;0.07787219248536814
885;0.10377000863473157
886;0.0886096783794747
887;0.16870442085483767
888;0.0610021714337943
889;0.19915944218505682
890;0.18644715851277827
891;0.00014900746149426602
892;0.026175324812066126
893;0.11919318056669695
894;0.01384494630951454
895;0.06822333124750964
896;0.07063026105113959
897;0.016582010605650767
898;0.19601472356799984
899;0.06346073272461397
900;0.026501914427806895
901;0.19743492157086107
902;0.02024040468983808
903;0.17109090197473548
904;0.12503272954208192
905;0.18812105394898426
906;0.061047865840063276
907;0.1994419253044968
908;0.1847270843418386
909;0.056292845214522824
910;0.015735312865251826
911;0.043006864854402
912;0.1376853304851501
913;0.12487474261427273
914;0.12552487565227374
915;0.042817305971765585
916;0.17553471326079712
917;0.10593785174035725
918;0.10118193950455323
919;0.15270712418992252
920;0.011323290824342781
921;0.12712182821551204
922;0.12954836559836963
923;0.12186290399464444
924;0.05516607011048973
925;0.13444661843060077
926;0.1638826621202516
927;0.0029198401546216115
928;0.11879167772073351
929;0.06288689640012926
930;0.007795458229298791
931;0.04253098895377954
932;0.14056730998296652
933;0.14877463508155248
934;0.09841639197105197
935;0.11341653313900929
936;0.11191979269965742
937;0.06964016354340401
938;0.1837920740530943
939;0.0177396779333864
940;0.00963139224511942
941;0.02338605790389339
942;0.1228420692467222
943;0.10894759154559142
944;0.19567545577336865
945;0.10229374588311331
946;0.02502557549934439
947;0.14867418354197823
948;0.012697201706309835
949;0.1308055868727467
950;0.1241160134216508
951;0.07606587980533322
952;0.0055328028685549535
953;0.058934914699185506
954;0.14998797823284668
955;0.12283580077033314
956;0.15384561929840798
957;0.12706638293354378
958;0.1868370589924427
959;0.03189839122336959
960;0.10838861406961767
961;0.13459620145082063
962;0.10683227468976642
963;0.08691384482129066
964;0.15343346387277157
965;0.020265441578644097
966;0.16131135586309875
967;0.10271012954782577
968;0.08198901522899467
969;0.004720205213963391
970;0.1122268961096304
971;0.16580079054761915
972;0.17046500274381787
973;0.1958625768439621
974;0.09409787007124178
975;0.139699852523106
976;0.16040254037558613
977;0.02501148930131263
978;0.1849528622494986
979;0.05700339940618848
980;0.07914914776009203
981;0.17093272547848798
982;0.17014197315404359
983;0.14424410144860095
984;0.06462334238685945
985;0.0311605573127004
986;0.07302636443283887
987;0.10131762775760539
988;0.1395158701617726
989;0.06993296690674951
990;0.10245854096962435
991;0.18963178825510663
992;0.08752905622527407
993;0.17044589685788358
994;0.08257418026784291
995;0.16448885864146756
996;0.0876600767501252
997;0.15435186466400908
998;0.192102990398072
999;0.17433010902055773
1000;0.09400022197669561
