1;0.11933282275018697
2;0.0981395317193375
3;0.10287703886466736
4;0.17734035104377177
5;0.18390364470049164
6;0.019492674343624894
7;0.11582628536439006
8;0.07272660830319937
9;0.09409083468149998
10;0.03563787882573371
11;0.15341724065136328
12;0.12448663595991581
13;0.030605726313118732
14;0.10483268749812896
15;0.09856660413782466
16;0.13518027202110836
17;0.04863630585091361
18;0.1359263694911601
19;0.03852937592170041
20;0.05797678477925166
21;0.19705019867663437
22;0.1530024416827347
23;0.15475004774944479
24;0.05871296708897
25;0.18500294049897115
26;0.14690435277951247
27;0.18903333683231416
28;0.1762209490365293
29;0.015352427370184763
30;0.14550825902615758
31;0.09634958246623333
32;0.044775113223269214
33;0.10692866733906846
34;0.016495854162018486
35;0.004502889395879528
36;0.07685329827582006
37;0.13633939536750903
38;0.011090290916581891
39;0.06315456796803512
40;0.03061053942712415
41;0.17582534215907075
42;0.033823349616901276
43;0.15919381111871633
44;0.002532523215325622
45;0.010554466164654254
46;0.18788789901607147
47;0.09092459468043396
48;0.09790819925783348
49;0.04415615262687585
50;0.18140828815540486
51;0.03563085699923923
52;0.028403384527991207
53;0.035539865199886216
54;0.11835608717650853
55;0.13154964687668275
56;0.1471955842568147
57;0.08142744311707006
58;0.07835597884133963
59;0.1856005528528996
60;0.18888222026990242
61;0.02181307638783674
62;0.0699901565644671
63;0.015846327656873327
64;0.09537772855293457
65;0.08454086400390302
66;0.12352231154915248
67;0.09355109701554831
68;0.09088902437672855
69;0.12146217945626213
70;0.17727380800183745
71;0.11321547316388658
72;0.133237921270004
73;0.04866722770336012
74;0.17654890058124256
75;0.09628392157241952
76;0.16910299696890274
77;0.054997958878806874
78;0.11112389755691301
79;0.03194740045739757
80;0.1533990682372771
81;0.18788326500492095
82;0.14039903951458593
83;0.17215078713736987
84;0.051430116138039765
85;0.1714936294295646
86;0.10832076848818195
87;0.1696510529012098
88;0.04603857327114991
89;0.1111476217764495
90;0.07485218300563493
91;0.10423368832154477
92;0.12023336594602069
93;0.03052482013042539
94;0.16238072501427991
95;0.01916354420984361
96;0.09740639647498793
97;0.15723577319573637
98;0.05004518710102055
99;0.1713140555681305
100;0.022762678369341607
101;0.16331106078488453
102;0.040479420036373996
103;0.0009814542077862364
104;0.012137629246107218
105;0.047148294892931
106;0.17872395339754985
107;0.11980246416860574
108;0.030729588337158734
109;0.10531664660636751
110;0.18091915057006988
111;0.07222548802038718
112;0.0676030074885885
113;0.00898336073810353
114;0.052348884576499666
115;0.1292289494986222
116;0.18929318344248697
117;0.032725992373658634
118;0.06709530926026552
119;0.04577330908729671
120;0.18933757787225364
121;0.11496039624007436
122;0.11030163722346531
123;0.08701269413733306
124;0.038090575844840616
125;0.13882615258952152
126;0.16277550263169008
127;0.018555280971912235
128;0.010503880612182903
129;0.17122656025471739
130;0.04337039462424322
131;0.19499311269184796
132;0.03111020141199321
133;0.12463222500190228
134;0.08230341887381559
135;0.056867265763188325
136;0.042720827689866916
137;0.04226353185463843
138;0.04774800177878427
139;0.06110573457701307
140;0.04993014053723049
141;0.12651961255308272
142;0.09729543112440231
143;0.0011602890325753679
144;0.08337746181480715
145;0.16253232224528774
146;0.1225358549826703
147;0.056867491974486664
148;0.007586371029001393
149;0.13692316490809217
150;0.08252934871458827
151;0.19278826883400202
152;0.166390346222412
153;0.011781369124741703
154;0.1002128396960246
155;0.02026433998255497
156;0.1596976030472907
157;0.05742398362823924
158;0.1286173242281026
159;0.014516007508568386
160;0.1697563153150717
161;0.12406705485765507
162;0.1385104988188994
163;0.02541330474847472
164;0.1254970390672812
165;0.1944949285831492
166;0.12415216152050146
167;0.19025650281281684
168;0.07534242482950043
169;0.0209680085474117
170;0.09268295013783368
171;0.01797661035655984
172;0.17118443993974752
173;0.18013982537156004
174;0.16624739506968628
175;0.12575816562070702
176;0.15259794501352353
177;0.13712372256412778
178;0.16891830097351723
179;0.11864177156051736
180;0.09708747143932456
181;0.0773289097786639
182;0.07459975066342088
183;0.13165060732936917
184;0.11486764030309045
185;0.042831482437202056
186;0.08904428232028172
187;0.00019568901472613034
188;0.11649877257776238
189;0.09986523890301935
190;0.12384968783495193
191;0.08428228712089576
192;0.0917099130922795
193;0.1987689702179979
194;0.18097974358054703
195;0.02171910182654522
196;0.00404881794204448
197;0.1364244112091981
198;0.14293613405990319
199;0.17272518576125737
200;0.004210385776144454
201;0.035888467634724065
202;0.14661553216794632
203;0.09880214880463356
204;0.16914152090628592
205;0.038172732757252636
206;0.050428321780607965
207;0.046717072482138904
208;0.18306869120888578
209;0.19623031128427568
210;0.011917629545658072
211;0.18670064139087394
212;0.09379626521982531
213;0.18317499183748007
214;0.154246561563873
215;0.135881176986327
216;0.030897279652312107
217;0.04271851795488438
218;0.18931255066893474
219;0.05478085096071788
220;0.05802857841282774
221;0.16479688733097986
222;0.12606946560141982
223;0.09044890354042155
224;0.02145960980127051
225;0.013261752420056406
226;0.19588175230684254
227;0.13511851994511198
228;0.13809303911452928
229;0.07769460469235939
230;0.07562926506886132
231;0.18597669335247877
232;0.04613902888349271
233;0.056499390865023424
234;0.07554870565421934
235;0.014517691192105931
236;0.12643372418324506
237;0.0329948093347159
238;0.07708013049807194
239;0.14947756909363585
240;0.030115639826065268
241;0.18287985393956485
242;0.13286134086809195
243;0.05967167324405374
244;0.17818621880303984
245;0.09237748151963224
246;0.026372947336737364
247;0.050200203497096044
248;0.1006900276394191
249;0.19309202050006757
250;0.013202747156370022
251;0.041941090289762784
252;0.12908232602813338
253;0.0335431478049367
254;0.06868181860056614
255;0.03153773226032859
256;0.1347101744585706
257;0.19036452068354015
258;0.165974929857872
259;0.13620159960535907
260;0.12328285726783283
261;0.044200435314477704
262;0.04195785544464286
263;0.0044658249878951175
264;0.05878592750486977
265;0.15199390331326607
266;0.13247653666688872
267;0.027299942875942642
268;0.03134283852066604
269;0.02412690659916397
270;0.11957630875233315
271;0.16824152857403477
272;0.12285301904715192
273;0.08321404608866328
274;0.12064833383196996
275;0.062313009560241356
276;0.17494883925891636
277;0.10111373228092467
278;0.03977666381799175
279;0.022272509715960842
280;0.005081827530239003
281;0.1076131753704039
282;0.024067695122592637
283;0.04733589038040738
284;0.0648320018079946
285;0.02525641348440477
286;0.17403789764049638
287;0.08169296632317571
288;0.08479523606470447
289;0.04803199323571581
290;0.04436717589530819
291;0.02654726018460232
292;0.0964555008794335
293;0.12917662627874466
294;0.0766332664085788
295;0.01109735579232949
296;0.07901520649048084
297;0.05502291111460864
298;0.13555560778619913
299;0.01928521422815177
300;0.18634835729663313
301;0.04188007457755483
302;0.02970790901211964
303;0.061417789715623575
304;0.005235570405934343
305;0.13546290662319216
306;0.035148385735881436
307;0.13017923033235757
308;0.028970145364545875
309;0.11229582658465063
310;0.19634932963985174
311;0.05201459320219657
312;0.059367032960290445
313;0.17941981209346625
314;0.19160836073727214
315;0.051316871853066305
316;0.18188305268233226
317;0.09543189788917042
318;0.09748126345292328
319;0.08843745405805586
320;0.12542852305504928
321;0.1428586490863794
322;0.025781414893712863
323;0.05500706478648918
324;0.10970763241309694
325;0.10775932387528153
326;0.05661740608248707
327;0.15250687114645445
328;0.16332986800503163
329;0.10296696074624184
330;0.16721677621407519
331;0.029974924697998652
332;0.18707901633890117
333;0.04609524549108446
334;0.007225289860662398
335;0.14168427073759376
336;0.019116180807021956
337;0.011580715538599785
338;0.1986200394879711
339;0.15864440968585786
340;0.03066112013666278
341;0.09668312704895615
342;0.19419853855470048
343;0.04225703166814246
344;0.031924907147191275
345;0.18888223558686007
346;0.1049379181139655
347;0.08337390983724101
348;0.0803689105148783
349;0.19347293517859798
350;0.08454825031806533
351;0.06258512349493638
352;0.1771983906609012
353;0.005511451440474402
354;0.18389058574976602
355;0.05200745085172181
356;0.09128633645746992
357;0.09946387772622095
358;0.031140087236378112
359;0.051508144243313986
360;0.09011174221777885
361;0.07819585450942973
362;0.1520972500420869
363;0.03547077875408793
364;0.1045671039471082
365;0.01592281956895283
366;0.10468244467677992
367;0.13884187134177906
368;0.009634870957714738
369;0.04671442342293659
370;0.19998538608169614
371;0.07310404514690715
372;0.18175718220865955
373;0.17907052649325672
374;0.06377753360156262
375;0.1836397588800038
376;0.010341563397932197
377;0.1927129548064778
378;0.08530266255077817
379;0.0581720719010423
380;0.03947174491186454
381;0.004908820933977798
382;0.18877908725324113
383;0.04041325910678695
384;0.057339624083699595
385;0.1045137712341972
386;0.12437934496032257
387;0.1576048734545649
388;0.13118051345358192
389;0.1430718725754731
390;0.1444762948536303
391;0.0607920930899871
392;0.13318503438052354
393;0.14061626612427475
394;0.19277735146535724
395;0.0844607707152143
396;0.17601315819425623
397;0.14203539952932848
398;0.16499411031820765
399;0.1972117836933227
400;0.07259802574208206
401;0.007854727178143261
402;0.10471711205735378
403;0.018810698612827227
404;0.07077309651298853
405;0.17089137236336194
406;0.04728535037043855
407;0.1053232052624849
408;0.09804229648511571
409;0.07947689254727362
410;0.051956379484072904
411;0.08628640304719906
412;0.03818807201299464
413;0.03745225022212389
414;0.08682279267146137
415;0.16513211512779924
416;0.024151017408699762
417;0.05223247428611404
418;0.08335171226193588
419;0.026257305402184385
420;0.16386623172012182
421;0.16682613929322998
422;0.00992453340405879
423;0.039213115740645454
424;0.19266379863694993
425;0.1759513200597531
426;0.17449117794636637
427;0.005741197445070823
428;0.03415811490843168
429;0.048584377610060604
430;0.037242050809136916
431;0.034060191540883133
432;0.026687766989606555
433;0.13149095280456624
434;0.11683576625043866
435;0.03800176949015919
436;0.19665082644345455
437;0.1360956083498647
438;0.10525702297367015
439;0.003096182238217815
440;0.10326209872886366
441;0.00792226420891271
442;0.12107757676662578
443;0.11605394150629343
444;0.13622288606184055
445;0.17946679082399444
446;0.1578887967634437
447;0.1782823939926272
448;0.12125097475077096
449;0.1276749551196124
450;0.19667248128405002
451;0.01993003742307775
452;0.0880063960247392
453;0.16915802339695668
454;0.10312852759891378
455;0.144612022719132
456;0.007174570522171297
457;0.09815030999005098
458;0.17442205055720242
459;0.06140724054316689
460;0.13471192425614106
461;0.15137500368988105
462;0.06421807849860982
463;0.06680546490012067
464;0.17050724406995285
465;0.16108852105870514
466;0.06275497212894139
467;0.025865393497278368
468;0.15065722730838157
469;0.15395047811068843
470;0.15523397404994965
471;0.16293654489399095
472;0.14260498459958168
473;0.04018873142662249
474;0.18850459007448273
475;0.15608631723669952
476;0.08207683888050271
477;0.051366495969883144
478;0.10931132909056662
479;0.004360549878775855
480;0.10906878312546463
481;0.09181520935781329
482;0.0735005085823509
483;0.012475226814254637
484;0.17319275345099505
485;0.027306470402535865
486;0.15971990976917455
487;0.1987663614882766
488;0.05994184547145198
489;0.037651454143229526
490;0.039435597846761164
491;0.12012379435009651
492;0.03961364898530398
493;0.10284058495610218
494;0.026338326771258358
495;0.10326268297926422
496;0.07330479313077796
497;0.004164421658591766
498;0.029549357885875472
499;0.08464632511396492
500;0.09936734863592629
501;0.05627665339961596
502;0.09719932435061732
503;0.02214492314222101
504;0.15175664749465897
505;0.09784932234764394
506;0.07798594961367822
507;0.151978512877962
508;0.17246547840969106
509;0.0329650659506034
510;0.1342706067037133
511;0.09221305995033331
512;0.09689788918838374
513;0.07278714101663485
514;0.1827323251677453
515;0.09249566894577735
516;0.04306671010447203
517;0.10637256008112286
518;0.08828580699442573
519;0.10377697681323028
520;0.12585412214342856
521;0.10415918383075928
522;0.08343115913911166
523;0.1514983056899173
524;0.02360438143959778
525;0.16237323873875262
526;0.09512124863373837
527;0.03383146871610283
528;0.14544596094769127
529;0.06520652390988113
530;0.0346901997324099
531;0.05951795333481816
532;0.0718393615395236
533;9.73107060417533e-05
534;0.024228049019439403
535;0.014784318547212006
536;0.002668148869351872
537;0.024845111166549794
538;0.11573399063806798
539;0.011444754933790336
540;0.1197210559960849
541;0.0359106450209586
542;0.05888245009183488
543;0.05301557672284716
544;0.16584113002384104
545;0.08463508838696941
546;0.17265521141202078
547;0.03018538572582734
548;0.03147010377129056
549;0.05926934761678471
550;0.014689002688611619
551;0.002746019015575474
552;0.19889512779483273
553;0.17132220430413073
554;0.15726727577650612
555;0.19704860944881264
556;0.06822319749100532
557;0.08515422251805092
558;0.19710131414889134
559;0.19514052659682732
560;0.14689795202826245
561;0.0675354220360876
562;0.07076698906076084
563;0.11155471759025007
564;0.0742131359182483
565;0.07208844958196657
566;0.02700286189810286
567;0.18261582487908679
568;0.13504902192554286
569;0.10041113522891083
570;0.11163321316471762
571;0.0960338473582882
572;0.16833004466137164
573;0.12489584020121264
574;0.19291543689892904
575;0.06957123231796214
576;0.1998312423574018
577;0.01112133450538453
578;0.0536227925915199
579;0.10498812926036337
580;0.08658424035849502
581;0.05620147346374456
582;0.06864403878572282
583;0.04172400630787881
584;0.06187055303512865
585;0.08145308352217458
586;0.07961288868741645
587;0.17546457240730998
588;0.05521546138886473
589;0.038945308351663814
590;0.15788851222326228
591;0.11221399957521977
592;0.14387912509114129
593;0.020963070230261095
594;0.11230885724869354
595;0.1501582834119196
596;0.19603851696437138
597;0.1025120987702975
598;0.03344207658236964
599;0.017318737983537558
600;0.09679190056148056
601;0.10387205142065686
602;0.13888591758546517
603;0.10262352931588986
604;0.04878830257777936
605;0.16803555254454908
606;0.025641592051628637
607;0.1711659435689495
608;0.14598704082769223
609;0.050092433262046404
610;0.11749714431554426
611;0.1970917217566007
612;0.01120800620470419
613;0.16030601327155355
614;0.04737341583293253
615;0.09099856709798776
616;0.07830624900914654
617;0.1488606791303093
618;0.11335315113297112
619;0.16203773063343585
620;0.08252465114514251
621;0.10394005121117632
622;0.10606970655689887
623;0.15794234250726977
624;0.11979689837398325
625;0.022348530299341897
626;0.03207725335442944
627;0.16300567229391053
628;0.15550420486537897
629;0.14536416058532103
630;0.0745110949179836
631;0.02895471426523375
632;0.0858716600966289
633;0.15186749884141149
634;0.16115407076567273
635;0.14986993309594449
636;0.02501935289133459
637;0.1705589342398448
638;0.018339760123203975
639;0.09100061691941595
640;0.09964699441313592
641;0.13752271595762394
642;0.158973684232011
643;0.0446498905432557
644;0.055394823078579104
645;0.13559641050831026
646;0.15474183124563237
647;0.1274054036375983
648;0.12802495175672787
649;0.17338369413096666
650;0.08524634630419343
651;0.015821761485765418
652;0.004564393895488106
653;0.17607213811005196
654;0.19399801830452387
655;0.13894559677393242
656;0.01575307549711671
657;0.06308574798391518
658;0.18406379020321403
659;0.05357160828767931
660;0.1388893129421114
661;0.11981348807572652
662;0.08601530021856565
663;0.18745053811881934
664;0.028397974184386277
665;0.08542149464987346
666;0.07229307755045258
667;0.04164877584204177
668;0.17434321962527288
669;0.18044187918628046
670;0.15746637310557043
671;0.013831385200799252
672;0.09368609351347744
673;0.005828194382206675
674;0.14074248163308564
675;0.0011640077215143041
676;0.026142959533436816
677;0.0029425672906611133
678;0.0011885702255040043
679;0.09130756729600742
680;0.18436477279355096
681;0.05685085880863874
682;0.17190432989659388
683;0.1070907023345062
684;0.01365698004078233
685;0.19787236062037608
686;0.04823385224765489
687;0.09575594931102648
688;0.19146214742633344
689;0.18458443509612865
690;0.12403508036371302
691;0.08903231876394058
692;0.15433376890432104
693;0.03726377363600575
694;0.12228072213071794
695;0.020375748178976496
696;0.04273387665152875
697;0.15063320323456855
698;0.060465659114881554
699;0.15559288044255348
700;0.1598795396245027
701;0.03482310345419082
702;0.15416000047646347
703;0.04992753133153314
704;0.19171923207155797
705;0.19511128469699904
706;0.17557905290592
707;0.12793975665503968
708;0.1497646816475561
709;0.15205837814285564
710;0.07408723611913126
711;0.17273674260443378
712;0.0012580794833593645
713;0.18366522834203944
714;0.024749670676272942
715;0.1840637395516576
716;0.19872088683516503
717;0.01423488824283532
718;0.08146019011707509
719;0.19890798106222884
720;0.012540910722520128
721;0.05941768797324481
722;0.07409424146962684
723;0.0059744938694072935
724;0.01844917811609468
725;0.07241662732030023
726;0.18309825623447196
727;0.10805980077864508
728;0.009066856116759748
729;0.03700209108482844
730;0.09086245701162904
731;0.18415789745981245
732;0.04095713032536139
733;0.1718391080211387
734;0.08359322441571199
735;0.11184445411537419
736;0.04242193942300803
737;0.11563841235165905
738;0.08693345455513368
739;0.02153975249683371
740;0.08384939630714261
741;0.17564182205546575
742;0.10553018837788242
743;0.10621794593691006
744;0.1814855447081441
745;0.08857584003922865
746;0.13571614670161716
747;0.03859985731088962
748;0.19240826608064332
749;0.1478563633007053
750;0.18118816427173562
751;0.1305881745423112
752;0.19269337571652898
753;0.14358537143952282
754;0.1288537443977113
755;0.09813954711995593
756;0.16279116360519985
757;0.18151146734174997
758;0.019285152616768376
759;0.07209145946353131
760;0.019204943398042174
761;0.06709230048044455
762;0.18929950857237204
763;0.08886135927373338
764;0.07000763277401167
765;0.0038754774140901563
766;0.028969319787457627
767;0.0018259640496178344
768;0.05598541370159225
769;0.1486932574060403
770;0.12070937261648032
771;0.1975292262329684
772;0.17612345408263821
773;0.1620582305621846
774;0.03784807003115285
775;0.0007713060657886129
776;0.013489840576766388
777;0.18290648118410063
778;0.07952894377770561
779;0.06939515427348966
780;0.10418161066050334
781;0.11642032780774786
782;0.07456425244680642
783;0.07161728647834545
784;0.1807897122343616
785;0.06683679229820652
786;0.16781046125934085
787;0.19820150935145345
788;0.10560834925109155
789;0.19517296263861372
790;0.13681081135367554
791;0.07141404309073866
792;0.04828339049062522
793;0.15541352224870084
794;0.1338782194962238
795;0.12291702273040993
796;0.03283245926144034
797;0.08045016053268712
798;0.08897111583794998
799;0.1873092521337648
800;0.01392289431429843
801;0.19441933638720493
802;0.048737075147132325
803;0.17982407229988123
804;0.16688622237861775
805;0.0768673915466812
806;0.08576927823200559
807;0.13179688791852426
808;0.03039195907972574
809;0.08130280273784514
810;0.12370495859669645
811;0.08540859719737193
812;0.04171817848537987
813;0.05566647442927269
814;0.006821210212827023
815;0.1518219679104686
816;0.06485036982331963
817;0.09156371521396589
818;0.11796869390038225
819;0.031286211251683405
820;0.07614392340064256
821;0.19409181233622938
822;0.022600846605382044
823;0.12514969147817495
824;0.19782895076127616
825;0.18985748680909265
826;0.1646314007135788
827;0.007038474319211386
828;0.10346480041252232
829;0.06338358728852982
830;0.14400761143930385
831;0.19893007912057392
832;0.08442830461685225
833;0.01973635260999238
834;0.04175367202527907
835;0.009280092557982057
836;0.14251103936628287
837;0.12496186317612508
838;0.17579566044898803
839;0.11782616129876328
840;0.10230424770752455
841;0.01239911117183905
842;0.04697289803224772
843;0.10057953828861542
844;0.0717162276547364
845;0.12310970315664327
846;0.04638126161851968
847;0.1362553855118474
848;0.13286281412469525
849;0.018343761891327137
850;0.01437078099012088
851;0.19140417998202355
852;0.184001806596196
853;0.025587478234135985
854;0.1466142909378799
855;0.13768442897919594
856;0.11062703719889587
857;0.03439064485854713
858;0.17883250388772237
859;0.134463342830032
860;0.04438228328162186
861;0.0030476498837253676
862;0.028124676541401272
863;0.03993785655058673
864;0.10892263368772048
865;0.12689113469982305
866;0.11411740979357064
867;0.02862950723087685
868;0.049359180287070696
869;0.09600509748450188
870;0.06570391065749596
871;0.17797463837240998
872;0.1953291578852257
873;0.017348970196806947
874;0.05652101441249018
875;0.06847728663320791
876;0.10633932560138326
877;0.07155352502989265
878;0.17759250102321134
879;0.10596673002043806
880;0.12620285908074474
881;0.0946107776757351
882;0.07235558771209454
883;0.0776389025164211
884;0.16718865849916353
885;0.06375382100751181
886;0.03905189423737217
887;0.18989228915280237
888;0.18008472156405475
889;0.018544243759993417
890;0.058481973648946056
891;0.04151893484384639
892;0.005987776432023995
893;0.14020003451506732
894;0.15995443557699862
895;0.0992488905056293
896;0.06371428146142699
897;0.11441053667160823
898;0.0845005725030505
899;0.17088902231689518
900;0.1566742146890172
901;0.19018671834000545
902;0.07062743448359406
903;0.09857732047213824
904;0.1565170136775785
905;0.1264686472027081
906;0.030793501823592508
907;0.09299270819214958
908;0.018298196812654478
909;0.13786299897257354
910;0.110648892863708
911;0.07194264426101996
912;0.13690212124517612
913;0.0671482075557364
914;0.1907766327150784
915;0.15439978605591864
916;0.022711909028883648
917;0.13562103057353214
918;0.013147023084417064
919;0.07064379367944543
920;0.1709817425920097
921;0.00845613670437817
922;0.1547221539007727
923;0.07076687327671907
924;0.14531615852631238
925;0.13957976156202453
926;0.027280535117956764
927;0.005458925243493385
928;0.14621091738201872
929;0.1251309229647547
930;0.03289678550257487
931;0.1193683705513121
932;0.005893599814100492
933;0.08416952617945805
934;0.16553202756515464
935;0.12244565743773209
936;0.13438477725742823
937;0.07508973028685902
938;0.01990725880379145
939;0.09706416426011506
940;0.07652234083785354
941;0.11719706371478592
942;0.17424112767056743
943;0.009386112631268519
944;0.1077665763460079
945;0.0689115208629586
946;0.05371545128331241
947;0.03334966542737834
948;0.01833760249304637
949;0.14458694906169456
950;0.07856190212484833
951;0.03935022539843485
952;0.024686346827288097
953;0.08388351112354792
954;0.1730485542744743
955;0.1432194653839039
956;0.15504657651177323
957;0.113701068095843
958;0.17266548302297613
959;0.005307530695241547
960;0.15471976311676874
961;0.13576380453331333
962;0.1534168205742207
963;0.15781368764105086
964;0.06018156534585897
965;0.0072148136094817746
966;0.016175352847725023
967;0.10882548945761493
968;0.061406294259804775
969;0.07309350308360552
970;0.042986890691409374
971;0.17815998794007332
972;0.028416046225209126
973;0.1290802130981981
974;0.1501164613362329
975;0.04427181637086333
976;0.1640355785529699
977;0.1946380287214916
978;0.1323046677303054
979;0.07692827983864073
980;0.08944072493364148
981;0.05234162433006831
982;0.18888987340483765
983;0.08271248921731307
984;0.07452329533338985
985;0.13373989789111915
986;0.14800680827526252
987;0.020081972006608353
988;0.16612561627926856
989;0.19555961588701234
990;0.003947073823230496
991;0.14724322202177503
992;0.17786810714615256
993;0.052359007554915654
994;0.09640466685582294
995;0.13845961893984812
996;0.11825460221347293
997;0.15329119871165459
998;0.14306176891634392
999;0.012567628721870783
1000;0.04575459755378611
