1;0.17154129638265783
2;0.09349893800612355
3;0.14185959996942882
4;0.015035493923616139
5;0.006818206411745131
6;0.00899037905993343
7;0.09709071712265648
8;0.03788076533091609
9;0.00171694538478393
10;0.19774811399888334
11;0.18263888839375303
12;0.16763242510787563
13;0.014139634274557023
14;0.13755543673858203
15;0.08702327873961618
16;0.08656278557013282
17;0.17094931427468876
18;0.08357286031314748
19;0.08943230342813598
20;0.04460810302183851
21;0.02886095721883515
22;0.09778921174868126
23;0.01622291900489268
24;0.049450778410861096
25;0.15553318272010785
26;0.05399280725472033
27;0.15203177512029922
28;0.17955599266490635
29;0.13379408368460335
30;0.14628608273767066
31;0.1150870251189544
32;0.10928875707186202
33;0.17070627645379222
34;0.16055704950765795
35;0.011854003026644034
36;0.06895034068522714
37;0.10446148707242908
38;0.1509248496582289
39;0.16697401120979427
40;0.05209219077280354
41;0.18428532808485007
42;0.07851373305120996
43;0.1515086681557418
44;0.028164444633190767
45;0.11600408111323204
46;0.16569055181193237
47;0.09270019195680193
48;0.15466715453216995
49;0.028024727961094387
50;0.17414278020906412
51;0.13446631552154106
52;0.026628877390361086
53;0.10465858271067817
54;0.17475777735942527
55;0.11735146132175447
56;0.16589712570113177
57;0.16023188974510622
58;0.09838028802548218
59;0.18346446981741957
60;0.076981990338575
61;0.13517486211342797
62;0.13292485299485646
63;0.09700327654670148
64;0.15075971100328878
65;0.14489164239369898
66;0.03218521952475937
67;0.06685538778989593
68;0.07598472474262737
69;0.11607376539828096
70;0.02913531578293669
71;0.0003711555036554959
72;0.07653572670451157
73;0.058422759421181025
74;0.0939444549664466
75;0.08007277992954598
76;0.10120108220233903
77;0.08379033772612697
78;0.19754973230132453
79;0.14559786171430963
80;0.07344893876101488
81;0.1907403736123944
82;0.1519996540856352
83;0.11608611522515205
84;0.1334037661500575
85;0.18762636622554688
86;0.17123874007920073
87;0.011312335459024436
88;0.16261616544763957
89;0.1801222131539032
90;0.0036160113736170008
91;0.04996899483628943
92;0.15817891013443824
93;0.16053768515135478
94;0.09056457635032476
95;0.1971075884606279
96;0.15487130819901557
97;0.14400439312749472
98;0.1514306538534136
99;0.03191174980122764
100;0.0019319613001564262
101;0.03985556540246136
102;0.1588250550161043
103;0.05755553263043283
104;0.16731074972043009
105;0.008352186361442549
106;0.13526049961688305
107;0.0030372619046199036
108;0.02831772664260708
109;0.15382883893648158
110;0.01397545329013583
111;0.0040521115368350015
112;0.1756935023979776
113;0.15883612061732857
114;0.048533605525976346
115;0.09479413565004371
116;0.1324558112964274
117;0.047593186202914285
118;0.04087654809470671
119;0.09716028072847116
120;0.15070847866926773
121;0.1735512793955553
122;0.06414509138336909
123;0.044665511322836055
124;0.023455012065947623
125;0.15668004398117533
126;0.08105277618230773
127;0.13636770386784372
128;0.12384616133385735
129;0.024929553087956483
130;0.0479308045709366
131;0.02298092031026895
132;0.029109692536191424
133;0.062323249283304044
134;0.06154375566673512
135;0.0232393614897519
136;0.13045815478796183
137;0.10794217618314689
138;0.017812716547893025
139;0.09808687437825599
140;0.10163861067551994
141;0.0524452729982075
142;0.1753702842570123
143;0.12441905324217584
144;0.005755607282210362
145;0.1686945611626865
146;0.12941891903234376
147;0.19183535815161268
148;0.1002201957702315
149;0.16303527865415524
150;2.4906117493084247e-05
151;0.12219735210334366
152;0.07678606939745303
153;0.005093045154024468
154;0.04069760259647015
155;0.11580344048822495
156;0.031050520425803876
157;0.14631794414381344
158;0.0670415152318173
159;0.050500123138859876
160;0.16955752792252424
161;0.1268555761619561
162;0.11948824279065014
163;0.04589855849867506
164;0.08970834660063834
165;0.02319595382168396
166;0.17924859178949876
167;0.046724373497331745
168;0.07752977728712773
169;0.014918301186414573
170;0.15299329863818864
171;0.14148748996944382
172;0.17987883743688804
173;0.11093236754859447
174;0.1711346292347623
175;0.10632456378668319
176;0.02408008213901929
177;0.06381958218519879
178;0.013379897816792453
179;0.022250555879743363
180;0.09480972146960745
181;0.1361436675613233
182;0.15982672848059876
183;0.10502760736833208
184;0.17337315736226772
185;0.07642267249049138
186;0.020814064278779545
187;0.029003820051345143
188;0.1680388222571887
189;0.127271711261947
190;0.026503091089771447
191;0.17531941284420263
192;0.02765969741811938
193;0.18721462188823254
194;0.13538287941956742
195;0.08535059662062253
196;0.16190139511831914
197;0.18555740300267565
198;0.19228140996140272
199;0.1525069501222208
200;0.10885882895660433
201;0.01378426864707063
202;0.06198758945758867
203;0.16702112154951854
204;0.0914845474492094
205;0.008723376544657336
206;0.052565306986416066
207;0.13779833806906927
208;0.04856869914870801
209;0.10517568920860652
210;0.07102636077494233
211;0.10773531294943617
212;0.014623348222921906
213;0.10798355903278217
214;0.06827147393550284
215;0.07330010147290766
216;0.06318502306989456
217;0.003785986480340653
218;0.1742172197181262
219;0.0822698048275788
220;0.18365845268446385
221;0.16723093048213689
222;0.144300680993136
223;0.16092319359347684
224;0.10459328998376222
225;0.045724953200084434
226;0.104816107746348
227;0.0846834064652913
228;0.17076449965526938
229;0.07411666383490108
230;0.09242734715018153
231;0.19972508179391288
232;0.07798390491106384
233;0.19444898510045816
234;0.06680888450740785
235;0.06449850703985431
236;0.15439010758077948
237;0.08449112293096893
238;0.13028996477394755
239;0.1431878025979277
240;0.17803570211054345
241;0.04175186933392936
242;0.1052619708476162
243;0.10740561727402734
244;0.14742666145818759
245;0.11698490114200377
246;0.07212123101640304
247;0.1266205017227698
248;0.10026548197495654
249;0.10536506174140339
250;0.050897144353035696
251;0.17289786750802985
252;0.027657055643495656
253;0.03570493668973784
254;0.0393083206756506
255;0.06784251840443285
256;0.14852950129885606
257;0.07080927841286742
258;0.022512041269351094
259;0.0014869597356051757
260;0.1047383781036692
261;0.17327584750973035
262;0.0008718564176153798
263;0.06802542819570133
264;0.17470535910260798
265;0.15219629582365332
266;0.07891014063707918
267;0.050672741134857674
268;0.16211293030587998
269;0.10376364946719673
270;0.038567074861636755
271;0.047831754837661826
272;0.07317101483909856
273;0.11879683828005086
274;0.15217868419798544
275;0.06905929263904718
276;0.06027511365687171
277;0.09699987580107716
278;0.11072875805115188
279;0.044583981787225335
280;0.09789244628151023
281;0.10274602222445546
282;0.1766670818275136
283;0.13215901248965153
284;0.13566567081790645
285;0.1819118889745714
286;0.07708423974925634
287;0.1878630578690692
288;0.15791254152033507
289;0.07422837373168722
290;0.16849359122130067
291;0.08559932059071014
292;0.11936742977478565
293;0.19361855308625722
294;0.07203409291503036
295;0.007158694796560949
296;0.19685041684607474
297;0.06933307849354789
298;0.1681645195064496
299;0.1226668597720289
300;0.07372940292860607
301;0.15677995328292146
302;0.15054669776174862
303;0.1381059941421067
304;0.11868555105080043
305;0.06516446522560775
306;0.055315233966424154
307;0.01784746266856634
308;0.16323636242586115
309;0.1588993148009063
310;0.194035057616544
311;0.014160042113546645
312;0.004044940218434756
313;0.0025280802366085767
314;0.01549259190743224
315;0.09963883213475551
316;0.012742630813986789
317;0.17192040531314967
318;0.12246214632068626
319;0.021899876000883126
320;0.14167053532446794
321;0.10294441408847098
322;0.14921290972634474
323;0.146878972257628
324;0.019856791655870978
325;0.0710634123778594
326;0.030686517353318933
327;0.1985836509816878
328;0.133814007840234
329;0.07638132110208613
330;0.06059169448463495
331;0.007832748234040078
332;0.06487168012708736
333;0.16731944488465583
334;0.17229510148085614
335;0.10676687477743092
336;0.1525818954703923
337;0.021080468245792794
338;0.18513825848052373
339;0.15289762032136892
340;0.03286322033688405
341;0.19570786517425767
342;0.018511280478010095
343;0.18950342562163763
344;0.12415850123547129
345;0.13213729357411688
346;0.1315226750939262
347;0.0885576495883119
348;0.11341482137960329
349;0.025278685405505086
350;0.12239630975630347
351;0.06607749439535873
352;0.14492885579393208
353;0.02221197346241699
354;0.08471258262482638
355;0.08061344690309241
356;0.11512558721871352
357;0.1156106509069143
358;0.0322424675765068
359;0.15719689088246147
360;0.10521913186358499
361;0.10933271064445141
362;0.19913084228111408
363;0.1318939973665739
364;0.04509187068927561
365;0.1711289561273291
366;0.10469967846716731
367;0.1175916066850252
368;0.11721807809079027
369;0.08176125253869965
370;0.015208018661689016
371;0.05774275354482819
372;0.050834686142747956
373;0.18981773366047286
374;0.14501716407807103
375;0.13820602408101007
376;0.18996394147568152
377;0.1013168816930135
378;0.01973129097802058
379;0.01774228317662816
380;0.14651763665033152
381;0.1848252392793109
382;0.02912488347604585
383;0.05086027616894571
384;0.11538945096135052
385;0.019670979941006417
386;0.1640653791992979
387;0.10669455045956906
388;0.14894202741733237
389;0.15234629268218267
390;0.17471568373824442
391;0.16651839899860654
392;0.11864344400500844
393;0.11327678365470806
394;0.096773734658757
395;0.09664895101444618
396;0.06440360388311324
397;0.19613560330383467
398;0.1596381469945687
399;0.08628776732128028
400;0.03800868699382634
401;0.1151307759050203
402;0.07427854148072953
403;0.017172736165320425
404;0.0007343276903964302
405;0.13939266359728178
406;0.17931852430388898
407;0.0038630870300153
408;0.0026012441392528674
409;0.11476286635178917
410;0.054365197921584764
411;0.1693914857191323
412;0.06581286293291584
413;0.0549051236109295
414;0.03858959124976594
415;0.157900936042928
416;0.12470665566992933
417;0.18468105488846273
418;0.07679015237433545
419;0.07997859134493612
420;0.05339970407283723
421;0.1682729697202288
422;0.029626528263746878
423;0.15357697047260785
424;0.038526863415111114
425;0.13209860839670567
426;0.030037816831131048
427;0.017813187316615676
428;0.15279945771767217
429;0.07698306022460742
430;0.14871650961077396
431;0.14086259488328237
432;0.088782010523554
433;0.15219919155492329
434;0.04153863137632483
435;0.040103958826121215
436;0.15605049522157602
437;0.05144475915831259
438;0.13072286707701516
439;0.1988432494073763
440;0.19123937310382344
441;0.029655076153513395
442;0.040328578820921404
443;0.009235260166684146
444;0.0858839312255282
445;0.12411319861502973
446;0.08099512432722861
447;0.1939471103466059
448;0.18376453141574092
449;0.07589441223170122
450;0.09007658308521593
451;0.16264064755977173
452;0.052492550555826
453;0.1976860462110909
454;0.010871370083345223
455;0.015660419634034285
456;0.00800568239755446
457;0.09902664058408056
458;0.08179667078825925
459;0.15937705049384485
460;0.025974707693061094
461;0.015331309007669925
462;0.049558658117803606
463;0.12013692437149684
464;0.032206129936932885
465;0.16935260094321702
466;0.1933814291558474
467;0.10345005693479137
468;0.01557977979448002
469;0.04387103621885646
470;0.035962644999833815
471;0.03772963239599825
472;0.16470963465078906
473;0.0960661817000542
474;0.0940420975378217
475;0.11170703842746042
476;0.0435394183822502
477;0.02191556174947573
478;0.19203359609270546
479;0.053171630680272045
480;0.0591160969607
481;0.18699542899690338
482;0.1347724638190216
483;0.130717677211681
484;0.0406262464912752
485;0.10568058076552454
486;0.04042141358843996
487;0.16621195022072466
488;0.02442271354528809
489;0.17528671551049313
490;0.008703677386716624
491;0.08492985027011556
492;0.1515914026935119
493;0.19521340689614253
494;0.1274892220783546
495;0.17891397098511583
496;0.17623813463674726
497;0.06079053793948863
498;0.13517136439744534
499;0.06481983115270114
500;0.006972944244566759
501;0.19700737106857558
502;0.10207291459258899
503;0.005378544395751495
504;0.04177488029901877
505;0.11218893490226474
506;0.1767096729767269
507;0.08423210036150482
508;0.1585821694371028
509;0.05422962726591505
510;0.03565793508005155
511;0.014505754908337122
512;0.12484856289880453
513;0.10739667151257096
514;0.049890979077792386
515;0.11785258763555313
516;0.1138789455051063
517;0.03590035117928721
518;0.11767130395692381
519;0.14147136234785826
520;0.14557483558420056
521;0.17513970593491862
522;0.1163790938629217
523;0.011651412993272726
524;0.04396121935397595
525;0.11916289042704697
526;0.05395188152536523
527;0.15928816259978174
528;0.17865655264411962
529;0.022485335114342187
530;0.0769692664724492
531;0.10050663200432329
532;0.05072414523693969
533;0.05454004255317975
534;0.07406087804365878
535;0.10711512412120888
536;0.12604973412921924
537;0.05813374267827949
538;0.16260593673631257
539;0.1920773552689724
540;0.0888014772232334
541;0.15825447869901965
542;0.03393966623733504
543;0.1663860337088566
544;0.13663242564739816
545;0.03318633588803188
546;0.13624162742764526
547;0.11627494049170023
548;0.032313971981407
549;0.19674895043853138
550;0.060426239680430704
551;0.12474740739124612
552;0.1805883048541998
553;0.032474702591656544
554;0.0879767429210449
555;0.14108576850139568
556;0.008098238289577632
557;0.0017100871883514168
558;0.059016928976334954
559;0.0330715285480429
560;0.12265269705509652
561;0.13367708377865486
562;0.02856268542993623
563;0.05699664263378312
564;0.05480468477634921
565;0.06959108373636035
566;0.06846285261490224
567;0.12184293778085653
568;0.12630644976439095
569;0.013141866593318197
570;0.16757937996431174
571;0.1629300030212176
572;0.16610562299793113
573;0.11567593559873963
574;0.09412460562887062
575;0.10394615712400826
576;0.012175860021795826
577;0.1417378705952001
578;0.19156684390649736
579;0.10061535487304384
580;0.12815337377347163
581;0.17943474493524825
582;0.03410689760642429
583;0.06914117995785854
584;0.07847561915268189
585;0.1839716211886876
586;0.18485589512906694
587;0.08171543260961998
588;0.08228240737270541
589;0.07640238253273282
590;0.0028749291334271513
591;0.10687612764065735
592;0.014550768025742268
593;0.15878830192229823
594;0.07276561860167348
595;0.1479168749408106
596;0.06372649930884332
597;0.10392336078045901
598;0.11294888115890976
599;0.0517263771655532
600;0.05693921207350468
601;0.10951288934883399
602;0.0026156110768760232
603;0.02053548849161633
604;0.0021977752190943003
605;0.13217254756735522
606;0.058517661730381004
607;0.15648786352635338
608;0.06454145938684566
609;0.17218974518620703
610;0.1951103762101165
611;0.19823871587765174
612;0.14372080791460057
613;0.16064447220404854
614;0.1478216081154227
615;0.1953529733712636
616;0.12662102530303793
617;0.10274012756589004
618;0.04412562695927098
619;0.1841355433074262
620;0.1091817236502022
621;0.010864916408164582
622;0.03289288326627864
623;0.06063159200802313
624;0.1909851837982165
625;0.12663840128518375
626;0.1923745038330127
627;0.17242113979602913
628;0.11164252283230716
629;0.1317117315872533
630;0.05072179596098998
631;0.10459092673658915
632;0.08878705471703015
633;0.03264839061615834
634;0.030808560723168912
635;0.05165513227790506
636;0.12292308251027724
637;0.0832654362785139
638;0.028304081006015693
639;0.11073325806046262
640;0.09102916957525892
641;0.045837541419278205
642;0.07505375618862536
643;0.19895460792033237
644;0.1796898043686775
645;0.028773307986442377
646;0.13636371724835625
647;0.056160270567039254
648;0.13563833677669215
649;0.06700473398853934
650;0.15239941385138622
651;0.081528638322556
652;0.023068341753918142
653;0.03090442313732258
654;0.1655694138537168
655;0.01194013341470106
656;0.01809180300145563
657;0.026671172322937076
658;0.05631530539665153
659;0.15619763904338635
660;0.0052709889119090915
661;0.17588963031641094
662;0.14215601549762366
663;0.0952228910530971
664;0.05509109598822129
665;0.016121566413036328
666;0.1565657541022026
667;0.03744061688778764
668;0.026938298513837444
669;0.14729287929194812
670;0.10979149164988221
671;0.04697850135169506
672;0.00967368924870944
673;0.029110659280747256
674;0.036191615929397236
675;0.127238466672867
676;0.12184754480497272
677;0.10631643730322722
678;0.0968532001007869
679;0.08905739372571785
680;0.12006604903141255
681;0.04290414167873635
682;0.09504361224665768
683;0.12577649492324658
684;0.16300182871169105
685;0.11075491285346878
686;0.14183114998180785
687;0.011556305749570384
688;0.062105119229544786
689;0.13669892916791457
690;0.06278695121643096
691;0.12879134990501384
692;0.0660775504878737
693;0.14011288069888936
694;0.13474469027770608
695;0.10820111192903636
696;0.16256834697679912
697;0.12806611841667323
698;0.15513545222874195
699;0.1399207413141915
700;0.19344261343072275
701;0.0263470704083594
702;0.18724318844479518
703;0.08652598861494187
704;0.15120010532891592
705;0.08258729528261227
706;0.05780648547876166
707;0.13926159607773045
708;0.06055174695167127
709;0.1907930708837581
710;0.192673322696705
711;0.18591476898873557
712;0.15655789431468495
713;0.08500198635038066
714;0.15506717936074563
715;0.1971174550395921
716;0.14350616443914097
717;0.13495007778601806
718;0.005259933425585861
719;0.0758791407738249
720;0.12996905637649903
721;0.04918258142315579
722;0.026615422860611984
723;0.1616217939714227
724;0.16780570391885213
725;0.1467943404245632
726;0.050067165880896526
727;0.1935356437092744
728;0.03656681021570054
729;0.06863394857513272
730;0.16271704605159718
731;0.14930536497648103
732;0.19753796485678146
733;0.052615508893735896
734;0.16459789615883802
735;0.1514545678630576
736;0.06361981420520275
737;0.17844108718507135
738;0.06961734112717775
739;0.11416588336950453
740;0.165108181078647
741;0.16905364652558263
742;0.13002235365681916
743;0.08471977758332168
744;0.1336531425621503
745;0.182650904373861
746;0.09404247764460257
747;0.1995608917564891
748;0.1035590794222475
749;0.049403031021428026
750;0.1969611750535367
751;0.03882774836529806
752;0.19168319327338312
753;0.06638956901189919
754;0.025269896498198597
755;0.15219960066449523
756;0.04672067455735114
757;0.14625815359277414
758;0.1607286049253603
759;0.10803549935704466
760;0.16301139157471367
761;0.1551508834461048
762;0.004968560838441061
763;0.11805422917433561
764;0.16007531778870068
765;0.045821648653404684
766;0.1485527294409883
767;0.06970841811616983
768;0.174677845438117
769;0.1164042261512154
770;0.08008703458823
771;0.018615284153275048
772;0.13706369857217604
773;0.09542253853793947
774;0.14352502908536222
775;0.1339058772143614
776;0.02521803202361399
777;0.0806384202247438
778;0.1249210598517529
779;0.19078602517318463
780;0.0868187999926232
781;0.05685947628119159
782;0.06579582077284536
783;0.11049940347690812
784;0.07488557839264987
785;0.18023655199237465
786;0.09117496567339055
787;0.02072174778918321
788;0.19400215702159354
789;0.0041769472626622456
790;0.06628284727577254
791;0.06606628857664253
792;0.012004995563934152
793;0.19675345440941627
794;0.07201609023413509
795;0.07140082634333329
796;0.10655720432851015
797;0.0028748307283344102
798;0.12194488483397681
799;0.11948184489175498
800;0.1495571675481305
801;0.1904407542433322
802;0.0964728402541401
803;0.05523463203915966
804;0.1596163028798456
805;0.001945904627969708
806;0.06299850406804988
807;0.005120286530515794
808;0.11963028086096704
809;0.03905540144373701
810;0.15344461692205102
811;0.14925197424823478
812;0.0499410375810589
813;0.11480864969558079
814;0.08499802206448531
815;0.1327469662245659
816;0.128190573824715
817;0.0756380746132893
818;0.005886669509584719
819;0.15103832672509432
820;0.17645724330181142
821;0.1598602456775353
822;0.1700008489463093
823;0.175870389980023
824;0.05334096914336477
825;0.09254038224503947
826;0.16154128779213658
827;0.11849839501745932
828;0.12089907682771533
829;0.045438317876843784
830;0.1620003301850718
831;0.002153794879597593
832;0.11822421642469572
833;0.016650801044510933
834;0.03157540569282424
835;0.09237479838762025
836;0.02367416115455543
837;0.1303781490356639
838;0.08668621826486445
839;0.030844342579990337
840;0.01200624444782923
841;0.016323366910947313
842;0.04736221068161435
843;0.01351495497665305
844;0.12069547789047119
845;0.1241658181678244
846;0.11573368697972936
847;0.1349883016936857
848;0.13404490656040052
849;0.0931121831147779
850;0.023636002455397345
851;0.09417323962194182
852;0.03054763708858188
853;0.13237427574311778
854;0.1240312973608607
855;0.10815553518910047
856;0.07104183611405201
857;0.11188998984698587
858;0.18618970903767523
859;0.1737944659622674
860;0.13966401622061897
861;0.06224604181762228
862;0.12628799256186699
863;0.11609209193732575
864;0.03721128170518739
865;0.18795265181612342
866;0.11159894619200493
867;0.029568082102555595
868;0.19573444810527796
869;0.04301894763889469
870;0.12057548734406623
871;0.05265064361178198
872;0.05464158272876585
873;0.082167585495857
874;0.04056040511587398
875;0.16414413856804677
876;0.17724025162534557
877;0.038807584428078946
878;0.14754795373830004
879;0.08397016831049803
880;0.1170234812772474
881;0.1780545387778071
882;0.005756746986603534
883;0.17379178805362328
884;0.12107059116424662
885;0.1923965028093718
886;0.09083894033428089
887;0.02800734076005811
888;0.044388696175237
889;0.0469353162426184
890;0.061135629526729754
891;0.1701137629015016
892;0.18060860368660794
893;0.056435250606853504
894;0.12705624848875632
895;0.05483661264129019
896;0.13676669983891399
897;0.018127431629587677
898;0.10961790121384479
899;0.03623787520609414
900;0.11267288735588919
901;0.017020246845488
902;0.024794468989250265
903;0.17182390685042043
904;0.10836159630174647
905;0.09375547178400412
906;0.09860666518808964
907;0.04043625832630531
908;0.06430859428283923
909;0.07560762066143711
910;0.17815332060832384
911;0.029208826893717843
912;0.0896456925476325
913;0.14105167777147534
914;0.07805188553433372
915;0.0348480800304539
916;0.03768550212763462
917;0.010386251672866421
918;0.15340420984544148
919;0.08385840797536825
920;0.18155489643848033
921;0.1646711209570256
922;0.05606460181869582
923;0.06491924111433929
924;0.006909098868576291
925;0.07142224398688589
926;0.0655606840071781
927;0.054346724929456316
928;0.04286770629322461
929;0.1920833607642317
930;0.03615217828142192
931;0.06882837476317354
932;0.1602449943482543
933;0.07664202984451172
934;0.15680731940231832
935;0.18094092297058856
936;0.1902260968681711
937;0.0228682386992489
938;0.19858369736160136
939;0.1961167114476818
940;0.19313241652891622
941;0.030758159627604444
942;0.07335977406281145
943;0.1923231304306658
944;0.07668202003738914
945;0.03725841258874363
946;0.008113195577362365
947;0.0023011874521638776
948;0.01227928311714499
949;0.12202524030697832
950;0.07795385736594054
951;0.011916962155308554
952;0.03494048176007043
953;0.045643447464673574
954;0.020522672620813268
955;0.10038458377725507
956;0.024538271226494525
957;0.04938587090797045
958;0.04539730404914122
959;0.14820061409454421
960;0.12119316077527187
961;0.19149395672078906
962;0.11646865758467013
963;0.13922112414727802
964;0.1870327895530263
965;0.11187118960509478
966;0.0646158917064334
967;0.11500540868076295
968;0.15118651197049815
969;0.10152125192090347
970;0.036372589079419364
971;0.11073707151835106
972;0.15700261538142357
973;0.12214132316076967
974;0.13791153432539122
975;0.019946550051469947
976;0.10924485001672364
977;0.11334165722713384
978;0.01672444845376624
979;0.1186286037950132
980;0.026659664924522833
981;0.14413468581850702
982;0.17906524628326637
983;0.07635330411833237
984;0.12968781973126883
985;0.0122558187958439
986;0.1292133074764625
987;0.05594356487862742
988;0.002310240527009877
989;0.1425537248586298
990;0.06028415528814471
991;0.07547763805253123
992;0.1815227172691859
993;0.03940470512449377
994;0.0766985540642427
995;0.16210816347357493
996;0.15570776045987822
997;0.13875681081258834
998;0.021152850827917114
999;0.14864073525219235
1000;0.025765660730456788
