1;0.0443553951797833
2;0.03720109215046571
3;0.07819741060240636
4;0.09563500829651034
5;0.06443214552340186
6;0.08121407553397329
7;0.0505501604912062
8;0.0023179307554640483
9;0.01848146649067428
10;0.06329780730636318
11;0.07456758176885886
12;0.07426171501065021
13;0.039799333327340716
14;0.06529612961561043
15;0.09889912578687893
16;0.06454174339691308
17;0.06860956124104894
18;0.005066536506043762
19;0.026716336593858803
20;0.0861472056954962
21;0.04483144239585843
22;0.08355426490043626
23;0.03900373648248659
24;0.05369117396890782
25;0.08656690681265097
26;0.0759869055740476
27;0.004727390852698976
28;0.08456995270640705
29;0.030169230027411
30;0.08966651769063239
31;0.08997646528553498
32;0.01153932522890535
33;0.05214387133913635
34;0.05708403828865647
35;0.02202654888076552
36;0.02255390931556116
37;0.08586127391499287
38;0.059439773202321466
39;0.07542648044439626
40;0.05755521250166465
41;0.06853309398870389
42;0.011001369844006948
43;0.0053503016344718
44;0.08043083840141962
45;0.001839159495557674
46;0.07529714086353206
47;0.0026599103611139596
48;0.030466063313852976
49;0.004474991453244659
50;0.02280387681045778
51;0.023123139224595003
52;0.04710614974498744
53;0.006544216092639022
54;0.0262266884380872
55;0.08961724192356883
56;0.003248196267439174
57;0.07767268874711024
58;0.03259587498066934
59;0.011813720505735504
60;0.006651510596538313
61;0.0661247152305034
62;0.08366161946740533
63;0.02167272266919338
64;0.04065532430117766
65;0.09522430359604792
66;0.08531050048303093
67;0.09728222820220793
68;0.08205738458053406
69;0.05364882449122141
70;0.07716384395921105
71;0.024405203399548915
72;0.09218547499797052
73;0.08811373675196574
74;0.003956934616483255
75;0.06469661103097646
76;0.062476029907042985
77;0.05778711603043797
78;0.051162083694441786
79;0.05804690925450778
80;0.0346379907684239
81;0.0010418040905514237
82;0.016536842790947814
83;0.015621548847727408
84;0.020844328683743387
85;0.005542543976697467
86;0.012190263170073691
87;0.03802770378059264
88;0.004369971532845895
89;0.09484969687705569
90;0.04077568332026105
91;0.07774638262502764
92;0.0022116165739668237
93;0.06257915490215543
94;0.011283263382207987
95;0.07368189387222591
96;0.09390435958179943
97;0.06243556739418263
98;0.0015726347954203247
99;0.058351103889041384
100;0.0749026049762588
101;0.05912229725431946
102;0.000777346846770155
103;0.0896903827399148
104;0.07984518178073714
105;0.043487861665304266
106;0.06116591673602021
107;0.07523047318650836
108;0.020211856194728053
109;0.047471801199431035
110;0.04451849251412644
111;0.0998724685915384
112;0.028986253379375295
113;0.0167828727619146
114;0.07333548477015926
115;0.006419705358936257
116;0.0862625243440084
117;0.043183940147261894
118;0.048993358523031605
119;0.08514000370254193
120;0.09183712265668614
121;0.04867889225021667
122;0.028985021914190515
123;0.05724939048596901
124;0.0022817358264490386
125;0.027707819636339427
126;0.08539917877529209
127;0.025285297835094978
128;0.07030440396272133
129;0.028762080122560565
130;0.008573331147230334
131;0.011007264119908367
132;0.027148432967307123
133;0.017565508062560187
134;0.06147234161773803
135;0.08337164850089401
136;0.0358006092637683
137;0.034130809187149336
138;0.09771564514585945
139;0.029131235223929
140;0.07599882647923875
141;0.005251037935571335
142;0.02647965017559536
143;0.0977068935765633
144;0.0925494321907998
145;0.08261699649682468
146;0.05549207842156859
147;0.04540039317840114
148;0.026815191314468047
149;0.02772292157713099
150;0.010199318726552421
151;0.08984925672297957
152;0.0730972831512126
153;0.010576033431141286
154;0.05201563439021781
155;0.03731047682112803
156;0.06548585885154204
157;0.022594381861311953
158;0.04651691907700467
159;0.06902386693001952
160;0.010400456537554304
161;0.04538360044730904
162;0.06710102374154364
163;0.07485022767734541
164;0.06641342916572528
165;0.030238111521347033
166;0.017159678611084462
167;0.08789957873917681
168;0.09434662685471473
169;0.05659106667232647
170;0.08658674031502203
171;0.029723599982889072
172;0.006761690859472803
173;0.08596342678283077
174;0.04708608214258406
175;0.007278749208018087
176;0.03541200279395636
177;0.07899302220608533
178;0.0023002718932396806
179;0.01484871119399931
180;0.03155005479701091
181;0.04094326533665338
182;0.028366823838709754
183;0.058098193752267435
184;0.00018138012243371638
185;0.08566626414994796
186;0.07059725475922987
187;0.09275312932497651
188;0.041766878884256356
189;0.04515466852019363
190;0.07760139944783502
191;0.019686532785011403
192;0.004389311528342122
193;0.005077339285039506
194;0.015746321669370678
195;0.024537663679368826
196;0.07647815613525505
197;0.00475972452128276
198;0.08852237633419413
199;0.06047316228989846
200;0.032907128088633254
201;0.04588018564746587
202;0.09368239673347027
203;0.06702167744902521
204;0.08984136818801941
205;0.08062403360735666
206;0.07619623448016716
207;0.037844271317816605
208;0.04927511001680342
209;0.07419302325146598
210;0.049153541117285385
211;0.08458801491753516
212;0.09275584032747064
213;0.015003035422851519
214;0.03161537126971677
215;0.09442609662924892
216;0.02889399037994842
217;0.09664381561040249
218;0.07275488340724749
219;0.031550711677183055
220;0.01365710164425803
221;0.0873558784045646
222;0.00130093169703146
223;0.02008860328363007
224;0.042118143612837416
225;0.02659108544842208
226;0.06322973871486619
227;0.05967767310771637
228;0.06377603536071
229;0.011206756092941084
230;0.07400289565081673
231;0.06045488587325998
232;0.008432195656427032
233;0.026028534514144632
234;0.06366000622249765
235;0.0159841808074218
236;0.03597678733473877
237;0.02667068538845631
238;0.037986742770419
239;0.08625156755580282
240;0.0294710693974656
241;0.044740127459796164
242;0.01835214470816292
243;0.02169676336357669
244;0.0538489439710213
245;0.0018465157122427801
246;0.043997985645959525
247;0.05357849892312349
248;0.003290518748103133
249;0.062725748159724
250;0.04148076212598534
251;0.0812502107966705
252;0.012543128789664416
253;0.02185977068982016
254;0.03603914397082193
255;0.00456258670363664
256;0.020815169054407057
257;0.03853011972623852
258;0.057818944000778194
259;0.02848928323971467
260;0.028981437345837816
261;0.013658211557314316
262;0.06306066969354561
263;0.04067545969000896
264;0.03692620696421928
265;0.04322375728926911
266;0.08795316452712507
267;0.01591860639451729
268;0.07684947252132449
269;0.05510755433301642
270;0.07300391855317025
271;0.014837862529053303
272;0.08103731188588253
273;0.07169763157787629
274;0.062091431830369075
275;0.07654309953461863
276;0.07517830788280429
277;0.027452452664335603
278;0.07661367737390673
279;0.07312237507817923
280;0.02854118326296512
281;0.0975690299752523
282;0.07237770187457387
283;0.05576471112600139
284;0.03741615345690452
285;0.010576401664356472
286;0.008614696267669432
287;0.0653280342128517
288;0.023877640852383697
289;0.09469788040103347
290;0.08260270572084062
291;0.07823217710394431
292;0.016514226780337128
293;0.0029029921944992987
294;0.03632176200387418
295;0.010094600107913167
296;0.0679308148664328
297;0.09124966895565309
298;0.07200166428904535
299;0.08502382000313785
300;0.09498285728654231
301;0.049665561830341265
302;0.029352810435396493
303;0.03743582348114333
304;0.06959202186857016
305;0.04254149587375046
306;0.07676823895392787
307;0.062227640396688794
308;0.03682648663555845
309;0.04855036714950689
310;0.00487577956108759
311;0.046966927693916395
312;0.09940261763734833
313;0.07799125516247651
314;0.08909904382303173
315;0.011984647990470354
316;0.012161871483808418
317;0.07643153935656317
318;0.05879646496791699
319;0.05044109727132397
320;0.05254662534875615
321;0.011259796194986172
322;0.027717138445720747
323;0.07225585142067585
324;0.09487629622166711
325;0.09204236455033016
326;0.06697746665777349
327;0.048034142381225144
328;0.048580008756569815
329;0.012238794646360785
330;0.07879273641065937
331;0.003983777780804987
332;0.08916755943302843
333;0.02915433260067716
334;0.0906064600601036
335;0.03544397230556386
336;0.08394882770313677
337;0.0921824272170474
338;0.0471438367107132
339;0.09550142881455179
340;0.07347763237653247
341;0.0460625365651318
342;0.08604364776322047
343;0.06208365575326576
344;0.00884761331841506
345;0.08490775242051433
346;0.09472778315438402
347;0.06556060996476239
348;0.033009698371907086
349;0.07728866255367811
350;0.018429926938982412
351;0.09994979517996883
352;0.0420920642796911
353;0.030929062499879402
354;0.039727040190187024
355;0.06086982518420472
356;0.07476613465765104
357;0.056096047736906046
358;0.004173188814522377
359;0.04044968074992359
360;0.08678879222995035
361;0.030152977756010814
362;0.020210532545380834
363;0.0746023971505169
364;0.03293994307182462
365;0.06166307235113581
366;0.03520420864362291
367;0.04238164452074053
368;0.04885132061095511
369;0.04633587383245198
370;0.0032033598161194444
371;0.09901909095220224
372;0.01441695566974447
373;0.09946512809375546
374;0.04296335587762965
375;0.06635141370046271
376;0.06938875449089416
377;0.049330609946326244
378;0.0278462248108892
379;0.0241434625951404
380;0.0378661985035321
381;0.06664059691760661
382;0.02040796612034869
383;0.07146286167194976
384;0.08590345430359782
385;0.00654388199114081
386;0.016536039130713366
387;0.056253383437426696
388;0.0541498049677863
389;0.057024070320296764
390;0.08287761878084457
391;0.09499351835364964
392;0.019692856846330254
393;0.046199128885521634
394;0.02829378745084953
395;0.08163986437092954
396;0.07015471924988197
397;0.07307877396111943
398;0.026091539004885523
399;0.054744677523990495
400;0.04527516592204417
401;0.05936811531036226
402;0.008006737667171571
403;0.05092148470456718
404;0.038169405796410316
405;0.08636748195007596
406;0.058959499887713186
407;0.07667135870542544
408;0.07325197206796212
409;0.028352158371992866
410;0.09110403573645993
411;0.07632986155125801
412;0.06311575051950068
413;0.023648317782785977
414;0.014542260343155013
415;0.023258732700859167
416;0.02920502499652823
417;0.001899391124276939
418;0.07070326776618498
419;0.04884695924809125
420;0.03747414370196609
421;0.03452529443732392
422;0.08663148998397124
423;0.06771960693450498
424;0.07218503048482701
425;0.01595333782965035
426;0.00426078936551072
427;0.0804085597706011
428;0.09384804254864682
429;0.03420582840322291
430;0.035998245214448124
431;0.04729458048508242
432;0.028520769278435044
433;0.04728252497191426
434;0.02765941961169832
435;0.011070459407711808
436;0.08044295839403343
437;0.038046596269539434
438;0.006300005542574794
439;0.026681411666280477
440;0.018965447025476458
441;0.005722097678580751
442;0.08021073282431501
443;0.0387176121183488
444;0.051505722489595
445;0.06520477296427622
446;0.08422954363179902
447;0.0476846823888119
448;0.04713894894946116
449;0.07537505202576673
450;0.08782875335323498
451;0.06530993985718558
452;0.04859141048475967
453;0.04466229332953595
454;0.06272618486659441
455;0.08280821547294365
456;0.0004726595205571727
457;0.03905429784840419
458;0.08377638796569847
459;0.05585984057266137
460;0.054072505203199964
461;0.04033070676486819
462;0.044435017957457204
463;0.04955188353659299
464;0.04307612130870458
465;0.06909727007999823
466;0.0902326778630534
467;0.05179573590026897
468;0.027455747125872045
469;0.06946038759091502
470;0.098454614055858
471;0.04328775410333968
472;0.09706095488893508
473;0.0766045257962081
474;0.09641809781439079
475;0.056095244364070256
476;0.08654477605364413
477;0.013730812952343319
478;0.07080710360719875
479;0.031453695476516434
480;0.035985269274314224
481;0.02588708448912208
482;0.0625357611761249
483;0.07018955991618774
484;0.08156621671716385
485;0.09238906260800109
486;0.08516057616687829
487;0.021953759848092037
488;0.042458402567465206
489;0.09802359509198227
490;0.027940686769321578
491;0.010789476824607814
492;0.018435484263385805
493;0.04887957868093695
494;0.011896663970605272
495;0.09639219056357429
496;0.027898701214713797
497;0.048617215966749706
498;0.057649992231604955
499;0.09302661557329306
500;0.08615368306014103
501;0.013306582383809341
502;0.0093864653975132
503;0.007973548761834882
504;0.008716218431097244
505;0.0012558430226819574
506;0.0822288976398024
507;0.07774821776842374
508;0.0048594943735086
509;0.014416919695640818
510;0.008160849420172435
511;0.04736560921214224
512;0.07660575672607012
513;0.007191256190721429
514;0.044437266552885026
515;0.07381272055238286
516;0.04243356813727022
517;0.025105522819061966
518;0.014537895172003025
519;0.08208785506730107
520;0.02685184748282622
521;0.09479273012795203
522;0.008367370493969073
523;0.09031490851759705
524;0.09354516947873305
525;0.09998323145314716
526;0.012093261978707326
527;0.016719195513440057
528;0.07119342941074562
529;0.06378507786443095
530;0.06464838247168096
531;0.03335164273465504
532;0.05696083481381135
533;0.034804088684420566
534;0.04228718491698358
535;0.011105081513537696
536;0.0835366968866631
537;0.05576584286129058
538;0.0793241854273566
539;0.027430221690881797
540;0.06534608382773421
541;0.0768785611461556
542;0.05549883226270944
543;0.037181091536648996
544;0.06903632532483336
545;0.08995155483390377
546;0.04919045012510853
547;0.047863247193040116
548;0.04688912715094895
549;0.049267767862725055
550;0.08345495769246883
551;0.052295258207866374
552;0.03280295688792965
553;0.07443725375974251
554;0.09025897142550138
555;0.07006708685027525
556;0.08452068619058978
557;0.014846740932237779
558;0.07632616917090027
559;0.0205192647423786
560;0.039028462365200106
561;0.003172745508207531
562;0.0919458854963582
563;0.011127367702171244
564;0.0033567931948347064
565;0.022402849785081537
566;0.09440327490935299
567;0.0900773831603083
568;0.012434213706764674
569;0.07644902036593162
570;0.06627929810288007
571;0.06411199234887514
572;0.01951855545830357
573;0.027859028086554084
574;0.057851534447693725
575;0.009047166062291967
576;0.02014979932325739
577;0.0753600614579596
578;0.08914406676308656
579;0.0010694514292391543
580;0.03615574121087729
581;0.046060049046252695
582;0.04415268185515563
583;0.05824913673226492
584;0.013830056970544936
585;0.015676568148071834
586;0.009783652669617372
587;0.0364332852735596
588;0.001592546200365852
589;0.0619007930643704
590;0.07983023221003371
591;0.020946955562589575
592;0.007598376230318238
593;0.08451663209890115
594;0.05128689578540588
595;0.006404377727397093
596;0.055608092219827904
597;0.06083286190654136
598;0.0786516686951406
599;0.02960692800289677
600;0.09716988691885277
601;0.039841404030039246
602;0.03910084542533457
603;0.07246233286261768
604;0.08957660563531052
605;0.058757097578670626
606;0.07456049300750793
607;0.03787553367839355
608;0.0012611397513892177
609;0.06432591597376744
610;0.07660774764167398
611;0.04599917680259043
612;0.042451191746229036
613;0.037734039779140596
614;0.07716685302683847
615;0.09004993864716829
616;0.030194532610241454
617;0.027653807847366263
618;0.029747214465703622
619;0.03903024102957974
620;0.016468036611298687
621;0.09498042866991319
622;0.08997849427493744
623;0.022847984245387642
624;0.06395430440305255
625;0.0821468162335724
626;0.026687711879656663
627;0.06516938838371193
628;0.019488604211435556
629;0.05566620346515663
630;0.05262115018260706
631;0.06956266993454045
632;0.027664540027048004
633;0.010901972419655449
634;0.06288860515671175
635;0.01844339031516733
636;0.030244399473071382
637;0.029459014643770265
638;0.012171976867585865
639;0.009423424799807602
640;0.080944650234407
641;0.02921370237894526
642;0.042246237581592606
643;0.055877528709843464
644;0.0382429275952346
645;0.027598886829297897
646;0.08990466285964809
647;0.06593083152888995
648;0.036984224416375826
649;0.00795572738137247
650;0.09349698071419162
651;0.04457886755415194
652;0.08118501740680832
653;0.01620404991038591
654;0.028960071659904076
655;0.041872392205931044
656;0.057991554748367403
657;0.06253018166841094
658;0.0761537198804779
659;0.08680775533715304
660;0.09446054973056646
661;0.07967567950361368
662;0.015991500780258672
663;0.04141904534723469
664;0.0639082783025625
665;0.0703690779616225
666;0.040302119792570514
667;0.06240008616899215
668;0.06907147978470654
669;0.016349775006483613
670;0.07049496832894366
671;0.06652423987371964
672;0.07719950749975933
673;0.08285295293013456
674;0.025514262215561113
675;0.05609904239680156
676;0.0013429260099891982
677;0.008913025873263591
678;0.0674234757562424
679;0.04225076709225731
680;0.0991739892770684
681;0.06748148697626799
682;0.08545897667988167
683;0.09976535169174776
684;0.037050747002284466
685;0.08216991722530637
686;0.012745650670830999
687;0.07544670807875074
688;0.08713467568819565
689;0.018542012551281406
690;0.029986478226353565
691;0.00266809081076681
692;0.08228645795177411
693;0.08963735424778023
694;0.0998009116858686
695;0.03552021638436054
696;0.05961351780893018
697;0.07363547352488672
698;0.03358411925952045
699;0.0367129098266041
700;0.0016424510683108796
701;0.025525735635730618
702;0.08006775347547884
703;0.028728149768416113
704;0.06628746103722985
705;0.07920958260151852
706;0.013800562657969806
707;0.05214661167530025
708;0.020139398236017625
709;0.06832067260366635
710;0.09549421458730896
711;0.08403682202396083
712;0.0996013552834739
713;0.07240787454301373
714;0.046356032690889365
715;0.0805644008203671
716;0.048556106733827875
717;0.03429008304990011
718;0.08077524606855283
719;0.05392889354265541
720;0.057791830080387824
721;0.07560855742387372
722;0.04639335891841866
723;0.04398458965908039
724;0.08375281976915204
725;0.03510752486220441
726;0.01234215363643334
727;0.06428907080621428
728;0.08198886802414453
729;0.04332574087518912
730;0.011796613057024875
731;0.07012618615185416
732;0.06290696941007674
733;0.0349255197831041
734;0.03034195803446145
735;0.06801422175160259
736;0.00232449357323109
737;0.09132983911721665
738;0.045244011840679194
739;0.09884226104631753
740;0.033972199607139264
741;0.08048412446615638
742;0.01654180112557979
743;0.013631553111110495
744;0.09336750053638984
745;0.09402252477107251
746;0.06329522322917629
747;0.09648108736340977
748;0.01407092511112118
749;0.08105316468761697
750;0.010450439528981538
751;0.06120411507071614
752;0.07888476029725307
753;0.09984571712506525
754;0.008621406601956061
755;0.09886076398715885
756;0.03987720684392231
757;0.004026756449174496
758;0.06445371965302647
759;0.06403862169689815
760;0.04649332040588661
761;0.08883224639930898
762;0.06913433465085504
763;0.061231449409066135
764;0.06694859955725195
765;0.01218891802561608
766;0.08834541862807632
767;0.09357630801107693
768;0.03759978940565485
769;0.05526760549972235
770;0.01304929461900446
771;0.08595371074676032
772;0.05580015825748833
773;0.07030108502141037
774;0.028452317724599677
775;0.008110836273009093
776;0.033479333021735905
777;0.014666514701724654
778;0.06043096521542644
779;0.012240733574459095
780;0.006045692427664107
781;0.07234779391525481
782;0.02395175100850555
783;0.007779027875727863
784;0.028672188529391476
785;0.09986802729379943
786;0.024919431146886963
787;0.018985514474337075
788;0.07405853796987413
789;0.06176151983665257
790;0.018474278531590595
791;0.0812809581077284
792;0.03834239699124042
793;0.09710258055891458
794;0.03983935415868457
795;0.08456235813769195
796;0.0933647278230783
797;0.022975736316319675
798;0.046780549168936085
799;0.07940623756862665
800;0.003714874527310075
801;0.06679944591297653
802;0.08459250059989608
803;0.01108617679307169
804;0.04318640245369261
805;0.05465108387823232
806;0.04141265847525793
807;0.04210814541753835
808;0.02764624295212347
809;0.021711359230157212
810;0.09635014602548644
811;0.0025787301623913742
812;0.08529332288232419
813;0.03352429474165093
814;0.012762866038320232
815;0.09722702273172024
816;0.03428059445936278
817;0.05222881612517556
818;0.08070599087916673
819;0.028631327785707452
820;0.02675922963381725
821;0.08973650543821898
822;0.04724863796668297
823;0.09567117840704403
824;0.025378985980615523
825;0.07486993036027793
826;0.07607663120568052
827;0.043682803308088505
828;0.003772400360690409
829;0.06306974013130175
830;0.08515026495517876
831;0.06677490885402072
832;0.06774864729424003
833;0.03222045967224203
834;0.09408497604985903
835;0.06032822975302789
836;0.039498251293587576
837;0.07595965522955112
838;0.012592816353687876
839;0.05066419715451751
840;0.04440449417400412
841;0.07641360501951838
842;0.027058835167875418
843;0.0595575596116407
844;0.02826922887840242
845;0.05018292070806879
846;0.032849612258336436
847;0.056986825409455016
848;0.0008386435366841805
849;0.007633787831024242
850;0.0006999300710653467
851;0.08681303094914171
852;0.05670760134742662
853;0.0987294336550994
854;0.015967121608227886
855;0.09202918440042286
856;0.009076103111618805
857;0.09353273998826055
858;0.05478150054986524
859;0.03857361392230699
860;0.059834126761198037
861;0.09237143882537263
862;0.05113110801249139
863;0.08299877617999082
864;0.03489182864493917
865;0.08750914379622514
866;0.055883564964976574
867;0.07033028267729062
868;0.05553905739361286
869;0.09999720624329551
870;0.06792131392714865
871;0.03975587523521849
872;0.0037785746294398573
873;0.055381132248559485
874;0.07001835363301705
875;0.09114422323134315
876;0.05870740622704515
877;0.05064781664519702
878;0.09917605273682978
879;0.08507001122904057
880;0.04879943469667583
881;0.0680723203242171
882;0.07589327225205028
883;0.03241225076684228
884;0.02421068191977519
885;0.05783050596833871
886;0.009837947119790857
887;0.07378738648590528
888;0.053760637695874997
889;0.0978136081322416
890;0.041937573871875626
891;0.08017943217888647
892;0.020971621393028494
893;0.022141006404683805
894;0.09894988570143694
895;0.005346553603353288
896;0.05668022101505691
897;0.02877419679700274
898;0.03502876634774356
899;0.06446962136342026
900;0.06283578313445938
901;0.006062584618761225
902;0.07644437887370131
903;0.013263647374323506
904;0.019687437606451197
905;0.014306301874260675
906;0.09986800055819994
907;0.08463159457406333
908;0.09051266570948573
909;0.003537620864974023
910;0.03493934820731698
911;0.01917966604631928
912;0.08209759878571815
913;0.013451864197442633
914;0.029377327623624484
915;0.045345441018815436
916;0.05176156860746805
917;0.03550006795431794
918;0.0097857974979078
919;0.03388284151319009
920;0.05894604391886136
921;0.03378446171678643
922;0.06278210253208176
923;0.04485138379786602
924;0.0648545292993831
925;0.01045889606388949
926;0.04425027930486333
927;0.016001613937893535
928;0.016549597559003416
929;0.0261274748076739
930;0.03255645917053806
931;0.03130903046110694
932;0.06223779469091122
933;0.0004365032364990862
934;0.04571438076718468
935;0.09021790008985037
936;0.0975657969528834
937;0.08564447187479408
938;0.06397607829839713
939;0.0942995392511438
940;0.09557256600799499
941;0.07125773066855831
942;0.03257220987617764
943;0.016315620302646605
944;0.07337564381911693
945;0.06962530833022812
946;0.0693992324646686
947;0.0710063364076466
948;0.029935936843712888
949;0.07522734995295115
950;0.06924319523686641
951;0.0758100925438236
952;0.09618775414212971
953;0.007725127835163348
954;0.04249976824989643
955;0.014088046261700717
956;0.03817150734652748
957;0.05863087161372541
958;0.055104209239835514
959;0.06281179335794218
960;0.01964207809092955
961;0.04595473750506304
962;0.04379083035415319
963;0.04631219239526091
964;0.02196486872053771
965;0.036723580065689175
966;0.020785138022580064
967;0.032027618011524574
968;0.09721769536433084
969;0.02026169354621953
970;0.021530740504215273
971;0.0882584433293834
972;0.03841524909161867
973;0.010032340515169614
974;0.06296129485399782
975;0.05973546664700126
976;0.04493803315482575
977;0.09798205029234616
978;0.014891013687424149
979;0.09928666620709309
980;0.022535053267408824
981;0.0921496730646005
982;0.015742580297772115
983;0.05921655207049369
984;0.04357704352385494
985;0.0004765408686930095
986;0.010236973345447365
987;0.013978024233079268
988;0.021144653486240207
989;0.00740715626888826
990;0.06141122503961083
991;0.06171104551731445
992;0.07508565216542601
993;0.016973412503003493
994;0.06554029626399172
995;0.009974217007729037
996;0.0444295336451676
997;0.07527241677697391
998;0.05599568075893035
999;0.06967556168837373
1000;0.08287664342886324
