1;0.01204690652954692
2;0.12621586974819085
3;0.09243766481723499
4;0.1995037656678263
5;0.19597219510891312
6;0.16191638107996656
7;0.015312995951415154
8;0.03615521449244805
9;0.1950617145969894
10;0.19253365065021324
11;0.08889169273736044
12;0.026106187806581006
13;0.04511080048994198
14;0.06719997778280343
15;0.04478690257738869
16;0.09133730808704638
17;0.19825419920303922
18;0.19087375122364372
19;0.010862775326745889
20;0.00457820069394701
21;0.07308252037554346
22;0.02663174195063203
23;0.0780769879921309
24;0.13720788168522133
25;0.01806260111565623
26;0.06712129779949598
27;0.1341914572482665
28;0.17916437374400215
29;0.16083780467864042
30;0.1964206500628936
31;0.10096797141479122
32;0.16633279195368544
33;0.05401195557571264
34;0.05720153691096297
35;0.06705396503857929
36;0.05154039684008205
37;0.06707910073136784
38;0.15072973937013348
39;0.13903362371615777
40;0.17876049007370742
41;0.08215437248490064
42;0.10945480128265422
43;0.02476994448421326
44;0.12321058025981656
45;0.10311402230091996
46;0.030611427221938305
47;0.03415154764891964
48;0.125741572326672
49;0.12811866173578515
50;0.032100131599174686
51;0.1754124779600782
52;0.10472366367575625
53;0.15737987196498726
54;0.025136667833219065
55;5.7107168014236544e-05
56;0.11130643086694347
57;0.056708330507052464
58;0.009003009785599604
59;0.1752772383554277
60;0.03300395232268465
61;0.04181084181522346
62;0.08515099326407093
63;0.17663647576163885
64;0.12121785609109055
65;0.17501311461495336
66;0.12636476855480014
67;0.06282565269314747
68;0.08592651786395428
69;0.16333701963405559
70;0.12962232338663401
71;0.16726868284876567
72;0.0029484891078456867
73;0.023954200761683444
74;0.03348950145819083
75;0.017578223719219133
76;0.08795999704515096
77;0.0025911511706541604
78;0.03999352968486754
79;0.17187022228245852
80;0.12950039782940762
81;0.03436387532824168
82;0.041785452699788554
83;0.1422134802797244
84;0.04129710073324924
85;0.09911525113666003
86;0.04286860733715834
87;0.028342483850904567
88;0.09980931666059921
89;0.006076282813116407
90;0.08894999308738583
91;0.025898100533580038
92;0.12983436149044136
93;0.030876405262433584
94;0.1046915368367639
95;0.17686170934831136
96;0.1379846576431145
97;0.19473258590394582
98;0.10669885296395956
99;0.02464527384120101
100;0.044950902940123875
101;0.032384891157151575
102;0.1991577396707621
103;0.046525430894435775
104;0.18107897638426182
105;0.15736391156297752
106;0.027453317871233375
107;0.12391284676363284
108;0.07733763578449376
109;0.13454310716893012
110;0.013670112716119488
111;0.009140741117406837
112;0.0026510009288002404
113;0.11231470264713057
114;0.12036581802756299
115;0.04883371121919414
116;0.07142896683762155
117;0.1014832922847905
118;0.02084955241393498
119;0.021196789044398368
120;0.16414722777171145
121;0.10760046955663907
122;0.012119367329605103
123;0.09770255789480874
124;0.14555872979767243
125;0.08349505419622816
126;0.04871572456641853
127;0.06961238310774646
128;0.06501893083165436
129;0.18298597506873532
130;0.17728036255545399
131;0.07357595698663677
132;0.17079016720202816
133;0.06867487368959001
134;0.020831330949358563
135;0.09522010266999281
136;0.15867968499820528
137;0.10754710086389668
138;0.07406298445239845
139;0.11784428728595218
140;0.19406807047092878
141;0.182206485513819
142;0.1154181632784459
143;0.16902990598233963
144;0.12814165349450776
145;0.009162039166640712
146;0.0751978037607018
147;0.15157860339422635
148;0.06981701062873549
149;0.1315829292374435
150;0.06221510193413407
151;0.1765606683657581
152;0.006907697442154093
153;0.19342755758771862
154;0.11858909462090071
155;0.03746809031088432
156;0.0074674910579712655
157;0.1846792342026805
158;0.11649623520946956
159;0.05283571019796838
160;0.19447959035898552
161;0.003928352029755233
162;0.16595074160967693
163;0.19179979947378872
164;0.16253458298879886
165;0.1804396008865884
166;0.13268209176416576
167;0.016517764051296548
168;0.11100000656200276
169;0.1372496060052016
170;0.0024843232033503696
171;0.07831309694614491
172;0.19431340818631163
173;0.08826485788134684
174;0.02074398998752558
175;0.03308409418206093
176;0.045735989931753235
177;0.09245105737266075
178;0.16857246725609648
179;0.014369620168914944
180;0.12367860350115151
181;0.18508002389021114
182;0.03361200746316897
183;0.04148914995138318
184;0.09183971537263905
185;0.13261293531915774
186;0.05346410233468544
187;0.11924532234970951
188;0.008088818432770517
189;0.02486609280390144
190;0.003825261855350437
191;0.17412117028143273
192;0.19932733351906007
193;0.08339723074899544
194;0.04480818737753407
195;0.17649201341983295
196;0.08694636772981837
197;0.18058646525533203
198;0.06441579118229182
199;0.03475518196152845
200;0.1940938164089573
201;0.0565237264881219
202;0.027745055017233945
203;0.1787983746590021
204;0.14645522984085044
205;0.027113064985799285
206;0.10258124180743942
207;0.13988039023097606
208;0.06309640461085618
209;0.07096256031087732
210;0.08307717014849421
211;0.0703789847753371
212;0.10468951315631131
213;0.1493669636586432
214;0.11745728695269105
215;0.05128787083150015
216;0.13207683569289136
217;0.11823206849581723
218;0.1605941199213754
219;0.048177031773609526
220;0.04038037628260349
221;0.001744450424738786
222;0.029477968276614044
223;0.1586152863548648
224;0.030193849435294396
225;0.19357307072661598
226;0.06277158952314014
227;0.01112376825543262
228;0.176175055895598
229;0.03628147629337366
230;0.14093140343961041
231;0.1796015453248586
232;0.06656447073034247
233;0.15828694182959469
234;0.17365612995406685
235;0.12995870657416211
236;0.11311940780344852
237;0.04075567924277861
238;0.07338112664643237
239;0.12839530478146902
240;0.09915456417000448
241;0.1499581710763078
242;0.04151312693135787
243;0.0859890154180309
244;0.0848939493260573
245;0.12057351504320835
246;0.01878094804916455
247;0.0928171939066004
248;0.02898271592453379
249;0.1581642165151358
250;0.05287275947122708
251;0.10674304107509287
252;0.11560951989034192
253;0.16063444228801357
254;0.17390042791304902
255;0.13986866226150174
256;0.19929352682191992
257;0.17038855920063664
258;0.10355191317791301
259;0.11167935646324255
260;0.07048488951682655
261;0.050265099978237984
262;0.05457445208727923
263;0.11639871249372846
264;0.05744316477392291
265;0.13134979287852397
266;0.01890518580398817
267;0.033564609946746975
268;0.12236149204042293
269;0.15144969331048122
270;0.17237946072129084
271;0.11700303313596559
272;0.04085189468806141
273;0.19653816766048704
274;0.13545458331890708
275;0.03318481179317528
276;0.05479097806328262
277;0.1160543849546045
278;0.061391514935200786
279;0.049822740988035144
280;0.039029372888016806
281;0.09617500196290787
282;0.06432138111972606
283;0.11624440642778565
284;0.010530372573128811
285;0.10662468383216579
286;0.036510581567429104
287;0.03694696288670516
288;0.16275359029786224
289;0.14141419056992036
290;0.0969667192113603
291;0.19449091654953976
292;0.014970733834416317
293;0.11360360620857556
294;0.0028910272820867667
295;0.0182913963050265
296;0.1330768541918696
297;0.14667534666774903
298;0.18886864321163188
299;0.03911970201652318
300;0.062456755176209744
301;0.13991148823983707
302;0.11090730710202926
303;0.12589025845280202
304;0.10578275246683957
305;0.18427737441161265
306;0.14325936602130632
307;0.14864583359103045
308;0.04323168892599308
309;0.17183151429441768
310;0.12302629606684577
311;0.07873486218482778
312;0.11154597366675588
313;0.0075292972966639615
314;0.1887550520024302
315;0.05588340609819238
316;0.10729395407544998
317;0.017773485006897682
318;0.12042906511573995
319;0.004790920051626313
320;0.08620565713695448
321;0.18694230320588887
322;0.1359104798022443
323;0.058747827999678016
324;0.14400651143046073
325;0.10440467328026522
326;0.180780515214497
327;0.1829407966509837
328;0.15609254484606744
329;0.05051692902435126
330;0.12164991625142377
331;0.06774545396580063
332;0.18882520541126013
333;0.054094751855760737
334;0.0419091502173248
335;0.1951809614722264
336;0.17084590377744632
337;0.07361418523904742
338;0.08608666900507951
339;0.09126795670149979
340;0.08279909703378968
341;0.026699844272104013
342;0.17129566995571743
343;0.08956640734857868
344;0.14160790442313986
345;0.1844118412258284
346;0.10642832874266231
347;0.12257915727362517
348;0.13634678283148102
349;0.016162571029180773
350;0.04542108282653641
351;0.14173453114461138
352;0.023345313927400514
353;0.10741465069683201
354;0.17492726146227075
355;0.10019599159273394
356;0.05326182196307579
357;0.04889340106062848
358;0.016545384502466433
359;0.1770043443886162
360;0.1438939079073348
361;0.184679875165775
362;0.18136298267750872
363;0.07888072900123876
364;0.09268285124836495
365;0.15619459714336234
366;0.04774059324686202
367;0.14266257484779118
368;0.050583142682181184
369;0.07777893769748252
370;0.12410011428193371
371;0.17451216386887813
372;0.149959337037089
373;0.18982722002302727
374;0.054143129548821195
375;0.05256128826136808
376;0.14361215603211216
377;0.17041678086248316
378;0.10830115241131649
379;0.006181918590930891
380;0.039934588802351526
381;0.1421466780792478
382;0.12028906730131815
383;0.029471861601062632
384;0.17650505979203487
385;0.10300422596673307
386;0.06054725767398457
387;0.1626104179234047
388;0.1880783739384913
389;0.19497285864080138
390;0.04594498951077666
391;0.058537475079108295
392;0.03385252108382715
393;0.0696513202492449
394;0.11280426464371028
395;0.08206477342485158
396;0.18314046295224237
397;0.15711251819984218
398;0.020340827825606225
399;0.044355339489092274
400;0.01833194427296545
401;0.16133222241443348
402;0.1490164373028507
403;0.046502744201481705
404;0.17199425923769002
405;0.18496926414948894
406;0.15889863666020954
407;0.04841498132786462
408;0.1597262888574721
409;0.10815582155305913
410;0.03769689544655468
411;0.03711616616192459
412;0.02364162528517475
413;0.026577683694738674
414;0.14269661355912105
415;0.06706742816922573
416;0.08231268243640699
417;0.1813852652279016
418;0.0948589225594684
419;0.09634866752254334
420;0.10793682935987342
421;0.17111377049553417
422;0.11386439700141525
423;0.10074034312013001
424;0.18634587661408422
425;0.06048610034490512
426;0.08046702014985976
427;0.1466687787017795
428;0.1496999228713018
429;0.17822551231826111
430;0.14031460306243215
431;0.03763648779971314
432;0.024205014177780607
433;0.16575942415752418
434;0.16929987422727966
435;0.0368069966894645
436;0.07446314046330009
437;0.09166906299829738
438;0.18206637219196797
439;0.023652818905520692
440;0.19186965441141712
441;0.08906186650654502
442;0.02051106191046144
443;0.07566115170545594
444;0.06131034240249256
445;0.0646372608574693
446;0.03405096597986408
447;0.019433089474950885
448;0.15310182856888488
449;0.11546497737030165
450;0.11018494013659119
451;0.16981523180994992
452;0.047720315113672876
453;0.021303237863143344
454;0.18540664780691155
455;0.13068576142195443
456;0.11756657388440837
457;0.184540393350207
458;0.0630440017608047
459;0.021844361161716577
460;0.043139124410236686
461;0.195914109590362
462;0.1840496810116622
463;0.05276451575257899
464;0.08734857530322565
465;0.01447236491160866
466;0.1961435309149605
467;0.13875648840765925
468;0.1859875166443099
469;0.03609386251807609
470;0.08279920983627327
471;0.11665044124577402
472;0.123615344202128
473;0.016700176935234335
474;0.03191278089250989
475;0.09352844435623237
476;0.13516297038941014
477;0.17797776602235124
478;0.1872192104611521
479;0.1599222660571356
480;0.027553576746269504
481;0.07341116651814139
482;0.15484928812689347
483;0.0015746745144569864
484;0.06324616172258767
485;0.16928216142569297
486;0.18655922211880296
487;0.10977103416014089
488;0.14965590635055892
489;0.13038650158253326
490;0.05430138636463647
491;0.05194385008499816
492;0.09970557427286952
493;0.1202558783269369
494;0.1391756278227898
495;0.19669967699363197
496;0.16610281676416103
497;0.0007241628364544894
498;0.06727437492450931
499;0.13510308732618762
500;0.19278312761115904
501;0.16587128654080954
502;0.150827740450698
503;0.10091729145004003
504;0.04548447983314448
505;0.05393826964593425
506;0.041034249583928296
507;0.006726470130568996
508;0.1288391746545998
509;0.13417505797755133
510;0.13469099639575915
511;0.07186353972525732
512;0.09925150946048984
513;0.1341507856131355
514;0.04081350429709037
515;0.1839059466522301
516;0.12437790678395338
517;0.13178197967219765
518;0.07627029108025825
519;0.1573178353475763
520;0.03727160924712836
521;0.08061275402145143
522;0.14554820548195965
523;0.09024124056880611
524;0.16769531276668784
525;0.07705659203963565
526;0.15545496159083502
527;0.07639321687905382
528;0.08500650086285105
529;0.08569923700912035
530;0.08848655094365449
531;0.09708771558495716
532;0.16006988466460267
533;0.1759546674438055
534;0.12960276198323176
535;0.013692674928845162
536;0.10921104943393277
537;0.1467633729798434
538;0.10809430580417045
539;0.18897766502089147
540;0.006493010966471946
541;0.09682675022818368
542;0.11122064289242979
543;0.1358433139047337
544;0.11242274972529094
545;0.12621991348580228
546;0.19146404161456
547;0.16090068876722055
548;0.15904804987005797
549;0.04568870316506595
550;0.14535636789939746
551;0.017451062570330047
552;0.12531009117722833
553;0.07047423097027494
554;0.1748269040237693
555;0.02062650565193356
556;0.16213018086587355
557;0.03595715956749288
558;0.17654498710929228
559;0.18598968181243414
560;0.0778121107944938
561;0.06866844146384157
562;0.007788950665599037
563;0.08739274673081841
564;0.0014833311002637073
565;0.191718348159863
566;0.07986908792543577
567;0.1532510452519718
568;0.18070988397242876
569;0.08099603936729005
570;0.18679503063461522
571;0.050929987692779614
572;0.09689591711750326
573;0.12830193960296096
574;0.1752088058485898
575;0.04310206083365118
576;0.08192241198951565
577;0.06064718806216312
578;0.07125676521323097
579;0.009153034532141002
580;0.01921057307187575
581;0.0017694929659705539
582;0.06222437571897828
583;0.08144362346987362
584;0.09092389234722723
585;0.03519239674617254
586;0.09339821838071259
587;0.15328609259310502
588;0.08146899013863505
589;0.18504031100134477
590;0.1688231315589604
591;0.17162965868840147
592;0.15003145549757213
593;0.10613540305238539
594;0.052448163591139775
595;0.05250665516560842
596;0.0943954841681885
597;0.009125287713384611
598;0.04631285080652634
599;0.14623994276191876
600;0.08327659288583983
601;0.08477418512004838
602;0.14584139290567344
603;0.12536090676741105
604;0.016133404808089537
605;0.1220575934893346
606;0.11444136540082031
607;0.031736239575348484
608;0.09610511296001847
609;0.07565893440734342
610;0.12582586151775318
611;0.002227414733424604
612;0.07750792000070479
613;0.12029543316892143
614;0.15842559115936655
615;0.07773279578823461
616;0.032972346050188596
617;0.08255978205305765
618;0.03476113129204206
619;0.08329510902518707
620;0.16106353619490943
621;0.0022732864918805665
622;0.16782256159079248
623;0.1779874433975555
624;0.10749778520359993
625;0.06246126555221783
626;0.1847374173237223
627;0.11494205223288104
628;0.1094347730329379
629;0.18250842580198587
630;0.07868616575614654
631;0.13581861339429208
632;0.0013136577866296852
633;0.18377367323120614
634;0.07868590858415139
635;0.1331087631018669
636;0.07230528907918665
637;0.08385122242937225
638;0.15275173705072384
639;0.12291282962609054
640;0.07305015774924394
641;0.10988751378908564
642;0.0153185378241679
643;0.01829431398262531
644;0.06285969200412382
645;0.1583675375223197
646;0.03301322180366528
647;0.027357789335567897
648;0.15171791503266413
649;0.0761695393207421
650;0.10020962337910091
651;0.14163423116098958
652;0.1269202521493315
653;0.0443242261244565
654;0.16527167028474088
655;0.012479143358880052
656;0.02910359614906253
657;0.025765409027967937
658;0.16250767897714954
659;0.02272359763732681
660;0.179913339348027
661;0.12254311527492823
662;0.06327751773298751
663;0.12654248366554405
664;0.013030542517344902
665;0.1778872357520435
666;0.049133716050645294
667;0.11489771440338235
668;0.06863720873594559
669;0.10975437315321723
670;0.13687871058347875
671;0.16714244228277542
672;0.19705139378466752
673;0.006567982863492406
674;0.0035776034038345287
675;0.04354536338513315
676;0.17804591686266324
677;0.10549469567969996
678;0.01602792389688015
679;0.04399745903068417
680;0.10495242093709789
681;0.005681431973613127
682;0.10104805857206477
683;0.05492694715705866
684;0.06841256822098588
685;0.08830905404116585
686;0.008540324749781681
687;0.12567912428256153
688;0.09831781651814751
689;0.12964919372293968
690;0.1323089383028994
691;0.14044966541240178
692;0.10442790289869663
693;0.10213825720957113
694;0.10794864776508079
695;0.16111365828636504
696;0.0005232942817796183
697;0.13138771460463702
698;0.18032779608986593
699;0.11580026080636685
700;0.13348579656837342
701;0.14120972750863467
702;0.08023976741041479
703;0.08651782977806158
704;0.09363223251559488
705;0.1510215730544616
706;0.004975158546088676
707;0.17704754854671345
708;0.17761733081921902
709;0.10491664408883035
710;0.18894309684629498
711;0.14946705993449755
712;0.049843037171797236
713;0.16547526433682253
714;0.02500991195593536
715;0.06653160679819452
716;0.12344789306331311
717;0.016840954642932383
718;0.058387409675111517
719;0.00903142027391306
720;0.08831469343822507
721;0.11654515066413434
722;0.18390186397075975
723;0.011195744953171528
724;0.14304679173319343
725;0.04320513956507517
726;0.14930064611128138
727;0.06314126268255375
728;0.1854979653903559
729;0.12131199645822553
730;0.01661773607552495
731;0.0870490140329437
732;0.15083708056658715
733;0.19890950995362458
734;0.0027541524715228197
735;0.008784716677453886
736;0.0182724222357874
737;0.0322318831495277
738;0.10330093426597549
739;0.027828469108890475
740;0.013426860267199815
741;0.1113337179016195
742;0.08450049669710413
743;0.04674146710239138
744;0.03282800144560394
745;0.13830581388914595
746;0.1128509462435635
747;0.04457960981689146
748;0.18215243234773562
749;0.19240260853537572
750;0.11110195324578279
751;0.12018799433695414
752;0.10201720288714133
753;0.17777910826967844
754;0.0976360098262801
755;0.06793214072536251
756;0.15412752396827079
757;0.1701026272956634
758;0.1498968151314705
759;0.15604896610193686
760;0.07452381127214805
761;0.11527268317181949
762;0.06960239543151096
763;0.1718285492621286
764;0.09857277814293415
765;0.07920515389950152
766;0.07736322758938144
767;0.0047359892794480276
768;0.15390891935351936
769;0.106130847850127
770;0.10562889273648118
771;0.09293593070799025
772;0.05505156037964694
773;0.18604437905986893
774;0.18418340505181627
775;0.09586128347612166
776;0.06278845171743393
777;0.0546781146097044
778;0.04900337377021742
779;0.0912529008328235
780;0.16967131483118922
781;0.12471788288827373
782;0.12473925198283116
783;0.05946037337253627
784;0.1206246379356629
785;0.13449385903223715
786;0.164308163516085
787;0.07753363034533652
788;0.1464225043383461
789;0.011445672487364679
790;0.1590356321877231
791;0.06487507584445583
792;0.1145094243610913
793;0.10803727451602055
794;0.08138311859527572
795;0.07082757640446476
796;0.031139033824334097
797;0.0613925024635531
798;0.16151873497912905
799;0.10703050418549254
800;0.17323676725492246
801;0.19202145545910126
802;0.0899888856055344
803;0.08387840416773529
804;0.18115379616777005
805;0.1909705903519552
806;0.16304925921224767
807;0.17986610278618917
808;0.07041302038457209
809;0.14541254447370638
810;0.08906916311807785
811;0.1832538755590566
812;0.023050806010005864
813;0.14900996465082053
814;0.19275145200166585
815;0.01847208636013775
816;0.10840128211248866
817;0.1523263115075871
818;0.028330587692063425
819;0.10494536978184568
820;0.004212748539234945
821;0.05443833507439229
822;0.004438801109473367
823;0.11723806711447818
824;0.07368025514294112
825;0.165276976244581
826;0.00798178066150197
827;0.08578427888111986
828;0.09278040291295042
829;0.16215720385775778
830;0.09783675533245684
831;0.11912275225219578
832;0.13551338768636548
833;0.19605512152108096
834;0.034272632728586806
835;0.04668598980939951
836;0.15825644823087737
837;0.14733311950590644
838;0.0054508757917048015
839;0.08008025638623689
840;0.1970478999571209
841;0.018543400782799348
842;0.1275831042057308
843;0.15434641335451765
844;0.19418331816475662
845;0.1820355942054751
846;0.09460053621762649
847;0.0018784075360067432
848;0.004195161224630284
849;0.18361351938099613
850;0.13654067289237307
851;0.11009075421702424
852;0.1163936107764839
853;0.09079035351826104
854;0.10861073732216137
855;0.14346680006402482
856;0.03651632907464275
857;0.18468229087228744
858;0.12270266225297269
859;0.16130187342030203
860;0.06945384227600869
861;0.10132605172245959
862;0.07611104895542001
863;0.08857911184734235
864;0.14051106669900135
865;0.13341963116248676
866;0.17743040455429668
867;0.038816860214455184
868;0.02829192325073282
869;0.012581246849738381
870;0.06924051233284927
871;0.1361324476937697
872;0.12087039368572826
873;0.11154020839978616
874;0.11566625683793524
875;0.06373024336231439
876;0.05280002816429213
877;0.19811113601463545
878;0.04363660896922941
879;0.09939949633059822
880;0.04155080634838775
881;0.020264209767493768
882;0.19577182233458568
883;0.15985510147979015
884;0.1876704901977427
885;0.035232046939015604
886;0.0006169682825497125
887;0.16002180077628017
888;0.09012654758500507
889;0.11985046480272216
890;0.1507269612765557
891;0.19037292093983804
892;0.023162066703695607
893;0.15222946306895413
894;0.0824575081684281
895;0.11789310971107272
896;0.09438423496554582
897;0.16874038298354893
898;0.05923741028726917
899;0.17963396213634278
900;0.16483440379014733
901;0.01176669422978438
902;0.18268656896503294
903;0.17414584775949352
904;0.0994309297901742
905;0.024099589469879713
906;0.11931392962511081
907;0.08575293705583126
908;0.01759051471530848
909;0.10662316782024593
910;0.08854610461216057
911;0.02120861229586113
912;0.06986457788750347
913;0.1757250549938896
914;0.044877836392928194
915;0.04675582700735159
916;0.15986647086389083
917;0.12504041440129118
918;0.18436338623208762
919;0.0539785647950706
920;0.0742185995824856
921;0.016608391366174913
922;0.022193529871704133
923;0.17549717614400448
924;0.08307590054592479
925;0.04894320862679942
926;0.11002901555342254
927;0.18900397748168407
928;0.18995397402283487
929;0.0919264753077323
930;0.058911797162829974
931;0.021568919018735477
932;0.016060508442698174
933;0.14406245849691496
934;0.16158470915332054
935;0.028471435738251394
936;0.1208947638279045
937;0.18790682701880523
938;0.16128743435824866
939;0.018848446176437484
940;0.015639716761483326
941;0.008067917804085533
942;0.12099319170203836
943;0.16674510142948495
944;0.05901148770583586
945;0.1251741004778599
946;0.029687389825496124
947;0.035258991144584396
948;0.1975487279226149
949;0.033481626581386
950;0.1696639562676221
951;0.19599862533065335
952;0.027542756436965646
953;0.08803318007100501
954;0.11432919458326202
955;0.0696258661601902
956;0.1498471365654389
957;0.03167480343734617
958;0.10297829743754855
959;0.15785357130081862
960;0.11738918406929555
961;0.14408386744642088
962;0.0449514434163864
963;0.04963582237980762
964;0.0452991702730998
965;0.1181309536660638
966;0.013597352610232316
967;0.0975819025551224
968;0.17932620388153367
969;0.002105274111564093
970;0.03209799641484403
971;0.1976102640919567
972;0.12490097236604691
973;0.03870133186639766
974;0.15277593842326587
975;0.025680946383077587
976;0.13182610615866996
977;0.04732155150932349
978;0.0774697257508026
979;0.123278399672478
980;0.003992041384230771
981;0.1935555950787111
982;0.009754796251391307
983;0.11489970905474563
984;0.0025989733291450715
985;0.09827288792869684
986;0.15867237007160043
987;0.17817267013064322
988;0.18574217607130775
989;0.14953180460273632
990;0.08254796748366591
991;0.04648614626729617
992;0.16175897905637102
993;0.12254660719184836
994;0.0887730006782135
995;0.06316178298435515
996;0.040242466416795325
997;0.11048754096375582
998;0.05312117930164204
999;0.1593384141611962
1000;0.0394202394619472
