1;0.030026067184929908
2;0.022677691523485956
3;0.09232051092644354
4;0.1804524063321975
5;0.16614067369385083
6;0.05665338465349321
7;0.11251103040122717
8;0.19913401018418253
9;0.1491157694702787
10;0.18935625153239544
11;0.1938081850980749
12;0.19712415780103912
13;0.029166790188911884
14;0.08995525416525346
15;0.06770841071964777
16;0.09723972048166202
17;0.10214304073108083
18;0.06345727732078098
19;0.034666605155560304
20;0.12044888520813563
21;0.14488171801108077
22;0.14458868079526968
23;0.04140044026988197
24;0.08502507982441615
25;0.13077968663873224
26;0.019382179817866985
27;0.09983131063006581
28;0.18029702085274563
29;0.09462212562329919
30;0.13776536109869306
31;0.04540347805405947
32;0.14439502997859155
33;0.1915213531406404
34;0.1731819635412859
35;0.007115040958471531
36;0.18118651125544782
37;0.06697802506444495
38;0.04138117554573664
39;0.0776631132482522
40;0.1361729150243669
41;0.06393903522165555
42;0.17011968255156518
43;0.056038878371125006
44;0.17747497393221134
45;0.11481284732646178
46;0.03494978354336562
47;0.001520813118426867
48;0.1383069894682065
49;0.0491996179803897
50;0.04196795296427605
51;0.1517952836492705
52;0.14680531829721088
53;0.021139563742929225
54;0.07513809824845519
55;0.18655041672709546
56;0.045976573698564144
57;0.012072789983348221
58;0.06751047957475168
59;0.007701312685842
60;0.012032616736515546
61;0.10924151662268962
62;0.027440149512061775
63;0.14246198379696628
64;0.08052586973861771
65;0.013790789684584005
66;0.18219230684686394
67;0.12639034034917568
68;0.01265508961706856
69;0.18537826309001634
70;0.1704889401408027
71;0.18826309305528058
72;0.14803183634073222
73;0.0014673844404602177
74;0.14440699267006177
75;0.04365858947369659
76;0.12659202810747924
77;0.17036319472571057
78;0.0348784708026745
79;0.054365120511215254
80;0.06150772144125658
81;0.0014705766660662923
82;0.12133564673413444
83;0.15702300811497943
84;0.01738823847682938
85;0.17773346501774556
86;0.13638294307570592
87;0.09425904965042736
88;0.17089642398871663
89;0.10714252399363118
90;0.045390956025504026
91;0.09293082018899779
92;0.04837003065127024
93;0.14679295709416948
94;0.07865304503943799
95;0.1904390285328137
96;0.11383515908546374
97;0.15423995261565782
98;0.19304843309704967
99;0.061843423560959426
100;0.09860846359653781
101;0.04153923199722163
102;0.1986807155156646
103;0.06887467277185184
104;0.06547770869183854
105;0.11618598264601664
106;0.06663761691181395
107;0.10933243632991185
108;0.09500643100654105
109;0.04204280294359519
110;0.02823083819450352
111;0.06412661788356203
112;0.16444481025343125
113;0.11256151324103736
114;0.11412834909581207
115;0.053114799626790624
116;0.028893609053863335
117;0.14172713628870717
118;0.06241083593648711
119;0.17657933293220085
120;0.06325225206695427
121;0.17949649719398386
122;0.09901696262201556
123;0.04748496994727154
124;0.1001412997646783
125;0.10271996644235977
126;0.03802393128783417
127;0.15105385500871274
128;0.06325757390458982
129;0.08060398475945181
130;0.19868100709505693
131;0.0980758991758666
132;0.19072373681037968
133;0.1701486544249596
134;0.010445800487115476
135;0.10732312741628632
136;0.06871160359742592
137;0.006071260057266437
138;0.057234598113949535
139;0.11776186643606149
140;0.19486993848799303
141;0.08382973487028478
142;0.02275752181524171
143;0.08422968970010761
144;0.02142727532441746
145;0.007757109738643964
146;0.17474876383357657
147;0.13085585811101708
148;0.15238154473737087
149;0.18073966853104284
150;0.0359524165304737
151;0.010407305807952395
152;0.069276623738926
153;0.05653452524472833
154;0.07219780818790644
155;0.02628926062940138
156;0.12738956553155073
157;0.14804498490794857
158;0.03518240597979518
159;0.12960946788610037
160;0.19995584990821055
161;0.03225645805888122
162;0.012572858722031288
163;0.11599381560511268
164;0.14893618378201764
165;0.13755242088821082
166;0.005416229686967178
167;0.14669567308572593
168;0.12542736452393197
169;0.19929049766494342
170;0.038273790600675865
171;0.0407106262078367
172;0.09523482625268494
173;0.014030277454060425
174;0.15931385125362918
175;0.1493357073724674
176;0.09640801649162922
177;0.0042657811968530805
178;0.03880906032998926
179;0.01618336485476075
180;0.19665646188014527
181;0.17040900030142353
182;0.14417399215416565
183;0.11412803656344989
184;0.15911182790750408
185;0.027457319438130658
186;0.18991413933277726
187;0.004456163431040472
188;0.1436880717196306
189;0.1731977248161551
190;0.13200203897685778
191;0.1468688385511248
192;0.16449096027128604
193;0.10160802610237314
194;0.08641682094751746
195;0.11666704887210058
196;0.11183463133607585
197;0.10475939253691376
198;0.10889935966425071
199;0.13299827593303218
200;0.0107983492039196
201;0.05572416960124227
202;0.18292452618179608
203;0.01408394022886863
204;0.06101371690111062
205;0.0403551364324749
206;0.18102135642019868
207;0.06772821403248001
208;0.1900979518688899
209;0.18566727839263114
210;0.15981676386578722
211;0.1793562026960316
212;0.08021173044244286
213;0.11640007903290638
214;0.145523469623032
215;0.16936164411787205
216;0.023264287589987467
217;0.09327783653423281
218;0.19068428817609262
219;0.17882798369857528
220;0.08147934213501971
221;0.11026446163115433
222;0.17399336452621794
223;0.029336645285670482
224;0.018334963982978982
225;0.19519229139609556
226;0.04954100566863606
227;0.06420038341477381
228;0.06982632462889711
229;0.1238623052360785
230;0.07058282157250886
231;0.16445452600178032
232;0.09422412526471012
233;0.10739145871234315
234;0.12938209632483916
235;0.18547590622696672
236;0.07571599772561491
237;0.040601257439928685
238;0.10838160355575872
239;0.018878731309586727
240;0.018735867730115374
241;0.12396643344189509
242;0.08377932869065258
243;0.12031995951610637
244;0.059867936817072524
245;0.16895428459887862
246;0.01857849036588002
247;0.1525045474263856
248;0.18269372957279995
249;0.026369544068586426
250;0.14022348932815215
251;0.03597876037076664
252;0.19646667619822444
253;0.07618684809069634
254;0.19637017482061253
255;0.108497727097328
256;0.15454592786956173
257;0.06186793928748278
258;0.024798805016815195
259;0.10939139128075209
260;0.07594608321924293
261;0.09366846601144702
262;0.02970888133436822
263;0.16015303525147367
264;0.0785228595500745
265;0.09383037183426271
266;0.03649879640941369
267;0.10445158757776565
268;0.18006417032980626
269;0.02844491190274261
270;0.05496815092782706
271;0.02097748519304732
272;0.022559291618286292
273;0.08732090533564614
274;0.1256328215302679
275;0.06574581095620094
276;0.08656220075434623
277;0.005123112997367918
278;0.008756849488464603
279;0.1495165470033683
280;0.012816109154964962
281;0.16689240033513755
282;0.14448789296742554
283;0.11509397758345302
284;0.0529391342686659
285;0.1678803331893718
286;0.16942269137680324
287;0.10383755457832021
288;0.015753367011288134
289;0.06175127510890624
290;0.0100241413020707
291;0.05408249937954812
292;0.16151350434399514
293;0.1880582768618416
294;0.11285898101764345
295;0.03383030677100276
296;0.13496001960102919
297;0.10620083084737707
298;0.16675173622374223
299;0.1044082317122343
300;0.049621907388846954
301;0.1883647393546882
302;0.004469154535521014
303;0.014524542784467931
304;0.05699645516898111
305;0.1837157542729265
306;0.18718853661006393
307;0.18072955190972761
308;0.04610125739984277
309;0.14191772736104172
310;0.08834397078962138
311;0.1749845034174204
312;0.019635590319362396
313;0.00146016661739663
314;0.1290900185046083
315;0.08071995542389657
316;0.051134243303922716
317;0.04698220144075323
318;0.1969454353230764
319;0.07389899646864317
320;0.08013909884121294
321;0.12965736000469663
322;0.008356473570690004
323;0.08822548930885893
324;0.042235217003945974
325;0.17876840154098814
326;0.06975841729510146
327;0.1858046920300564
328;0.004861173922199447
329;0.12944905749256802
330;0.012878413655931877
331;0.00815302623047749
332;0.011853752561240483
333;0.01870894420153384
334;0.0759149715838201
335;0.09855323947968353
336;0.08486335857982903
337;0.18718600853907794
338;0.07113745875356484
339;0.01615977194665439
340;0.08043179114778767
341;0.07315646076299298
342;0.1479927282648655
343;0.18419519713776744
344;0.11905625455712057
345;0.19232864063424362
346;0.06004129348160228
347;0.17135748938487158
348;0.1947736512568064
349;0.13277054508417188
350;0.18514478431487388
351;0.04018230328359769
352;0.14179574317316399
353;0.09113747115623888
354;0.06594829569985272
355;0.01732528405741678
356;0.19527139361607246
357;0.17181365433571527
358;0.1032288313826118
359;0.15606314323714288
360;0.1382974312703812
361;0.18338154476541965
362;0.1599582175987886
363;0.1434909428869298
364;0.18053040409102492
365;0.036802127644812124
366;0.13465851723732375
367;0.045499171740395195
368;0.10775898659721134
369;0.03467779204592197
370;0.12954371876694765
371;0.020998387433780154
372;0.18626202896941035
373;0.09342840830965958
374;0.06669928996189865
375;0.05695532645605248
376;0.14300244305820847
377;0.0013019803035131618
378;0.033774385933581355
379;0.17729578458650097
380;0.19235596018288223
381;0.04772275410851521
382;0.054104868527319064
383;0.056876425588660864
384;0.13920691839028174
385;0.04741311981596577
386;0.14902353009623304
387;0.01327724458779711
388;0.06119183530461534
389;0.05803138878508496
390;0.01956154107547803
391;0.0432438198783717
392;0.1856243783568912
393;0.1473699521959703
394;0.11412670923203286
395;0.11570007414314183
396;0.13385267384002095
397;0.19062563145003744
398;0.19891102020352913
399;0.06566102974457803
400;0.1267254864107464
401;0.03382918013498171
402;0.03606489849771351
403;0.18078811020598087
404;0.12401843767045358
405;0.07512846341175561
406;0.06675747077681164
407;0.10711598797666311
408;0.09034833045097523
409;0.07325263459704166
410;0.17977337431215934
411;0.15577033131614704
412;0.05823987216453095
413;0.11040410148494711
414;0.12905651817657468
415;0.11713770609832391
416;0.12018908416271608
417;0.11743760335930681
418;0.06645721776065461
419;0.056577490317626204
420;0.14046261832831597
421;0.1540074669636477
422;0.06627964060128382
423;0.12004767717976139
424;0.18424060875949771
425;0.08914126859766769
426;0.15063383700864708
427;0.03402360029751774
428;0.18184847156819295
429;0.15899183814686868
430;0.1567106721062118
431;0.01969699107420333
432;0.1684750708991419
433;0.19756833304350846
434;0.1930724440570162
435;0.1484076275515312
436;0.09977664584258349
437;0.05757376582840821
438;0.10191292539568408
439;0.026940083745713796
440;0.04279173725898902
441;0.08705879728075455
442;0.06591645421941839
443;0.11446373540283344
444;0.025866894558976086
445;0.1786668281689729
446;0.0959506485228217
447;0.19033993169802335
448;0.15565746905749456
449;0.13470151886568746
450;0.039903883971493075
451;0.039424414471944315
452;0.01067319590556466
453;0.07036175929214679
454;0.01798879324185252
455;0.15628247049244282
456;0.04050352212747724
457;0.11191043060987403
458;0.043048348951285044
459;0.10211483081303337
460;0.16109506203023094
461;0.13703278130007704
462;0.05865935905068971
463;0.19151065640648124
464;0.17030733338549606
465;0.03550057314092425
466;0.06497216995622467
467;0.18949198011605678
468;0.1691799600159497
469;0.11298897266129393
470;0.09427155088265554
471;0.015000984577990218
472;0.023051819360478665
473;0.050649545221087645
474;0.039289000992507206
475;0.008392507018203044
476;0.11608363199869053
477;0.0020630264800256095
478;0.17844403737340317
479;0.13801651306256507
480;0.08376966915546731
481;0.182106133482995
482;0.19782066747163146
483;0.08078624600958353
484;0.0036550271670791057
485;0.09241648370133869
486;0.12838642608340867
487;0.17044179910577323
488;0.0806091296168245
489;0.03604912306802706
490;0.01892115297536945
491;0.10590188105223935
492;0.18367482192936374
493;0.09163584316134366
494;0.014671835718697858
495;0.0490513363134028
496;0.1542085087423185
497;0.07221216046300383
498;0.01275576189440979
499;0.11909145836946751
500;0.1813508328306249
501;0.09376113476764816
502;0.18194357518071191
503;0.10182163161267802
504;0.004448709509455684
505;0.05385997429185916
506;0.09143830284918751
507;0.18581663608280086
508;0.07180961114463547
509;0.03859978032608476
510;0.15208670966722526
511;0.010234908411640254
512;0.07284764956126413
513;0.007739500592225945
514;0.014408990936013511
515;0.1495962920411357
516;0.0344090362990642
517;0.18954448419217954
518;0.1825992785833983
519;0.13165551793566085
520;0.01004258245086458
521;0.05533394467472455
522;0.09924631970021512
523;0.09834743659687849
524;0.0673912754277967
525;0.07261287013566631
526;0.06640752057653636
527;0.05848723330835333
528;0.06281263481777255
529;0.12081809270607216
530;0.040285582641257145
531;0.033774618154460034
532;0.09336984773335666
533;0.144884225746249
534;0.15429524258009011
535;0.08090927301891056
536;0.1291001952264288
537;0.0942653439857293
538;0.054544047945813225
539;0.16195617231514803
540;0.12120152852961344
541;0.12078085691301298
542;0.008571611821258429
543;0.05544734266951921
544;0.050903933897174736
545;0.0011370966616673695
546;0.11734813135285621
547;0.08158438628098717
548;0.09650837505157923
549;0.17578542269710618
550;0.12087662157925527
551;0.023925615459784045
552;0.13160343130481522
553;0.0904064921735633
554;0.17608543845994962
555;0.16547530183611397
556;0.0370994022824348
557;0.04894275479183761
558;0.026528282379243564
559;0.06659594586711264
560;0.03637425210832681
561;0.05212581734828814
562;0.11122935739402214
563;0.03330541798070113
564;0.17539703933166173
565;0.0966465049365521
566;0.1734534607250191
567;0.05910831799853342
568;0.17580288140387712
569;0.1532883406953814
570;0.024835558484404198
571;0.12858498530884707
572;0.11256927543947481
573;0.07547834680115573
574;0.0017232196695172288
575;0.08720689926064916
576;0.11554450824730292
577;0.07209538558161588
578;0.11971240716543151
579;0.17274594902973325
580;0.16816763203415339
581;0.14646772453719012
582;0.15145657231770515
583;0.08402030297403591
584;0.1510541767852005
585;0.09377640984616892
586;0.022706487766972684
587;0.18048820252459938
588;0.16021710117964402
589;0.11449437155293661
590;0.05396350979320086
591;0.02617379293622135
592;0.0100125008025717
593;0.08319900763602323
594;0.030932197618183933
595;0.18028985172272088
596;0.15311452595711753
597;0.005012594146367589
598;0.08864591750981712
599;0.11257803357473582
600;0.09676892421974824
601;0.03864852245088557
602;0.17170800818087448
603;0.12435555366434642
604;0.0017251605052429177
605;0.08467364646464755
606;0.1463792229830117
607;0.013050806185548991
608;0.17879315439634377
609;0.18347631279936194
610;0.048735369439199164
611;0.09415316045895294
612;0.010935767335873781
613;0.07379435315540288
614;0.08744300588644205
615;0.12523105851722266
616;0.07939964129820452
617;0.15642026257888333
618;0.12290206365732317
619;0.13344361870133278
620;0.13502798279515468
621;0.09084394391542681
622;0.1424142288219476
623;0.02687814287255368
624;0.014420293995466849
625;0.14872416120259918
626;0.00523737235833821
627;0.19556073619564548
628;0.13539038278741633
629;0.192270893107248
630;0.17338963043385872
631;0.17722270350078084
632;0.08036523014479978
633;0.1406553580388755
634;0.1809420681534959
635;0.16649120637288542
636;0.13909638958413084
637;0.05072015601690649
638;0.10352401571778753
639;0.13998197859314906
640;0.04394019195795365
641;0.0968817216926956
642;0.0599010563705211
643;0.09151797383141402
644;0.01839581510682531
645;0.08622147818955822
646;0.17254525617244684
647;0.13776628763426077
648;0.07288281009645455
649;0.09622883436035666
650;0.047055677914075306
651;0.12790307476150328
652;0.06582455893841754
653;0.0641117295361636
654;0.044805082731558546
655;0.18188512702237702
656;0.06592295281086098
657;0.12118066262722499
658;0.11263021594572242
659;0.16267366386375354
660;0.15998574333604265
661;0.18168885632568954
662;0.18826458255990997
663;0.0037759112566804424
664;0.1528597965790186
665;0.015015699828669528
666;0.03294151462053718
667;0.1156903740168524
668;0.016862647041022496
669;0.047422276075958995
670;0.002645171815240377
671;0.043807568409172506
672;0.08199471090562965
673;0.1249129100040693
674;0.010442742332279355
675;0.016350187758536895
676;0.0935235471568911
677;0.11969333410437549
678;0.05701878018017446
679;0.11819279858514016
680;0.17349479253486072
681;0.16836102682130186
682;0.08264746690861349
683;0.028795670712137955
684;0.15679179469849405
685;0.13593239933291576
686;0.102260652478012
687;0.17354614383278535
688;0.1459114750287258
689;0.006032698298328887
690;0.13623229450507016
691;0.032771423800268366
692;0.05582325775621913
693;0.006632869894305427
694;0.05571771511813224
695;0.06730501357962851
696;0.1604164259942869
697;0.09999285832444127
698;0.03070233376647218
699;0.12562954863310025
700;0.04875239432613035
701;0.06054948462879195
702;0.0869988452709807
703;0.000655432955558255
704;0.09441804895601154
705;0.12411828947879865
706;0.05787637230898675
707;0.0996996248402345
708;0.05356700810493629
709;0.0894225169670748
710;0.026755185551884855
711;0.1774536580928302
712;0.16681888597855765
713;2.876414013632811e-05
714;0.16281936120007656
715;0.014061001821367958
716;0.11739621443386682
717;0.14416313318648566
718;0.16431865685792785
719;0.027090032625196603
720;0.11797436055077126
721;0.11241093289897686
722;0.05058301344780705
723;0.013366343619160248
724;0.17913802763049025
725;0.15897983999111115
726;0.07143214338732988
727;0.0475863135196764
728;0.04434058013362623
729;0.19078502725774357
730;0.14155999523470278
731;0.0927031689800255
732;0.1626292669149456
733;0.19385540844408133
734;0.09686970922199974
735;0.19932225657097444
736;0.10643419558521426
737;0.0538239555091685
738;0.0006207068701151952
739;0.08529082831822739
740;0.15043149095660152
741;0.15801934616950641
742;0.05006391026847188
743;0.15704291917444024
744;0.07176992454042837
745;0.07919616026526316
746;0.02236077944536523
747;0.01949652056354574
748;0.03340611584486406
749;0.05315466809754419
750;0.10357920915292185
751;0.021851567585815326
752;0.10505259435570291
753;0.022507689862978488
754;0.0643347672340655
755;0.1420564653799984
756;0.06755089861079835
757;0.19119114255714179
758;0.11728688936706176
759;0.0364911537500112
760;0.047805140109394184
761;0.11143201344015773
762;0.16965770856619677
763;0.13976329619660555
764;0.14919353710785596
765;0.1441864807744235
766;0.052766901696219184
767;0.03121834570458766
768;0.13978748565151297
769;0.039757831156468894
770;0.10108385643058722
771;0.05304473776894669
772;0.154534175067736
773;0.0759925553621998
774;0.1829137403155191
775;0.03500426775684611
776;0.10449462532244252
777;0.013117376884904042
778;0.18176763031796087
779;0.04406852738319616
780;0.04259306172591429
781;0.08293133177955687
782;0.14059257852211
783;0.045137088776111625
784;0.06181236931429468
785;0.13363958715144553
786;0.07355055936730613
787;0.0717532811802262
788;0.01882200562165306
789;0.07359694042017564
790;0.027352305979878144
791;0.1966827723238485
792;0.1693684971732783
793;0.14451173830415628
794;0.0776690648855585
795;0.01431986281120219
796;0.08952463059042565
797;0.06076041473518057
798;0.07765060961265698
799;0.18465576571211828
800;0.13167401186226196
801;0.11024391185562746
802;0.018685152227838932
803;0.06296757447182787
804;0.12132563241996092
805;0.09756473245192465
806;0.16368985631243727
807;0.18842277082098718
808;0.0654141311257547
809;0.09587531998200818
810;0.14236434660156044
811;0.18280288252347449
812;0.18256249961088417
813;0.06114317541098131
814;0.1503630181039409
815;0.18028860606340436
816;0.17598845508928243
817;0.03749634443097667
818;0.0668385302713677
819;0.13783782949247467
820;0.08170268672109889
821;0.1263218424106192
822;0.13932809154536424
823;0.0757650041452591
824;0.11593944661589806
825;0.03107005186819474
826;0.16202948073535475
827;0.19664914391448865
828;0.18621606739049743
829;0.16111991349982602
830;0.04934839707797283
831;0.1009961491959722
832;0.010509806163649826
833;0.10195428246254468
834;0.06932128773315742
835;0.022812280277009392
836;0.16661038806844697
837;0.14558169032321341
838;0.03252428916937429
839;0.04931171282645939
840;0.16531907155662737
841;0.016705353343505203
842;0.06898978334681867
843;0.004462316248907672
844;0.13799685905113773
845;0.11400005740790412
846;0.09812991669574711
847;0.17531733680983777
848;0.004644889851749756
849;0.14100938853178938
850;0.1253137199301456
851;0.038080953707039594
852;0.05042445989198577
853;0.04387996111956807
854;0.013103212906044659
855;0.032792867260545734
856;0.001258702586317706
857;0.036156043695053056
858;0.07263976342670064
859;0.1176903914197136
860;0.1618290241655832
861;0.047193047885879996
862;0.0033958265942194647
863;0.16651483493575484
864;0.1130244822809269
865;0.13294550632388588
866;0.17627281976101952
867;0.13540046372041464
868;0.07548771030351722
869;0.015888293851521598
870;0.017606343475090446
871;0.12064670267741467
872;0.060268328584400545
873;0.12130778430393369
874;0.17010932389241396
875;0.06672589056325562
876;0.10473483773705575
877;0.18852986509095165
878;0.18652783058360245
879;0.17542625421460767
880;0.0056451047684982
881;0.0773536482855556
882;0.08736030354206886
883;0.024049273238414992
884;0.031119862466106873
885;0.018791299499624214
886;0.1729776957241116
887;0.1524886904313077
888;0.08649353734067596
889;0.043495337602250266
890;0.06075869359257622
891;0.17994710314483153
892;0.08531493476488082
893;0.1085388316771868
894;0.1965999385880528
895;0.06412833855390036
896;0.17307256548791625
897;0.10094581835764718
898;0.14056648649172768
899;0.04962148954933576
900;0.02426752216463779
901;0.09823829578611075
902;0.033142422008167416
903;0.1788966795607759
904;0.04605764534274564
905;0.09602441897705111
906;0.06849585120527031
907;0.045698997655147226
908;0.014162237062293782
909;0.03682527483189992
910;0.1980663613127628
911;0.18019800582320314
912;0.14249846805693325
913;0.1024847073837732
914;0.02354674019140628
915;0.020630135314347632
916;0.05365578465165499
917;0.19285396203309846
918;0.13797989827773938
919;0.016128704872876164
920;0.18563963641452733
921;0.12023964180474994
922;0.1560903980621788
923;0.0031981814680233315
924;0.15592444742716297
925;0.06900120860697725
926;0.00651222148811812
927;0.010859943930297655
928;0.19123013235857744
929;0.19524775805771555
930;0.14318888914052938
931;0.094257017433167
932;0.09623823687713687
933;0.011458752854821409
934;0.021156302563769727
935;0.06233781718119951
936;0.011657523478516785
937;0.14975688715020302
938;0.17938711860904116
939;0.16319225406171034
940;0.1826447503303444
941;0.03744818780476646
942;0.09466879161795311
943;0.1451242311837413
944;0.16982413901307325
945;0.11055489951816069
946;0.11046993315146814
947;0.0762430992340025
948;0.08515495148005198
949;0.10419517635087622
950;0.11189198238271202
951;0.10619757373921056
952;0.06844891544243399
953;0.055929076924767986
954;0.04544278423318267
955;0.08703955957451198
956;0.17829619655982437
957;0.15945385624770964
958;0.01412757747276703
959;0.1378824535610845
960;0.017229263271868335
961;0.03920232204386296
962;0.02788869563476373
963;0.15389137994363755
964;0.11130942322165781
965;0.032929030568514574
966;0.09338021599599611
967;0.04103873114518191
968;0.039263845912970746
969;0.13343445234612095
970;0.02188170169846955
971;0.10664952485630855
972;0.07341359627718383
973;0.015109943850619124
974;0.13084037591395403
975;0.06959804459318834
976;0.05298328424156121
977;0.055040961605504736
978;0.0227083762556906
979;0.18326892752006985
980;0.15695807241654466
981;0.0202361228361303
982;0.0035080119539852906
983;0.13746243925743892
984;0.14433474074891486
985;0.09675666020634587
986;0.06936241691612258
987;0.1311064493527165
988;0.07398352319896247
989;0.18541209427155445
990;0.17781797362792384
991;0.09036356275376906
992;0.016537256666885304
993;0.02246643909299997
994;0.050181044888400805
995;0.034689123043439275
996;0.07663082941098605
997;0.008872239154256412
998;0.1555069468983818
999;0.011144033572508084
1000;0.12156571415235318
