1;0.0693386341893275
2;0.03227494219202528
3;0.0077231498671450185
4;0.0079642631883045
5;0.0012342890901334892
6;0.05510113832815208
7;0.09672902727095034
8;0.07176662500549677
9;0.022753330893184633
10;0.0722710703201872
11;0.010972223345684741
12;0.07377963466698567
13;0.024111362131856984
14;0.016760751888949422
15;0.07222672656300712
16;0.02212205695129752
17;0.05422993400631207
18;0.03582106173159399
19;0.03184359038226652
20;0.07946148672627473
21;0.04878747891484897
22;0.04226026691884874
23;0.011556482107605383
24;0.00477399369599928
25;0.062019558696249956
26;0.00126348820190475
27;0.06484994726885528
28;0.026858577906715333
29;0.025538520184802183
30;0.033767632893058466
31;0.012924940329782354
32;0.0877069256449181
33;0.08409912043567853
34;0.027248201985593468
35;0.06952917139295064
36;0.04741752268253169
37;0.09784083644700298
38;0.013770593324370263
39;0.028758672379404694
40;0.04388819110171721
41;0.0740910308534163
42;0.03484876246846959
43;0.04980238410842164
44;0.09590396730956419
45;0.009608617612166238
46;0.07171728896545015
47;0.012495053883717223
48;0.05722240032281528
49;0.06655689142016138
50;0.038763773590239706
51;0.08800145925174124
52;0.0019545920132507887
53;0.008276568844126397
54;0.004123145651712823
55;0.028532409131913763
56;0.03402392773374167
57;0.028136732229046835
58;0.07067517901594259
59;0.04820241830347055
60;0.018021982127804703
61;0.014148836677584287
62;0.004691870000471255
63;0.037473031103744385
64;0.07835935310478755
65;0.001994459294148654
66;0.013083736120978896
67;0.04951028598505868
68;0.015187372406752121
69;0.030021055141173793
70;0.041556040999596394
71;0.02867476230437116
72;0.01704625793290403
73;0.020398385401423226
74;0.03527153668065898
75;0.020269114301129335
76;0.04124250444239337
77;0.018855447931549918
78;0.04675982002575477
79;0.07388905791068939
80;0.07482503759079935
81;0.03452225447368003
82;0.026209114289039326
83;0.047416972747929026
84;0.09114698469980735
85;0.009556340865357683
86;0.06371391545543992
87;0.04668982994018897
88;0.060521083940646564
89;0.035588047333344676
90;0.07891800635932716
91;0.06468659797337831
92;0.08299090952310427
93;0.042964866970799424
94;0.06808787499831662
95;0.0888990823123749
96;0.059952488092657456
97;0.010822272656632138
98;0.09957168320987432
99;0.033604304249208496
100;0.04481189803082069
101;0.0949079619256773
102;0.044856741013125284
103;0.08874415592973152
104;0.06421463279869748
105;0.013859507376873893
106;0.07709612448226136
107;0.08788482622133004
108;0.06493864039465279
109;0.04327529842654382
110;0.06879854596169327
111;0.03626391159559972
112;0.046613493683755336
113;0.06109757730035279
114;0.051516519387530685
115;0.06909255378487428
116;0.009078736154907086
117;0.08093459698385387
118;0.061636098285096086
119;0.0010305009958221701
120;0.04854433831237731
121;0.09544223033698364
122;0.09838980632457861
123;0.06728467447804752
124;0.009511865256935183
125;0.0012398945990183985
126;0.08713928548638322
127;0.07118533752791428
128;0.08089243578407046
129;0.010801423902517572
130;0.06289378390745444
131;0.013829163860729844
132;0.019964073555399586
133;0.021446063678250193
134;0.05635934143487244
135;0.050405724639179084
136;0.05155276229498569
137;0.03805862861960052
138;0.024688227303903378
139;0.05224140945153767
140;0.031282416713579876
141;0.037337369593729866
142;0.07488761513440677
143;0.0197778770564646
144;0.06909516299247795
145;0.01512451111216735
146;0.020771948233126083
147;0.08899790548906278
148;0.009955540234861638
149;0.0883028302147294
150;0.06662900477005017
151;0.028443006427260043
152;0.06934302935477477
153;0.09303411405513301
154;0.01912912302499016
155;0.02505426538914576
156;0.0071637321360210286
157;0.07917693678802325
158;0.09117589722636554
159;0.07132172310932108
160;0.06482700478647567
161;0.05684531668911072
162;0.003337601935651502
163;0.07171880023373753
164;0.04177023034614206
165;0.013068185275747336
166;0.04693761584268788
167;0.07492628656945848
168;0.056718223981466226
169;0.022400882441615245
170;0.0021768321980177863
171;0.08619728274697032
172;0.06060213927502232
173;0.0020349864750179303
174;0.02028302066671054
175;0.08626397189330239
176;0.012070597131571237
177;0.077291545190699
178;0.09469272327702645
179;0.009292123382490547
180;0.03128954310376201
181;0.08547901422801325
182;0.023728259171288225
183;0.05206556152455092
184;0.09116876078418466
185;0.019315761882259287
186;0.041758439845362386
187;0.008792805990591323
188;0.04018328543676311
189;0.07191807352089445
190;0.08142613978469529
191;0.03211188128167223
192;0.04333730537434232
193;0.0021776712913445075
194;0.06521118190717688
195;0.016966333833189174
196;0.0389047127437311
197;0.030668272595839586
198;0.011477082821622764
199;0.07429107141124794
200;0.03802737264688366
201;0.01733708353016734
202;0.034187251463109546
203;0.0025255823895186658
204;0.061387551537292764
205;0.0348499701056405
206;0.040659715743393235
207;0.0645940396340264
208;0.00835035111201542
209;0.03898131391521009
210;0.03134695727915814
211;0.01209139236733705
212;0.022624519267521872
213;0.0008470804485958384
214;0.015567077868448354
215;0.03643283830273019
216;0.06338494139873758
217;0.07468061607156301
218;0.03975155075581184
219;0.018801803439079112
220;0.09628379837153857
221;0.014429466537421455
222;0.014688026388670339
223;0.01873640983953001
224;0.03323517890343737
225;0.08911556945350915
226;0.04792970538607813
227;0.0042580074816422455
228;0.04114383312298151
229;0.09224439821441455
230;0.0259531356661339
231;0.03375594227307244
232;0.06803916363936034
233;0.008075653263063943
234;0.06511288018538734
235;0.06503556709394578
236;0.0318947588329402
237;0.03715626576610372
238;0.06472546269679348
239;0.08894119794391253
240;0.017871880206852143
241;0.009263660335232382
242;0.08187833503908694
243;0.04728268469191388
244;0.04041488754205406
245;0.061692425835247144
246;0.034190277185293716
247;0.02214461066782819
248;0.026750247798670447
249;0.03179876899599913
250;0.0945341922898824
251;0.03711350148530092
252;0.08538862435401937
253;0.08928011028592155
254;0.07530841219591378
255;0.03070475531302741
256;0.05237771775233111
257;0.05593342836208745
258;0.006708056030571275
259;0.022744152066149083
260;0.02892047290702923
261;0.07621251520141523
262;0.0997666885005088
263;0.04572984898980244
264;0.025176280972160826
265;0.0634675840202496
266;0.026104571899674436
267;0.04091948802156227
268;0.02574806087043522
269;0.04887215247063416
270;0.09130822183170634
271;0.01841317848959777
272;0.06703754304221902
273;0.05425696961875762
274;0.040500223954221995
275;0.0893395598650404
276;0.04655814404760007
277;0.07830617830358705
278;0.04946776953672817
279;0.03340685689408903
280;0.07529442600375012
281;0.07014191587034353
282;0.00787364091680468
283;0.015709460612146797
284;0.04598684925178072
285;0.07836624171968208
286;0.07427291603997031
287;0.014331152677585625
288;0.030407006246856817
289;0.09223818639334122
290;0.06614474325670595
291;0.08367314405625095
292;0.01557736769088891
293;0.02449239162428687
294;0.004548310024835789
295;0.09237248968825984
296;0.03161429181180996
297;0.071377310436831
298;0.06325242893160614
299;0.07838197885415793
300;0.01851301726381297
301;0.0649789618007973
302;0.07369604182455317
303;0.058409525578999935
304;0.08926826475817057
305;0.02995481934265364
306;0.004685561757341028
307;0.036955258966566595
308;0.03866207653655747
309;0.0005969767603204224
310;0.015236232185742916
311;0.09961625039621097
312;0.09695029200675646
313;0.041841072810192885
314;0.015493445820209263
315;0.02399162558741943
316;0.08954249160448001
317;0.07753130391297205
318;0.05645869150883688
319;0.035078452773407834
320;0.002352406637615412
321;0.06585182992347344
322;0.05490993993838011
323;0.08247935535320278
324;0.009298343220881867
325;0.06403413940134153
326;0.03521674479947081
327;0.0157720313944687
328;0.057376522196363446
329;0.051009380635505634
330;0.04037097814077117
331;0.04299194939361731
332;0.0009287569757468029
333;0.07033646973382277
334;0.029945471854393946
335;0.05216279303635546
336;0.039739695319231855
337;0.061456554609142504
338;0.07449099161865655
339;0.0034940072233115463
340;0.0796455065007537
341;0.027119949150964207
342;0.04372339469756355
343;0.050397694637221394
344;0.025412478810764805
345;0.02376106110077182
346;0.0817400583872479
347;0.03608575484233439
348;0.0675417281594383
349;0.014572672356030426
350;0.07173131894003211
351;0.06476571958723992
352;0.06127617024825324
353;0.08598436011117919
354;0.030501086403183164
355;0.05817003920054758
356;0.0072043088140986925
357;0.06335207227945676
358;0.06307007956664047
359;0.0017052201138095025
360;0.05398145131720636
361;0.010200745322115247
362;0.09420401093013864
363;0.009889831563339335
364;0.03364298104054926
365;0.05584552763018294
366;0.08428721581588326
367;0.09865443646901881
368;0.06755760708472956
369;0.09470190534364388
370;0.06367724042700196
371;0.03155917752403381
372;0.03641038542626403
373;0.06654241596374041
374;0.0011581823178930084
375;0.035176217864952
376;0.04343020129588957
377;0.02638053547799467
378;0.05298573889130564
379;0.020163472951512874
380;0.09141658295631491
381;0.08109824182330179
382;0.06492051633716665
383;0.0747266194317392
384;0.014679384507786664
385;0.08089608606993308
386;0.06338681316076943
387;0.09481135873683588
388;0.04457433729770055
389;0.02517029080769826
390;0.08240605541431935
391;0.05691633150071173
392;0.08307346109005162
393;0.019859459573846175
394;0.08426586548623477
395;0.04771847568154232
396;0.08581236313638921
397;0.07714328715225577
398;0.05281672946922142
399;0.06478527646344016
400;0.08412986862415534
401;0.061635910862529314
402;0.07645107688863513
403;0.09451948915337127
404;0.017881056724545753
405;0.07291807819208365
406;0.06792727642079775
407;0.009235871935586193
408;0.003764280016229771
409;0.03784643587779864
410;0.09558506134887654
411;0.0396398039979409
412;0.09329749894133647
413;0.09106393358879182
414;0.017403958383127284
415;0.03985846160682388
416;0.01678434351746917
417;0.0271873402870247
418;0.0646478610487002
419;0.0786582534577459
420;0.03842796374203762
421;0.03637685687267105
422;0.061368497377376596
423;0.04854285410132454
424;0.06080920361100352
425;0.0907442591305544
426;0.09524735720341587
427;0.09446587421090004
428;0.09399851279615491
429;0.03065818705724225
430;0.09802373337228984
431;0.021533453030535513
432;0.07895344311589633
433;0.07186378351367302
434;0.07637534400326289
435;0.04945816015827923
436;0.08800033726239986
437;0.016031542569880743
438;0.013661130133294619
439;0.022732047598756244
440;0.03120799013891873
441;0.09751833509031074
442;0.09399195186247364
443;0.014736033897247492
444;0.07334645650458803
445;0.020118974828468972
446;0.035449020194097604
447;0.05180828517577279
448;0.05179050166242693
449;0.024129934174993685
450;0.09773480546845058
451;0.09598001424834701
452;0.00426686599842645
453;0.06462001161675258
454;0.09169947197560978
455;0.057009190098161605
456;0.001817404870715811
457;0.03746907610821709
458;0.00986659836063516
459;0.05900314101220514
460;0.027494152689040242
461;0.05642705000561779
462;0.025157532922644766
463;0.0589172278398787
464;0.05512943421150587
465;0.06765320898260754
466;0.05430441088068753
467;0.03348896369017781
468;0.040409131898607814
469;0.07826120548732285
470;0.04323110276932245
471;0.09888417875601463
472;0.0624234670372955
473;0.07730491641567792
474;0.09294735734007935
475;0.043882174802745935
476;0.005492618836549857
477;0.03719128411958873
478;0.09905517316058732
479;0.03230852738519113
480;0.08153516502006525
481;0.037136881983699334
482;0.07124457502994479
483;0.02191129311923804
484;0.09570696563381256
485;0.01955243254803085
486;0.09803545904862032
487;0.041954769518135995
488;0.0360538014816705
489;0.07949270149231007
490;0.07149119739558882
491;0.050881541358211935
492;0.06254702729289031
493;0.0023170965010565927
494;0.021868383138617855
495;0.059286425691777035
496;0.0757624843850544
497;0.025321098070089823
498;0.0017905990335597367
499;0.04415459175947687
500;0.004647923651855945
501;0.0824943242921234
502;0.025184583386766213
503;0.08885718626646288
504;0.0027241526899686843
505;0.08209530236775969
506;0.06361454267274062
507;0.0791368766200584
508;0.09531933109231239
509;0.051654689423931026
510;0.0497554670733594
511;0.034825792615844134
512;0.06995041499038382
513;0.0565874719861886
514;0.09733129495976367
515;0.04585488889163143
516;0.05042119667804155
517;0.003076951932247385
518;0.050223342721203504
519;0.0392425022714665
520;0.09135307959820706
521;0.005408204507501924
522;0.06395753687799152
523;0.027126245906495372
524;0.00802681861210922
525;0.05498021608878985
526;0.047650408730818064
527;0.05906296444975415
528;0.09324673212838094
529;0.0651731941306473
530;0.053294149157397365
531;0.06685575066287919
532;0.09681544391288557
533;0.06293281076110743
534;0.04465715970624792
535;0.09896611728829822
536;0.05921234226867277
537;0.05235744526727787
538;0.08604420251839309
539;0.059206179788087156
540;0.015694379450583506
541;0.046548054116771875
542;0.029906234886575414
543;0.0993745740214968
544;0.04972689764410981
545;0.045359928596863754
546;0.005061053508412805
547;0.04769378716887096
548;0.03936201576121678
549;0.030903730843877944
550;0.03575387051799637
551;0.008163741277034054
552;0.026922930038032335
553;0.09951963001744839
554;0.09009324180409367
555;0.014672876790907298
556;0.033745011412294336
557;0.08442117821093403
558;0.09650026040001303
559;0.003124052149725365
560;0.09456665532978654
561;0.031913824041484885
562;0.04423589582745751
563;0.014130585371425875
564;0.015204111154714662
565;0.0070666567012454
566;0.04906165757782907
567;0.09786749753568141
568;0.01878895860847283
569;0.06782917441373125
570;0.0017996589699035615
571;0.08423715251914854
572;0.025615944225941847
573;0.0195403294595796
574;0.007697059610347912
575;0.0374684250619306
576;0.04163158444195473
577;0.05565280000889048
578;0.08657106064154643
579;0.01851619947727381
580;0.09987821616638634
581;0.05750486568833906
582;0.059665281802910114
583;0.08912588919376228
584;0.024396402573306455
585;0.07072295389717102
586;0.08292397485823938
587;0.09902256173044734
588;0.04723683060341263
589;0.0388496599116983
590;0.02590746596822361
591;0.08386182592983338
592;0.06256639307073968
593;0.030783724752894794
594;0.04160809301120836
595;0.016270569066122998
596;0.02036062635999393
597;0.010158549422409402
598;0.01658678294194742
599;0.03188939690360994
600;0.090184602134276
601;0.06890333691430099
602;0.07207978174378635
603;0.021841423740483867
604;0.014917012054421142
605;0.01867068769566802
606;0.0648733770365733
607;0.0340812412930988
608;0.06768723526246356
609;0.07411743837133275
610;0.03930151149371665
611;0.07220354515238428
612;0.025358582427360457
613;0.07021194892860182
614;0.0005608296806649538
615;0.06866119319580881
616;0.0936911914461975
617;0.08276512280102627
618;0.06219625891908725
619;0.03395949298917742
620;0.04399793758431412
621;0.0879453143864358
622;0.008461575765341655
623;0.0698766798862993
624;0.017575244015114833
625;0.06655548071423927
626;0.007560065849395781
627;0.059253828570248246
628;0.07064874576031241
629;0.05238482057623727
630;0.027691946522072054
631;0.03657093089218575
632;0.026873398740715582
633;0.07038335330695143
634;0.018962716465354013
635;0.06525231528455881
636;0.06607111230047624
637;0.0827674668670951
638;0.07323958792157546
639;0.055859552672149065
640;0.05713482942401354
641;0.034881098613862495
642;4.9854199212739926e-05
643;0.009859774109590547
644;0.06262070983745785
645;0.013056963325047445
646;0.09936223396602521
647;0.0035045663552160326
648;0.02032986835789572
649;0.042810246698538806
650;0.029101192320699368
651;0.010570611582452084
652;0.04098310297886685
653;0.04489838128391267
654;0.06809687426943936
655;0.057310821503355085
656;0.039377564754800976
657;0.05231401196409255
658;0.0018368113848021173
659;0.09461147385700437
660;0.09936312580208682
661;0.0603187283024012
662;0.028800884684289818
663;0.08353785155209681
664;0.06396498650910547
665;0.008975428176932854
666;0.07956280967979519
667;0.012942240188263444
668;0.09962973411003286
669;0.03461389483606536
670;0.09346144470358415
671;0.026689439690689057
672;0.025905399541201524
673;0.020050071557159068
674;0.054845370843717614
675;0.07335445747226739
676;0.02113152627187297
677;0.008109765478655695
678;0.031829313032994
679;0.01787816405980853
680;0.09019696898941618
681;0.04566594832514888
682;0.013546522525262894
683;0.02069581168510325
684;0.052361676372859094
685;0.06889327273806822
686;0.04587120316466142
687;0.018694506720860062
688;0.08178110179278926
689;0.07714564272391643
690;0.07564642314192625
691;0.024607562882592582
692;0.019309492673979734
693;0.08873469184509078
694;0.08649551082278766
695;0.07169570012745943
696;0.09712534423404734
697;0.04602521454371688
698;0.09945305370057683
699;0.011518148757123915
700;0.056323810251120654
701;0.0046541573957414985
702;0.005258165380618274
703;0.0467375807384285
704;0.012620676861843006
705;0.04965539531145842
706;0.04010564274567046
707;0.04643604809376616
708;0.04828207122430122
709;0.09321319500053482
710;0.0993257151573581
711;0.029223860208049693
712;0.022447676857959377
713;0.058303814172686465
714;0.08766295755698972
715;0.06557221572636875
716;0.06640092850479382
717;0.08309969405630195
718;0.012777308160797375
719;0.008786237166313061
720;0.011608172573548582
721;0.053755341124432754
722;0.026530422336412687
723;0.0382376843958954
724;0.07346832388971852
725;0.03141703052961982
726;0.09292655921496593
727;0.06639376694870217
728;0.04062331682040371
729;0.018213791867567754
730;0.08140448343060376
731;0.04260987216522617
732;0.04702938184246627
733;0.016928094013499897
734;0.041830702852514445
735;0.034928732383526444
736;0.08841210965506732
737;0.01097006321966354
738;0.0023082086486757693
739;0.09259957054475135
740;0.09748105307940033
741;0.09220503532034748
742;0.026237694222889033
743;0.07200057537573666
744;0.08288784560327442
745;0.012564485655165004
746;0.05108828947452776
747;0.030711627101031716
748;0.06760448836413584
749;0.08920059802857552
750;0.01658079699212256
751;0.024735715557649352
752;0.04919597094800942
753;0.09611902962445246
754;0.003756272420338758
755;0.037425074258353765
756;0.049899597516782905
757;0.057996602623414634
758;0.09403975795101262
759;0.018367324977213807
760;0.09581403817203307
761;0.001138607156130389
762;0.05669941985980536
763;0.015936041841353023
764;0.03345470412845769
765;0.0704302395941043
766;0.08606630977811291
767;0.09350294139067869
768;0.076456054401715
769;0.06146760726348202
770;0.09115699091931848
771;0.06750370630792901
772;0.09286680062877507
773;0.0074965230816731124
774;0.06062925733856233
775;0.07932064936688314
776;0.010059956622980981
777;0.053894055183835825
778;0.08342115208391435
779;0.07492737510000202
780;0.0545905888802271
781;0.07266058043831529
782;0.014756785705372578
783;0.09689180378569714
784;0.05405237633063819
785;0.003789304547298489
786;0.06687455012363411
787;0.041878844711913915
788;0.056842387175979336
789;0.050055694722356575
790;0.03430923183441036
791;0.09731211703689399
792;0.08505727470694903
793;0.040715377045379864
794;0.029808819589292736
795;0.009626114510546048
796;0.09564698367932266
797;0.07179817139424209
798;0.058857443262369906
799;0.021424978710300625
800;0.02865230772273865
801;0.08272792569552762
802;0.09618271869355682
803;0.0032487098590227694
804;0.03213785629395618
805;0.08115595749673876
806;0.09975782941808997
807;0.04393359036490671
808;0.06920127902185597
809;0.06222507035426096
810;0.0033503907486991946
811;0.0028770966748686735
812;0.07964272824736876
813;0.0004610205193373407
814;0.08160491686339198
815;0.04944502516031052
816;0.05730625286803395
817;0.05443636121646747
818;0.09714239751876405
819;0.031211620132498452
820;0.07320661165094669
821;0.0703118930597788
822;0.03892525685366262
823;0.0031706415192120033
824;0.007910176087790233
825;0.05762523415774567
826;0.08883006922918925
827;0.011921153398696184
828;0.06761692116653506
829;0.056225968997372845
830;0.049027512295948456
831;0.014435691647243133
832;0.0971642151383466
833;0.07828649679023757
834;0.05121041139875863
835;0.051571769541106316
836;0.03883958763224683
837;0.02056575431159229
838;0.07430139670751178
839;0.019384624921731066
840;0.02061022149465407
841;0.09903495906350762
842;0.0007859899481165611
843;0.011135852081540165
844;0.014050703483470373
845;0.002392419235567045
846;0.05121132644554547
847;0.09372752972128644
848;0.07432662673393715
849;0.05847976140830849
850;0.039356122269538996
851;0.07427970976385373
852;0.05244148423799038
853;0.04137365435637629
854;0.015410515394387515
855;0.007250532738183746
856;0.08541699814965333
857;0.004702250517039697
858;0.03137975891884675
859;0.08888397376987002
860;0.035302594414914255
861;0.017433522334041187
862;0.05131746717545315
863;0.009957675030740111
864;0.09867776096585053
865;0.09740545883569067
866;0.030896641717936192
867;0.08067958625061039
868;0.0853167271026258
869;0.03808796905593429
870;0.07475720457966313
871;0.026175914972707437
872;0.040954587851685244
873;0.051404772240174534
874;0.04138753855359131
875;0.03538962530367532
876;0.04628332049292482
877;0.057865431751693425
878;0.01157870002030711
879;0.002035341033416349
880;0.023292124995299125
881;0.0140630119867732
882;0.08796324519670079
883;0.012202405764155278
884;0.041631742145687614
885;0.01106265532727372
886;0.029566705363207293
887;0.06320790755448814
888;0.09468326954866671
889;0.07661778114307477
890;0.06664105001251588
891;0.08223725850019024
892;0.013690374940344774
893;0.03293117425423638
894;0.06415704472115887
895;0.06658232911386276
896;0.057250230985256625
897;0.022842795713072628
898;0.013344964757676292
899;0.06020348681852377
900;0.019671834066747353
901;0.09669897448648093
902;0.06738662582797883
903;0.05803730941068026
904;0.04174809690567342
905;0.05258610779847747
906;0.08823474149849564
907;0.05082331223799455
908;0.08214424254341507
909;0.008635080613996515
910;0.05206844511816525
911;0.08532956708425737
912;0.013770837242946199
913;0.07280758881730137
914;0.050013903264529126
915;0.010741212760665642
916;0.054149078369605766
917;0.04527854383086282
918;0.012403295127146564
919;0.0782045618951167
920;0.09520649138539855
921;0.010734333833048493
922;0.06596363343595937
923;0.0007565308260269355
924;0.05870872716741669
925;0.018410464636302915
926;0.02372856293052721
927;0.03921738614469883
928;0.030484645889039742
929;0.06190639500454073
930;0.04764065695770006
931;0.03943620640246143
932;0.09159599115911632
933;0.05582245093760803
934;0.009633082937499171
935;0.08812796925305377
936;0.08785938854129915
937;0.059466023928172546
938;0.020583201243374774
939;0.003825996447652902
940;0.05947244189893992
941;0.07145296684385219
942;0.0710307147302536
943;0.08568799160568584
944;0.001874885470847354
945;0.03962415438092744
946;0.03653049114084023
947;0.08439951621432962
948;0.0038195670368502688
949;0.014998398674156567
950;0.012213851504099683
951;0.03631979511904704
952;0.04692230292080545
953;0.0587035741865719
954;0.004172441925220849
955;0.06903526836418761
956;0.07145393383425831
957;0.02614174308627211
958;0.09679901612009158
959;0.039619564526940265
960;0.025589618258113844
961;0.09738355786275628
962;0.06182283482527982
963;0.08416868748008424
964;0.030548651657685878
965;0.06946099034352997
966;0.013814608183042844
967;0.09262945438408121
968;0.0015716852450795016
969;0.06426245881858482
970;0.08612297083166498
971;0.09364846516662273
972;0.07625028963389385
973;0.06623458901249606
974;0.06607267923596137
975;0.07473164158213945
976;0.07993498679008659
977;0.01737806617434744
978;0.09764628187922454
979;0.07666464997267973
980;0.09674354799084459
981;0.005571913615347613
982;0.06887777532208089
983;0.037488896710710574
984;0.003178851001316041
985;0.08597719072404224
986;0.009573641493965113
987;0.014226586805649977
988;0.0007012191503456112
989;0.010822961400164522
990;0.08137081598073964
991;0.02348893242797222
992;0.05749524207059575
993;0.07112555240862456
994;0.002501422999742198
995;0.09844222336859704
996;0.060015378604015894
997;0.07165019324615522
998;0.0034238756207954804
999;0.05963307763530397
1000;0.06278034792339861
