1;0.04805142076218952
2;0.07041785942546981
3;0.05267398266019643
4;0.06707914147763423
5;0.06970751237088897
6;0.02877804573881351
7;0.12003071152694987
8;0.03482372452997327
9;0.06477953505796633
10;0.13513761065188973
11;0.1884439984616844
12;0.059213611055527166
13;0.04365694894151611
14;0.07617063453408571
15;0.020189167526107357
16;0.1679104024832322
17;0.10812039327140724
18;0.12599920021494412
19;0.13881920706849293
20;0.04886712269778091
21;0.01860554367356151
22;0.012406259401271713
23;0.16900452461330606
24;0.04083072881880634
25;0.004214663973892608
26;0.03335755492815229
27;0.07441373191040937
28;0.07101593792535164
29;0.15662865348372404
30;0.023918648953043877
31;0.1741214373860489
32;0.06202589538019923
33;0.08335024596857349
34;0.13853370523510855
35;0.02834448780488663
36;0.16082913575378158
37;0.04719874060775926
38;0.08471688764033956
39;0.15724100014567768
40;0.09770920865181446
41;0.03563938168401648
42;0.19332068052057808
43;0.02303349561712649
44;0.011260499568955251
45;0.038873243263157914
46;0.11025732049223591
47;0.12644607617189865
48;0.06099594002694686
49;0.1922739302989864
50;0.08641934013131557
51;0.0688441205734464
52;0.15688401684527448
53;0.10600283553147122
54;0.03418357192250474
55;0.12274207620173733
56;0.1014052781378939
57;0.09470729684346227
58;0.10514349822564316
59;0.19405139224226356
60;0.05708779634260493
61;0.11077769306769317
62;0.04997637896650889
63;0.03413853278772037
64;0.03793906505829523
65;0.07434548677628161
66;0.1442270324052098
67;0.02330573653647259
68;0.03878039982593815
69;0.000438262274475254
70;0.02567951904522996
71;0.1670430114506415
72;0.16885571660201262
73;0.05730335650922507
74;0.13863222057183935
75;0.00229179581052561
76;0.029746335435032224
77;0.07755662244766688
78;0.12246029266397936
79;0.029532013727634743
80;0.024218285960176413
81;0.05115001496058267
82;0.18646402471939394
83;0.15104100476941631
84;0.1730034096531599
85;0.06633922024601673
86;0.08352417495407978
87;0.02271372272457266
88;0.05829756212270898
89;0.015182834800080626
90;0.0027143035394477048
91;0.049865312311217935
92;0.028473738680618824
93;0.011408274802339524
94;0.015257276789780306
95;0.06510173007510558
96;0.09683210448256299
97;0.16841599151388653
98;0.10080278805462944
99;0.09747703745857215
100;0.19738526162198067
101;0.08635908869920357
102;0.10757010919263717
103;0.12531754852525592
104;0.19901819958992206
105;0.1560304116944894
106;0.14385755256637997
107;0.022780755371229214
108;0.17681325247311452
109;0.182312459879988
110;0.10545067725625429
111;0.06809285927749752
112;0.17628240698112052
113;0.057116906884806
114;0.14395878478432525
115;0.12264853867208284
116;0.07223892492761967
117;0.1740563746473914
118;0.003926567142576265
119;0.06576660400862948
120;0.1944564024875641
121;0.03358665498415405
122;0.11224459413989218
123;0.013049344030950462
124;0.08423276186583194
125;0.031101894816100796
126;0.003937386718027547
127;0.020861278968529674
128;0.19422440698644067
129;0.19078782714117837
130;0.0570354104741794
131;0.0848822003738595
132;0.0770297991672298
133;0.06254931680339022
134;0.08727798987263125
135;0.07195499335383473
136;0.0940170144004648
137;0.17526508059658552
138;0.16534196393508316
139;0.14817797066763705
140;0.10646924537708063
141;0.17030269893011474
142;0.0076427840208910915
143;0.19414139573892147
144;0.12035146970692612
145;0.07069944700142408
146;0.17002804245104722
147;0.17708554091307568
148;0.14601900246935645
149;0.07609210627959545
150;0.11466469171533525
151;0.1396538055917842
152;0.03515505045621055
153;0.15203245140555502
154;0.1341595770108004
155;0.030182241945979005
156;0.07820154605475466
157;0.08869652160959174
158;0.1734175606795192
159;0.13726079785919637
160;0.19352262179183366
161;0.18555810758005573
162;0.19935463191996985
163;0.018358252288619648
164;0.1258549542871303
165;0.16198296823024044
166;0.12892898748835488
167;0.18130735117063015
168;0.05443973288012219
169;0.14586315310109743
170;0.11427150512295801
171;0.13919445016318227
172;0.005611329697236745
173;0.028680058728356796
174;0.1695218166683019
175;0.10638106963059663
176;0.05895940229354786
177;0.02102770147462354
178;0.012262542534433419
179;0.07437209889897012
180;0.041734853487144924
181;0.09372330362447756
182;0.043142789927851546
183;0.1406507058032093
184;0.07070408279390183
185;0.004822095145378813
186;0.037760183685116716
187;0.064235028721777
188;0.07942041565915836
189;0.186043405723895
190;0.09012521531397777
191;0.18121977443947002
192;0.060473269105832755
193;0.19856297235568232
194;0.10103583898656601
195;0.15130476965931575
196;0.14634272664614187
197;0.17535146840442925
198;0.0744530458401843
199;0.03579474534512977
200;0.13860978059681217
201;0.18314277952140093
202;0.18014026042263834
203;0.17212024078277322
204;0.17540476488750692
205;0.19843745082715125
206;0.13155304526973316
207;0.028540906937585042
208;0.19605006594008467
209;0.09789983582031832
210;0.08802100606833128
211;0.12816130450750277
212;0.07965708046031364
213;0.1096597374950311
214;0.07587517671112753
215;0.03930371835759827
216;0.1322226126046873
217;0.18486860755135406
218;0.17152656585272408
219;0.14005577728956206
220;0.03635490235326568
221;0.17546821160004034
222;0.08587819127280019
223;0.037437057063153416
224;0.13371217902471985
225;0.023466149760005564
226;0.17785166469719477
227;0.04678432088627813
228;0.07358117994896585
229;0.00590631061685809
230;0.0596490370987272
231;0.08507699100740625
232;0.05711775899566465
233;0.024449631218073933
234;0.0399101412502759
235;0.047341808815266395
236;0.0640526994206042
237;0.17217041540196507
238;0.1692747777823367
239;0.034936365344656606
240;0.054774398846025356
241;0.10414302535701864
242;0.13516662178565736
243;0.12021019429125808
244;0.05363836972315899
245;0.19416234028303136
246;0.004059030748762282
247;0.01332611807515407
248;0.033121812084717074
249;0.0865261864123022
250;0.13211381434087505
251;0.18547368294815536
252;0.15035018152826654
253;0.08670710808732757
254;0.029793417875706954
255;0.1831229002132856
256;0.09228889370307705
257;0.012015317973150252
258;0.007223396168912966
259;0.12581957314549497
260;0.0979942771715229
261;0.00533656871236079
262;0.041558368434518926
263;0.11945271463201534
264;0.16706908617100394
265;0.12105485898587404
266;0.10302448508176683
267;0.02086584550936095
268;0.0875217060551429
269;0.1181109324631081
270;0.15055278131644262
271;0.12372441279869756
272;0.12069631032739064
273;0.08940879446381356
274;0.06553894228827191
275;0.15081679384128924
276;0.1692512413200271
277;0.12357319780397069
278;0.18047148373274402
279;0.11615506620238383
280;0.009872037177700311
281;0.19309998013132307
282;0.023234742608613957
283;0.13504537263225633
284;0.17928016421260284
285;0.09583461048225386
286;0.11820449714240991
287;0.043898410837458136
288;0.025592914248800017
289;0.020216733833877412
290;0.04990136944211807
291;0.14708491402945573
292;0.1125169082093614
293;0.03810755617278397
294;0.04859809409041278
295;0.11869701334021131
296;0.05912482685618801
297;0.04724095351658913
298;0.12978241261458692
299;0.19755710803188475
300;0.1404816047305924
301;0.001064898722625407
302;0.05121619422120043
303;0.1905565446442886
304;0.18456596168728187
305;0.051627128561988415
306;0.10345512595871822
307;0.1344621755569739
308;0.11477167225931306
309;0.044812133907311584
310;0.16128182649626513
311;0.033018600609765296
312;0.16179061731971622
313;0.09030470020045751
314;0.06330893813027245
315;0.16945995214998144
316;0.12395922106126811
317;0.1676703289692485
318;0.1931507002413739
319;0.04473301795976403
320;0.15448600310020086
321;0.10614076745112509
322;0.12302056905095234
323;0.18402099098929403
324;0.07256866193628415
325;0.12661693201377372
326;0.1832299387347227
327;0.04201126794003738
328;0.03389595692041836
329;0.0768504219913915
330;0.019187245158237776
331;0.10614774593439805
332;0.12815049977442525
333;0.153370712892543
334;0.07922844564162375
335;0.11322461680920233
336;0.14961678592651023
337;0.017676444388697088
338;0.11975674390869678
339;0.12763273105908737
340;0.03284907302525051
341;0.0545914569772054
342;0.08370770194881301
343;0.1868673362896614
344;0.11168510143342579
345;0.18578275384385837
346;0.03221158960905886
347;0.17714782288398653
348;0.11052306633746455
349;0.11689218454348227
350;0.19349780570878417
351;0.14186428460202735
352;0.020837629986513465
353;0.11883911184616586
354;0.14109274411747133
355;0.1837868097906384
356;0.0217823371739589
357;0.09706456970236935
358;0.00591083936088408
359;0.07743931587502016
360;0.11481328264137942
361;0.0029643747871537676
362;0.14963495357357884
363;0.17993640767595678
364;0.1673421880920626
365;0.06779543205219656
366;0.13776052677166734
367;0.04548833962392307
368;0.0495178765381755
369;0.1223213052982074
370;0.11257829789705234
371;0.0023981221798482946
372;0.0034599279409369688
373;0.0007060435398120291
374;0.0597661450823906
375;0.00342178951567409
376;0.03058117982261004
377;0.14711247550342385
378;0.02105573058858521
379;0.1250965611660909
380;0.13805055674607383
381;0.08737807349167832
382;0.14845703719019684
383;0.07794119839399155
384;0.11578355939334653
385;0.11726833415555371
386;0.07969768022734246
387;0.0036265801043240844
388;0.14322790123082474
389;0.07695546248549089
390;0.19571041675359602
391;0.1379821613119024
392;0.04884823854920204
393;0.135648335495853
394;0.01989829464973707
395;0.10013280498845747
396;0.18960386340715432
397;0.020191585156236938
398;0.09032563243155725
399;0.12873367968102753
400;0.020346193475047205
401;0.06250870305673599
402;0.19419736756202322
403;0.055859946479766956
404;0.009758243657161337
405;0.06937166207228229
406;0.03421130892980782
407;0.017984222461977062
408;0.19327854604605654
409;0.15553782560661022
410;0.004543327613847459
411;0.03796795045603756
412;0.16284403632256833
413;0.08094102790215905
414;0.0964553571326524
415;0.04322401323026879
416;0.026091775764589188
417;0.09922154589680317
418;0.17587521450115925
419;0.09655330122541257
420;0.09906565033796133
421;0.08769950459983389
422;0.0015580233394610456
423;0.17262632541039188
424;0.1300719804059057
425;0.14017004543546388
426;0.08783107100597427
427;0.11237200814636612
428;0.12234159359178176
429;0.07347572400974081
430;0.07862757455726477
431;0.02906956911935297
432;0.051601244518270376
433;0.11212186331554107
434;0.05647464092502912
435;0.05598369723686319
436;0.14610684186773593
437;0.05244672861159634
438;0.013538742362016977
439;0.1728639156049087
440;0.1695474083222628
441;0.14850731222497468
442;0.1258328163636945
443;0.0018582455902722561
444;0.12494112291102769
445;0.18159774014185676
446;0.19570094690202225
447;0.12084402213472195
448;0.04877206464172612
449;0.09367338201947173
450;0.09570502726617772
451;0.17027246073370506
452;0.10634270376746596
453;0.03304346805052094
454;0.06890364446611515
455;0.021859018421530308
456;0.17446882945700182
457;0.14511986644729288
458;0.1764189408674916
459;0.14150922736226393
460;0.19253471041190356
461;0.06724979739295127
462;0.024582056112691198
463;0.006568785000938227
464;0.11321011578025275
465;0.1203124197389547
466;0.17916947570486705
467;0.1702972758460697
468;0.03225989912768401
469;0.08357883016035905
470;0.08418013129648104
471;0.07248806493573516
472;0.17580029488156088
473;0.005024579079184944
474;0.021570283650583912
475;0.14325382785722773
476;0.1568616004801375
477;0.13059392038235013
478;0.04515342733400978
479;0.10133617769777022
480;0.14813996310584762
481;0.10277845179724021
482;0.015578015471884844
483;0.16890609760056005
484;0.07718101419750867
485;0.08110672426278619
486;0.16387778974856648
487;0.03225968431335098
488;0.07904561503186974
489;0.13779782724858383
490;0.16820577442879625
491;0.13501913231704493
492;0.17143664255837884
493;0.14751323146192136
494;0.19110161503948986
495;0.1860800793743147
496;0.11963949869533114
497;0.14146627927216565
498;0.08270576477218959
499;0.048441396739586896
500;0.07704546819824343
501;0.00604004548391961
502;0.11499962245306161
503;0.18386570092469504
504;0.15362353755860092
505;0.186656486976154
506;0.11793173705545903
507;0.19345564536040405
508;0.11583054780966036
509;0.04452942811098331
510;0.12482629250615257
511;0.19916577314466713
512;0.07166148487988735
513;0.19123182153819912
514;0.14600407020178385
515;0.14591162398391636
516;0.19963855343778755
517;0.14031407237813806
518;0.1916385197749162
519;0.04643598258007653
520;0.03600542410199614
521;0.054412460516724596
522;0.14428530068513945
523;0.09815119684463454
524;0.10518089783030915
525;0.16748050733920844
526;0.01906838096728454
527;0.07149286054029236
528;0.10186225289657949
529;0.0120753261144136
530;0.02455698136342164
531;0.1985887906372936
532;0.17003858041737008
533;0.13970488035815384
534;0.017237362831516067
535;0.17771051449303782
536;0.10752957263613311
537;0.018356952798514348
538;0.08234587668542633
539;0.07714175472786562
540;0.03834568565154189
541;0.17796667238533767
542;0.09024247162856953
543;0.05731689072286492
544;0.12522257453193636
545;0.13993246034396956
546;0.05949343511900165
547;0.051319569247047836
548;0.11812807041233482
549;0.03265121722817967
550;0.05482717340331056
551;0.1165467002870771
552;0.046650733692934265
553;0.0034406982871698633
554;0.009470079881489868
555;0.19289757983488878
556;0.14364850372390245
557;0.12858121289453137
558;0.09619565738212539
559;0.08800566032307128
560;0.19045072866265025
561;0.1617723549629701
562;0.03766869576544399
563;0.19422802458630742
564;0.16886321465397144
565;0.1800356946730932
566;0.19844332346964283
567;0.012743896147819657
568;0.10139775353776476
569;0.042679641384105474
570;0.1256324198782151
571;0.11695532544974163
572;0.039477369016955824
573;0.17325696353203177
574;0.055471282317265086
575;0.016972258859800072
576;0.053673179577761965
577;0.08046147552797173
578;0.10123605718083857
579;0.1981575649085748
580;0.06190582142254091
581;0.03630739991785272
582;0.02280863480555171
583;0.06485326335089463
584;0.06215041228779061
585;0.1975536364407633
586;0.1997944800336919
587;0.11768893984029526
588;0.08552846870430326
589;0.13717856480523224
590;0.04760848369824569
591;0.005723345486741516
592;0.02051496506214794
593;0.06666605165488518
594;0.18486447888714772
595;0.18414710659962
596;0.13700289397349605
597;0.18179180209643267
598;0.01742937752756455
599;0.1671753921818384
600;0.1399017299292079
601;0.17111145976421643
602;0.043402334857331804
603;0.044818929391963885
604;0.03109502172519132
605;0.08523870408548945
606;0.05887125093721162
607;0.17154305656441768
608;0.07128926191338084
609;0.03034765912383941
610;0.08787585552831073
611;0.12279369803943452
612;0.051147847257696166
613;0.1734257824245391
614;0.12331278666482988
615;0.10338007630965672
616;0.03155701090370413
617;0.13158386921979776
618;0.16872096328869973
619;0.06496410738651895
620;0.07749108717506309
621;0.1787534654751287
622;0.1189697314746001
623;0.05901427664342194
624;0.0017490667058746247
625;0.15603679094702444
626;0.1655500428009017
627;0.026538164598721204
628;0.1923891317960168
629;0.02632848036358706
630;0.07973035502096555
631;0.10253872616435505
632;0.19434477918274265
633;0.02571937868301708
634;0.04361209206873373
635;0.08280790053918902
636;0.050214159291753324
637;0.049309319379919
638;0.1192527941732877
639;0.10448305993995687
640;0.03206095126910946
641;0.1678551319644469
642;0.09833121744535522
643;0.12221166056958588
644;0.04010092075361334
645;0.027012463479281813
646;0.08454908034110686
647;0.13561922880472463
648;0.08747652304667125
649;0.13278692657056215
650;0.14869110938348462
651;0.10312003796931649
652;0.1321043136222737
653;0.18729367453937684
654;0.16269934758318524
655;0.04978095417855138
656;0.16131726948143754
657;0.16909000608522678
658;0.006078760329519973
659;0.022641388191156398
660;0.11416810747700817
661;0.1863880846320199
662;0.14735835079604218
663;0.13129897003144866
664;0.09117641709239706
665;0.09648050666580564
666;0.08254476683984349
667;0.11402352136420005
668;0.10532697796879459
669;0.10678382176758744
670;0.07216828884313593
671;0.0928462363467208
672;0.08646568083399198
673;0.09379379123888698
674;0.03715043390412372
675;0.03646112805073472
676;0.003263060980153743
677;0.0019924016328944695
678;0.18737389354607578
679;0.0708596998503396
680;0.1291075566941049
681;0.038227157723686817
682;0.06668995785578218
683;0.18688234553685937
684;0.19525993583133397
685;0.049480531669953476
686;0.13165970542959382
687;0.03700721957773874
688;0.19485825595206455
689;0.19474408827466905
690;0.056103891184070824
691;0.020616891526806614
692;0.04770640785400096
693;0.08011115146648902
694;0.09402574813683638
695;0.06362413615842513
696;0.11161101365757292
697;0.1666038616052623
698;0.02840123064614386
699;0.08074595254347194
700;0.170316859498439
701;0.01752861194084412
702;0.12360879475318994
703;0.007269850310149728
704;0.06069505269267453
705;0.1034490374941735
706;0.09522542592416978
707;0.14840926385219974
708;0.03436849639371451
709;0.04948443837678565
710;0.03444123543394589
711;0.01902883793950876
712;0.05572389188804954
713;0.1100264985100232
714;0.08542934439222083
715;0.10703225489518708
716;0.03149684084743603
717;0.013101055809966324
718;0.13031908440960746
719;0.028199871079556196
720;0.019006850265329868
721;0.04795331364530891
722;0.18631174226729763
723;0.19653999627643992
724;0.03955847923956608
725;0.024113370733121454
726;0.17728492799851964
727;0.05121615061343246
728;0.07442852823250345
729;0.11910875477667521
730;0.08966375507355771
731;0.11038519252796418
732;0.17764976717827363
733;0.11547860510579343
734;0.07034320206909742
735;0.07004216807311651
736;0.09693364946635921
737;0.15617254941319
738;0.047965452498263145
739;0.06479376178446032
740;0.14607202924660284
741;0.17073036911894002
742;0.009498454115719769
743;0.014293429078282394
744;0.08219469895246037
745;0.1841492018680349
746;0.19345734987023833
747;0.17779444594738922
748;0.16019320797342118
749;0.16619794098914473
750;0.09757034043129942
751;0.14175992265163379
752;0.16162962401121828
753;0.12966452119454364
754;0.11246546145898127
755;0.1774207089152842
756;0.040843366425579
757;0.015659590058288365
758;0.0498723273352669
759;0.12359231344621557
760;0.002854588607864717
761;0.016661904083288315
762;0.14241058550341557
763;0.18285280614293659
764;0.1356893647564261
765;0.1275305054858846
766;0.0003267363677271984
767;0.12110318879497123
768;0.15641619524263697
769;0.054725682573408846
770;0.18814919018083978
771;0.1422762926327665
772;0.1762061191576523
773;0.09640676635579742
774;0.08257548748385675
775;0.04233160799463356
776;0.08587504251987428
777;0.19375894816726394
778;0.11055380009609134
779;0.0735361807524632
780;0.18421407016561317
781;0.12519949388413085
782;0.14516532496221096
783;0.17350228850415123
784;0.11196301608450597
785;0.12046582900031554
786;0.18309550677102615
787;0.19099804782367047
788;0.07400623829608524
789;0.030964195502653925
790;0.0024328965551329686
791;0.12636308828092946
792;0.010540714883308567
793;0.19286876550380208
794;0.19475269253143768
795;0.15750468637741877
796;0.14097550335502926
797;0.06680271892737087
798;0.03646148580220854
799;0.0448853997140348
800;0.07102961293521785
801;0.15597652514116436
802;0.19552769754407573
803;0.15799834393681644
804;0.18668487166372238
805;0.13374268965484756
806;0.10147955219183565
807;0.12183043400244127
808;0.09859921085438941
809;0.10507613893414745
810;0.18848820545395495
811;0.15303664192589037
812;0.10842290536697229
813;0.16192996681258173
814;0.11736166212702864
815;0.01913713820938039
816;0.12801486371196796
817;0.1426007336331517
818;0.1922439150178855
819;0.17812686010985365
820;0.006917255065206152
821;0.10387807631136435
822;0.15173583828453285
823;0.011558748065456627
824;0.08402684373681615
825;0.09944940106471103
826;0.03024639927925106
827;0.0163136451415856
828;0.005603986673121564
829;0.05153443835394116
830;0.05211494437528588
831;0.1771076357705823
832;0.09150160396091225
833;0.0061327581865840974
834;0.14687992038783057
835;0.11732761974387221
836;0.1983785061185924
837;0.192115604953137
838;0.10617679843499693
839;0.08828833250438516
840;0.09874029641255529
841;0.08180447882695492
842;0.19307646044755342
843;0.12429847182159813
844;0.1017864304035764
845;0.1801781534027165
846;0.1765420419680316
847;0.19831925518848445
848;0.009249371780751914
849;0.01586511312551586
850;0.19624552781845087
851;0.07406075228897667
852;0.051140752888006215
853;0.16060819485073985
854;0.0734033710646985
855;0.13417068835697363
856;0.09648643333397665
857;0.07907070607639
858;0.08200666948088478
859;0.09857687409518051
860;0.03307379675725297
861;0.08123931790559302
862;0.001829718098465838
863;0.11478988732942262
864;0.18465691772828874
865;0.022319753319874194
866;0.09993895700608842
867;0.15792852302768617
868;0.19919228102168193
869;0.11236514204565771
870;0.16240890642238875
871;0.08374655730838457
872;0.0796013826582063
873;0.14746150719577825
874;0.10842488609057362
875;0.09210570000579912
876;0.07948372754123348
877;0.041586627296493074
878;0.16003775739906068
879;0.0632790372887536
880;0.07467752566195351
881;0.07399139715142548
882;0.1883428535822007
883;0.07163074473776519
884;0.06785626307797477
885;0.07856920897961538
886;0.0743825420168509
887;0.1531442229497818
888;0.17232203724808937
889;0.19212325303263655
890;0.11768119096580401
891;0.07050236491380257
892;0.07223677179974967
893;0.027202718645959068
894;0.05292759973490391
895;0.01452348521834539
896;0.15177686366153886
897;0.04926369862049573
898;0.11382229103839972
899;0.18120467024968215
900;0.06511391048968052
901;0.008644203831784325
902;0.14089231745860736
903;0.0795261254537295
904;0.15278969898591208
905;0.08790966090245025
906;0.1766182320077763
907;0.10970696212282055
908;0.19188884011385515
909;0.1975772354240634
910;0.017052786407074173
911;0.094430320784879
912;0.16951631471964604
913;0.1339652571095978
914;0.19894063904713974
915;0.14363034315033582
916;0.13822833345634944
917;0.049853975191973744
918;0.024260328409637145
919;0.18900095179608117
920;0.12329027093153731
921;0.03979883003403755
922;0.049078023709380886
923;0.046028160744388806
924;0.059139288160604146
925;0.032248400963570005
926;0.15479914492666916
927;0.06731413926677403
928;0.0017578178505177845
929;0.06712451060503566
930;0.03553555990151467
931;0.10111823492358936
932;0.14649255799093366
933;0.18243075919853105
934;0.13412249814707358
935;0.1042971207559666
936;0.11453531679183043
937;0.16623787039351237
938;0.18939543605882275
939;0.0062809622858680525
940;0.17164295207025104
941;0.00910968646601329
942;0.11866252468379597
943;0.17136970058216236
944;0.15140018774171088
945;0.03831803651966244
946;0.03802080818947038
947;0.16180974151224417
948;0.1841515104360233
949;0.109673368179946
950;0.032631019277221764
951;0.04186482526957922
952;0.06763667206776203
953;0.10469660791918295
954;0.15547626529748082
955;0.05693112994609095
956;0.12089273416839211
957;0.1007325730735485
958;0.17373222033238672
959;0.01917849739113633
960;0.10485399266748219
961;0.06914596140300525
962;0.16060253344997122
963;0.015096512537641238
964;0.05150934797412452
965;0.10549980987628776
966;0.0022008333422766538
967;0.021056815390421015
968;0.07500616836891938
969;0.05293862908949232
970;0.19965433512034814
971;0.19481102765335814
972;0.05491298401526519
973;0.11946055561197587
974;0.17146035846583577
975;0.029773340480178323
976;0.12101744840566453
977;0.17214705848414893
978;0.06399845452931656
979;0.003793441143416132
980;0.0175933918060899
981;0.09654068650078913
982;0.17981018886404043
983;0.026681534708984003
984;0.13105737725517233
985;0.1543765781783067
986;0.04749905686658107
987;0.10306525123615351
988;0.08389087814893198
989;0.12674584660422789
990;0.000493621178740522
991;0.09615866568746578
992;0.13351353665240648
993;0.11040199515909509
994;0.011332138199356101
995;0.055963009827145395
996;0.11368235755921552
997;0.02820681997085919
998;0.09376733071593224
999;0.113826870692955
1000;0.08897609428439512
