1;0.04183881976945694
2;0.03950503306704241
3;0.1268471228979781
4;0.19361281779772752
5;0.16912703182881555
6;0.17401785383428703
7;0.04849051093354948
8;0.08519373683892542
9;0.03758639753758795
10;0.09262673722520172
11;0.11883895344403883
12;0.18727905690468508
13;0.152580977455616
14;0.0991867900430985
15;0.1345428121681288
16;0.06885836502899004
17;0.0014446518743783444
18;0.1838875389342015
19;0.13753494169935862
20;0.001726081042017791
21;0.10160858123091121
22;0.12992931792444937
23;0.1990990506075739
24;0.17694025409754366
25;0.19498465553357647
26;0.1844583993239418
27;0.07976294449605976
28;0.09101891977097852
29;0.17357907791690594
30;0.035115353943876194
31;0.14316788826740617
32;0.08959682049275626
33;0.08660030228615041
34;0.05882688978282829
35;0.14818786717950908
36;0.00412181712596158
37;0.04992091692227159
38;0.02538725248297189
39;0.19924444775767577
40;0.12935631122872537
41;0.09232401419571115
42;0.12938901462157487
43;0.01908967046752097
44;0.054719293184236566
45;0.021994075466700402
46;0.17774427801809806
47;0.15985411514693768
48;0.11274867162882643
49;0.17464253573001634
50;0.19749596762029875
51;0.014468522336303115
52;0.07712845228948861
53;0.03803122768134333
54;0.09846120659395821
55;0.11057813647434861
56;0.11484792567634797
57;0.13084385573090063
58;0.01260877559731537
59;0.010367833823997863
60;0.1133902821132436
61;0.03811736254247551
62;0.016584300457403046
63;0.15068763539929822
64;0.13592415323799437
65;0.08952493905440458
66;0.0004633116451769004
67;0.15262230204729038
68;0.045799703579032514
69;0.01570586119744957
70;0.16128755194534644
71;0.035382326125641565
72;0.18530918835814775
73;0.10030109018070116
74;0.0407107098249093
75;0.1449273221177424
76;0.07162613006189127
77;0.19089305986550678
78;0.132409455559353
79;0.11345783577484395
80;0.06512342906707158
81;0.14828457952413773
82;0.10625136699593551
83;0.13385819848340746
84;0.10598058961596615
85;0.034293021337046106
86;0.10011330662509309
87;0.10270049734342948
88;0.12313495926809095
89;0.002476980290762332
90;0.09810949863114178
91;0.08405655979741694
92;0.004971067195786394
93;0.060709660831651746
94;0.1546005718808354
95;0.11016747077280582
96;0.105710468380882
97;0.0904251018678251
98;0.15894525996854708
99;0.1899528894541632
100;0.0368347515205202
101;0.05176512157343116
102;0.10706972761105456
103;4.7472801060854947e-05
104;0.17022078913165087
105;0.017364861568165812
106;0.13362809827105493
107;0.1397830478105927
108;0.12665135350977128
109;0.05493900619327668
110;0.06280269982212498
111;0.09141819939653904
112;0.18950500497958706
113;0.1382528210447504
114;0.0468672562400841
115;0.1691071804948047
116;0.18552728806505325
117;0.1283243485507056
118;0.035469540323297986
119;0.04382577876197629
120;0.1001704742592851
121;0.14728553720305831
122;0.14046351728073025
123;0.1236075676139385
124;0.18579254381343802
125;0.09504503028541807
126;0.018388742964586792
127;0.050706304810663454
128;0.11577890050409366
129;0.050859306975408705
130;0.021041674602570427
131;0.14142733966238125
132;0.04851721704006895
133;0.021397786392604146
134;0.18883934028257482
135;0.1607803779346941
136;0.14780701754329176
137;0.05661485154032864
138;0.045519899420791425
139;0.17958691532280832
140;0.013205325973885886
141;0.007555685768743748
142;0.16420613386753558
143;0.1315944462716676
144;0.12498939824528062
145;0.04935137123016778
146;0.1004125124262292
147;0.037867666308909566
148;0.059996989805609906
149;0.007573990462441116
150;0.001225103778461678
151;0.03985883411490929
152;0.020336823820846228
153;0.06141685236369918
154;0.02860877151386079
155;0.08254913251170928
156;0.047651528651396616
157;0.07406585603821346
158;0.059817351346575
159;0.046996314602372524
160;0.14141597789982238
161;0.091899045558711
162;0.03170379852016452
163;0.14177876206140527
164;0.17498320907835854
165;0.16904863588049623
166;0.0007979368840173473
167;0.19866944983353774
168;0.07823618926277912
169;0.1382900253794557
170;0.03382653779253397
171;0.14104871035103228
172;0.10991618443068983
173;0.19890130740868872
174;0.10496942703072479
175;0.044383158746042664
176;0.10556508010501364
177;0.08844300063228694
178;0.07382168087032777
179;0.018484298884565577
180;0.07644493505107566
181;0.15850323278468192
182;0.022937216040698608
183;0.16736103877895134
184;0.0848667754454078
185;0.13738450898313714
186;0.19898478510318338
187;0.14555161374620978
188;0.05728460753136995
189;0.1703218886075034
190;0.1218802540352244
191;0.10106434303477485
192;0.16709170452078265
193;0.12953074564917755
194;0.08484745777080299
195;0.11614349691357764
196;0.17538854284569472
197;0.0836562187192491
198;0.08785884634316664
199;0.14468994193036785
200;0.12033490813649783
201;0.14376599520057137
202;0.06899451395609664
203;0.08429089901255932
204;0.1988074944788752
205;0.12975987718432683
206;0.13503822218072092
207;0.09731534593692795
208;0.08769450324709145
209;0.15843400639155775
210;0.07723792762903686
211;0.10356396012244727
212;0.08459349340926917
213;0.0782312616489263
214;0.12335267214914834
215;0.17596258955707136
216;0.06860418854985116
217;0.1438015608666769
218;0.06290072034992991
219;0.025499576988534556
220;0.02966230041407336
221;0.17207128706803898
222;0.1900528548434343
223;0.06492825317108337
224;0.11299676154369849
225;0.12164926184933296
226;0.145168950092585
227;0.19124458604621392
228;0.03410646473952357
229;0.13108310424616104
230;0.1865036205611091
231;0.05706203043531477
232;0.1552899216863004
233;0.08752117102280062
234;0.04760529362473956
235;0.11908659957512419
236;0.09648511348681595
237;0.09362616911054998
238;0.06054018933589161
239;0.08410831460411466
240;0.008339434842457983
241;0.1581405247358056
242;0.11462209431275788
243;0.1924056287694227
244;0.027332617457359265
245;0.04297693192393346
246;0.10071014023357294
247;0.14405792063563524
248;0.1634600088593164
249;0.008667325721742359
250;0.007853762136682962
251;0.13369400530645234
252;0.08733145228733248
253;0.10723668325637832
254;0.00802233151278442
255;0.17768805130069018
256;0.027383068732952487
257;0.1704354630357161
258;0.11973086407281167
259;0.0911986177693964
260;0.03720796184080151
261;0.034198783603652076
262;0.04280501208532144
263;0.12940362051939416
264;0.009314394339182774
265;0.14406582830419865
266;0.005123975232461353
267;0.11239559560846449
268;0.1217306277426933
269;0.06713103229189898
270;0.07406516483985955
271;0.027767627971192588
272;0.09782796561965501
273;0.1507699860114443
274;0.09868330347922438
275;0.0499828408902024
276;0.0934308944870461
277;0.1455536836845253
278;0.029071868625015363
279;0.04735225079761887
280;0.12600108642171579
281;0.16279968685403157
282;0.06822239065235829
283;0.1965794634089867
284;0.1561649467157299
285;0.1446725724202371
286;0.13396350732460388
287;0.03597452841246092
288;0.09433778530375958
289;0.1243521100343791
290;0.15282022193990807
291;0.18266318399166098
292;0.07046386663466149
293;0.09096954390646102
294;0.1066510738717845
295;0.1018865072174745
296;0.07499450827089474
297;0.15894383755394428
298;0.014732700907195096
299;0.04868772838912179
300;0.11704968105923959
301;0.09966539219034397
302;0.05980109173389079
303;0.1886780087223543
304;0.02621472434943195
305;0.0846394315376456
306;0.1532786240189738
307;0.025103868044010193
308;0.08600332166147298
309;0.1720194121755642
310;0.04730786376251775
311;0.07113989366076497
312;0.04179216673209636
313;0.1339703811128396
314;0.04375471293717055
315;0.13812127778390001
316;0.19168110031811875
317;0.010585724076255599
318;0.07780214395490091
319;0.016680048337075704
320;0.04458225960938755
321;0.023919717755086303
322;0.18546806837774826
323;0.16434133109388427
324;0.03848059522380827
325;0.05217618507727544
326;0.16918421774758952
327;0.07526424715102074
328;0.08209658136254026
329;0.11299389685122559
330;0.18550634284397496
331;0.1882887992833334
332;0.07270518920975964
333;0.18958966130403893
334;0.19920600799854363
335;0.04162939665371912
336;0.029804105130615623
337;0.14682456569508293
338;0.06263137016108473
339;0.09657517423197073
340;0.10189558982762122
341;0.02177656351351356
342;0.1282026062716173
343;0.19088035153873073
344;0.10180104101579315
345;0.05971023673198914
346;0.026515356348313368
347;0.0009193068995323018
348;0.08649858147969397
349;0.04408416788239762
350;0.008799474808765528
351;0.11804085425104482
352;0.16127104707031786
353;0.1936504478246045
354;0.040791138208685324
355;0.11115177424416228
356;0.16680869050879943
357;0.11885986049570046
358;0.07863027081563817
359;0.017423029565947167
360;0.11519164074597164
361;0.0021289034133957774
362;0.08980876226125918
363;0.06531763263679549
364;0.013285286553080367
365;0.00299549012073066
366;0.18815973523203097
367;0.13341980272190487
368;0.08965160468801758
369;0.018318744736284056
370;0.06593993814264297
371;0.10677720743061443
372;0.18536795725151547
373;0.16499001174387815
374;0.11814312658240417
375;0.11337494189251492
376;0.046528095830132024
377;0.13106358877615285
378;0.11702034234068018
379;0.05821836375801939
380;0.11664651429639777
381;0.00673951965995181
382;0.041994859018768343
383;0.02210696875762208
384;0.04372737460273424
385;0.1261947762061323
386;0.08897259320032534
387;0.07801429438522443
388;0.09654365050183032
389;0.08704711881595065
390;0.17144989857753687
391;0.09827361726947592
392;0.14888394356544637
393;0.18623211779313747
394;0.020708643261948545
395;0.19961582412551163
396;0.06395639436405094
397;0.12691986655891796
398;0.12673365676373238
399;0.10448169828959003
400;0.06616579481945213
401;0.008959411458566912
402;0.08999452168347627
403;0.15459967353616932
404;0.17788832426914902
405;0.04634521165634205
406;0.08616734736893117
407;0.1687979787659586
408;0.16244069272655276
409;0.07143808463621033
410;0.10571202100072617
411;0.03976110718840769
412;0.15882958042264672
413;0.08001422601821856
414;0.10854706806506598
415;0.1506077088587868
416;0.09914327978870935
417;0.007054758656505045
418;0.12846354693867484
419;0.0891705184896757
420;0.062251926631781744
421;0.03271373611914774
422;0.09815065360489927
423;0.18265907784920207
424;0.02897062594738782
425;0.12911434442639835
426;0.17796658450836778
427;0.09282353838621192
428;0.13959820885999616
429;0.06954614147817088
430;0.18917808551229665
431;0.08893618910915169
432;0.09856294716550036
433;0.10738296672032971
434;0.06188298885166417
435;0.08028713342457801
436;0.0824794680846722
437;0.02169623156927343
438;0.11442330451234035
439;0.15440012276151568
440;0.1907629199870332
441;0.11939209544424355
442;0.06399808314087434
443;0.1996301086783775
444;0.018643176482385383
445;0.005678607496803378
446;0.1396986140612206
447;0.08792960425880043
448;0.1007301375281362
449;0.035026899575119334
450;0.18405066548938054
451;0.038496457548654675
452;0.10264488418211369
453;0.06677749929191386
454;0.14268697499676694
455;0.09138587138799306
456;0.02980528797709372
457;0.1317377328979693
458;0.09029555939974161
459;0.053971545300672746
460;0.03023570864231362
461;0.06431678473704903
462;0.017170670926485034
463;0.14051742251186627
464;0.06875223800085672
465;0.11695648982110417
466;0.13742115256729656
467;0.1009698234931537
468;0.02404742997852234
469;0.13426586936110965
470;0.010513628828462074
471;0.1536578540849041
472;0.10611514480647655
473;0.1532927827840017
474;0.009621803815544916
475;0.07471704886676005
476;0.09890433381582978
477;0.1934911556788727
478;0.07010496705544773
479;0.08103493696612506
480;0.08412578005917484
481;0.1547365705539664
482;0.08618421495525062
483;0.06152199905939951
484;0.1524525464459503
485;0.06435199583433078
486;0.19058892295588425
487;0.0004918396261616387
488;0.15134906441375937
489;0.13601012824363654
490;0.023973717756364567
491;0.1708752343693747
492;0.040451342338701894
493;0.10654731764512414
494;0.1148222921821358
495;0.009330178114816335
496;0.019217239539306832
497;0.047985818710872444
498;0.021043396991570942
499;0.19013686614112812
500;0.1655237117962851
501;0.04505941306856973
502;0.18411681221799694
503;0.16157669016328352
504;0.04395427422892495
505;0.1829069667543693
506;0.038458346941815984
507;0.12669377445954802
508;0.16135044766685894
509;0.0024289507391114466
510;0.11779249983061996
511;0.1653448526858224
512;0.03282008149155178
513;0.049893344198661274
514;0.18411208907765148
515;0.14365362602524984
516;0.0008243222500575521
517;0.19119925349688757
518;0.01856628406626364
519;0.14951636141327707
520;0.12485784287032227
521;0.057239523841783616
522;0.18817342562337236
523;0.10568806093052029
524;0.14077669597309905
525;0.155101979914656
526;0.0509965684949802
527;0.12787509555901208
528;0.026519495000954296
529;0.15695686396673258
530;0.03610352187854702
531;0.08397541491821546
532;0.07472115299846589
533;0.0037705590231116304
534;0.030802949896004184
535;0.18990991526532172
536;0.16601977121957062
537;0.1746454068066834
538;0.16943680750289122
539;0.19518891033678065
540;0.1640261442792079
541;0.09729338518528685
542;0.03608046663882787
543;0.003472265610002845
544;0.17141623059756808
545;0.04360864001570659
546;0.17827627055998216
547;0.1583846440550245
548;0.04392634049893965
549;0.19612346962890292
550;0.19388964635999953
551;0.051752613442515874
552;0.019068177272908396
553;0.18594801793145854
554;0.14360096183495066
555;0.048811980961050196
556;0.19289569762359066
557;0.027299184123434395
558;0.037122874205176924
559;0.015374306913268333
560;0.16870253618295916
561;0.19290051567745306
562;0.03608530573881648
563;0.15991814546244204
564;0.18993095221399073
565;0.011687322459384576
566;0.09730733045335288
567;0.18334591957345975
568;0.0024260046972288674
569;0.14207612570426242
570;0.033011715524537945
571;0.18649631471459038
572;0.1813283517092071
573;0.1763430861658623
574;0.021454484670319764
575;0.1477275571711912
576;0.050171664910414804
577;0.16362972980208915
578;0.1888844923882199
579;0.14718000209445176
580;0.02591817965652439
581;0.11304108884586367
582;0.1287067559653725
583;0.10034024990633186
584;0.028224791506387705
585;0.17424981734738204
586;0.10696769206016643
587;0.18219849202676916
588;0.17970074087355292
589;0.06024894871695832
590;0.04465323534688064
591;0.09948699619450846
592;0.0041832777582603954
593;0.051415099996718894
594;0.001332415358420791
595;0.04118672387910081
596;0.1257259649899561
597;0.03764034666331859
598;0.18884052637079707
599;0.014051183337322071
600;0.16212825577372736
601;0.1714115494225865
602;0.1351732384412949
603;0.1671580488736893
604;0.15854594821408363
605;0.05339755597180036
606;0.1615548204765396
607;0.03825857311158343
608;0.018114060988963423
609;0.05392786820641571
610;0.013319397027371484
611;0.12419654885892283
612;0.1990584630655827
613;0.04201528622459121
614;0.19667206173382604
615;0.09612540415049442
616;0.16842787116107993
617;0.0023754976626052973
618;0.19407987162438867
619;0.11704238022373048
620;0.11479757233112148
621;0.1713405702549323
622;0.14415608059954932
623;0.02671980043910669
624;0.03540040679330627
625;0.04114746727379573
626;0.010543020180129026
627;0.08878932728263395
628;0.099969131427942
629;0.03545677100387763
630;0.07975170171582957
631;0.12486552807866569
632;0.08439856681831476
633;0.032692448116464635
634;0.0743227753472544
635;0.13927458313359936
636;0.12534112608680473
637;0.12464930019672352
638;0.008833412025062826
639;0.06036104847792256
640;0.0195092422046107
641;0.04395559924184287
642;0.09708056000072769
643;0.19545000795563416
644;0.09457596997165033
645;0.1594183370414486
646;0.18497985976011336
647;0.14975961001126206
648;0.18351953870445728
649;0.14074832346541274
650;0.006639080402559072
651;0.14794587579238014
652;0.041044009263569374
653;0.05268889225058542
654;0.07284458836867569
655;0.19371369352829315
656;0.19731604414455528
657;0.19121928626642437
658;0.016704810133168713
659;0.047994893695116315
660;0.005652319239230996
661;0.19364187011456513
662;0.0018505884794163486
663;0.12955987509803188
664;0.1107342878067264
665;0.1424872732582356
666;0.006612061521178059
667;0.06445475921753123
668;0.12001097333349958
669;0.07661789318813222
670;0.06581125005236775
671;0.09456228705318932
672;0.06249993878698952
673;0.13134760863530115
674;0.13337752720995175
675;0.09962661576162571
676;0.14776760936208
677;0.1627716161968387
678;0.035896423329266215
679;0.19151043077860166
680;0.17942263999122238
681;0.06332526609837208
682;0.10250696617125968
683;0.08957656035570044
684;0.13014235705422156
685;0.07002116796075022
686;0.15249491227210032
687;0.16723402660842335
688;0.026411163826546402
689;0.0021113164224799254
690;0.16783358782111646
691;0.09540812089484481
692;0.08125267233134954
693;0.1258670551626618
694;0.1745620873648663
695;0.11891014601866115
696;0.1280437137354936
697;0.05870302502697087
698;0.07673123102686741
699;0.1022323705623512
700;0.11448916233341577
701;0.16994478666475754
702;0.13063084190994564
703;0.03563541734398865
704;0.1968004328311751
705;0.06458103741888864
706;0.005121603509478945
707;0.01786324768373773
708;0.15942922022351105
709;0.0975284556241009
710;0.047712537785263034
711;0.09412683782820311
712;0.18303909644103383
713;0.09143597933636696
714;0.09973245049602414
715;0.1436521814231961
716;0.16640806178705736
717;0.034184421102901964
718;0.05693093172175119
719;0.16401190618053743
720;0.15109082550118158
721;0.19117553142640542
722;0.04904089483427696
723;0.03015382107191358
724;0.18084747014579308
725;0.10815056376972923
726;0.04510824525475246
727;0.025176529091249213
728;0.15534641365760715
729;0.10509465404618255
730;0.03778940637543276
731;0.07757786860433409
732;0.0906572212312135
733;0.13253002396880012
734;0.1488308449002443
735;0.04034326598202349
736;0.10885312042444047
737;0.01656129921947327
738;0.04114011316143347
739;0.0402544895102728
740;0.022388726598722198
741;0.05373185011794251
742;0.05506022313038655
743;0.04057597781895115
744;0.10796314495760857
745;0.01484070862242244
746;0.11724301014307725
747;0.04868141845119918
748;0.10673152480725574
749;0.186831758392323
750;0.07128355885311148
751;0.15300745052614007
752;0.05166202167488654
753;0.14997122433218568
754;0.09975462438087229
755;0.029216568003669053
756;0.1707421798421413
757;0.087340819712405
758;0.145078492377386
759;0.042494774336214694
760;0.00794870265019847
761;0.17898354735679525
762;0.05332821284279774
763;0.17735784517374642
764;0.06298324917555882
765;0.0062772839911781515
766;0.0073329127566480025
767;0.009397323210066056
768;0.07885007039626851
769;0.028277742911328854
770;0.08051477067401597
771;0.13322394475921737
772;0.13932944626884072
773;0.12702061661297154
774;0.05852123821106075
775;0.12341863858176341
776;0.18693049618311866
777;0.12570488446701075
778;0.1821160488484573
779;0.17497445179993076
780;0.11422660931338645
781;0.0026802055474578037
782;0.04770011091594353
783;0.03314510223078389
784;0.1101473852751726
785;0.13473868963272556
786;0.009403465916059207
787;0.0825393845852605
788;0.1151460817756844
789;0.032311979455598584
790;0.042939095173459424
791;0.11207058792749332
792;0.03127829677556393
793;0.06369929332542013
794;0.0021882635664818295
795;0.029490455858507337
796;0.10481158215961824
797;0.07928195313856312
798;0.1392268492165828
799;0.14181675900809093
800;0.1899833855749282
801;0.17628546363310515
802;0.0911463426611656
803;0.02650011564048951
804;0.15425987415430775
805;0.056000662163549424
806;0.06559735164081436
807;0.11104118944074864
808;0.1260936195461213
809;0.04270029389896457
810;0.16678429874980152
811;0.034719717415540675
812;0.09473819564283491
813;0.07304825133951241
814;0.013874420782922692
815;0.05825372678573635
816;0.027233270461868478
817;0.15586389366667783
818;0.13027563636307066
819;0.030505610861975164
820;0.13766036065542053
821;0.05275470094386086
822;0.05473341081534125
823;0.14057609794140138
824;0.1301621021129485
825;0.09476207488642024
826;0.11309660315279012
827;0.08141120510097069
828;0.06799756314811026
829;0.09736321491859741
830;0.09850819519177648
831;0.12160384415842114
832;0.013946344034207914
833;0.1392900645148226
834;0.060673272017593566
835;0.16871292645904964
836;0.000546823897711568
837;0.15146635006652226
838;0.0018174030021526066
839;0.006347930580687323
840;0.1803233149373639
841;0.059428281542562814
842;0.09154632619370427
843;0.19970504904856892
844;0.1376412823784279
845;0.12678036334005308
846;0.007737459617363363
847;0.1700344329169256
848;0.0505035637791732
849;0.12735422768623458
850;0.0011996286824572434
851;0.14816258028185655
852;0.020918834221849016
853;0.18413007228829556
854;0.17231551854586696
855;0.004786501709337166
856;0.023394986931797312
857;0.16662203969645778
858;0.011292646716939704
859;0.1430797128986622
860;0.13578141591586576
861;0.05998440965731944
862;0.16055712058988103
863;0.18647889943920715
864;0.10037388003366404
865;0.11354352827097353
866;0.17323890588090263
867;0.1198644944688466
868;0.0023710774651961143
869;0.14522720999639907
870;0.06801025583749801
871;0.038465988450821255
872;0.044448948765623955
873;0.1026215967834791
874;0.1928668316360893
875;0.011103625313798382
876;0.015463630526519846
877;0.15498473444081406
878;0.034689233792839634
879;0.050194397651528444
880;0.058030835501324
881;0.07060135258636054
882;0.15798992509312396
883;0.021014302187817902
884;0.059412633462422496
885;0.11222439496765846
886;0.0011171180326892127
887;0.03314488597034242
888;0.16758989728381962
889;0.03595798648866351
890;0.15979327900374196
891;0.005497402587060618
892;0.15053075109641803
893;0.06662386806330063
894;0.04433667248971207
895;0.09815254115171256
896;0.00504815468224098
897;0.10600512390677275
898;0.09478820874855527
899;0.11754918586841778
900;0.17431852035359108
901;0.05005749133081239
902;0.0706853462815935
903;0.04338152444874424
904;0.06306419506806875
905;0.080504620464795
906;0.05183341050230046
907;0.1537329735353305
908;0.08555963190487642
909;0.0251979486962292
910;0.17182347969785072
911;0.02884392751822853
912;0.15250874951106208
913;0.07985747069369686
914;0.14175863263260383
915;0.09151542268200374
916;0.007884188479333433
917;0.018447117966063575
918;0.07330953966656353
919;0.018637794005057273
920;0.18843891223454426
921;0.11197585668861026
922;0.0054205845109070346
923;0.13867567241088594
924;0.14066988420599427
925;0.16373631045728262
926;0.10606715567812591
927;0.033147820203604274
928;0.0104133759707576
929;0.18225656891478692
930;0.0335001555441242
931;0.01081038380591941
932;0.034371867866328044
933;0.08264945515120509
934;0.05106775549704637
935;0.0873434506248476
936;0.041399728076371184
937;0.18555281085648972
938;0.13694132749741175
939;0.014746504972599595
940;0.18726253444872515
941;0.11700178254402382
942;0.09902840968006371
943;0.07493314665383968
944;0.1146274957121522
945;0.15348902574991352
946;0.09773576388060708
947;0.028481340580178593
948;0.014900346774528695
949;0.017143810885811607
950;0.08248595683335246
951;0.10058607451641183
952;0.026461883926444132
953;0.18293861703612593
954;0.16846001637274358
955;0.01510422811299943
956;0.04759875362117954
957;0.06410791782112915
958;0.151549787720918
959;0.06964590982626638
960;0.15265015003773943
961;0.10795572062223542
962;0.0868326054693342
963;0.09249526829727327
964;0.10575953011188298
965;0.016083867765609862
966;0.05415474844141808
967;0.09798753839500547
968;0.1524506587764414
969;0.0889025220874163
970;0.07999409026681539
971;0.005717648035606238
972;0.1495865661914013
973;0.15005110299322938
974;0.08026835565101337
975;0.0648802758737224
976;0.11998232794058353
977;0.13262198702179154
978;0.1274908095120106
979;0.18232194915034416
980;0.11640689388861619
981;0.14381188334224085
982;0.18532196949118868
983;0.002991055905657203
984;0.03350055821969349
985;0.10775583083987449
986;0.14724203046672144
987;0.1438868170603989
988;0.07150194176865625
989;0.08904123570712115
990;0.11889516044558751
991;0.004539716294888141
992;0.014715177887378306
993;0.19324074582165474
994;0.0004455354168252601
995;0.08577528580983643
996;0.18045920742622049
997;0.020895753710978182
998;0.01834735279083879
999;0.05235831113276406
1000;0.14043932157444228
