1;0.08359037328688484
2;0.030481981011880543
3;0.08977970496527443
4;0.05248109562131448
5;0.03238101697884539
6;0.09241144068838182
7;0.046444885986773245
8;0.09460244589686917
9;0.02961491314371736
10;0.05563925651707474
11;0.04230665986998244
12;0.0008537922541728582
13;0.04657084937915634
14;0.06690658405570415
15;0.028006398237785925
16;0.06228352544339723
17;0.03517519836695232
18;0.09474902253539949
19;0.034140527067989805
20;0.025423954215753053
21;0.07952620529089881
22;0.024702649088449182
23;0.06573870573115848
24;0.005589064173527725
25;0.08346431472691751
26;0.00753002103266065
27;0.032475727412683654
28;0.0420325472034209
29;0.029546364687528005
30;0.046236332954599474
31;0.052070184990903226
32;0.09651108549981158
33;0.07276045077669331
34;0.07004085222284862
35;0.07474196421669141
36;0.022686182674534885
37;0.08594057374913017
38;0.06727585967860016
39;0.06020557471985715
40;0.01742306369399791
41;0.033803587057463315
42;0.08699995693411855
43;0.0017705227065246021
44;0.047231644976675126
45;0.0838238160733184
46;0.06327652047849991
47;0.08777012278054575
48;0.00973726173424131
49;0.033261478429746784
50;0.06169395326955435
51;0.009097040786570842
52;0.012301430798855552
53;0.03608909287635133
54;0.04034402207081172
55;0.007021209032243925
56;0.01133124232635744
57;0.03456847187391598
58;0.058281197930032086
59;0.08415372399833251
60;0.02519515742835341
61;0.011377934233978537
62;0.0011451869475551546
63;0.0006677677033439356
64;0.05082902955104321
65;0.05647463451481495
66;0.05456099189228119
67;0.08923361458080853
68;0.09926143156281267
69;0.02088210153323692
70;0.03033955615615529
71;0.06786657445112776
72;0.05204178715976471
73;0.08498069164232103
74;0.0045733743950728935
75;0.07919850072017662
76;0.06587193319458955
77;0.014541601363209679
78;0.04809900463626691
79;0.04932473525203506
80;0.06464098177373763
81;0.04949957454480686
82;0.02747728511460228
83;0.009331769461801332
84;0.08987543531320334
85;0.027579408210816194
86;0.07744512033929873
87;0.0760043428868122
88;0.0639664174170814
89;0.00233631582421715
90;0.013914399626857088
91;0.03440400462585549
92;0.09426087725323255
93;0.08480056077311589
94;0.04991703028085803
95;0.02294005288408889
96;0.0768462687199194
97;0.08273066907261485
98;0.08033826751470158
99;0.006389889754317424
100;0.0702645532087523
101;0.05585733499621103
102;0.09094503378273883
103;0.0652414088381149
104;0.06725905386203436
105;0.011265025783838922
106;0.08114554508664137
107;0.07956850442306679
108;0.03866594334270401
109;0.054304490949648544
110;0.07558938805267285
111;0.05091426370576235
112;0.052002808760560716
113;0.038451822921602166
114;0.0309994126976635
115;0.00032232152231500557
116;0.08575495305325286
117;0.09132833891390989
118;0.074136956892043
119;0.014107666326887959
120;0.0787532281777916
121;0.09524032621220072
122;0.08776504884863218
123;0.010696991938110268
124;0.04496777457913468
125;0.05931207853376759
126;0.06044013948284824
127;0.011530589560509364
128;0.024199045087889937
129;0.05869826518989572
130;0.03915324706083954
131;0.06513939120274774
132;0.05547222405069973
133;0.07080577285994198
134;0.050846575229831076
135;0.03918896396594357
136;0.0338135757270415
137;0.05868451459373895
138;0.027758504870816325
139;0.08533540593527239
140;0.027564055396820587
141;0.055981203608642754
142;0.0854687893272208
143;0.05980366366908484
144;0.036081797381019964
145;0.0809757079235773
146;0.09458515379801397
147;0.08776538846401263
148;0.007536310760473586
149;0.0057195141000141005
150;0.021506509971199017
151;0.051207692125714056
152;0.06939352476507425
153;0.012945857271970252
154;0.08901327345692417
155;0.08604396679953065
156;0.023114412182797552
157;0.05524476413115616
158;0.000498429479658824
159;0.03545330516193497
160;0.040077759401588475
161;0.07445255933923732
162;0.0059480591156906406
163;0.02511415557776934
164;0.09264885935115225
165;0.007608288539839659
166;0.022116928393438585
167;0.004470701428180191
168;0.036015810964015495
169;0.04602014158830267
170;0.08539573326085637
171;0.08577722142144872
172;0.04797519306278578
173;0.0716438127044691
174;0.03779641039590165
175;0.027099687033758004
176;0.043133137367641884
177;0.009791474412095425
178;0.0007529645009103581
179;0.025373653834439482
180;0.0971290924040156
181;0.08283254039852184
182;0.09346195594826137
183;0.003243691080911593
184;0.012921497018430685
185;0.02615388638771439
186;0.06946407610173161
187;0.062456795704632175
188;0.07093540896993038
189;0.07428670104443462
190;0.09134783572692837
191;0.0854675092854832
192;0.05021047998402983
193;0.07515863586264793
194;0.002256737692791444
195;0.047807890946976433
196;0.026532242635988537
197;0.04593461365090745
198;0.009800339267147053
199;0.049312496796165395
200;0.08526964747997688
201;0.09690599537382744
202;0.0867676326778394
203;0.08866944306167712
204;0.012962973787739796
205;0.03374294193614147
206;0.09039586456771365
207;0.08910450569446061
208;0.012628637995394487
209;0.05871299895882858
210;0.003861750837349187
211;0.07948010721578293
212;0.06290406210199273
213;0.007259974165272954
214;0.06278258361360388
215;0.005620370136815023
216;0.07657018495437136
217;0.04609394397806809
218;0.008654809414821408
219;0.061658192878623924
220;0.05002260389216913
221;0.07359669681271828
222;0.060404447094756286
223;0.06999314981856393
224;0.024682752955173914
225;0.04117539857206337
226;0.06485622751083024
227;0.017375246522692213
228;0.0508018664204678
229;0.07706452272384962
230;0.049531946782180626
231;0.019204489509066083
232;0.06752984229722381
233;0.04562820256652499
234;0.09807892213666194
235;0.060020662991572965
236;0.02404337839788181
237;0.08667049760637247
238;0.02736021346489527
239;0.01618170034151456
240;0.08070984150957222
241;0.018762069180220733
242;0.0027216473017092624
243;0.01432333512708205
244;0.042289480563110354
245;0.03296090204505118
246;0.010398176312270559
247;0.07196555762713643
248;0.09886694370774245
249;0.013755029755510718
250;0.09557048095974695
251;0.0947487081630381
252;0.0666196102571943
253;0.05854612187505655
254;0.062333442926002014
255;0.019590777213315414
256;0.022411180056800872
257;0.034781709065451916
258;0.026219260110167144
259;0.06673385175518219
260;0.02652927185675491
261;0.025104382925170456
262;0.05105020784103325
263;0.0893629425362088
264;0.014009514154860226
265;0.08733496637346401
266;0.03060953015545205
267;0.015754331957017077
268;0.04250554197718536
269;0.07013184186738908
270;0.007020981301166795
271;0.09982211408388963
272;0.010515767849075387
273;0.008006895227194633
274;0.09779701660377549
275;0.07386527262189042
276;0.05721894794030044
277;0.033265604779210055
278;0.06381496513783876
279;0.013126050498270004
280;0.050047955681974836
281;0.0169141023946384
282;0.0670183403456154
283;0.0700517107210233
284;0.088867343690106
285;0.08463738042937961
286;0.0034607239357038245
287;0.034856696903213684
288;0.09694207366212826
289;0.09784545946056968
290;0.047903728126007086
291;0.04941156887826625
292;0.03750344632996486
293;0.05046534037593947
294;0.0808017644136355
295;0.008527453715242139
296;0.028008258356752115
297;0.027232063855501965
298;0.022391410277804048
299;0.009932532388117999
300;0.0672425235272402
301;0.006944432237908516
302;0.04602777694260392
303;0.09579287492790832
304;0.04426037299488028
305;0.06711183574029901
306;0.0336087303113606
307;0.0028192684290594405
308;0.04311725409367663
309;0.06274745994557458
310;0.0033818678137297223
311;0.03182754310810726
312;0.09942888031139782
313;0.04993387850181535
314;0.045372540602540756
315;0.023728334669675125
316;0.06855667337858412
317;0.08994231617699747
318;0.012285194118206512
319;0.05363159767313607
320;0.005177990970458024
321;0.08309384732036773
322;0.06331399019338756
323;0.08216739895582598
324;0.04239828308936444
325;0.020429482806414413
326;0.05145557534003458
327;0.018879314665038463
328;0.006200422322726773
329;0.027876634777314214
330;0.09673741433926952
331;0.047740633332265595
332;0.02553803521209247
333;0.09166378269447745
334;0.03934478192111599
335;0.09295084606964979
336;0.07269922046434954
337;0.06425645735853047
338;0.09454502700155924
339;0.0703696652931227
340;0.05800173188085472
341;0.09813920196993456
342;0.08335918163157374
343;0.014204813078973744
344;0.06865131355679684
345;0.008446173525738777
346;0.0996618240703819
347;0.06297084890964558
348;0.06757397471675125
349;0.07471812863489567
350;0.08367059438973
351;0.06571113488899777
352;0.015995030429045543
353;0.03595644301756956
354;0.029164725684272565
355;0.04364207553504586
356;0.002976018153514981
357;0.06302663357105756
358;0.00739465284394375
359;0.07876266405714183
360;0.06785529923576156
361;0.041303486789267346
362;0.06956986920157347
363;0.012280811595374053
364;0.013781464195732042
365;0.050738775101670755
366;0.0069438762621204745
367;0.0586432973636064
368;0.07435164769750352
369;0.07217212760464568
370;0.04610879593060131
371;0.06475899579792972
372;0.09841883530180301
373;0.025799741453379633
374;0.03992357745768817
375;0.0938032983228814
376;0.09974478763770313
377;0.0060449204455420465
378;0.0488260366660796
379;0.03282917014622563
380;0.043853665921480135
381;0.039653242326865304
382;0.040514575526980436
383;0.007817332873654338
384;0.029438094653415472
385;0.05480837586651649
386;0.08849289818694044
387;0.058372315305390346
388;0.030441941580232047
389;0.07295021342336501
390;0.018661074549750467
391;0.03197973939295924
392;0.0216600742177672
393;0.037420227251760585
394;0.08310605000426793
395;0.05451196968560573
396;0.06615913909131155
397;0.02039934019140649
398;0.03184396926640357
399;0.032303040550478494
400;0.011063297685865493
401;0.04091649367782797
402;0.041587895779929766
403;0.062003734046588765
404;0.004966130366103117
405;0.09074148371540275
406;0.052792262797401485
407;0.09181228862626839
408;0.005212557906075089
409;0.02500832580558242
410;0.06767619058464706
411;0.04418327950197329
412;0.09518102702127099
413;0.023502774296719132
414;0.054457431503441824
415;0.08633206672615466
416;0.03524892072908066
417;0.07478474326273393
418;0.02932037685485771
419;0.0547346854471011
420;0.02395381946723011
421;0.022365681809182483
422;0.02090893675431195
423;0.056390668527856284
424;0.06718443155847195
425;0.028459694479248968
426;0.06963563249033634
427;0.017210564712527545
428;0.027483585603478102
429;0.07254199222213066
430;0.07138238430279074
431;0.053799110710209125
432;0.06138403610868964
433;0.06355941107193681
434;0.09689347677381166
435;0.013981080667148583
436;0.012740043621559817
437;0.060197475272466106
438;0.07938734414221918
439;0.09548004930336286
440;0.008118150276787616
441;0.07713298565859827
442;0.017240535929583068
443;0.06331314535844354
444;0.018156797505151957
445;0.002848659686747279
446;0.01486989804966028
447;0.02966405085024161
448;0.010210236346528479
449;0.012863678278694713
450;0.04527857512290443
451;0.004491687676499478
452;0.032002219878797734
453;0.0058668486499404045
454;0.03661703194288386
455;0.0951350129551108
456;0.062261606928492745
457;0.0461046947796994
458;0.056386100376761256
459;0.01161646730864372
460;0.014578955173278164
461;0.06739638335930125
462;0.04709173994166761
463;0.05049004446311949
464;0.05292269592027426
465;0.06297508762017949
466;0.07155619908459365
467;0.0031495608178232163
468;0.057311780200281104
469;0.0981939040172759
470;0.05459429208011697
471;0.011961131887395017
472;0.015362398370495212
473;0.0856183525202579
474;0.06378547011465545
475;0.08318365875856436
476;0.09436143659310087
477;0.003621131455422477
478;0.0060556051846052845
479;0.02522542644673338
480;0.08041141225651013
481;0.07402667589601009
482;0.09335024835810073
483;0.009535683728391697
484;0.02868798274450206
485;0.09803481836792402
486;0.054301117354613876
487;0.06004033533238792
488;0.04222927927620086
489;0.06459515432986548
490;0.09832872501577795
491;0.09970691000835817
492;0.05379069400370508
493;0.0784875677202094
494;0.0736414840549363
495;0.05441058606292019
496;0.07362967208264169
497;0.040727199690778586
498;0.04117817740074325
499;0.04301304349115841
500;0.07780583927288844
501;0.050639709969289806
502;0.07179903568936115
503;0.05079402246515646
504;0.0256843470791303
505;0.06633557541430647
506;0.027636379088714337
507;0.027420372901511027
508;0.07976563984547025
509;0.08464498558514061
510;0.048525681232512774
511;0.03599544969227502
512;0.0650256425563144
513;0.08775963584979128
514;0.058731073174903975
515;0.07005958382643034
516;0.017488110226264876
517;0.031999237743336316
518;0.039851183165516495
519;0.024114818567298715
520;0.09456238089249712
521;0.010711464496140334
522;0.09605039447273973
523;0.08107674652554714
524;0.09304421357853078
525;0.052238307776306114
526;0.06659700982209464
527;0.0181203410719065
528;0.0416589841598792
529;0.0015413367198320316
530;0.07254626440949012
531;0.017638222237199876
532;0.044455772002012055
533;0.08205989819822691
534;0.08599536886727792
535;0.07503545243093199
536;0.05548331068682828
537;0.05574195317851978
538;0.05000501722344486
539;0.09690540280261911
540;0.08064347257164259
541;0.04598074852085722
542;0.009077225316264915
543;0.04343624005027494
544;0.09626227215169353
545;0.02627537354702769
546;0.043340295236455766
547;0.03300710934841616
548;0.014421426284602856
549;0.02326051228988775
550;0.07784029479718918
551;0.06332548586978926
552;0.03785789093956147
553;0.04544803791815066
554;0.08729863628958451
555;0.08189138781876079
556;0.09491146310918615
557;0.09166387079205297
558;0.04531096804422372
559;0.04572484162400926
560;0.08706090747909785
561;0.003896529939531024
562;0.030083210529112128
563;0.0021853495971692395
564;0.09920962883836526
565;0.057102438588888464
566;0.011096254998561783
567;0.07552234027696096
568;0.023508810925639223
569;0.05275424466948556
570;0.012371338105451069
571;0.09368681883425505
572;0.028547462900021716
573;0.06208304361814701
574;0.08217428659620933
575;0.07674003168462551
576;0.023487197759709467
577;0.06579849741934861
578;0.06764162312660094
579;0.08937481457147375
580;0.060092346316231365
581;0.0025043009221227598
582;0.014703881100139593
583;0.09455908732549455
584;0.08253020997341476
585;0.06886915365007307
586;0.057819800283192495
587;0.05311248072692696
588;0.09640360567302382
589;0.06759988509379955
590;0.0817351533085047
591;0.005718902922336855
592;0.05773010672971138
593;0.046643351049878747
594;0.08398909436417232
595;0.0143326767140732
596;0.06325163625091766
597;0.03741045257788326
598;0.08966650979882142
599;0.03811186534285678
600;0.04990035897476185
601;0.09228826328697129
602;0.07781367031460758
603;0.016005683805831904
604;0.07372768690652202
605;0.055827951324614836
606;0.08870826612511505
607;0.028187203589848987
608;0.02812425077932338
609;0.07280034066309857
610;0.011354179814104992
611;0.04161088818346712
612;0.08465274985927927
613;0.09837008443524217
614;0.06916245111054378
615;0.0890423057626914
616;0.05106908268692461
617;0.05613590133241906
618;0.06828374284420917
619;0.0800841101659315
620;0.051568532508109825
621;0.09133740425746412
622;0.02041773014564745
623;0.061525962290572
624;0.016809131892524087
625;0.09649394801884269
626;0.019110597201491067
627;0.07391245812004511
628;0.036277101950109546
629;0.09621629860469905
630;0.041515174392999614
631;0.0631325655880458
632;0.016665198165542183
633;0.03743239082862254
634;0.041628550213269215
635;0.027609992509215753
636;0.08091832558734922
637;0.04109127482261359
638;0.04099037083403781
639;0.08583697582216987
640;0.05348010655481046
641;0.07499702614977631
642;0.04800320315355408
643;0.08695206592931444
644;0.06554591937770164
645;0.09488083542581535
646;0.09612403807756595
647;0.09300481841504063
648;0.03212334105367242
649;0.06484792734255045
650;0.0375427433887453
651;0.03963089377147884
652;0.023716669586384145
653;0.055342081208611275
654;0.06646741776803297
655;0.09925143216475213
656;0.08284689430833644
657;0.03519439288724379
658;0.02846767456904936
659;0.03194338370300426
660;0.026114566603176615
661;0.004677362992726653
662;0.0014881004567018907
663;0.05258897422601099
664;0.06285625002376095
665;0.03577295964873072
666;0.05802360604031462
667;0.06997006988671634
668;0.010116590065626874
669;0.0347612608800293
670;0.06383971467741008
671;0.010185621654324751
672;0.06122606144759694
673;0.08727678744427281
674;0.09597080836811211
675;0.06503316255025601
676;0.08593656781754018
677;0.04521168617717376
678;0.03548844321478321
679;0.057283845181031384
680;0.04506542868296407
681;0.018695558547804313
682;0.015294145851267305
683;0.01637853114771507
684;0.08995351479873859
685;0.043511926391665894
686;0.03228348552195959
687;0.05573350279641277
688;0.056719161546850895
689;0.021705333735973765
690;0.08649121402334635
691;0.010345819834029213
692;0.08601089161263221
693;0.06789592794302683
694;0.08866064676726629
695;0.019418712223342884
696;0.07123326916126523
697;0.07669354963939458
698;0.03675801923912516
699;0.05070181943998018
700;0.06785495335991973
701;0.05544235941378448
702;0.055944321802986544
703;0.07841282598639841
704;0.006188915523084371
705;0.08038076782628167
706;0.07453193135906279
707;0.01168771060870747
708;0.04323298366676203
709;0.09974564863467017
710;0.0756644645780008
711;0.044335102356639046
712;0.026517406463660145
713;0.07480069317521723
714;0.0200305120874976
715;0.022776199010982535
716;0.031069317448867984
717;0.007805227992581665
718;0.06201336414489955
719;0.08108695195107435
720;0.024084045236277066
721;0.052729656814768856
722;0.04267820310911563
723;0.0036303132264945085
724;0.07492428226742419
725;0.09532181587216627
726;0.07921805747088735
727;0.012075213563113097
728;0.06083772275710932
729;0.018305958615134354
730;0.09242876398452567
731;0.03471783618292562
732;0.067023476691734
733;0.09321503823354543
734;0.039044825748511196
735;0.08345886122841019
736;0.051641579015231136
737;0.03263812852908118
738;0.09160385259508358
739;0.03153736504244927
740;0.014251569137582232
741;0.013103632010464517
742;0.0016200449088619728
743;0.05739913339928822
744;0.07290248352033847
745;0.06331265668932352
746;0.08327568438163338
747;0.07816454991320856
748;0.04190358772690429
749;0.049595932779176566
750;0.03561923876952611
751;0.008002876517272129
752;0.013509082674421037
753;0.06994833736386248
754;0.007764364632727394
755;0.08493240878287711
756;0.098514604817519
757;0.07411123073492161
758;0.03160566421612431
759;0.09900229601545224
760;0.06850678891854439
761;0.02447959445016398
762;0.026848344765877743
763;0.08947880827239368
764;0.07599669993874275
765;0.08621050156098262
766;0.02898353654527456
767;0.03601314361615474
768;0.0013182911904962348
769;0.09770338457983019
770;0.03674238537095882
771;0.08015260577594618
772;0.03640597841953859
773;0.09292626557202763
774;0.018986563705045978
775;0.06667015281796701
776;0.06979211155023436
777;0.09132514842654783
778;0.024170296112083947
779;0.0706541452158944
780;0.02491205311607484
781;0.06679534368762106
782;0.04793443704511209
783;0.07459851455199043
784;0.08515596747512538
785;0.0760018634883855
786;0.026282230759778858
787;0.024898579340774208
788;0.07700207407045782
789;0.05899171021164599
790;0.08556123667742468
791;0.08621957739210262
792;0.07286239637004932
793;0.020045323078787525
794;0.08948122827411265
795;0.05524909281187379
796;0.008230796071094327
797;0.0818577191450434
798;0.09669736004589058
799;0.09298632532413448
800;0.07625098059402569
801;0.03143127660759746
802;0.0961237457142837
803;0.04807885338090323
804;0.007090050545391391
805;0.07215812467311936
806;0.03126472858281603
807;0.015458895081198354
808;0.03748612238045185
809;0.0887478881643034
810;0.013465349658877412
811;0.09393336350828062
812;0.034364739623321205
813;0.009391888069450273
814;0.02236451758403113
815;0.09827521097617321
816;0.06574045166568533
817;0.09544909237612405
818;0.08583877909615621
819;0.06713791766008238
820;0.04632192280551112
821;0.09049636503989966
822;0.02337684976265413
823;0.03539301184878716
824;0.011229446869584925
825;0.07294898453203957
826;0.06727957010307167
827;0.09652104819802183
828;0.0114827700443653
829;0.004529557559361886
830;0.013950399008920778
831;0.0011589668809372734
832;0.05366961627169639
833;0.0037816522343758433
834;0.04628457357952906
835;0.07559103878903128
836;0.0037082307187841336
837;0.014536377130766043
838;0.09810444789753764
839;0.03277306475037028
840;0.04638250298346247
841;0.01621041667186921
842;0.08102620961185378
843;0.0675847717267093
844;0.06690899044826978
845;0.08270914995678197
846;0.08739563621300343
847;0.03831408860356925
848;0.0656864966547335
849;0.056921810388543104
850;0.04832926982881474
851;0.06031007537546941
852;0.0045222272690437
853;0.07993382173817362
854;0.008680846927820686
855;0.07373984148917684
856;0.09639500274019151
857;0.08414689028748312
858;0.04472446610755948
859;0.002500054421089859
860;0.05880891626558104
861;0.08370693845678469
862;0.0866214162598705
863;0.0673846956302675
864;0.0026203132275272934
865;0.07025517537891873
866;0.058583673229055756
867;0.03164206504203169
868;0.06891150032263774
869;0.034166068167201726
870;0.06396331019418973
871;0.022518298348458365
872;0.0981660083196827
873;0.056850099244106604
874;0.07941326497095134
875;0.020138037754445462
876;0.07908877624290461
877;0.05100261052523047
878;0.00830921902630657
879;0.09738709946579874
880;0.029115591312279056
881;0.046673496240195206
882;0.0156752463905682
883;0.07702998320908606
884;0.054186330120192965
885;0.01694765964631755
886;0.01730515228970795
887;0.013388722170445289
888;0.0006419571741952513
889;0.033178575067258874
890;0.05906906564411821
891;0.08634167924069751
892;0.01980213961714219
893;0.02685957164777183
894;0.0366167110874029
895;0.016993197230242885
896;0.09010709946506897
897;0.06991829390526866
898;0.03623503015940851
899;0.09770095661086602
900;0.06921898700559367
901;0.09737473266008788
902;0.06304732398829842
903;0.012060250165646736
904;0.015401081932420891
905;0.021512925726726265
906;0.05441792496811944
907;0.029966005173335832
908;0.0009455160484899361
909;0.016593428267201383
910;0.03906095714729331
911;0.0348795908432159
912;0.05530054138053423
913;0.03437206914123815
914;0.049898814385375606
915;0.04523483933375438
916;0.008201132483888119
917;0.09937209490009535
918;0.0805942405389592
919;0.09004143687606246
920;0.055946564007521876
921;0.04663584163994845
922;0.001996601055631797
923;0.06398881847429304
924;0.05242496127942227
925;0.014577560789736266
926;0.02635364865571718
927;0.07743144080118677
928;0.008057150380014212
929;0.09871108445603685
930;0.06884970819512382
931;0.020208575899684958
932;0.06397781381638848
933;0.013551716761522704
934;0.09767079553975555
935;0.07150675841470054
936;0.014434963090577835
937;0.06538877842425905
938;0.08085015470357909
939;0.06680125393492341
940;0.09370273552861369
941;0.002307738176680374
942;0.027662460681652026
943;0.09723166294485686
944;0.010550133014483277
945;0.02942806343357587
946;0.08460308088058076
947;0.049500652850494854
948;0.025889132553242235
949;0.09073721741252844
950;0.031505230994585756
951;0.056588790233548264
952;0.08470852862415361
953;0.03500296252515374
954;0.03705673619929497
955;0.08466130292346069
956;0.09421570844842582
957;0.021374990853982145
958;0.09484646675090627
959;0.08745744656338922
960;0.0833068075589559
961;0.036166605000458096
962;0.049378491792598046
963;0.015272402747846171
964;0.033229986161915116
965;0.060416196867853225
966;0.023670315777645126
967;0.008168367201926896
968;0.00690852120028499
969;0.029937613065733316
970;0.08854660983592699
971;0.06525628300646492
972;0.036843098672906076
973;0.09784433884250493
974;0.04569866125587496
975;0.0009968599933088851
976;0.011560007575020827
977;0.01183542851965972
978;0.019063226312300896
979;0.02466327248281143
980;0.07037748687294886
981;0.04548135613870218
982;0.05444629269811685
983;0.0898341522794665
984;0.006573240159278438
985;0.026359609880175883
986;0.019681245375582114
987;0.01969194986082239
988;0.09941765055413598
989;0.0013101931913817033
990;0.08338325386893188
991;0.08005248557167749
992;0.003019685724882282
993;0.04947334476926999
994;0.05658862750088531
995;0.017896401498874948
996;0.09710457642773153
997;0.042171418767419866
998;0.08830627209237374
999;0.08787738978025714
1000;0.0263571439477164
