1;0.12171380755997988
2;0.16818888426886247
3;0.03728783273256127
4;0.00776585468244928
5;0.05847281165455856
6;0.08794636657485044
7;0.08753031747645397
8;0.14195704511281523
9;0.19654479916669096
10;0.16294393462458434
11;0.08452947254479151
12;0.03766932967458739
13;0.08754309218518366
14;0.05776138924510235
15;0.14764789570076975
16;0.094401005252287
17;0.19919378376786034
18;0.12641576776400223
19;0.12567837696215253
20;0.07327182193094883
21;0.1890569611192124
22;0.170811887364393
23;0.11484025140992288
24;0.016625893864500484
25;0.10968437992963243
26;0.016385506735006206
27;0.1495279774317678
28;0.07202349044809322
29;0.1702814371535433
30;0.06676804379325299
31;0.14300888655565927
32;0.1680054302990693
33;0.1521608377686747
34;0.12600521111886676
35;0.1498157940344382
36;0.017260006075226465
37;0.1880156659049892
38;0.1024993250590858
39;0.17820532606173997
40;0.10837591297595615
41;0.06591872118837827
42;0.04462195481289488
43;0.1646343091556126
44;0.02172775457571461
45;0.0718051778451879
46;0.006218645392303546
47;0.11643614292138096
48;0.046464893543588605
49;0.010209623544362523
50;0.04272818256595441
51;0.13151027763769702
52;0.1819414996969393
53;0.06082201007575823
54;0.10171668272392823
55;0.053655002516985455
56;0.09622723847615144
57;0.03086636176201825
58;0.1930712827477457
59;0.15677558400533126
60;0.15140819130754288
61;0.1081230058514148
62;0.10129397146560198
63;0.18653421431737827
64;0.04375984116412575
65;0.044502936771344495
66;0.029292906824903556
67;0.05751055368459073
68;0.08758664895405244
69;0.029902668549412283
70;0.08460975999601467
71;0.15586987605857597
72;0.12704524712238677
73;0.10178681912892565
74;0.14038686164963773
75;0.08806635426804761
76;0.054115772437168475
77;0.18471311606914145
78;0.10347222505582541
79;0.09576370302912329
80;0.1239574453448366
81;0.0972181821244871
82;0.1519061578594601
83;0.09230849582997068
84;0.07890252612206493
85;0.1677935455802798
86;0.009616213503865035
87;0.023940967277903714
88;0.09983008624515188
89;0.018640802796107848
90;0.07562955312627795
91;0.08512539369572197
92;0.141915883442127
93;0.14263789624117568
94;0.08373992890508218
95;0.13324154703342422
96;0.18821614837581724
97;0.171815958074881
98;0.1272735201112281
99;0.03540531612686957
100;0.18629725819814694
101;0.10258852467029599
102;0.17739400962448099
103;0.11843706254998664
104;0.006655958325617806
105;0.12145950039778174
106;0.18326212282107887
107;0.1317799903486366
108;0.1662191023152241
109;0.1402013265419003
110;0.06442623934140268
111;0.10492295230511357
112;0.17056551682232832
113;0.09552477760119851
114;0.1533185698967703
115;0.19835178061428285
116;0.08531540122407706
117;0.09640502992831781
118;0.12352785365288786
119;0.1843906732130208
120;0.15764502401713298
121;0.19873392673553797
122;0.0029441086315323607
123;0.14593327281202897
124;0.05615496268326697
125;0.06615801667856534
126;0.19913111519443694
127;0.14815742502661317
128;0.11935452754037618
129;0.04227147045882758
130;0.14256295132186272
131;0.0871825433384743
132;0.009499829837358132
133;0.19649820967866846
134;0.09791525384576599
135;0.13733669162382406
136;0.16766352745165833
137;0.1300375621729753
138;0.1228598722965983
139;0.19663265439349764
140;0.023113571475414065
141;0.03691079425774679
142;0.10763898042094787
143;0.04993048633636659
144;0.19564696019793093
145;0.1973187758213507
146;0.038528833825358794
147;0.06605530063937402
148;0.0449407457454458
149;0.07343387812286105
150;0.19265419860151084
151;0.17367034191050712
152;0.018596362199142846
153;0.14943707979843363
154;0.11941414398804806
155;0.09262606421580062
156;0.06315393931245235
157;0.13377990778510684
158;0.14148106729120935
159;0.1648412491011508
160;0.07047574203929308
161;0.0918023408844606
162;0.04257400130938174
163;0.1506038172735973
164;0.1365507569997354
165;0.14674986918647587
166;0.002473397205923411
167;0.05030435501890636
168;0.19220111725984182
169;0.01102208550697168
170;0.03843105141582395
171;0.10578168282136136
172;0.00596811806698796
173;0.037020240207620424
174;0.19901520909964907
175;0.1651074291120414
176;0.11969604456489001
177;0.1830448331109014
178;0.04408567253080973
179;0.13819940313565537
180;0.08042364846002403
181;0.08376125956194909
182;0.12047998841746062
183;0.17586878005562911
184;0.17122052879948757
185;0.18371878013110732
186;0.14078651799326347
187;0.14148974468655634
188;0.1358540766832574
189;0.15927569175748518
190;0.04856079152681805
191;0.13465206733238652
192;0.12812570303712845
193;0.02415413478427717
194;0.15094564818547382
195;0.08294005402531504
196;0.19911891976801285
197;0.08556249296630136
198;0.1737673428153907
199;0.16237409210143525
200;0.023104564096753034
201;0.045526634893166086
202;0.1888631581002795
203;0.10425997449273086
204;0.17303418027304185
205;0.15383525322055955
206;0.16239309903473242
207;0.017234499742737188
208;0.021656586981858284
209;0.0012879899244091055
210;0.00047155591877323655
211;0.009414498712348075
212;0.19339442252767158
213;0.19508966538971328
214;0.03126490583558892
215;0.047534047665761636
216;0.15514712542333342
217;0.14852796999125223
218;0.07004804993813776
219;0.010265366534008426
220;0.15834956306611112
221;0.0021160634649117108
222;0.0681717582581085
223;0.11275297821996591
224;0.0216855859675267
225;0.08382474839691301
226;0.07749671627733719
227;0.15969762231670803
228;0.15347816014414006
229;0.13266145096309984
230;0.005220718556805549
231;0.15398743876000276
232;0.06161619000563894
233;0.024922794842579
234;0.04119347025784559
235;0.16582880143706616
236;0.10777170596361314
237;0.0012050514296859883
238;0.14324487117293913
239;0.053651624373030615
240;0.14507027125698121
241;0.1471191851715166
242;0.0678945660967588
243;0.012498341763643062
244;0.15445816284399203
245;0.10710327211712037
246;0.17874861484734977
247;0.07146491513177833
248;0.09110575391535891
249;0.04456605650882964
250;0.11282363230934774
251;0.02822830607260527
252;0.1225531849246398
253;0.005193038124588445
254;0.14792989994701375
255;0.10747076058354235
256;0.12261006563300009
257;0.03156765995690249
258;0.15541310528872335
259;0.10056433112866803
260;0.1709239714091739
261;0.10924732361584402
262;0.07767914647515149
263;0.16439202758886118
264;0.1303994129859558
265;0.06753200989885617
266;0.08066464119369068
267;0.0944346032708493
268;0.017911031001939914
269;0.05533948465530743
270;0.18130797547401736
271;0.1758780022273472
272;0.10438462902310562
273;0.17844158562424445
274;0.0014488128833850533
275;0.015649617328052746
276;0.04827531559315217
277;0.13983549396716494
278;0.09861885578208099
279;0.1294782604427501
280;0.0037632463543321396
281;0.16610632665603695
282;0.09595631603342321
283;0.10870010500493982
284;0.06092640931581972
285;0.15226774905312437
286;0.01779865031496235
287;0.09136920390758069
288;0.1860792921892578
289;0.12256096999702376
290;0.10010198535875628
291;0.10092794134198535
292;0.0016573608226114313
293;0.04890835843128898
294;0.08952970958547474
295;0.036430834165027924
296;0.10048545101962836
297;0.0903668935763492
298;0.02227442199759906
299;0.0956780210921559
300;0.0050132508751374654
301;0.06210514974942505
302;0.15692091853150456
303;0.15949607528896378
304;0.006687226924636459
305;0.18007001000748435
306;0.10158165566188482
307;0.046305725085773665
308;0.06201280703195109
309;0.06264724988831374
310;0.10087293242195335
311;0.19069883587495529
312;0.012162442412860287
313;0.0891588793968041
314;0.152352544600684
315;0.11001004391145011
316;0.03479171457613326
317;0.1922780367739338
318;0.13304967697977307
319;0.152511058266795
320;0.18366243508483662
321;0.1762524022096689
322;0.06301755298374594
323;0.07552880935036053
324;0.02984241645717243
325;0.09923089077105843
326;0.03271715740337094
327;0.1095491303361682
328;0.09801193592907627
329;0.11252755674713177
330;0.05099322434101288
331;0.18267020061070163
332;0.1279181301347859
333;0.13027556945802696
334;0.10989251360297142
335;0.1282616229325751
336;0.08294961209630661
337;0.14483364173974222
338;0.18918693552918708
339;0.08431166159916276
340;0.19497139739511105
341;0.1301121450520176
342;0.1798031798133856
343;0.16566694716097974
344;0.18842971054410962
345;0.0010797773248306664
346;0.05491424257589768
347;0.038421067496055894
348;0.06377499864981613
349;0.18921734941711793
350;0.14009129362837877
351;0.045988724719428435
352;0.012692164919911653
353;0.14071204285424518
354;0.060519037723440694
355;0.014827580783673168
356;0.050643259578213896
357;0.024511864200237987
358;0.034151956410430916
359;0.1818105605214891
360;0.13143011513304664
361;0.11240971927036686
362;0.09184420694106149
363;0.05289509947588549
364;0.16426549113533345
365;0.12950148881022724
366;0.04505933939586844
367;0.0446911995396466
368;0.040309459283169584
369;0.08723304688844558
370;0.010971952470602897
371;0.0076499144063478354
372;0.1750248165353631
373;0.0011597381794083317
374;0.09607314626588839
375;0.014634170426893434
376;0.17444989488000076
377;0.01604542009263581
378;0.10934250227731651
379;0.17920848232833775
380;0.059920533368973655
381;0.010904430331280836
382;0.04325504577576327
383;0.013045911370734676
384;0.19862124544401377
385;0.10479526761704744
386;0.015624612930882464
387;0.10046336156568547
388;0.1636042310600596
389;0.18296155555069726
390;0.09682436805034898
391;0.13611749423924002
392;0.06922034724159613
393;0.0941738196714284
394;0.07648076391184595
395;0.05726147835358291
396;0.019066643854440304
397;5.81170744619719e-05
398;0.15654150749238532
399;0.0851869099103873
400;0.06256118059280087
401;0.1864721213462267
402;0.1681009031294032
403;0.0018312353612779165
404;0.17269796112986835
405;0.028202046040744923
406;0.17939908555568732
407;0.15707866032147136
408;0.1371719879246783
409;0.01817110057473903
410;0.030289772497565794
411;0.17796476176182618
412;0.1770711598038044
413;0.023850764297065164
414;0.12790739654530228
415;0.02340446374352454
416;0.05009636434144371
417;0.08357636842209677
418;0.17224155450779563
419;0.023307421824699272
420;0.15819589965034286
421;0.049444075630229394
422;0.07553361603570757
423;0.17802964871103816
424;0.013173722969836677
425;0.00343962107085285
426;0.1136205620411749
427;0.1265105347916096
428;0.1703008018741229
429;0.1589855022253794
430;0.033466324922766376
431;0.03510416523305424
432;0.08129522557949781
433;0.03132668263787088
434;0.07982893984942548
435;0.19021084382190814
436;0.031612773538664166
437;0.12966777263677828
438;0.12025233212912118
439;0.041205881812865136
440;0.18790821902958132
441;0.008425976970080762
442;0.05241155436494769
443;0.001345766218648592
444;0.09379495406721766
445;0.10313036837829273
446;0.055653970894721086
447;0.019344814874833062
448;0.061076134436428633
449;0.06276982501677801
450;0.08872542639170536
451;0.020201951793032615
452;0.14133453239777174
453;0.03585955633105933
454;0.04878891259389067
455;0.06019587588754749
456;0.11126259756550774
457;0.05200104995145008
458;0.059539261378309075
459;0.06834415006996078
460;0.02407634824615004
461;0.1351930014606439
462;0.040007464371710766
463;0.14854742041937094
464;0.1458504317503161
465;0.014515901332968829
466;0.04406880270556704
467;0.12882636251615262
468;0.061765193094151696
469;0.16200121159734382
470;0.02168515630890984
471;0.04952696745684102
472;0.1706679750328876
473;0.10400705135136575
474;0.10817991099674946
475;0.05809304102198909
476;0.07443144273026019
477;0.004112740089953127
478;0.14658854045461253
479;0.16926412234637334
480;0.17601813888533444
481;0.08288683062051272
482;0.038305513374340294
483;0.020543463940342257
484;0.058060793175959115
485;0.017256153433382316
486;0.07399906078470309
487;0.1632706197556981
488;0.08574053485694591
489;0.15725729126487742
490;0.052794271184501
491;0.010295587810504126
492;0.01693587210236678
493;0.04161707494824656
494;0.09877299682549417
495;0.09024784440084249
496;0.006704048254929807
497;0.0603414910867151
498;0.15349295374292715
499;0.14422491152568861
500;0.07414002965869958
501;0.19548769642609154
502;0.12802457373322737
503;0.13456612946770455
504;0.09199604705284876
505;0.1437261376576575
506;0.09501875966836744
507;0.18208279732667734
508;0.07212383982727189
509;0.01205801332769716
510;0.1310831978275211
511;0.1657323563801831
512;0.11866341740642686
513;0.047352140548518884
514;0.19404622230827712
515;0.14233826663543078
516;0.09497770279135634
517;0.017889549159537065
518;0.0784717700387809
519;0.0855297141757676
520;0.14016526671788132
521;0.0075573007580218565
522;0.08995836974618587
523;0.1687463489003852
524;0.18029355604893532
525;0.053424797744358266
526;0.17436829552573627
527;0.16211994064582771
528;0.12165971645843217
529;0.07840938087355853
530;0.13706616797927215
531;0.1115862261148503
532;0.032640722622209205
533;0.05624625835141897
534;0.06675656868642425
535;0.11141621158158221
536;0.11611347891692546
537;0.19391358712488088
538;0.1389166856434672
539;0.11326776430764728
540;0.10599170398448257
541;0.15646787347401445
542;0.16249565876979816
543;0.08282873719553488
544;0.1492291226090344
545;0.1944193946965801
546;0.16160351532919215
547;0.03269859403239217
548;0.06799600862918109
549;0.1336090827453829
550;0.13434702854609912
551;0.16265422886819947
552;0.12946511679168182
553;0.12738742244068818
554;0.01417597218385025
555;0.10553202604818919
556;0.033922693072995336
557;0.09563734350684233
558;0.13453499888486498
559;0.04363397031234093
560;0.14285248156629518
561;0.08646121300894977
562;0.0966124489312114
563;0.02575641985435966
564;0.012226082270599759
565;0.08236697096134378
566;0.16406048654327277
567;0.0016581976720457803
568;0.01312192204633016
569;0.16927557188521825
570;0.11030042896232817
571;0.030385154477185462
572;0.02820602706525859
573;0.10297002882845958
574;0.06463691734398065
575;0.15014320488615143
576;0.09037954786581995
577;0.06338075916487898
578;0.05715945770979487
579;0.07794992376665284
580;0.10706919300920702
581;0.0832227509744174
582;0.13904984923666033
583;0.020197344578595747
584;0.09698019757126615
585;0.15009486586910417
586;0.03578029207083231
587;0.13074118732837645
588;0.026473926563900796
589;0.043186191965283866
590;0.12719846166377832
591;0.12427213861364413
592;0.07240574095899477
593;0.16715715658480512
594;0.17376170735466182
595;0.18483444929589055
596;0.17806956375263383
597;0.03071778541817498
598;0.12012198905438168
599;0.015912405047865175
600;0.00929469594659187
601;0.02097663373380139
602;0.06137051671586642
603;0.1746109480016157
604;0.11750894930930576
605;0.1891191116696291
606;0.056026147088600965
607;0.07484063976170156
608;0.10485983934709134
609;0.17600909617936847
610;0.07765901998690677
611;0.19969526241129368
612;0.12956796586838445
613;0.1636968771175356
614;0.05902237061377276
615;0.14164232183700787
616;0.11927230106228384
617;0.18291692642586493
618;0.07667394281017995
619;0.15965478077776768
620;0.11120850828796952
621;0.1691632047100583
622;0.018329202636077825
623;0.1455141935999379
624;0.11463837977862548
625;0.13181107795580171
626;0.08278214123789995
627;0.11764838262536509
628;0.1224829388598002
629;0.12464528703758773
630;0.0005917311764175982
631;0.1565381959825216
632;0.023022735636795955
633;0.17881204031350245
634;0.16368623658405324
635;0.19864733973782212
636;0.1301593970721672
637;0.0035584259315752046
638;0.19306300908018295
639;0.09692179337993374
640;0.061223682002367344
641;0.0430862308042288
642;0.00850956444906037
643;0.04244275787391394
644;0.104962905638182
645;0.02960978042524891
646;0.14281062900800148
647;0.03929866501619435
648;0.09354126350316334
649;0.01800406491216604
650;0.17517327542061317
651;0.14844600184930934
652;0.1976489822723087
653;0.12147685300634195
654;0.09492672547982867
655;0.17253082619410315
656;0.11303891191393323
657;0.02556651946642634
658;0.1337766187966678
659;0.07024500285799166
660;0.15085804009082926
661;0.015627791190331888
662;0.1301941997811653
663;0.16545744203026552
664;0.12750803628369167
665;0.06059971194060696
666;0.16784263947057554
667;0.06778443879503696
668;0.12130877993628907
669;0.05743591105888395
670;0.10566005235519123
671;0.1469465242231018
672;0.1235064147226991
673;0.15304126169461219
674;0.1743913552826608
675;0.15757795328437488
676;0.15990020812179914
677;0.09009242200674646
678;0.12552909490042014
679;0.1887436982120089
680;0.1818155885197822
681;0.12395396722674619
682;0.07526440490562646
683;0.045624209964270884
684;0.07924577407790814
685;0.055891585889766865
686;0.13031470900539757
687;0.06509665948530619
688;0.07489117931013282
689;0.0012825539279762268
690;0.007130341294551124
691;0.1357811544898633
692;0.17675798190364295
693;0.12542841444635683
694;0.1832520249484126
695;0.15365084493530443
696;0.08896566413451168
697;0.10059585776546656
698;0.0887033456427679
699;0.16950410707790683
700;0.07772369843252169
701;0.007874813853970175
702;0.14777438810447532
703;0.1877763152087509
704;0.17104208306896462
705;0.1728867708389749
706;0.1335908363148186
707;0.17644699280631676
708;0.022743930206425757
709;0.011991077972635612
710;0.029836384934477447
711;0.1951557625556791
712;0.090095978242958
713;0.14285256303679097
714;0.11069389728288369
715;0.0009513874731116091
716;0.07195453087061272
717;0.05088310151585118
718;0.04589090356543995
719;0.06843083528307266
720;0.18573773634046803
721;0.02399095656134185
722;0.10290129602813494
723;0.155252111206602
724;0.05042919369715167
725;0.0072186260330388665
726;0.04872341566874681
727;0.009771635613496855
728;0.09853113319086647
729;0.18270209221358086
730;0.011723923964340922
731;0.0378996472580641
732;0.09888481406404777
733;0.15283691851137426
734;0.14045940163278642
735;0.11246956381983492
736;0.15903381965582028
737;0.06911771716073677
738;0.12782856400464712
739;0.08272055991208263
740;0.12809185923460942
741;0.14864112162019416
742;0.18748820387823256
743;0.15160127041024496
744;0.15288824399272502
745;0.12693075737760054
746;0.08943926724593712
747;0.1627293326774934
748;0.0710390046356207
749;0.07150591084697831
750;0.026086989318557175
751;0.1070239259475651
752;0.0009643875504530054
753;0.012318136507233901
754;0.05944283602483944
755;0.13153335474056604
756;0.1287300076592651
757;0.13911400733353446
758;0.04237107477440101
759;0.17278651344817217
760;0.07300917583687476
761;0.16375812216196442
762;0.0594041131066124
763;0.007672890420558432
764;0.053883529060358586
765;0.14204536431533105
766;0.13221162190813082
767;0.09916083804811951
768;0.07222012077727787
769;0.17093443587849963
770;0.17860634807478382
771;0.19262527176017044
772;0.0873008881506685
773;0.06225352794185
774;0.06290169683783238
775;0.07921834205472454
776;0.08998212620648932
777;0.002759646144579553
778;0.17378453368580912
779;0.1170514870060526
780;0.043765799724849355
781;0.005228607460361002
782;0.07178506556201247
783;0.01616757972051206
784;0.1736212590325522
785;0.19795264765506848
786;0.08253712331266283
787;0.011279783516796905
788;0.04367061920561806
789;0.162310093353475
790;0.10282231044968976
791;0.11291997959379073
792;0.05573715703155773
793;0.12040787147312082
794;0.1421860792290972
795;0.007303595361367399
796;0.15141481533666784
797;0.07959854879951252
798;0.04948615613859473
799;0.10733809426935588
800;0.1998502415724849
801;0.024367812452406268
802;0.13734961941740972
803;0.0742584810937296
804;0.0682348473355971
805;0.11490117152318653
806;0.020649968671822852
807;0.09204620616218398
808;0.05769983660479827
809;0.16615266604288298
810;0.01965283058486296
811;0.009543748233767869
812;0.13733158564119682
813;0.05137009064247336
814;0.09428748358766244
815;0.08755922703997165
816;0.19500004122592593
817;0.16860977588235712
818;0.13014463142564606
819;0.1530747287628956
820;0.0664389691114277
821;0.16076404907903705
822;0.057215482304754685
823;0.022058472245194527
824;0.19635374432452127
825;0.14557873463075371
826;0.06872128499477191
827;0.1188484165083204
828;0.018094342834495538
829;0.10811152689746228
830;0.012016163161163364
831;0.06246607987420221
832;0.06974614406686985
833;0.0572663127059307
834;0.18187435524271478
835;0.15838919232616985
836;0.19316196741091157
837;0.055749325491170315
838;0.1976679351649349
839;0.08795051139511456
840;0.02152614561094939
841;0.0850683568952581
842;0.06958502700384915
843;0.11927646657294962
844;0.10823969010928043
845;0.013093418803747682
846;0.019990994128623686
847;0.15002028194999295
848;0.04144327616912163
849;0.14821908890810476
850;0.19796266164827273
851;0.01876440038492946
852;0.10085054128538617
853;0.03978263346065474
854;0.16861174747714408
855;0.12431761046355383
856;0.009093045721537175
857;0.13085791817265227
858;0.19064793845759198
859;0.11543990139963352
860;0.16273044436083195
861;0.12190246237385248
862;0.15454169954063868
863;0.037733209889194756
864;0.11434401918323232
865;0.1939540464196228
866;0.10871925621450418
867;0.0623556192049958
868;0.051297296133878324
869;0.006693237972854616
870;0.161439910444427
871;0.1545907270827852
872;0.10764146507412903
873;0.1996817303108641
874;0.04726671971738705
875;0.17084338557858977
876;0.1429078380382497
877;0.01576538747769365
878;0.07997111603543582
879;0.15166513779702565
880;0.1398408261224412
881;0.04798041231910797
882;0.14821705334281185
883;0.13322329154884968
884;0.10939048785391958
885;0.09351545395451007
886;0.1378813246264524
887;0.06142203442819225
888;0.1703663719310206
889;0.0025975484029850063
890;0.17711277827064975
891;0.0447689113883081
892;0.013901956546092543
893;0.11397127842185416
894;0.026710338846046747
895;0.044478319649531244
896;0.08986273406530457
897;0.12691458894758814
898;0.02293551738017692
899;0.1513410407998719
900;0.06480174906987206
901;0.16220870388196615
902;0.17565901945379644
903;0.10114468624544888
904;0.11936184596486779
905;0.11757273706758171
906;0.09373653618656522
907;0.11497904003303652
908;0.15647409281538235
909;0.14116217490938138
910;0.15219112929216838
911;0.19788479066781056
912;0.006825708287233523
913;0.0675854801250432
914;0.12033822540166633
915;0.16498790493249416
916;0.0792505031679933
917;0.016546383467364124
918;0.02320191224623789
919;0.08109956514929227
920;0.19873929288611014
921;0.1961783338654506
922;0.03234512401669794
923;0.009557970564242013
924;0.1357930418452088
925;0.07059374840294666
926;0.052292924178878944
927;0.12375909567222446
928;0.13824649327773436
929;0.055622154017125586
930;0.1473459641827008
931;0.06491904465080134
932;0.09185985368092053
933;0.0459881863176626
934;0.03925800702287501
935;0.0686965705386484
936;0.12180156524963946
937;0.1346047729426031
938;0.17919906674571245
939;0.0717624040038601
940;0.03279332315063577
941;0.163744567188569
942;0.08056480789077047
943;0.1004716819576887
944;0.024063159772833465
945;0.14967512575258227
946;0.0023626396277905528
947;0.09555363764074923
948;0.0652027742920935
949;0.15081884820660688
950;0.1554590693127335
951;0.045612621297398674
952;0.015929171308961633
953;0.15355533135603952
954;0.17777048357176517
955;0.0933448330758717
956;0.14427251855025577
957;0.15191565560203843
958;0.18794751680389268
959;0.04591278120577398
960;0.17465368132714124
961;0.14050220482015416
962;0.18147141772451553
963;0.18032953931617787
964;0.17566843636593044
965;0.18385128352826288
966;0.16384603296323585
967;0.13599798278404407
968;0.15544837247298848
969;0.01991509334986119
970;0.007736668799973145
971;0.10038027068045788
972;0.00609804153594904
973;0.08513181596628186
974;0.1545757011469885
975;0.06403630297458114
976;0.13532795737308553
977;0.1378164071717658
978;0.18541606115330977
979;0.1100833097742171
980;0.10290182450349752
981;0.033698533928268826
982;0.0467112386943056
983;0.002607857223493748
984;0.05544739132600558
985;0.10137853691734725
986;0.10791414946821179
987;0.12202218693643195
988;0.13638946853562847
989;0.12299854052577736
990;0.1271115057674713
991;0.04192954722550271
992;0.08946375181851061
993;0.11777533165355136
994;0.026165769729071475
995;0.04687739304112109
996;0.13528390271866086
997;0.04161793769536992
998;0.06919656293109566
999;0.003337778989043172
1000;0.03421496317218842
