1;0.12031626828451872
2;0.13465878766701003
3;0.024626816104015514
4;0.015517529763968363
5;0.052750634983936645
6;0.09025963854775342
7;0.10927309100734593
8;0.07319180364456682
9;0.08261817010619699
10;0.19401808222849748
11;0.1372786190108222
12;0.1817661145341125
13;0.02653126770975205
14;0.11336145823029863
15;0.07535458906510072
16;0.15362970957673802
17;0.09066005904983687
18;0.14882466338590225
19;0.17418778219656506
20;0.13084359007216856
21;0.037550117478983874
22;0.07040039382727513
23;0.14801098670404106
24;0.1971885937707015
25;0.06666541576687086
26;0.06581026332218982
27;0.19809185122047246
28;0.17209371577019725
29;0.18141295616229114
30;0.17295168553806373
31;0.00558323231802429
32;0.0005260584773243871
33;0.0009150530213872355
34;0.07585738645686423
35;0.1056130034696259
36;0.10043997120059237
37;0.06431654350760456
38;0.05405313417136573
39;0.027802178109091337
40;0.15623772715389397
41;0.03626483758424344
42;0.1146764092268558
43;0.12525081951754521
44;0.17542923481803877
45;0.10961720042289108
46;0.05054453143439497
47;0.1558255519404641
48;0.036125602050424525
49;0.13602033082475057
50;0.08906686250433521
51;0.04888580080551652
52;0.007677758320227147
53;0.07498260699051378
54;0.0781861798653159
55;0.10624474189731964
56;0.11023340295234359
57;0.03990234392195094
58;0.056169323108902706
59;0.17880834469843018
60;0.09464949821676508
61;0.07174635653461069
62;0.030773614142717065
63;0.0813916991497312
64;0.0151665148970346
65;0.18125746330889958
66;0.02394965765532602
67;0.0917512085672255
68;0.09677962226263598
69;0.05507471298790319
70;0.1475926249506921
71;0.059542065107436676
72;0.0683020245059555
73;0.12658544040814895
74;0.003714519640620018
75;0.008189090271735467
76;0.04673140790516348
77;0.1973523178351388
78;0.06895499653811879
79;0.10348859590394932
80;0.1210951146384552
81;0.14297206231081003
82;0.023886672662653874
83;0.13557100024951363
84;0.024407041031814014
85;0.047531898044294474
86;0.08838380600434503
87;0.05362061792189754
88;0.004046618790438372
89;0.06883234384055807
90;0.06720673882297681
91;0.01755795288855291
92;0.15743443509787114
93;0.12582632013889947
94;0.1362545694524411
95;0.011409069445968024
96;0.14961523298166798
97;0.045512331015318756
98;0.008389315047550583
99;0.1827154448103689
100;0.16756863202100636
101;0.04746844498931835
102;0.14274330013312017
103;0.12584163065657936
104;0.00629190286723318
105;0.08203165273075008
106;0.06472935075518697
107;0.06595700894953298
108;0.17250953200973537
109;0.11057815216996472
110;0.11212238713091463
111;0.08972602030001278
112;0.1382181417946114
113;0.17081722565542057
114;0.0015859389213857657
115;0.060367764929190784
116;0.14805703090942363
117;0.14781807393084898
118;0.00623580303325475
119;0.16882833625594898
120;0.04186569768966304
121;0.16514408033384106
122;0.01250602709786235
123;0.1574367595072977
124;0.04269871856074506
125;0.02669877873382749
126;0.16093377069567563
127;0.02259236303638479
128;0.012064019493657853
129;0.17665695433372333
130;0.018539535747093928
131;0.01740325818108215
132;0.121732239468877
133;0.011107093850670036
134;0.011841967625492767
135;0.15064258297264688
136;0.032384558577372304
137;0.1796793248130758
138;0.06118135582640334
139;0.02086463659432121
140;0.15902522286375986
141;0.183691102288449
142;0.047993261501665475
143;0.15898867282820184
144;0.08099910792043097
145;0.05018413164469615
146;0.1605154995207979
147;0.11256483164515173
148;0.06518517837571806
149;0.0325855054110122
150;0.02429172628362273
151;0.019660479900885198
152;0.027661874687032365
153;0.08403965894290398
154;0.05884919693162996
155;0.15971123495087375
156;0.111319711657887
157;0.17052876834275466
158;0.19819675917962995
159;0.15891940034192387
160;0.08338814458248306
161;0.038124950645301484
162;0.10094556617959015
163;0.03232809661533651
164;0.14967796117117538
165;0.1525837287404431
166;0.14754856547209577
167;0.18606888011680425
168;0.17971629857457036
169;0.05990513497967698
170;0.06533021797420391
171;0.12272731747614543
172;0.1722396257453153
173;0.16348302406216786
174;0.07571862299334722
175;0.10987598958273359
176;0.03202149798803218
177;0.16424775127394142
178;0.03560140707160355
179;0.18289408608358676
180;0.012091883922479752
181;0.08889890517838005
182;0.028271783626369375
183;0.18802380887172354
184;0.016801646799332628
185;0.04188588946365086
186;0.0503563711036777
187;0.014240333244222515
188;0.026916309948798456
189;0.13965854103237083
190;0.08777391632350927
191;0.048379296097619734
192;0.06102828447463935
193;0.125705863165013
194;0.051824761486089166
195;0.13391525976207458
196;0.12291335570864084
197;0.11823085559616149
198;0.14237470442893918
199;0.09304968184944609
200;0.09539862136927489
201;0.00878509167208128
202;0.041465113763316144
203;0.0681120207645927
204;0.001219165028668079
205;0.073000939868872
206;0.17067022767122877
207;0.07175877878900365
208;0.1970948871528517
209;0.06803866615189609
210;0.07747656363900444
211;0.04509384346696954
212;0.09751648786417917
213;0.07513763602749098
214;0.14904811307013718
215;0.14322234319543206
216;0.1293475734125153
217;0.1209045500148434
218;0.02142925013694983
219;0.14863244108146806
220;0.15717127822731242
221;0.09079737215469863
222;0.044477891663251334
223;0.19768960958464257
224;0.16618154446378688
225;0.11833050870635518
226;0.197044068243879
227;0.05318817135333656
228;0.07754227125813096
229;0.027867150101950268
230;0.09177047066501964
231;0.07566242063521166
232;0.08697246365355718
233;0.023261310518441915
234;0.030962849050324117
235;0.04318679468812714
236;0.09783230188497216
237;0.09916190104625078
238;0.07402704305119012
239;0.19295176335629796
240;0.19217313976540285
241;0.05155302032896805
242;0.1275266300476722
243;0.15516430505989254
244;0.024160597801148966
245;0.0811410594016036
246;0.16966078722121372
247;0.1176647286181747
248;0.10524229241412338
249;0.08960503774822681
250;0.19666444293936558
251;0.13075486874965978
252;0.10776902137202071
253;0.09001436582611529
254;0.08303848610426741
255;0.059928132189064544
256;0.11988387631888105
257;0.14775185086164883
258;0.18741208978188495
259;0.11167107533996726
260;0.013261429507388844
261;0.00012770282389367173
262;0.0779755127484453
263;0.008906538498764594
264;0.12922265459941165
265;0.055602951839058105
266;8.96875289371657e-05
267;0.09068425972821975
268;0.14186525389430557
269;0.014794079419779727
270;0.10132926843751447
271;0.19300414065323462
272;0.077997683353425
273;0.033169158821384624
274;0.05562949312287784
275;0.10119896978623188
276;0.1354046222340861
277;0.19473495941238808
278;0.07280990954369725
279;0.10828812128392898
280;0.13927202056313426
281;0.09142382746636835
282;0.06390729649949578
283;0.1599874936222101
284;0.10234214262593927
285;0.1898092459824965
286;0.16675387374339845
287;0.07946126530721459
288;0.09879991744580446
289;0.003780237302633105
290;0.14045145503137518
291;0.1574892799960088
292;0.16148022056625855
293;0.05228379820027895
294;0.03595732190029022
295;0.041380655066250084
296;0.05188560397336144
297;0.01600794749828045
298;0.18883290361969549
299;0.15163359906815663
300;0.10893201134446638
301;0.038202614966157095
302;0.11977904314505256
303;0.19862616324726542
304;0.023177358448091726
305;0.10594146207115158
306;0.16108084341837012
307;0.14411808159398373
308;0.1918678506578841
309;0.08229703178212942
310;0.07877362950463969
311;0.10692674780024009
312;0.19075075898511357
313;0.14748074382052287
314;0.15953930666431443
315;0.10606372845527018
316;0.16800536210927924
317;0.10929334105706164
318;0.18375242657400603
319;0.1655189679058462
320;0.11424179165551429
321;0.08097326049789653
322;0.006842049891785541
323;0.08549521939328807
324;0.1901138132625804
325;0.18313551782118642
326;0.11969642129621444
327;0.027080282473045614
328;0.10667994667992889
329;0.19355302682700412
330;0.06730983364059938
331;0.17438824403297318
332;0.1745453048461738
333;0.0138940743922648
334;0.11092546844341829
335;0.012608997390691858
336;0.17627842130207413
337;0.007293427056169932
338;0.168728406879783
339;0.1462141226757073
340;0.04489289098381782
341;0.19287434673255668
342;0.13636538506806373
343;0.05818434366273302
344;0.05402634553847814
345;0.10508856536524783
346;0.0741754928647788
347;0.09193021627130865
348;0.047638449076586875
349;0.01169018717365742
350;0.034360455028699444
351;0.05267999999732016
352;0.10585406092985042
353;0.05101216144098706
354;0.029249778071695577
355;0.15253210521877217
356;0.15176376371185912
357;0.1964458123640972
358;0.06503394869126704
359;0.14378668230571576
360;0.10929337890650595
361;0.18604365470346163
362;0.05785217843797644
363;0.12088015498970284
364;0.19549732631977046
365;0.0325697710997088
366;0.10361765230367626
367;0.13293614852475083
368;0.014953655938884647
369;0.14051457999357653
370;0.060991063639072675
371;0.1180183909752495
372;0.018822611237883938
373;0.1794509862255695
374;0.05290126945364742
375;0.13969231858044587
376;0.12719231332975306
377;0.0625487623069839
378;0.1810003144261284
379;0.04420447518038433
380;0.0741513269488394
381;0.0025647681789613187
382;0.056846340130291266
383;0.024156065891953293
384;0.16640722111095296
385;0.17730891732051995
386;0.1545232365302901
387;0.005445743575842533
388;0.18667626977891594
389;0.05841078808131972
390;0.02993960808264895
391;0.06533036837814521
392;0.1962069568749136
393;0.06286643755267596
394;0.03218779287999749
395;0.012091358436401835
396;0.16470900272464092
397;0.10785476239423093
398;0.02376609188187813
399;0.18003837954847055
400;0.18261461722977745
401;0.052344298083129175
402;0.08538915035703708
403;0.17143361922193218
404;0.13522582734365918
405;0.07374647052186394
406;0.11552018255552639
407;0.12749759412882652
408;0.1653967653674807
409;0.038487732351896266
410;0.05706433462624592
411;0.06132255107161973
412;0.021815581699874076
413;0.09588080058440457
414;0.07549709852365659
415;0.09607191673216171
416;0.19405687967397478
417;0.058162396197961264
418;0.11131947910006977
419;0.14458170749398092
420;0.13479054853850608
421;0.15001446104898805
422;0.04386689074068746
423;0.03238642891349064
424;0.052937775163155704
425;0.00312724550016783
426;0.04137484851080067
427;0.01842216270787207
428;0.07157286498773023
429;0.12713588222999092
430;0.027530967163959197
431;0.019709435185870497
432;0.19611878146947948
433;0.11856892600186733
434;0.030588751335611033
435;0.17215856295830673
436;0.03174959364728274
437;0.13811151075946695
438;0.15851037471248078
439;0.009295909375861023
440;0.054695819664191125
441;0.0812686672088095
442;0.05013179324480602
443;0.15575607808959074
444;0.19486743321058625
445;0.10356321486937488
446;0.11688374071052124
447;0.11769366954458166
448;0.1054813753654465
449;0.09130797046862596
450;0.06359705456501395
451;0.021009430936339026
452;0.18859446284513137
453;0.13121515128255243
454;0.15695032819157104
455;0.0427207373457295
456;0.18287089764043732
457;0.01154499776155098
458;0.15001722876083928
459;0.12213274275012952
460;0.15793687498847425
461;0.040509563102778846
462;0.019568617940496205
463;0.1822747852708932
464;0.09939510096839084
465;0.060796802747397474
466;0.08552812788530773
467;0.034055008366036525
468;0.03995853841286959
469;0.19924919379737643
470;0.17278546929568459
471;0.16767771790832992
472;0.05741604409657455
473;0.15855589492964273
474;0.005577751025066968
475;0.1942583086547933
476;0.028526047730237793
477;0.12853359324121078
478;0.09062587651525722
479;0.1353527060575497
480;0.1174696438362382
481;0.02635936924752811
482;0.1275748573243476
483;0.144914119092273
484;0.049352435160487575
485;0.07235721747807476
486;0.03824765276347633
487;0.101579851750521
488;0.1991869084018366
489;0.021541173352789846
490;0.17620937533599682
491;0.0004047547168591903
492;0.07921185617751653
493;0.029467417369459282
494;0.040254611210013974
495;0.07622070364823477
496;0.17992291304046773
497;0.1674775785035812
498;0.1214931884735479
499;0.06560803057403662
500;0.02694117568954815
501;0.07557419586261083
502;0.08583824149676625
503;0.14947885953250245
504;0.11865135610964966
505;0.18427359018860365
506;0.15949608595791254
507;0.12042253287637768
508;0.1275643722786479
509;0.023772996073290843
510;0.19150381337000597
511;0.0715998791728104
512;0.12587460665116065
513;0.13187817066072344
514;0.019070446856516956
515;0.019884545172176395
516;0.16416073290949174
517;0.04675750987682162
518;0.03697879717799275
519;0.01729351359189122
520;0.0792880409389114
521;0.033280630198704086
522;0.11065534869076532
523;0.080456310190812
524;0.18962475537278034
525;0.11618330539207372
526;0.18146850333302708
527;0.12714258946900905
528;0.14186781965574666
529;0.10315255801490818
530;0.1564374760957622
531;0.0031107176218039714
532;0.03392863712504877
533;0.18810176566758094
534;0.13296025985006008
535;0.011326862318654762
536;0.14358031314569494
537;0.0011150423371099505
538;0.14250991878728178
539;0.05862147649405543
540;0.07880339786174247
541;0.07586833139870586
542;0.1670254494929867
543;0.16701295178465922
544;0.19137036274378685
545;0.0443847988413999
546;0.15825007613301767
547;0.06855197595000516
548;0.003498988518874091
549;0.12573800884525935
550;0.00021880030750771607
551;0.13705333097514324
552;0.11499535395033517
553;0.18257884754161788
554;0.06256379945685324
555;0.19733383013368963
556;0.06243564619135507
557;0.04871018123472246
558;0.0814357455345528
559;0.011386923393259042
560;0.10030828113778292
561;0.001698931396340675
562;0.08348799641496646
563;0.1318052026913691
564;0.1352524900292667
565;0.13834779727178614
566;0.19397879048889205
567;0.0820750581171616
568;0.015781934464894797
569;0.09161564706533468
570;0.04542271108217211
571;0.11539801798653773
572;0.033891517265362235
573;0.04318549215753201
574;0.09812944838479257
575;0.09164601893801738
576;0.10316669324793185
577;0.18372557771106438
578;0.1882058254385884
579;0.050042616648251936
580;0.03079026714045854
581;0.16868900707534107
582;0.19837498376515766
583;0.09240357795847294
584;0.0970165953374776
585;0.1048455132476621
586;0.08242735071501305
587;0.03766389019143841
588;0.07772176779804318
589;0.0003957662219951308
590;0.07092697071798282
591;0.13163320336488302
592;0.1668865405375811
593;0.12697694156242978
594;0.08429683858858378
595;0.1374546571229232
596;0.024319382843885375
597;0.06330892125296653
598;0.15508562871833556
599;0.14399439096421862
600;0.03425956117935063
601;0.04287126349126194
602;0.08761518628947558
603;0.17403660974179974
604;0.04730385232179928
605;0.14775444272068725
606;0.19847086323321828
607;0.10811607649532606
608;0.1900532301330842
609;0.08682938522971123
610;0.07469980901775318
611;0.12011475243021053
612;0.12527813858733297
613;0.15579318589029093
614;0.1707414067693371
615;0.13518048424350454
616;0.10946561496924333
617;0.14354020427502742
618;0.11408540675009837
619;0.06836748908685707
620;0.020928202399299246
621;0.1976953066942896
622;0.19904203879735954
623;0.00018079690552552652
624;0.19874829980283648
625;0.06902551629149177
626;0.018337212713551133
627;0.002253668378007934
628;0.056532876836788294
629;0.021924122134874338
630;0.1373343108708109
631;0.013418467986532923
632;0.130418001683464
633;0.1847445284606637
634;0.08247151259423904
635;0.03839195851041271
636;0.1576261588876845
637;0.059316493277410065
638;0.05991132640363368
639;0.06235204276643163
640;0.021324544240973388
641;0.01357224797773824
642;0.19606888278957058
643;0.03413549077081646
644;0.07947835374442502
645;0.13939222760659764
646;0.19700093997942814
647;0.09549373801416189
648;0.17891473309669115
649;0.09594402194649032
650;0.16125406751494858
651;0.01840472093503791
652;0.02536081671542083
653;0.19427555868047502
654;0.0881596427167249
655;0.0731244455867636
656;0.15715790459950205
657;0.10414526465351293
658;0.1927225795210413
659;0.07325622505184474
660;0.13259942978903405
661;0.06972508382792411
662;0.04224813607447686
663;0.16154781199495352
664;0.19533074227894495
665;0.05005418411971707
666;0.14269230906930663
667;0.1927427705738477
668;0.09523719913437872
669;0.13746816023065853
670;0.05270812915730299
671;0.040050207638112935
672;0.10891902005801912
673;0.023233989592783267
674;0.051644230861607035
675;0.07568582850569737
676;0.11444906347108481
677;0.14993018776386466
678;0.11580017313462224
679;0.12046955062602048
680;0.009347212381202553
681;0.017378659011879693
682;0.04845050849082482
683;0.062248097002262595
684;0.06025920413293198
685;0.014015700521036734
686;0.16153638044412066
687;0.03863860543438502
688;0.13531114118606197
689;0.14120470037648494
690;0.053165231015638664
691;0.0839955529592959
692;0.12786626942013044
693;0.17016338537202616
694;0.19921182456815248
695;0.054894367925325406
696;0.16300982614319937
697;0.18743399204065367
698;0.17836498840139675
699;0.06086331889088568
700;0.06088323844420256
701;0.07251945524783128
702;0.03354310910576943
703;0.19122502914094588
704;0.11422947055896582
705;0.09271178933102836
706;0.09163299296757087
707;0.11813438130904075
708;0.13267140354575227
709;0.12053631760980775
710;0.1517628012915653
711;0.015486530286446133
712;0.17098107568455415
713;0.09678168343457427
714;0.1655447724879946
715;0.02894505481636811
716;0.13285838167720326
717;0.01737680014307108
718;0.12738719777554408
719;0.0687861297554329
720;0.17510176244028364
721;0.12670171542671402
722;0.1970464968499934
723;0.03179014017422854
724;0.14347265001792656
725;0.09940491540937851
726;0.0558738751706656
727;0.0960318626452404
728;0.030507601548316377
729;0.15926042719732453
730;0.14192611756850881
731;0.14805081680488033
732;0.13315590830292096
733;0.0746469681829979
734;0.01711640285971101
735;0.06757033084544904
736;0.10103033726930416
737;0.13487405645334669
738;0.04651337183502011
739;0.10727944574722759
740;0.09774371154852111
741;0.033313294059871205
742;0.13591174881494822
743;0.1052552688347292
744;0.06091880464244251
745;0.005386657502558779
746;0.06840456318341225
747;0.14125686860389686
748;0.1448279947701664
749;0.1364523301735977
750;0.05438653652903234
751;0.007332684576207327
752;0.17255181897876146
753;0.05802965609554067
754;0.10752839263532264
755;0.10438830663244279
756;0.17449074273180915
757;0.13239329687813048
758;0.09602878389777042
759;0.14723811241712467
760;0.12285274204226859
761;0.0972286544567857
762;0.15808368619570948
763;0.05828506563847831
764;0.1676687729114085
765;0.03448642825957831
766;0.018648530539813347
767;0.06903673555662675
768;0.03438449417686858
769;0.1904384046606739
770;0.015338837308162812
771;0.12074766126562567
772;0.08598221720383846
773;0.10122765891151429
774;0.1445424117698438
775;0.16469337871872258
776;0.0719717448650734
777;0.10361932358991376
778;0.03835784773507292
779;0.0028246617815337995
780;0.0349149084170397
781;0.0277462823783178
782;0.0017703876156323296
783;0.034620018124074385
784;0.009510657450268002
785;0.051694228205165074
786;0.15263580893124987
787;0.11108280287009563
788;0.08406087928761857
789;0.16451896328226792
790;0.023145580751219575
791;0.18701967460861657
792;0.07915913744584642
793;0.06639895294590763
794;0.004260543468004441
795;0.1187380303006188
796;0.16848816599900784
797;0.17843139570947225
798;0.14174909074817724
799;0.19357772470588164
800;0.07261472410351615
801;0.10321308666317774
802;0.15713843232733532
803;0.1548240576286021
804;0.09813647797532397
805;0.17652469821691474
806;0.12750978004105226
807;0.16518432335776356
808;0.14292914875788257
809;0.07451743855340413
810;0.19861348722387062
811;0.10061777497437321
812;0.022349322855758483
813;0.09347193563527706
814;0.07050263793170013
815;0.15280570361813908
816;0.1910128071305892
817;0.14405547418492728
818;0.10271107308362937
819;0.013073148083865439
820;0.016326365301634116
821;0.10121312599034465
822;0.18273793364416982
823;0.16159400347949862
824;0.12822831544714167
825;0.19564127936312653
826;0.1004378409435805
827;0.1858042506827059
828;0.09761479279499621
829;0.14667053793991278
830;0.048278813477132525
831;0.14073303533521353
832;0.08864116587949432
833;0.1916385206338105
834;0.1662306694579688
835;0.17644163704836327
836;0.008271064737958822
837;0.06474499097802558
838;0.10931464860250935
839;0.11437866633645058
840;0.09755376520938469
841;0.16095238253328417
842;0.1993899469273046
843;0.10866812863397733
844;0.0002340039751870471
845;0.13441750243777423
846;0.06472873871777858
847;0.06493183375185965
848;0.06048923507721098
849;0.18978374944958326
850;0.14475771238577542
851;0.057375051953683004
852;0.00024694528315698515
853;0.10463280338639187
854;0.12307924459376668
855;0.10785524221568543
856;0.09242878879574144
857;0.19863234464802676
858;0.14924865257864767
859;0.07918407307190577
860;0.030445753014029766
861;0.0010111815163075023
862;0.07158226069868326
863;0.08789166363895123
864;0.07307105829690623
865;0.18628434811562086
866;0.12102173990769799
867;0.11133638870027296
868;0.17903945283963305
869;0.05995375411719661
870;0.017316614106208994
871;0.10881325368248085
872;0.06656072652725913
873;0.06741929897934638
874;0.07403495535375858
875;0.17610673772558416
876;0.10295603531358018
877;0.004004173553353474
878;0.030962385384797342
879;0.1058386761180395
880;0.04712860629091229
881;0.1851136900629501
882;0.15845960939931047
883;0.08974013349341303
884;0.09142305717628381
885;0.17121462546862076
886;0.08924740131983913
887;0.11105435187617507
888;0.07735481310116588
889;0.0844019037441264
890;0.14113614207003858
891;0.03850891365687399
892;0.13310777915302605
893;0.10061353727944569
894;0.011378466586924785
895;0.09161083924845588
896;0.19897293356254234
897;0.19445188149754894
898;0.021547747498218264
899;0.06546148196292594
900;0.07567442665385654
901;0.1489455977782832
902;0.06858527765455295
903;0.18453858498735565
904;0.037370581093271425
905;0.009030959640851299
906;0.08967431876755141
907;0.13453447132052818
908;0.08639549510837666
909;0.1929520703742852
910;0.10071467309249743
911;0.06040059578591435
912;0.024028834786528064
913;0.13720546363569183
914;0.19206428648027551
915;0.16021007762139963
916;0.005152506125013057
917;0.07123858114163543
918;0.14202310488365796
919;0.1034243157489274
920;0.028881357352448324
921;0.024071234218522287
922;0.14507193094245477
923;0.1682927146405179
924;0.09765512589756896
925;0.14015775996818794
926;0.12805832101972928
927;0.020252456646031394
928;0.00010257570779763636
929;0.01943973650096864
930;0.11724242410914772
931;0.06159381867313725
932;0.11806160721187314
933;0.12616447144079285
934;0.019265219239019693
935;0.1361421195247767
936;0.08229416072619114
937;0.09510460858839526
938;0.07690448903672709
939;0.143700370449245
940;0.11214756493525849
941;0.07967193183126453
942;0.039178997363995285
943;0.1617210370326564
944;0.015364324013794796
945;0.13752559515461174
946;0.08966938419325395
947;0.03273903047027036
948;0.02896275909384103
949;0.0006202987670124172
950;0.025754043350089906
951;0.07009368432240907
952;0.12481685545349704
953;0.11227323435161854
954;0.021896383411736366
955;0.009053636028209988
956;0.11417935588665713
957;0.14065487783949907
958;0.09502962426915784
959;0.13362628199026366
960;0.05940390745584348
961;0.020863431678707058
962;0.09357722017887782
963;0.07777195589536606
964;0.11949877020065687
965;0.15324697647947969
966;0.10102305898722792
967;0.1733994578177221
968;0.1004850280931047
969;0.15167218866335266
970;0.029232375884597084
971;0.07848088395750903
972;0.06328868941498696
973;0.05658592462721495
974;0.04289073237214134
975;0.13340111735148932
976;0.09386793028083609
977;0.0344704681098585
978;0.10620763765856056
979;0.1850432664608131
980;0.09458211867433304
981;0.002893981935333856
982;0.12133827591167773
983;0.17294198028331628
984;0.11489663080874422
985;0.028386367408914582
986;0.0251069399107392
987;0.14507629427219423
988;0.10327332441834113
989;0.018938988714431296
990;0.04456077777896564
991;0.022077309850077345
992;0.18969587866624202
993;0.17435635980352834
994;0.09508420794732181
995;0.067641889706731
996;0.18399738359322393
997;0.11458812054284667
998;0.04005180408431528
999;0.028423916597991306
1000;0.020747633239051978
