1;0.05674095857682376
2;0.0757689043314052
3;0.09330800214297094
4;0.05893347067946795
5;0.06228112934203681
6;0.005820380979136619
7;0.04115239242741371
8;0.008158624282209138
9;0.019054081488891664
10;0.03684852769644446
11;0.05517016826685676
12;0.08127826732953362
13;0.006659886901796919
14;0.08072548871926771
15;0.06774309629496965
16;0.07211187459659181
17;0.06226175871993567
18;0.0052654743102321325
19;0.0003916662162100737
20;0.0360433228316937
21;0.040113480240579084
22;0.016790670466322988
23;0.02784223641220466
24;0.03018040849002649
25;0.04077340271620881
26;0.09504416194898407
27;0.00010933559425928552
28;0.04280526621268445
29;0.05019456816842693
30;0.02129529246085926
31;0.015024413212043453
32;0.007709281329755836
33;0.08416114180299503
34;0.0828123154209996
35;0.00755021411352137
36;0.06542251956198723
37;0.08740516697855931
38;0.053998893487040005
39;0.06524959834649532
40;0.08764123802623135
41;0.06697408754924282
42;0.060565808080535216
43;0.011628727418526564
44;0.044660080871626776
45;0.047918925904437616
46;0.07989931181258116
47;0.06081505702056279
48;0.011460843316532687
49;0.029099493523730893
50;0.0034310309005064934
51;0.08630528071576343
52;0.025829706681049083
53;0.06764056565742708
54;0.08982344718117555
55;0.09836705575530164
56;0.029599697332171184
57;0.03372661455368677
58;0.021024476920304305
59;0.012241633025898868
60;0.07537599976818804
61;0.0037578222106828154
62;0.04744878232813832
63;0.036258734031663686
64;0.08462576973851493
65;0.018887544798804792
66;0.0661392665229112
67;0.023626942379322547
68;0.005873186180369594
69;0.08080011821791552
70;0.07206344235724725
71;0.09527598910065123
72;0.021972647760753417
73;0.08542388493114311
74;0.09193034559444027
75;0.0024242823239319145
76;0.08583791859362871
77;0.023214552355934937
78;0.08391936743334344
79;0.0794835954005508
80;0.09385005744648223
81;0.044758648796817235
82;0.07978196912867741
83;0.04026300219292685
84;0.034212186114465505
85;0.022573564211900043
86;0.06433686534291998
87;0.04439446070176574
88;0.03269255816579494
89;0.08228597156061628
90;0.04003839983368368
91;0.01435726103087267
92;0.07432088089400724
93;0.07341854611084168
94;0.06126328855858885
95;0.03011156257625154
96;0.038210787014976925
97;0.020340018505684634
98;0.08537178580730155
99;0.012129173025053909
100;0.0003805342389963329
101;0.0016492529335013551
102;0.08224686039658297
103;0.08728954235417614
104;0.06696291432474628
105;0.0448310560518428
106;0.009281257843995073
107;0.0943573690433322
108;0.07393172446959866
109;0.07887786846875225
110;0.09221219287619137
111;0.01917506738880752
112;0.08759508041070088
113;0.08836498833648808
114;0.022098773576102293
115;0.03291787404692949
116;0.05198865612005406
117;0.03481451453905753
118;0.08693373525134812
119;0.07512719582453191
120;0.034611785098947315
121;0.06756292955213895
122;0.011001043294483794
123;0.05072269760073385
124;0.018687283980639745
125;0.0425895465833674
126;0.09988917416179442
127;0.08016868078875872
128;0.08832949697738939
129;0.01715112912594229
130;0.048070004526106484
131;0.024132634765591132
132;0.00957285125032108
133;0.035610501444612544
134;0.09454478940141042
135;0.078920072293046
136;0.0874710354253254
137;0.0021120979384514405
138;0.025802107309773094
139;0.016359574469108875
140;0.03563905760772447
141;0.07175942085009158
142;0.0994839175600984
143;0.011782715786930908
144;0.0291188567706701
145;0.009829583686233434
146;0.09382716470568807
147;0.021051101694100096
148;0.017117540092557493
149;0.09042906959726893
150;0.001656535546062532
151;0.014794624082966647
152;0.0765300217780857
153;0.05290519862792891
154;0.07889119517136754
155;0.07776685830978623
156;0.006330109541252327
157;0.09653217415160839
158;0.05429386958247023
159;0.09619477174827401
160;0.021076106368341552
161;0.043046827187840524
162;0.0384733229373089
163;0.06465983397809781
164;0.00046029394670863425
165;0.03464867612651538
166;0.08479611502862916
167;0.06849879655668285
168;0.07225116735382987
169;0.038556306074801164
170;0.0651926228445379
171;0.025495585872768622
172;0.08541726591553699
173;0.051767498314897666
174;0.03853542708856092
175;0.07574490507732046
176;0.016588505772528805
177;0.0034955312237299864
178;0.027480585650592238
179;0.08172356329598741
180;0.05744566468307454
181;0.07804082036156121
182;0.002506811921893071
183;0.06179835350992984
184;0.07090523523608193
185;0.07142141071481345
186;0.03724157893979534
187;0.06489788391806524
188;0.04202592335206881
189;0.0028295182992955415
190;0.05250169579972445
191;0.021588790925661294
192;0.07097276921665313
193;0.03679473585637897
194;0.09760697878521951
195;0.006837978176316851
196;0.09190505355791521
197;0.09253743214214162
198;0.00273902699618096
199;0.01960271308743704
200;0.004885311791860048
201;0.09725060402448286
202;0.02372930047916524
203;0.014608395720398504
204;0.09400227506173126
205;0.04067897549878394
206;0.00021051700314308477
207;0.04702451216346794
208;0.08637118586030507
209;0.06736486393169311
210;0.016226558167465776
211;0.053058387759697845
212;0.028602403497514462
213;0.07269825108996009
214;0.04910036294182031
215;0.07723725012350123
216;0.0802799390139204
217;0.02408297277154522
218;0.015494174406153383
219;0.016772836147361303
220;0.02697706571253379
221;0.06428675752502519
222;0.0882433972764841
223;0.012602788691792134
224;0.09322311630558998
225;0.0319961085931355
226;0.030040315549395513
227;0.08929995080110215
228;0.07453112946806666
229;0.023968987163236633
230;0.046013615527563535
231;0.018821838817533177
232;0.01803423481625163
233;0.03643211035071183
234;0.053693680489790174
235;0.037096199590569735
236;0.03576838192892562
237;0.06308437634051448
238;0.06348751453539679
239;0.04336617798306667
240;0.027849493754717992
241;0.0667075396790818
242;0.005155688266678938
243;0.09456051294018468
244;0.09461595690531573
245;0.03623341252728387
246;0.06618017285026548
247;0.06868169312889337
248;0.03284367265781215
249;0.06635361619382363
250;0.00815206112196093
251;0.08461631478479306
252;0.011311510612933185
253;0.06697594013768125
254;0.08899781849350652
255;0.07468669272499114
256;0.01037739661773246
257;0.06910009808192029
258;0.03638106855977916
259;0.029426327900997806
260;0.0729993305227666
261;0.026623866501097007
262;0.00840151972568356
263;0.07086691453330715
264;0.09694439002071926
265;0.08036907540956867
266;0.09063452112740938
267;0.08750145499907408
268;0.0376516513247296
269;0.07566692224668864
270;0.08248133539524202
271;0.01962974554778737
272;0.09638125610825402
273;0.028840394242932544
274;0.07667117850611416
275;0.048202962414786624
276;0.04774914130413102
277;0.08835390132203706
278;0.023541776774437553
279;0.06811364630361387
280;0.05448967860085059
281;0.09418186142504012
282;0.09987891288519862
283;0.012583614249417785
284;0.05006818636990839
285;0.08544718573466133
286;0.07120252424862904
287;0.03942245244673567
288;0.08729472409113931
289;0.05201727505748465
290;0.025760575299636625
291;0.06984764983757356
292;0.044134685774400106
293;0.07066595725511517
294;0.008463853010286826
295;0.07531413904190262
296;0.06221476260336337
297;0.0061792019762453194
298;0.0723043306237407
299;0.01170025609148715
300;0.062151670519904015
301;0.09458699593131796
302;0.04376746109251637
303;0.059502186987034744
304;0.08141535161324356
305;0.0399698794853252
306;0.0241333359787691
307;0.0063577285499628045
308;0.024684419149019213
309;0.023009964856838084
310;0.052733534466313015
311;0.0704197321470723
312;0.059650596506654156
313;0.007188320318997666
314;0.08181966678932984
315;0.0731824359642197
316;0.07964473143219596
317;0.03329150226812029
318;0.030651715547831096
319;0.08401231044516734
320;0.06801965632849459
321;0.034771494716739425
322;0.06009527805143044
323;0.026461555443249008
324;0.01349105700225326
325;0.001763143537231826
326;0.07051563827356314
327;0.03763670269203084
328;0.06617209534223499
329;0.08498683243802929
330;0.055246643286915254
331;0.08254938212798704
332;0.09447704675082669
333;0.05270548878030377
334;0.003981090049401038
335;0.05406779091953341
336;0.03880324685746131
337;0.020484535346296174
338;0.004087194900731783
339;0.027385885102541408
340;0.05404125162194859
341;0.07725851289562312
342;0.023186841892661705
343;0.022320528270510898
344;0.03546608836890404
345;0.0725722560742109
346;0.07679946334219068
347;0.015195802778725342
348;0.07610345859047092
349;0.09702576318573668
350;0.06384179507630675
351;0.001430784955890252
352;0.051389321795793676
353;0.030342094456663783
354;0.07881671995585984
355;0.004002807912024897
356;0.0016029228444123023
357;0.052395817507309574
358;0.014181877479886508
359;0.07639528547580485
360;0.09402950118185949
361;0.04020655700184718
362;0.09162903682211998
363;0.09406616353117042
364;0.03683554211043729
365;0.05149751318034926
366;0.08246480977697052
367;0.06908322333798815
368;0.07175842157534523
369;0.04730088358885013
370;0.034388876718092876
371;0.008453854586847198
372;0.011720808554784634
373;0.01849405898299179
374;0.05796186113797112
375;0.08218775775043383
376;0.018556322671944292
377;0.042426416790617164
378;0.016121436121552302
379;0.05499201693738294
380;0.042142765341282855
381;0.014340067791969358
382;0.021983194511656458
383;0.06497114432827472
384;0.03114679637009713
385;0.023511786798449077
386;0.017710254925936707
387;0.035563371951252525
388;0.068294209430711
389;0.02478821142460106
390;0.04898271532185547
391;0.02832248640300651
392;0.01745070750237383
393;0.049491952890168146
394;0.03912451344653807
395;0.04708184503344287
396;0.025491502878430806
397;0.03860532525473246
398;0.07075822153454124
399;0.08379099255220832
400;0.07929767533054222
401;0.029625188863101393
402;0.08622800650835896
403;0.05735277552011411
404;0.04307181822212515
405;0.05917119611662735
406;0.032076168348120396
407;0.03686704441852482
408;0.028142627053245706
409;0.053193614166576746
410;0.024720809171313196
411;0.05862497562594324
412;0.09608392844648714
413;0.025327992746880926
414;0.01303289707411185
415;0.0022094236004489456
416;0.09869274318067509
417;0.03879444050317593
418;0.08037999166915771
419;0.09324806009499093
420;0.051741108331724774
421;0.004746024457113674
422;0.0953839055177172
423;0.08783529040769922
424;0.047765409115367564
425;0.048268466582261776
426;0.09325628006525039
427;0.03734694289362413
428;0.013931486320100517
429;0.08388752838971178
430;0.05148359351926728
431;0.06962238712662754
432;0.03052158530144782
433;0.06768720492097859
434;0.041762914453886246
435;0.012686228363005626
436;0.0984059376501817
437;0.06393753741945644
438;0.06749363711557675
439;0.08974763942028276
440;0.09803776457981722
441;0.02561509122256067
442;0.004051614325241893
443;0.037541037282631744
444;0.06974703723953156
445;0.03831212759737915
446;0.0662225675826874
447;0.053690350554338795
448;0.08460462045004417
449;0.08658571824126324
450;0.042756517027824695
451;0.011393886853725589
452;0.07584924798265508
453;0.03888211572091663
454;0.001001878503972442
455;0.0927590569863755
456;0.07507424378226014
457;0.09435486984920935
458;0.007107142936166944
459;0.08035917226434802
460;0.06794439983803807
461;0.0786228695666126
462;0.01396345812507418
463;0.007599319027948215
464;0.07241585937841348
465;0.05217984167589578
466;0.03869038247107244
467;0.04250763059452729
468;0.0930295979403919
469;0.019145330638910253
470;0.08166586275766935
471;0.009168305522584463
472;0.050312486723500166
473;0.028829861378065147
474;0.016037665841497017
475;0.018807453269616338
476;0.010753709318159466
477;0.042225323981051416
478;0.08067556435296303
479;0.08844818723675023
480;0.02405246488353401
481;0.005942476085510052
482;0.013890954595059013
483;0.00908124330567398
484;0.014136552023814298
485;0.07507683188492141
486;0.06174084533029707
487;0.060874775270801484
488;0.04443287127017899
489;0.032980486000133216
490;0.09134684802449455
491;0.06766226354243264
492;0.04166534113872954
493;0.01281009077660028
494;0.08576916955017844
495;0.02911168888763599
496;0.09020603310895722
497;0.005178503706149884
498;0.01731943716251021
499;0.03342334739374767
500;0.04821454027178656
501;0.06114678634859434
502;0.04938809355865586
503;0.09761617337912253
504;0.04688262078370891
505;0.02901710570452073
506;0.07698577277962229
507;0.07295211601401373
508;0.0043284159190725814
509;0.012380163604371042
510;0.0836885833840318
511;0.08805456797288314
512;0.02483917828249037
513;0.07305193616918977
514;0.08922691423096549
515;0.06286855606085813
516;0.08868831042562299
517;0.0567087597448707
518;0.03825256928548881
519;0.023192895467992625
520;0.09802629141829965
521;0.006394082159836789
522;0.04788558821950877
523;0.09047393062556836
524;0.052629411026663
525;0.048102619869672306
526;0.07694052232628089
527;0.07253499260807193
528;0.06778849122093643
529;0.06931745700090176
530;0.05843777630422325
531;0.07080809183687956
532;0.043306249152485335
533;0.04478671235640185
534;0.06965247486079382
535;0.029351984903070852
536;0.08766473698145774
537;0.032722888724998726
538;0.08400850433133372
539;0.08160659260217487
540;0.06164194235108218
541;0.0590510699588919
542;0.051391988735653905
543;0.044157202238188226
544;0.0409080886694293
545;0.002654823995615019
546;0.08119174819920308
547;0.025464849162344275
548;0.08438244760598845
549;0.08464330689983314
550;0.06989439211410099
551;0.03674055557107513
552;0.08977281518334197
553;0.03217291057798343
554;0.07047677553438281
555;0.05202320234703966
556;0.07228270107630207
557;0.05408280822939208
558;0.07917685480499534
559;0.0092846619100174
560;0.054330735840242145
561;0.06280873099821567
562;0.06583088396954
563;0.0027339042889571123
564;0.02474714415215287
565;0.030481307066980934
566;0.06481367184094713
567;0.0275773104478831
568;0.03626720356841343
569;0.05968156268575542
570;0.050371541161564684
571;0.011166101331961043
572;0.02820237742125783
573;0.030420775770332965
574;0.07978094041874187
575;0.08992345968466844
576;0.0418540587935568
577;0.06495892042553413
578;0.07879950319544617
579;0.05157564544806188
580;0.06077991607578107
581;0.057799814873750355
582;0.0795702888037077
583;0.010438139380361222
584;0.0007515284167261438
585;0.0030615540589624237
586;0.06427500635433342
587;0.04911195334482169
588;0.08901326598231177
589;0.017977145839890487
590;0.0919536407913783
591;0.03345609586772378
592;0.01660602489276881
593;0.07980304500087974
594;0.07450444062228558
595;0.02923105851459189
596;0.07244008558948224
597;0.004783328117547537
598;0.028191039042104085
599;0.022795343412891456
600;0.00027486053430110237
601;0.04423301126165491
602;0.025359102113384192
603;0.09066945430559581
604;0.07946705672623673
605;0.018743150298510126
606;0.09859559670218643
607;0.016981230368527202
608;0.003582127665683399
609;0.018691392705995746
610;0.03816447221635327
611;0.0026074192428718005
612;0.014631316139058638
613;0.05635075571886751
614;0.0717617179579665
615;0.08280789483906668
616;0.06479106473082077
617;0.011528253108633302
618;0.03797659011872491
619;0.07549327861465144
620;0.025101320238452674
621;0.06386176504644835
622;0.0209720399067592
623;0.004313212997921323
624;0.0936721499685068
625;0.02420326980765335
626;0.08798142627201361
627;0.024526733204141084
628;0.0710971630120449
629;0.059711408664733116
630;0.0795372815595798
631;0.04097013562399246
632;0.047291614555039975
633;0.000855074053078575
634;0.041427975301526844
635;0.006774341230783277
636;0.09981324556170973
637;0.06531740601723206
638;0.0883383391265919
639;0.07535989261143153
640;0.0003216981985007861
641;0.031961937374857696
642;0.09754087581096431
643;0.034371943477028155
644;0.006851025241283538
645;0.018961001740475693
646;0.050651856080384916
647;0.031869427566428875
648;0.07578910812154638
649;0.04593755106294516
650;0.06740116242599972
651;0.0694546205492387
652;0.029245436553135964
653;0.06282871614553709
654;0.03517631553555589
655;0.08070273483270954
656;0.0070999273240512145
657;0.09769275881443544
658;0.09225837471313977
659;0.04931638214539994
660;0.0711717194194255
661;0.06274093008613815
662;0.07460030780139677
663;0.05054242151894553
664;0.07487110653998626
665;0.03842163892110914
666;0.07809262378889564
667;0.08783877737955015
668;0.050544979747110134
669;0.09528626340525496
670;0.0006798929442795366
671;0.09992884908794114
672;0.07088381402440602
673;0.03240066428096017
674;0.07560009237973074
675;0.06801348994466629
676;0.006743415263708219
677;0.04258325949399569
678;0.005839018416332953
679;0.0167468928846769
680;0.07829929803156084
681;0.04284998008163837
682;0.05079220832634399
683;0.09609068297388468
684;0.02168943525188806
685;0.03306425787247935
686;0.07445809122917472
687;0.043592271903785555
688;0.03195334578889194
689;0.023276919159400222
690;0.005164062261909331
691;0.04633067519590226
692;0.07039775016279241
693;0.003762264886064837
694;0.051749400372328884
695;0.060775392563083425
696;0.09059250374126503
697;0.06248339053207889
698;0.08013619414693376
699;0.015765394331572227
700;0.09434881227223897
701;0.05993389751248679
702;0.08534405156294562
703;0.03385729648294875
704;0.06415581991812515
705;0.05654219857659885
706;0.011387959622578115
707;0.01491635735168121
708;0.05828967783712712
709;0.08134283632684547
710;0.057765315255292896
711;0.014770589549586412
712;0.055042645990622065
713;0.0672654088683257
714;0.041367001728991694
715;0.08272417330367202
716;0.06497808597375881
717;0.06920422496350644
718;0.09774972785613939
719;0.0025042575124963
720;0.09243676964028925
721;0.07220368704443061
722;0.08905255543651536
723;0.01993460529754483
724;0.022336801189946832
725;0.04193071297353476
726;0.07441743363091319
727;0.09526925916152605
728;0.08558763385053243
729;0.0346195325094748
730;0.07167997090722349
731;0.005746952575712361
732;0.010323584880698644
733;0.08533546720582298
734;0.0022090295609897615
735;0.04515708011581089
736;0.004211874104692515
737;0.009339755182885557
738;0.08709515001310335
739;0.015243196627070188
740;0.07847146989543859
741;0.07229604212107626
742;0.06337748814410529
743;0.038092277464757344
744;0.013990100292457465
745;0.055661237278286514
746;0.08514777664821595
747;0.07556911862380394
748;0.002207546332710697
749;0.040073830050902676
750;0.09389412733752614
751;0.026572303736223848
752;0.034795098037876594
753;0.017571297601884184
754;0.0670137955620022
755;0.02114187700499849
756;0.016022451065693454
757;0.07839457680581387
758;0.0638221808877708
759;0.01702537461765764
760;0.000558336209567012
761;0.07046023511101657
762;0.044592695278175824
763;0.07444368792811622
764;0.02567191727054138
765;0.08388235527925576
766;0.06516089397483683
767;0.07248037792573178
768;0.0498927596011716
769;0.015719768159182836
770;0.05988753658737333
771;0.04687505579905622
772;0.08991738766898091
773;0.0769675916452791
774;0.07850720719324265
775;0.039934751351695455
776;0.06626151970244451
777;0.026564513911184917
778;0.01564266192675866
779;0.08276166690581867
780;0.0628607968735856
781;0.08830218738533241
782;0.025139421874573676
783;0.009707335829543662
784;0.027224397577417393
785;0.014832358842467098
786;0.073160448568859
787;0.046743231597404504
788;0.041923495512344026
789;0.050864558114656726
790;0.06645129334155764
791;0.00027959047597226895
792;0.014169205955082587
793;0.017875732343752372
794;0.008886639580709088
795;0.05254623421872826
796;0.08381487484913488
797;0.041306530690897306
798;0.06834173003639564
799;0.0545079493265795
800;0.0532341513016991
801;0.019294931894210023
802;0.0030075646765106213
803;0.026547427072281627
804;0.0673741728578206
805;0.04033676377451745
806;0.008693966896694027
807;0.005029344074582932
808;0.0409602028729231
809;0.03696274499704363
810;0.06851809372638115
811;0.052529826146672
812;0.04746585038301642
813;0.09634050341326361
814;0.01449212242625393
815;0.031094552628640495
816;0.021853887237351745
817;0.040487133273305775
818;0.07473513995283292
819;0.029383595850434298
820;0.03252847766677536
821;0.0735667627138372
822;0.06488653015501532
823;0.09779122312622678
824;0.01681526461023607
825;0.013781915740785734
826;0.026641147048878655
827;0.03945803869326867
828;0.07135567930152928
829;0.016384044645045604
830;0.08230293529790648
831;0.0444747793427974
832;0.03420426351059471
833;0.08127030675010845
834;0.003836611300081594
835;0.05241819904457671
836;0.09652415840847585
837;0.06460267055764149
838;0.07961761818927421
839;0.023058364116501306
840;0.012634524666452174
841;0.0011814110941662293
842;0.025799656890850578
843;0.011628321785804663
844;0.0029892857466429336
845;0.07061979018684217
846;0.054168792894599416
847;0.05194838045328522
848;0.036984520740929554
849;0.052523437723219074
850;0.04690628565695246
851;0.04890918998098022
852;0.037167520169806144
853;0.01625738578288918
854;0.0001134043614595015
855;0.026304942628824348
856;0.006237081521523857
857;0.047835728956383196
858;0.03816777413422456
859;0.0596449186397388
860;0.006555231278243712
861;0.09368519200017145
862;0.09857304347079217
863;0.04883716583748748
864;0.06491648410960528
865;0.03282685218363209
866;0.016506557312849526
867;0.06618975446980886
868;0.09737596958312798
869;0.036036123699211144
870;0.014753252842283217
871;0.05599075417959087
872;0.05332463460190884
873;0.030446560711290996
874;0.0701509160828111
875;0.05079257052939659
876;0.026482385424058022
877;0.04624786896653776
878;0.0843642332779751
879;0.07381682966220106
880;0.0008026576404201347
881;0.09131199770594361
882;0.0027505486850984973
883;0.02989569961163111
884;0.06328688093436256
885;0.00145152643912434
886;0.08959403028856577
887;0.06662828624175116
888;0.03333839956381473
889;0.09446887267921643
890;0.02170587273054536
891;0.011656028393773943
892;0.07000380760001579
893;0.09129714929518347
894;0.043737078338864845
895;0.044135737921867195
896;0.09939612849318613
897;0.05272520389220479
898;0.05587860382729492
899;0.08637022933418143
900;0.09999123756674679
901;0.07538950782138344
902;0.09824438634912525
903;0.0503017225532498
904;0.04109500959009436
905;0.05102343284703664
906;0.04205332201192785
907;0.08800402842819355
908;0.01160131867578501
909;0.004301912662673113
910;0.04094961268030826
911;0.0049200722192606966
912;0.07831503694865685
913;0.062145787836079804
914;0.015422333944928224
915;0.09166720594579723
916;0.03338306965140778
917;0.08292394044176493
918;0.07132429733181725
919;0.09505884595476763
920;0.026073618507630493
921;0.08189615064372088
922;0.09232552035319008
923;0.08317381414100787
924;0.044850647139797854
925;0.01205205547548437
926;0.06087150064127689
927;0.015440096322272924
928;0.09140148896535248
929;0.012724953478889967
930;0.0571458855892186
931;0.0790358854402431
932;0.09862380042467399
933;0.03042331833454135
934;0.06193334215161378
935;0.09976935986806922
936;0.07340645070047302
937;0.09095587609925454
938;0.05530434338493248
939;0.07137262000396627
940;0.09531279255301293
941;0.01710457730760976
942;0.08125206809784646
943;0.04882579731844823
944;0.07550977278248719
945;0.04552535442655991
946;0.05113444275904368
947;0.08981147893636399
948;0.026274901673838103
949;0.07226507457481623
950;0.07247322875777489
951;0.09779968145481537
952;0.012551888175479087
953;0.09611891391615995
954;0.016986059937777787
955;0.08871405127346521
956;0.010220023741774876
957;0.03710149201127592
958;0.059616143549843285
959;0.09488337321677655
960;0.01641419538153095
961;0.065947676302591
962;0.04853762244473177
963;0.04501915894945413
964;0.09231191855460408
965;0.018654626682240206
966;0.09245355958684798
967;0.0064254074531057475
968;0.07475981854094353
969;0.06763963388819924
970;0.018268283035530686
971;0.034964068530931015
972;0.09593471919606911
973;0.06753683592583336
974;0.008543992206167583
975;0.07077517918462552
976;0.08387538148750417
977;0.033423680481956486
978;0.003943987242066904
979;0.03423666095765302
980;0.0380905313628464
981;0.06304999373014634
982;0.02796449135096999
983;0.055558867582600126
984;0.04292820526898547
985;0.009310884320374834
986;0.06449634523265459
987;0.07179852564259946
988;0.03210431848656455
989;0.05109239445540136
990;0.09321384739227766
991;0.048905071306262496
992;0.07497593694644959
993;0.08124709332793707
994;0.00898031597059532
995;0.018006035922492215
996;0.08353190321887556
997;0.038989623305651526
998;0.048296681633836436
999;0.025607191627087744
1000;0.08047460569380717
