1;0.10844590255268945
2;0.06432178032219814
3;0.16658114909575972
4;0.11288771521609434
5;0.03693705721834981
6;0.044864783900976195
7;0.02344454682073649
8;0.1036327674624134
9;0.12882818302693033
10;0.07220890874280302
11;0.12659011956925048
12;0.04339599123435807
13;0.12507483035129913
14;0.09647481744701579
15;0.18604168228318194
16;0.05871024745559983
17;0.06465962366789617
18;0.041709124266624875
19;0.030846473738371263
20;0.06324271397839254
21;0.024620300934001117
22;0.07263003859945831
23;9.789148549406158e-05
24;0.11749662862535595
25;0.10102915857577154
26;0.03273280103079739
27;0.11069880246494751
28;0.019877148742210693
29;0.0445188322436432
30;0.10694492210159985
31;0.18714182094534187
32;0.0718157314105377
33;0.07730317191172512
34;0.1512050501917308
35;0.19661301954796126
36;0.14287328251802653
37;0.18810243679226485
38;0.08418732433340015
39;0.16741067563262035
40;0.13068917061930807
41;0.1711179628551076
42;0.021428128593923536
43;0.047897556101434535
44;0.06957217986347022
45;0.03420362188917743
46;0.03494342475443764
47;0.04435689342536549
48;0.022771627258831795
49;0.10249824733938213
50;0.17477429123265384
51;0.19856592735325299
52;0.19901011088655812
53;0.18677986576548855
54;0.08061628423861947
55;0.022279166140644582
56;0.018300307334215126
57;0.059780801318966084
58;0.10902925387669458
59;0.021267471440628617
60;0.16749566558744747
61;0.13940294261895533
62;0.08625159735645237
63;0.004372309959528464
64;0.17652269093802475
65;0.15890195609383656
66;0.17910138802011724
67;0.12437829890051061
68;0.011159010139875525
69;0.09675738730493173
70;0.03334588521513846
71;0.1457855122919554
72;0.029665667859915847
73;0.1666163650869558
74;0.07803868789685081
75;0.029289143889071313
76;0.08754910686599003
77;0.09510896250638115
78;0.15974626657677793
79;0.1005815812765703
80;0.0286316738263845
81;0.058453644576065326
82;0.1272051551762988
83;0.1273176680145339
84;0.007680198896913915
85;0.11415294557768758
86;0.016030846085035865
87;0.015621942381360766
88;0.03360796892663383
89;0.060451715495827375
90;0.06806180880553835
91;0.04605335675683049
92;0.05080042549356012
93;0.16628501420894348
94;0.05684131087313929
95;0.19111635984210093
96;0.14383235699291816
97;0.11669650229167648
98;0.18225371093640186
99;0.17311946669759026
100;0.1009449061432654
101;0.11870635965640049
102;0.14223801626149032
103;0.13035130949912221
104;0.13099061055150668
105;0.06983272910153833
106;0.09619624505248864
107;0.053576197727584686
108;0.16153969808732394
109;0.11987434624785497
110;0.11743403370679804
111;0.13770044242089538
112;0.06261514767324465
113;0.16581747192136645
114;0.14127444962806687
115;0.09131989574324438
116;0.1249997617583371
117;0.03478124856985983
118;0.01620933049587834
119;0.1538667913078286
120;0.1618966965638175
121;0.09039446232157576
122;0.064889032432537
123;0.1641855272297272
124;0.012400316386523303
125;0.19097306461339045
126;0.16628176784360438
127;0.13990222480611805
128;0.09456110056839653
129;0.09490792197149436
130;0.18964809834359692
131;0.02060080320519613
132;0.17684718388792983
133;0.059356173515998784
134;0.08545942541133228
135;0.1799151766702946
136;0.12936941396355814
137;0.010188444794782914
138;0.052688477490489084
139;0.17091235211023822
140;0.10098514248592821
141;0.09584220351645162
142;0.13854780176924553
143;0.15934720338678923
144;0.10842911571304292
145;0.03452006513974324
146;0.07044074720611222
147;0.045685515261198795
148;0.1288207271069288
149;0.15684502590801033
150;0.0423904265801075
151;0.1296364048254628
152;0.15223962372848865
153;0.01822204231583695
154;0.1607157380387075
155;0.12659212395011227
156;0.04687395125786534
157;0.19860203906055665
158;0.11832264482689565
159;0.16732404919412974
160;0.01744801795477464
161;0.027625155987639618
162;0.16039860386342988
163;0.08688891969698352
164;0.07900067512986285
165;0.11700823870428088
166;0.07563943218165055
167;0.059968196127182787
168;0.0664303144352336
169;0.15426083789443315
170;0.10272601795667256
171;0.10828229510164533
172;0.07679687006972889
173;0.1395047352194506
174;0.14756164744177833
175;0.1232958512035206
176;0.07731312559866987
177;0.08484444739963842
178;0.03338065450700707
179;0.14171526575410395
180;0.04913964272235778
181;0.029988673932594124
182;0.028412985389432956
183;0.10108264673751677
184;0.12709700065918902
185;0.05987529918525574
186;0.009692891239692481
187;0.05766248923319495
188;0.09421052932627239
189;0.11936251103733418
190;0.15614362569240758
191;0.06724738514502636
192;0.11260366713284067
193;0.11813976061444445
194;0.11001423511870914
195;0.14203627869470667
196;0.026492571576937386
197;0.09422635749838196
198;0.15479318536618342
199;0.19166646142607738
200;0.010986327531268159
201;0.03552773876639266
202;0.15709616475532706
203;0.11870439076181832
204;0.15852925297363407
205;0.045249551725017545
206;0.1666645116957554
207;0.09062082144297473
208;0.0005840260994130376
209;0.0595150566228643
210;0.030446438329970717
211;0.12640473912301287
212;0.11821455021735061
213;0.18164040864928846
214;0.14034696257236381
215;0.13312670234664303
216;0.15167040085469696
217;0.19088904957501762
218;0.10905494818106286
219;0.15114717267574274
220;0.16651601480833086
221;0.05041886825269331
222;0.1799371470009723
223;0.10004229974570454
224;0.07277993356701414
225;0.1420672649034826
226;0.15352500464260926
227;0.18729333330550424
228;0.12299556439682209
229;0.18940099817974476
230;0.05750620164357561
231;0.1468868321811134
232;0.03869367215692319
233;0.01488545458736823
234;0.04058214423596984
235;0.05166272957782889
236;0.07080596087294591
237;0.13634688235314624
238;0.12040990866869009
239;0.07494289591122383
240;0.1901277617301881
241;0.054317795948544294
242;0.14677712418987662
243;0.07672862336816476
244;0.15474244515672542
245;0.14160792454939097
246;0.00914637733007031
247;0.12402177096420064
248;0.1868336866618798
249;0.0036853947646614095
250;0.18876886311638358
251;0.18373994502572175
252;0.05375613483544797
253;0.11676387282739886
254;0.04256062228785784
255;0.018324749933068273
256;0.06788377878218126
257;0.0019390531929115219
258;0.06256925056426191
259;0.14835544842030154
260;0.017053060070544437
261;0.16251339507812
262;0.035585872940600276
263;0.06752183199909455
264;0.0734210196387262
265;0.07435059735989605
266;0.11997283638006398
267;0.08036034418308902
268;0.16526900196296668
269;0.16264168946231589
270;0.09753039900630019
271;0.0565779283987143
272;0.18376053310671012
273;0.15473317281361884
274;0.19519269017143256
275;0.06267014721707774
276;0.17941498762903477
277;0.17168130118204494
278;0.003981942456481958
279;0.08899307045555638
280;0.11239133432714202
281;0.13782805886362534
282;0.03975235170526373
283;0.04400390609601839
284;0.1787031004321028
285;0.020960912910825226
286;0.15982843730044521
287;0.014654037582968661
288;0.08315415596512421
289;0.15521588193929475
290;0.17459275625213888
291;0.17728700749412685
292;0.08709978460999324
293;0.09614315038405968
294;0.030680155280293022
295;0.15250687144059957
296;0.03257613684051255
297;0.1899605294090595
298;0.09946528223864717
299;0.1678834714321612
300;0.13572690404537857
301;0.08546542472756334
302;0.0388979294297134
303;0.048644773538051925
304;0.1839344601006848
305;0.17034878529574007
306;0.10006270499186794
307;0.10937956760813848
308;0.1337216974622189
309;0.17324842335932977
310;0.17300849413734865
311;0.1401016811969585
312;0.15382431739915628
313;0.031514026587970805
314;0.16673846465595993
315;0.07815471308593501
316;0.08942365045447212
317;0.1067729518064067
318;0.15300675178308207
319;0.04375928520293968
320;0.1165822254974198
321;0.07392231479355875
322;0.08576410286276544
323;0.023432244849475994
324;0.16216497028350002
325;0.15844449442320288
326;0.15381079875280285
327;0.0030573231393836277
328;0.14863008002150843
329;0.052560990217228314
330;0.0783871932031705
331;0.03453556121371067
332;0.08389140530984399
333;0.05163940446542099
334;0.16736751315317694
335;0.09531242564541352
336;0.16615834810450758
337;0.054002126289891074
338;0.006707924475107374
339;0.16815623714318156
340;0.0005552447467761069
341;0.04015678991515581
342;0.15827431459514577
343;0.08781146992246223
344;0.03659937415637695
345;0.0881732957731972
346;0.10603012645257921
347;0.05324745292403996
348;0.19501300079881217
349;0.048784643700650415
350;0.06811069169255794
351;0.06046356873860784
352;0.15470444283233142
353;0.14409281908950405
354;0.09522429128808355
355;0.15645580167818263
356;0.09536618914499251
357;0.13356119994677065
358;0.029309211568827733
359;0.14456362176505055
360;0.1726724475412258
361;0.12188725278997098
362;0.13660810266063134
363;0.06797402686271055
364;0.04720819474302216
365;0.1913230037106527
366;0.0169378271711798
367;0.027942308074102497
368;0.18437481606731998
369;0.12992969808566524
370;0.12334213229780766
371;0.06993358497758151
372;0.15674035718584123
373;0.1373936029902107
374;0.12015272349120161
375;0.19468821880392373
376;0.032493025542021874
377;0.1066819161600675
378;0.07361828429066122
379;0.14512282320952155
380;0.012383849998363772
381;0.1341321167462781
382;0.1039331796518695
383;0.18840572336705663
384;0.18313876138483767
385;0.164503019062339
386;0.16872107369203423
387;0.16304526788474177
388;0.1685035764340765
389;0.09498229743464348
390;0.16574035917040197
391;0.03112901310949634
392;0.055217401237687105
393;0.055001284309257485
394;0.1485498900622553
395;0.12994781563966248
396;0.023693851773636188
397;0.09958605176035072
398;0.10636912852120534
399;0.023637841517875603
400;0.12406961279540851
401;0.07726415144726062
402;0.12040054089380228
403;0.05535083817882325
404;0.05601234489747389
405;0.17508097973825876
406;0.18365942223669976
407;0.0427594997109499
408;0.195326859458069
409;0.19247750791772278
410;0.07916589263332666
411;0.1355858355579387
412;0.01798424841838231
413;0.14638122393440914
414;0.06657326421727175
415;0.011187529260060192
416;0.03852804251441553
417;0.1793730457084124
418;0.04882020140311774
419;0.14748651884363828
420;0.10384323959152893
421;0.06106225393007647
422;0.13302399534495202
423;0.03341442262074168
424;0.0037492301412160203
425;0.03319750844246774
426;0.07508558989948222
427;0.196529669114141
428;0.16300810651380926
429;0.0749850643645931
430;0.126712067186079
431;0.11727470587024276
432;0.13322262145496871
433;0.06452409979546879
434;0.08896525099535313
435;0.1396885896736553
436;0.11177264511057816
437;0.03696486859284365
438;0.19410005387560333
439;0.009173305550131827
440;0.19906054207503876
441;0.00983689608726157
442;0.039773018637442405
443;0.040728629999627675
444;0.001900543257569498
445;0.18142215095482728
446;0.0007094308284598006
447;0.059546027822016505
448;0.15039545555707787
449;0.05247480288071282
450;0.1804847181162219
451;0.17294164562151496
452;0.15593464545728858
453;0.17926110347564278
454;0.03852855678019099
455;0.17866566876957757
456;0.0341542663486154
457;0.10482042531753483
458;0.012685149142465258
459;0.004854326612551874
460;0.16248167540301398
461;0.10962977068698887
462;0.008378457736278168
463;0.19275127011221382
464;0.07070858331407573
465;0.17290086632863344
466;0.11442347295321471
467;0.18016101771661497
468;0.08072990734761282
469;0.08263364034956062
470;0.09572867172009092
471;0.1500079197704164
472;0.014115180575967147
473;0.09853898833378863
474;0.058849405718489026
475;0.09602100261309927
476;0.18607163272625407
477;0.07469673797550842
478;0.08603909149608034
479;0.07238270699870956
480;0.11023240777734783
481;0.010973756226607456
482;0.07367483964517377
483;0.057450685559975345
484;0.04046020521411749
485;0.10316728699310002
486;0.01357032263126774
487;0.060485565535281394
488;0.10701307651536084
489;0.044046307494238594
490;0.1521012191582402
491;0.01789631976078727
492;0.17499968590557297
493;0.08020498529267038
494;0.08806944159611813
495;0.15120772846964492
496;0.11157772029988718
497;0.19421446251355257
498;0.15607539416532576
499;0.0873473116050859
500;0.14276502999356264
501;0.19798044718373953
502;0.16111530972057636
503;0.09316487208341591
504;0.06395736890379498
505;0.10851355086275703
506;0.014738180637878462
507;0.17537612014707468
508;0.027690253972222023
509;0.02254613005876667
510;0.048761960698210906
511;0.07462328652481705
512;0.09297326034390554
513;0.11780275364067541
514;0.05933249001523613
515;0.14507818455365123
516;0.08493280799608081
517;0.0001064483193000232
518;0.12547219776698681
519;0.19364888810193226
520;0.1695764276413855
521;0.03582230242155791
522;0.08465340454543456
523;0.1662639246682761
524;0.040180922522252964
525;0.0713505155301991
526;0.07979334832630491
527;0.1275698808067392
528;0.10307277152210058
529;0.04490756887648071
530;0.1890210232925336
531;0.01852480970250121
532;0.15074805779339243
533;0.0897426776115628
534;0.06790484840314957
535;0.012549215931909297
536;0.009489454324590675
537;0.05579935731596919
538;0.10487909249875448
539;0.007360901071078963
540;0.193832410136887
541;0.04834139489767202
542;0.1495645823160096
543;0.0519685982852397
544;0.045159535865341854
545;0.02133091089957693
546;0.03910745464950765
547;0.02435614647379272
548;0.1546456210373409
549;0.14795580820279944
550;0.15484324690896248
551;0.13832343173182507
552;0.14662699803125673
553;0.018479010749535174
554;0.12077321351062197
555;0.0878427482662836
556;0.14379555220885265
557;0.07404524264093353
558;0.08055491964951939
559;0.06301614117746128
560;0.18187317818819526
561;0.18887360160012676
562;0.14272239872144854
563;0.017576757750693273
564;0.052850188886959804
565;0.08667193749971491
566;0.08109189399023692
567;0.062053024705083275
568;0.01397932847778276
569;0.17782016646282428
570;0.008362692885724887
571;0.1429209761947035
572;0.12177451112688212
573;0.033822349162474195
574;0.04505677486168385
575;0.07671648290447926
576;0.1488360379939573
577;0.15620744041387544
578;0.12350465937965015
579;0.05325652633160121
580;0.08834415802633788
581;0.002361538452659806
582;0.1712783983783551
583;0.09094306647268922
584;0.1744809319286844
585;0.0808267385109839
586;0.015485634070743437
587;0.01884849543385088
588;0.018860027929465575
589;0.14413942040506064
590;0.17901801623148203
591;0.06807780250330478
592;0.16464857501960922
593;0.08138205812109
594;0.10366983925141965
595;0.07794095642550161
596;0.07019864803577842
597;0.09418275187855162
598;0.05634953439006192
599;0.06032204258630314
600;0.19833078958908215
601;0.07379931657708945
602;0.070552434625199
603;0.0600012482932478
604;0.12909045513441386
605;0.0551054942582711
606;0.07158754656485589
607;0.11016395815540857
608;0.1750429764024991
609;0.03987938076520774
610;0.15827332892246715
611;0.010654022677219889
612;0.0648803768299182
613;0.14856757568454534
614;0.18056218742867713
615;0.13126805362354474
616;0.1454736585072575
617;0.046305728921634384
618;0.10603402424708044
619;0.08670691337242845
620;0.13208648055051841
621;0.07038941074466408
622;0.17214012053792238
623;0.07507841279813457
624;0.17612093821230937
625;0.14097113424364932
626;0.15083262234283565
627;0.1346870279913121
628;0.021818556871692166
629;0.15810938025716997
630;0.009570673434370881
631;0.14136686658640582
632;0.18338714070895465
633;0.17512665587837692
634;0.07436950774971644
635;0.19271336759770807
636;0.16912278338525785
637;0.10952535571165221
638;0.15453051716642305
639;0.17833295406884095
640;0.03677588240422776
641;0.1641991050079307
642;0.1946407585151878
643;0.04137681249333452
644;0.1655144474605781
645;0.10641788339573775
646;0.02509034603520868
647;0.11494457302923844
648;0.14844224815592633
649;0.08256947678014054
650;0.1570730500473029
651;0.11528074696608237
652;0.16385261128886888
653;0.0337981956635723
654;0.02552498490628983
655;0.12756043984125545
656;0.0013244544798617142
657;0.1263289375194707
658;0.07580008457803655
659;0.03681484886159061
660;0.14355754496583473
661;0.18036769000910405
662;0.1277372540021466
663;0.15763992973734609
664;0.08436526345042823
665;0.13249829703376903
666;0.10291704791596004
667;0.1730842315338413
668;0.07643728447766787
669;0.0824519591093471
670;0.09068713740287114
671;0.11761203830535912
672;0.13133952027306328
673;0.17979383225432924
674;0.09883221536576221
675;0.12373871377372965
676;0.04147324781411839
677;0.09662202173511017
678;0.15156555798088733
679;0.11482791359025613
680;0.16065513304885945
681;0.09305845886764999
682;0.061232552455791206
683;0.13491350475003916
684;0.024611690894250374
685;0.01148618447726002
686;0.1093998844213995
687;0.06696456092327856
688;0.0415066772226232
689;0.19914535693623658
690;0.08137080077055842
691;0.19943715815076413
692;0.16510145956152267
693;0.06781167141830427
694;0.1570907643474604
695;0.10538582748662895
696;0.040228355331066994
697;0.07617946269877673
698;0.0945766926254506
699;0.05608933219462964
700;0.06806904362887416
701;0.010136393216685314
702;0.18846661006446042
703;0.08888124665240094
704;0.03740001843301593
705;0.14479840153211204
706;0.019328484518415734
707;0.01941140987694212
708;0.07090685118145493
709;0.15202063477974345
710;0.11085495369686107
711;0.16755102244640185
712;0.13828643558892384
713;0.19671023772752944
714;0.0017017273903471076
715;0.08690705181191345
716;0.1770047255857231
717;0.08701723943687947
718;0.184208543706427
719;0.013332153301543404
720;0.152098475273739
721;0.12007324971712313
722;0.11209827746450923
723;0.05498522404936686
724;0.07407606545124722
725;0.0025940714297588265
726;0.14131978898350042
727;0.04633817339818367
728;0.13676482351887606
729;0.088150301639387
730;0.1784211728828419
731;0.16887401626081042
732;0.16588651951006564
733;0.19746458765859576
734;0.08407643009489817
735;0.16744317625468613
736;0.18057590257785047
737;0.13618730654568006
738;0.1736160967446552
739;0.031076901244870725
740;0.08862884759575403
741;0.04751674200458705
742;0.14851809976060124
743;0.13739675572652352
744;0.1932361243708779
745;0.1041977070069285
746;0.16717304069893077
747;0.19886939230424372
748;0.10961896891051191
749;0.11367512067957541
750;0.026768876044946356
751;0.0055315119141349685
752;0.009512015470703706
753;0.14009393297815012
754;0.1419259859994984
755;0.0565477163098159
756;0.0033658481666442477
757;0.060428929270132214
758;0.15482922766426355
759;0.1877998349719691
760;0.07739346589660773
761;0.006518189252847662
762;0.03576078361983959
763;0.13156368854448708
764;0.027536704524686508
765;0.02303693163496632
766;0.16934746381735363
767;0.12115193655826205
768;0.07562093764068745
769;0.15333350362981973
770;0.06876085014631823
771;0.015760135095062865
772;0.17072060742228135
773;0.030722742131975324
774;0.02270909155504739
775;0.11906025974541308
776;0.17219270783599752
777;0.030048888801635434
778;0.18714131059288155
779;0.04005029506410587
780;0.03401817408295489
781;0.09182578625844758
782;0.19914094326201376
783;0.117284898619543
784;0.0921294537852056
785;0.03154411553303298
786;0.06059123180779074
787;0.048717963579050366
788;0.170071552957493
789;0.13391466978909558
790;0.19914699555710969
791;0.12037697198004634
792;0.010541264240643278
793;0.16420233992841185
794;0.057156196007712094
795;0.029857081334344927
796;0.03339101369967155
797;0.1325476086220503
798;0.06823678528361565
799;0.06394123997444019
800;0.030182191896058308
801;0.19291154062077365
802;0.19047568364888856
803;0.00827459478299386
804;0.017116850999565815
805;0.04069666911479722
806;0.15810412773178495
807;0.08871697817702873
808;0.12815509922430682
809;0.014085164267469353
810;0.06361786225355297
811;0.17442501891416465
812;0.02289254599021784
813;0.11010425710069122
814;0.025257081222792622
815;0.18953424822312837
816;0.06475955735358514
817;0.04999908096978152
818;0.09552000386009536
819;0.12641944377804318
820;0.1805776861366405
821;0.09653128576130432
822;0.04554114570590043
823;0.09131870693709215
824;0.15874254429131865
825;0.08951037472903595
826;0.16330691751542592
827;0.056914636067823855
828;0.10811428684506293
829;0.13548974493361732
830;0.09822034890249205
831;0.19139806306519838
832;0.07255571744335543
833;0.17855100598597462
834;0.17263422350475366
835;0.05660660376237632
836;0.11115785085967732
837;0.05279096990883434
838;0.194609863379644
839;0.1785511162684555
840;0.18247573053972455
841;0.0509726955719289
842;0.15339451843923993
843;0.18153835188242698
844;0.04069039908255543
845;0.05022495252419406
846;0.07427882300771631
847;0.08603149416523899
848;0.041375805640131505
849;0.10089188149603612
850;0.1427232439599793
851;0.12786263815449966
852;0.040530208095667236
853;0.05958482279131175
854;0.062632422952953
855;0.10286155962691579
856;0.09029330994615364
857;0.10847017678375587
858;0.10084732695258565
859;0.18366902662463067
860;0.010297260055338887
861;0.11543578981672441
862;0.01958891550262334
863;0.037207155451281414
864;0.1781493186808303
865;0.15820449578875231
866;0.05601753434770443
867;0.13747133187043123
868;0.1207337097523308
869;0.07680996016386887
870;0.15546489178245032
871;0.19843495061299812
872;0.13899898807492544
873;0.19458501266055162
874;0.03227015278030145
875;0.06992813038087915
876;0.11573234634582535
877;0.16693774884895585
878;0.05090015202085934
879;0.0015159735592498837
880;0.13795855281113917
881;0.1671945938001739
882;0.05928794507674906
883;0.07376954085839497
884;0.11510385739550384
885;0.06405567714393079
886;0.17677823116337762
887;0.19410031441753284
888;0.16775865762070974
889;0.08810558041545376
890;0.01846168490421396
891;0.13600386045364862
892;0.09575776533071173
893;0.18801694476757824
894;0.08695622067829066
895;0.03153781146591761
896;0.053880234673918476
897;0.07757853304745521
898;0.09449103250172591
899;0.05093867068014542
900;0.19585238419804285
901;0.12358115394537517
902;0.1946119877962702
903;0.061865113195704736
904;0.17273840307843982
905;0.01747109270272165
906;0.16929252217399998
907;0.17532705643954807
908;0.13398843065588203
909;0.17130091191784919
910;0.1336817595875088
911;0.1885013068977036
912;0.03680000053682131
913;0.04533142124148213
914;0.1701785730137947
915;0.06934083562376336
916;0.14173198193098427
917;0.032190871773170905
918;0.10582832322314373
919;0.07540876617158282
920;0.0522250818040888
921;0.004768500831551781
922;0.1650415607002123
923;0.15730622139836473
924;0.18943496093834067
925;0.15414301581482442
926;0.09827946761409373
927;0.008145563438066805
928;0.151270855262142
929;0.0976630278334672
930;0.14281506992814638
931;0.1315909278346817
932;0.16554294729771857
933;0.13415184708919173
934;0.05852390967667705
935;0.14138538713134813
936;0.16533931785961395
937;0.13902088502225232
938;0.12992917194691703
939;0.021295386109858528
940;0.15745717999720063
941;0.05650188133171688
942;0.08507128658533336
943;0.15504252644068628
944;0.08437776844938721
945;0.020069209323173777
946;0.0847975918212164
947;0.05470279446813697
948;0.1950898152809468
949;0.041643885817152906
950;0.09152338213752481
951;0.12305629335152933
952;0.06876077923960684
953;0.06927712827842876
954;0.14632885073010507
955;0.09073657990516837
956;0.12394023943521203
957;0.16767856893030725
958;0.03289778334297768
959;0.11362463340117451
960;0.08178642173426048
961;0.041448727000214784
962;0.10436892756484908
963;0.15903852769078342
964;0.08634516579628165
965;0.011787924917328075
966;0.16240989647792117
967;0.13280917343407048
968;0.1613487647889833
969;0.1691356532274111
970;0.0418039136850265
971;0.011582482331545641
972;0.14860211257413364
973;0.19573889133637812
974;0.17229737529864975
975;0.051260996490102344
976;0.1074464957173788
977;0.11443939422014549
978;0.17158885227378612
979;0.05855562938806236
980;0.06554523975139004
981;0.1915858922954288
982;0.14180921530514776
983;0.06671424396086796
984;0.19501164571994006
985;0.0295546674141568
986;0.15049774887354658
987;0.012834251290137778
988;0.0458297974101827
989;0.18401073660003625
990;0.18071141361524282
991;0.017323385982302254
992;0.012237309732121494
993;0.14916452713533324
994;0.007122106738544765
995;0.007206177910558997
996;9.607135214861895e-05
997;0.15428855847049405
998;0.06884919017429796
999;0.05934929517060272
1000;0.08044304944389379
