1;0.03239535348784459
2;0.02604161450556899
3;0.06943645274622659
4;0.09778017128402644
5;0.041030678125383496
6;0.0519638136859375
7;0.020568232412540577
8;0.044044545619209285
9;0.04304739352577241
10;0.09922242880908315
11;0.037854352696837595
12;0.01614981644920348
13;0.07904195484686526
14;0.07905907314151159
15;0.008295169110831736
16;8.653795237302254e-05
17;0.05252458083877007
18;0.06736566600469092
19;0.02989514223816636
20;0.05399544629814893
21;0.07456590641310705
22;0.007987136112418724
23;0.04794040221521802
24;0.011403610446513958
25;0.048109290987133596
26;0.027132631446670975
27;0.05777753472333883
28;0.06947045825108843
29;0.05942277962093295
30;0.06308946633347765
31;0.012181736994646808
32;0.05874100294536247
33;0.06236301237427103
34;0.05135374548585336
35;0.014466012034009336
36;0.0623121231347529
37;0.02665945427985641
38;0.03269039797298728
39;0.07219536277620553
40;0.09254025290977026
41;0.08477887107272669
42;0.04095729986527646
43;0.017965708378324896
44;0.02243554338661984
45;0.07862348826878628
46;0.07507100349357346
47;0.07682847126285937
48;0.06755112161534674
49;0.0378061736231473
50;0.06618120681566345
51;0.012764396483309504
52;0.02587857026319327
53;0.07396611958802722
54;0.011354114681660133
55;0.033747903871223985
56;0.06067522417674899
57;0.06040017441164937
58;0.059857248081025216
59;0.06715308403857378
60;0.009521483116423047
61;0.024368698384635845
62;0.016334463421432032
63;0.07043276482311933
64;0.04324967409397709
65;0.016074820013948787
66;0.033673372385550286
67;0.06762694001921778
68;0.09071022383186525
69;0.08531611366077865
70;0.021508495236031457
71;0.03360983307679257
72;0.023586486027567046
73;0.0761306635712092
74;0.0109596351860344
75;0.08619525220178666
76;0.02098352461895191
77;0.002427895497336652
78;0.012261875922348077
79;0.0596274489521999
80;0.07460218507233009
81;0.015437964128060212
82;0.04768332707175857
83;0.03355010077750723
84;0.04773831257248704
85;0.038256533713053
86;0.07452083891063276
87;0.041679266005344086
88;0.011630460912424723
89;0.09593445847987109
90;0.08751619009856687
91;0.0983140803882979
92;0.033844462172398095
93;0.08506446323577138
94;0.020380739593291675
95;0.07215569948691113
96;0.08217090285474743
97;0.047182670096833225
98;0.003869861598499325
99;0.03948068071522059
100;0.07603076874083986
101;0.026154468673069586
102;0.047587166834168616
103;0.06628274697824335
104;0.03990779925312639
105;0.08538701246892288
106;0.07758209902528763
107;0.04560111875177138
108;0.09584589224692747
109;0.06815007048571851
110;0.01060680303697159
111;0.04006071182980417
112;0.07101880675262229
113;0.02608698149089278
114;0.09139882050919651
115;0.06313395166602025
116;0.024719861290408252
117;0.04721475471633188
118;0.048566775982531576
119;0.014533968600586734
120;0.0035384563972233997
121;0.07970689029894328
122;0.03094671085548776
123;0.016625522070398614
124;0.08152411777541904
125;0.05793868091054886
126;0.07184360286810637
127;0.03052846970671427
128;0.0862473357634337
129;0.027074372400271853
130;0.08613555607101793
131;0.06839763028062279
132;0.07161155593778284
133;0.03928077938416483
134;0.00611733343167904
135;0.00012323364479963628
136;0.004162966119148725
137;0.06594878737732202
138;0.00291978875067459
139;0.021093772527398615
140;0.006534689369377822
141;0.015413059592234891
142;0.0749572820939906
143;0.02619989854099717
144;0.0013494040714444268
145;0.04875020009996989
146;0.015162281143220359
147;0.02251276467580612
148;0.0441939822278139
149;0.0020104741236952827
150;0.08675458855408484
151;0.01794172185928461
152;0.058699527382720273
153;0.015302550666844494
154;0.025317807041594222
155;0.0757903302694531
156;0.0922783225195334
157;0.08947883553953734
158;0.09384363954666754
159;0.0437798363567635
160;0.06353602436807249
161;0.0053376248592670655
162;0.044883535565348576
163;0.07479772415247479
164;0.06105166193664803
165;0.0047219659221063755
166;0.04935773434642691
167;0.006773209274121228
168;0.04158528469834465
169;0.0021375274009186374
170;0.012821085503788111
171;0.038791208140110604
172;0.02736304055050941
173;0.023305690652503243
174;0.09292667352040046
175;0.05036463835906196
176;0.03810989370286841
177;0.02985651160136762
178;0.06938643168420715
179;0.000868967475816218
180;0.07804561714780683
181;0.06359493248106483
182;0.0798232417510584
183;0.08552721432791337
184;0.020560312873921717
185;0.03777038202723897
186;0.09473997258647743
187;0.07835553557863084
188;0.01825547108052893
189;0.04095291494571514
190;0.06708600381126344
191;0.08452502840003782
192;0.00793768486568327
193;0.09344921421601568
194;0.06782619482449391
195;0.023596091389545628
196;0.04169708061601715
197;0.06983668697739272
198;0.0690384672519196
199;0.0597646599176646
200;0.04052796996655105
201;0.0607975989498881
202;0.08486978461385253
203;0.06707778553120987
204;0.04201712357634882
205;0.05610214659515805
206;0.0009678378857908344
207;0.04700212668241682
208;0.0682013896548768
209;0.02025397427161866
210;0.0133940445926098
211;0.059583211811568976
212;0.09401990259632764
213;0.043574254476154255
214;0.0339599923348865
215;0.0974176088441097
216;0.06121135308123579
217;0.06012344820172214
218;0.010192268644650261
219;0.013188823450779576
220;0.05953992816967721
221;0.09617330312977079
222;0.06121382515756766
223;0.06063882820039049
224;0.0321339224613184
225;0.0035095269661312048
226;0.05686308694091829
227;0.0439109446303025
228;0.004102692201664593
229;0.03360091939323514
230;0.05391500334435634
231;0.07244802541162625
232;0.05622466385507244
233;0.07836397212863899
234;0.0011536211572529154
235;0.016842997579690988
236;0.03043080601414282
237;0.06921001612201443
238;0.048547179104348685
239;0.03213645079282847
240;0.02278847514511917
241;0.06525939510504877
242;0.012865725863462008
243;0.0840450710972508
244;0.07072119674436785
245;0.04765300832974102
246;0.08988235076269244
247;0.03377838675225042
248;0.06274611291224812
249;0.009120475047084653
250;0.08308955463712708
251;0.03010342181606761
252;0.012976845020961436
253;0.025384367191751602
254;0.0412649300982061
255;0.05523849059206161
256;0.0004426631806908388
257;0.00387169230739991
258;0.0786975558899636
259;0.032683855864943746
260;0.09316639314954789
261;0.02106156477004143
262;0.02959365415640508
263;0.09208741916359071
264;0.0702306188670291
265;0.08295715891520342
266;0.018171286455639545
267;0.041518367564755854
268;0.003632828270165356
269;0.050225268918454594
270;0.003701335023868402
271;0.09585374295304938
272;0.05554491965025458
273;0.0536334949453594
274;0.07070714925160601
275;0.061482581277862394
276;0.0010415584920648203
277;0.00617970064267589
278;0.02521443083039565
279;0.015827975752947653
280;0.06616946870490246
281;0.07546796876286138
282;0.029047295648179563
283;0.06865447695603928
284;0.0729127035305916
285;0.030746332630276763
286;0.07024610320426712
287;0.052065935024071475
288;0.04010713468821804
289;0.05099514659524412
290;0.058891941248213
291;0.0773148068425183
292;0.052985369774545835
293;0.010315257017733082
294;0.030320376948585904
295;0.02141601181430154
296;0.08793398316598296
297;0.008045038290689843
298;0.07413405184344399
299;0.0765761197184215
300;0.02479377537333254
301;0.0367482746451578
302;0.0904779352958937
303;0.0207356065040913
304;0.0683587668514205
305;0.0038754599903613077
306;0.08231192979148885
307;0.04020900236202112
308;0.09005071061810616
309;0.02659270369277852
310;0.07527375237299555
311;0.035898928067163736
312;0.029391092063518087
313;0.0623908712346148
314;0.07750793550743582
315;0.05628026384264249
316;0.013020781848209519
317;0.0617323949193619
318;0.017666546321690447
319;0.088197890499989
320;0.07286280505364978
321;0.06541338121211872
322;0.05160258396823152
323;0.03582509977562157
324;0.022924439814954137
325;0.01580342259685974
326;0.06507444294187076
327;0.058686157272843036
328;0.06438303914766956
329;0.08462164975132838
330;0.09422238280253627
331;0.015484319954172444
332;0.09694700945762713
333;0.08485390833616185
334;0.021093001371445187
335;0.06043242818456181
336;0.027075596090590806
337;0.01961735526208318
338;0.09843154342991045
339;0.024746667989585414
340;0.007718652416905137
341;0.030616068800116726
342;0.023252865145190805
343;0.01712586381043294
344;0.06158545474561986
345;0.0013579369486469983
346;0.010602577454440055
347;0.09892529809213146
348;0.08909482427988759
349;0.034824929046137
350;0.08084787546343698
351;0.09432053623363397
352;0.004211879356367787
353;0.05364873025214887
354;0.06089862808371896
355;0.0692228894665117
356;0.0038374903428858853
357;0.09135535259603395
358;0.0017787041507550728
359;0.07189025008489745
360;0.037501004199238734
361;0.023126831389482183
362;0.07955126957096503
363;0.07085146568598383
364;0.0362567614315874
365;0.03891940771984949
366;0.023225650652889163
367;0.07036366913573815
368;0.04024465756172424
369;0.01258265695948423
370;0.07761045360968383
371;0.003912146719934772
372;0.058439939387281536
373;0.024208313763153758
374;0.0660228443265656
375;0.042627902281655417
376;0.03781308181525437
377;0.01995207635093027
378;0.0022652054169489677
379;0.019412934036316623
380;0.028013501649853046
381;0.013534652759692779
382;0.045335826714444964
383;0.07618709737233093
384;0.012452538313451257
385;0.016393199698285232
386;0.07567084330765395
387;0.04321619064210517
388;0.03171242740818051
389;0.0862445895890867
390;0.018025796549611096
391;0.0987376478252957
392;0.04335701339114123
393;0.0992489221929059
394;0.03544288328239999
395;0.028332641576353547
396;0.0672346161797256
397;0.07936975141505764
398;0.04273638780715288
399;0.06959967484372802
400;0.05264227406122597
401;0.0983871686498243
402;0.09810797415367485
403;0.08131553788868924
404;0.0680690556883426
405;0.07455240518304826
406;0.003068929064368786
407;0.02502094090606957
408;0.039676642678669896
409;0.09255099935973149
410;0.0048005931693700715
411;0.04188678101086957
412;0.034883760406229904
413;0.07675815013433165
414;0.08224351220095928
415;0.076636621955486
416;0.09434701259756961
417;0.09082821249268018
418;0.04711002383606862
419;0.022893283093273264
420;0.0028316573193421625
421;0.06957196867051699
422;0.06103644449520604
423;0.06362199065126244
424;0.06596688102430358
425;0.09203122692240735
426;0.0210452435537006
427;0.07260827852375273
428;0.09037703172872368
429;0.007220959298612462
430;0.04705908030788637
431;0.02243384760160283
432;0.08658236152379888
433;0.008606193384282446
434;0.028870601287891963
435;0.034348232306819486
436;0.06351439686124874
437;0.012889868697559037
438;0.0911764067628236
439;0.07098521871982605
440;0.05574181736949363
441;0.03141729049455547
442;0.009057652212794776
443;0.0472858192084482
444;0.09104470754372775
445;0.07960531729406772
446;0.05625767169616604
447;0.012244254663380728
448;0.07079761572515277
449;0.07567999230881561
450;0.061414787637994864
451;0.09389488962751419
452;0.08461301732842169
453;0.02281704137603038
454;0.0070972546292637495
455;0.0562502819346695
456;0.04151599496428407
457;0.056587097184668346
458;0.03278824942466833
459;0.020362463440683598
460;0.06522201515882065
461;0.0111522531103326
462;0.06053966807986383
463;0.02857135853329732
464;0.02479123783926436
465;0.0013125673216680235
466;0.032648164048460396
467;0.05562641614598634
468;0.010078193829185468
469;0.08000628309337526
470;0.03050939448823925
471;0.0690902198381395
472;0.012609772781407803
473;0.006723070342756188
474;0.021945205021008208
475;0.06161652558558918
476;0.03552778333689937
477;0.06416266451994315
478;0.01790694811578484
479;0.02529236618933215
480;0.02551794485199367
481;0.025234895282892
482;0.08962556286884137
483;0.04685639788560966
484;0.08118604612422085
485;0.08887447705713522
486;0.09902017267799856
487;0.028552538549353024
488;0.06403507778800241
489;0.018902745239451926
490;0.059222689511986296
491;0.04761056087542784
492;0.08668609414480559
493;0.03714877513005536
494;0.07330783524440547
495;0.0914545801192964
496;0.05975156376276325
497;0.015890832121908196
498;0.000978455566649894
499;0.037703931872414456
500;0.06523467492768849
501;0.08773643743445263
502;0.05217054007183251
503;0.002112528869909569
504;0.05667367393677125
505;0.01067135184890996
506;0.006098215148948538
507;0.07824033437043654
508;0.0310097427425768
509;0.06436353504947614
510;0.013472447756184204
511;0.045289610546554865
512;0.00344774401909177
513;0.07851482613815491
514;0.049048224552836334
515;0.07182783860022952
516;0.07473815823708546
517;0.0215534041083317
518;0.07622850466987288
519;0.07996086328344211
520;0.01644406931266266
521;0.03665949715965688
522;0.012338715389196475
523;0.02672941228077648
524;0.04003439178073941
525;0.0600584937064173
526;0.018321475964002455
527;0.058954016902123686
528;0.053554372474480666
529;0.0687110139464186
530;0.04376835947080176
531;0.033223114630494564
532;0.09416250107561783
533;0.01585236408794336
534;0.061696100328698315
535;0.0952725370122402
536;0.05874530251129176
537;0.07019436521344428
538;0.04675667423548527
539;0.01509461187404273
540;0.004680038461825165
541;0.023419888050983773
542;0.040522189561624435
543;0.04442403769618039
544;0.08899076900046682
545;0.08123486121276172
546;0.004667492899635484
547;0.029497043322161066
548;0.02919358003362349
549;0.08835356880963174
550;0.03064710491440439
551;0.05162772699595173
552;0.04326407889082903
553;0.0029165210729413696
554;0.042207253374744416
555;0.08479183558441436
556;0.08387515227667663
557;0.06772528101326836
558;0.07930768698546188
559;0.01792413611884275
560;0.09778665438027401
561;0.057204285661334064
562;0.061211478124817954
563;0.0513559204864451
564;0.0403665558421621
565;0.015595320401206193
566;0.08230073353684453
567;0.044840342779269016
568;0.014860131495180652
569;0.09054376001038628
570;0.09970581610329257
571;0.0686021961058461
572;0.0639682780651965
573;0.03906156813721201
574;0.02188422402450483
575;0.04308798797574595
576;0.015630377652532192
577;0.010153571458992506
578;0.03771834473176664
579;0.09877981864705798
580;0.06786674002693455
581;0.06190109110649655
582;0.07463567432220618
583;0.056120212349318244
584;0.05275801139283586
585;0.07023071296569461
586;0.09367333386050405
587;0.08243603538294648
588;0.01845583533695345
589;0.09136512107279157
590;0.009016802144408842
591;0.08456703512778319
592;0.0655143483222682
593;0.09165878113747362
594;0.044508288736466665
595;0.041145758065084775
596;0.07984285471117823
597;0.07545710617301954
598;0.053933514272202325
599;0.048732748007874804
600;0.03973208228426698
601;0.017779868945788303
602;0.0036514631359647943
603;0.023441469308546938
604;0.03585295535819766
605;0.06110117964889387
606;0.0692771734516907
607;0.03676686389875311
608;0.08694493244710833
609;0.04317465289240875
610;0.05144910726390043
611;0.05545124357510644
612;0.07977041563392266
613;0.008319601743772864
614;0.034790189615916726
615;0.07590948399171682
616;0.05267638081124431
617;0.03479549012295803
618;0.0009286235858671388
619;0.06022740735866257
620;0.02956740506090908
621;0.04797961543937617
622;0.09226277366570934
623;0.07941919326970187
624;0.06041822139163808
625;0.004982900446515515
626;0.018408725556251827
627;0.04253698479906696
628;0.010306196856148753
629;0.07462740953140973
630;0.08678490042195357
631;0.049200843598572186
632;0.08162095129141493
633;0.044348978208090466
634;0.06752936751065407
635;0.007687871245827583
636;0.05257264146928242
637;0.020453799311364332
638;0.036255947292198144
639;0.06386623981215703
640;0.023916592556519536
641;0.04850237693206381
642;0.08731315427215296
643;0.03170341482995189
644;0.06117828003539752
645;0.019883075615723292
646;0.09524072760332068
647;0.004800903768968268
648;0.08243527289613584
649;0.0593771100161421
650;0.05582395000298619
651;0.0659455984592162
652;0.081306561938911
653;0.028860360949782806
654;0.07375121430974603
655;0.03128083934254532
656;0.06612813241955942
657;0.04125283688637389
658;0.06218838619508518
659;0.08430730346573673
660;0.07666735551634866
661;0.03644755144213098
662;0.08305237820893023
663;0.06664621486757143
664;0.048738084323159736
665;0.06815937892653412
666;0.0712112918829243
667;0.029497710732592143
668;0.049343969604437724
669;0.029704204312536876
670;0.048004815507699965
671;0.07969447523619888
672;0.05656668693069525
673;0.05081124364319396
674;0.0649694141780844
675;0.07806108179458025
676;0.0163445606822193
677;0.02986142723887765
678;0.09912712521032836
679;0.007088593349804596
680;0.03133245192649219
681;0.07917616497243372
682;0.07026278167767952
683;0.033039525539412876
684;0.08803926082314821
685;0.021586208143520726
686;0.047662910714314805
687;0.06146123959541984
688;0.04266476007314834
689;0.018628560268060947
690;0.047048417230113354
691;0.08430965333093002
692;0.05494528282409777
693;0.08809207746099254
694;0.03431741294068741
695;0.01160833848968277
696;0.02563686449624879
697;0.09168418164734135
698;0.04559921693759866
699;0.04140865782473518
700;0.05158835069503229
701;0.005532697549383448
702;0.07017558843554333
703;0.06902470896230146
704;0.046759207148552334
705;0.07533029825698477
706;0.08181301502157337
707;0.08608113828287274
708;0.024536654829551252
709;0.08926145457487925
710;0.04004853845208019
711;0.01000853324841754
712;0.05286007525409423
713;0.004496410211653368
714;0.06603401505890542
715;0.07864802225893171
716;0.05097669065274571
717;0.09459550212668988
718;0.03210332479093533
719;0.07383556685981443
720;0.004807161916623959
721;0.05454266661128959
722;0.0832843774338445
723;0.03593637304051761
724;0.013504103275942104
725;0.04179809724195704
726;0.08603675911675598
727;0.055623633010254525
728;0.07049583094655214
729;0.07279006592075109
730;0.06041530541577497
731;0.05113315451505447
732;0.024387575479155623
733;0.06412886553480966
734;0.07618832600266437
735;0.05919468841780611
736;0.08306254642198373
737;0.03587316345864749
738;0.04033770714576419
739;0.023055360732619015
740;0.007694176553519994
741;0.026977560638926913
742;0.005372419453948707
743;0.07977502483310935
744;0.08184089529951613
745;0.05260433256032437
746;0.07133497779524865
747;0.08434718509778313
748;0.09596736222873486
749;0.09289235202675984
750;0.002108692910334842
751;0.07694180803918133
752;0.015703217328161878
753;0.0447075772766413
754;0.04006988052824517
755;0.08876743368826562
756;0.011079158077926555
757;0.05040929056001623
758;0.0006056843984919458
759;0.09653969179158461
760;0.07965875724946922
761;0.0437449394843665
762;0.05218791956896242
763;0.0848541245676854
764;0.021112038265293877
765;0.0676190084403863
766;0.012957280268159621
767;0.07830501073670412
768;0.09880290399137487
769;0.05400277477474661
770;0.0060056450331045785
771;0.02008696946450843
772;0.04522645604088026
773;0.0691963747462071
774;0.04706604452256746
775;0.012999006469833197
776;0.0020467792506851826
777;0.0680612288390029
778;0.002783918800623375
779;0.09029392713881164
780;0.03699438652472159
781;0.04653614962617837
782;0.04176444467107067
783;0.0788392059616218
784;0.0883642652647999
785;0.06855414380556234
786;0.07976485815271493
787;0.037378206445899245
788;0.08245365376344087
789;0.09283988405503547
790;0.0002881912754089666
791;0.03296996266230351
792;0.058404242210830126
793;0.07967044550612135
794;0.0725302128711037
795;0.010590783505233604
796;0.014103059482277393
797;0.05178513473424728
798;0.04710683099410845
799;0.03167054018875847
800;0.0035702596228161854
801;0.07765001247940415
802;0.09467287335782576
803;0.09401870831684511
804;0.0006223163968048563
805;0.048072398830549826
806;0.07005897141212022
807;0.08817356708666291
808;0.01133240748005282
809;0.07006647002694477
810;0.02723545959901128
811;0.045976195348358
812;0.09175728054692127
813;0.06374286989191236
814;0.010935021266742551
815;0.05245367615264665
816;0.09605656024769627
817;0.03447111649899164
818;0.05857161247151665
819;0.013773939700736981
820;0.08326706864452549
821;0.06354263664157357
822;0.004329457162711026
823;0.037432841504328705
824;0.002061703229460821
825;0.024490327727083674
826;0.049358366790552756
827;0.07346715644910813
828;0.06454597337119282
829;0.054666416026275026
830;0.0658980266047377
831;0.03693886370080984
832;0.022017019249850635
833;0.03346541595835867
834;0.05350670860595345
835;0.025242918607819687
836;0.08581792978516277
837;0.06468907234227231
838;0.04917735070977906
839;0.06412239553887315
840;0.029822003447537316
841;0.09279829633298686
842;0.03898869626763381
843;0.019761343522009624
844;0.08235081621224467
845;0.037699217309531366
846;0.03502771861489225
847;0.040089919591483086
848;0.0957241438818473
849;0.027693586269307804
850;0.03953866953681994
851;0.09107188345759572
852;0.0012064953007869474
853;0.07619875889555522
854;0.05211425580789909
855;0.09219428344228964
856;0.07656004562803932
857;0.04573693549607736
858;0.02365458766272759
859;0.05687381723270754
860;0.039437103659623766
861;0.0688037746097268
862;0.07082113202683657
863;0.07619343692346311
864;0.0017628866400167143
865;0.07921015592681283
866;0.004544713924891731
867;0.028614210155899635
868;0.09270747066094435
869;0.07745019836605899
870;0.0006403058055260536
871;0.041116588237065904
872;0.07590173335504502
873;0.030685028673575865
874;0.03891243514206769
875;0.03886278821222553
876;0.010940426374871415
877;0.07274178860362644
878;0.0271093503003052
879;0.09764574916307171
880;0.07117238029398813
881;0.08004039859747136
882;0.059838759552534454
883;0.039268419554012626
884;0.009621485779075623
885;0.008790500718632932
886;0.025879394239118926
887;0.09452422943953484
888;0.012371349770783746
889;0.0016280801697113102
890;0.05402125694886672
891;0.0909281162225637
892;0.08159719139666324
893;0.08475367486197138
894;0.006143894055031663
895;0.036651462902659374
896;0.03436571338986324
897;0.015539185447839766
898;0.08634469568329066
899;0.0454724568832468
900;0.09426475803629687
901;0.008194917999626029
902;0.03810224462844514
903;0.07133413530601437
904;0.07942680208838311
905;0.0807235195356273
906;0.07522912257401813
907;0.014472705150503019
908;0.032864680283167816
909;0.06618762133475231
910;0.05154306358731228
911;0.03368445139753571
912;0.017523855340644736
913;0.036721974483793156
914;0.0022473236670736865
915;0.027854991192795553
916;0.09973199885764804
917;0.09683798547919438
918;0.00447465190389903
919;0.020121862216692533
920;0.021553281995480435
921;0.06925609557846839
922;0.05299436981001857
923;0.05972615963433542
924;0.07978201348363657
925;0.049449630178246044
926;0.09975038857346918
927;0.09798214646292595
928;0.0006776591355655004
929;0.06614633141221328
930;0.04029803594349567
931;0.01585346063525651
932;0.08653761579850786
933;0.09656547047154591
934;0.049119515339465784
935;0.0651970041216812
936;0.034904495578323945
937;0.09202940671775686
938;0.047994754647490305
939;0.041248054815156726
940;0.054253943032263885
941;0.05909983504681021
942;0.06293148500550144
943;0.08091977485031422
944;0.016370314799410823
945;0.020185766062273736
946;0.04347539280551302
947;0.0360681146388751
948;0.014658426179901719
949;0.056038927369964714
950;0.026771112001306607
951;0.03867930443671316
952;0.0296050365538619
953;0.062252699499530086
954;0.023520349119042938
955;0.024262794714446912
956;0.07086566535376425
957;0.09502016742422817
958;0.06436336450072543
959;0.01473993886355529
960;0.05276864040343846
961;0.02777133256685064
962;0.03613371411940065
963;0.003660518713254679
964;0.05437094966306005
965;0.053957282419819744
966;0.03887045487345014
967;0.04616866389293568
968;0.017542574532623367
969;0.07394388981939963
970;0.0012639995835946882
971;0.019137706301218162
972;0.061415724158707344
973;0.018224304329115194
974;0.04417663161879946
975;0.07196181336955626
976;0.031765788679272926
977;0.06530749573085524
978;0.009903895760352922
979;0.07455529523258732
980;0.019259165790817157
981;0.00992439426970001
982;0.05433975609233769
983;0.008286117745263754
984;0.014150346074383636
985;0.05220626645513746
986;0.08276107404537805
987;0.08453323517929091
988;0.012841390867655435
989;0.09177438789030141
990;0.09021995163789209
991;0.08392133411954165
992;0.060795304082256356
993;0.08873051879298678
994;0.0013674147234351121
995;0.09641722364671572
996;0.037541571459948554
997;0.010467074289395873
998;0.07251769862937374
999;0.058868712696455675
1000;0.033436332442923725
