1;0.12402555637532445
2;0.05156242558140176
3;0.00896475747485317
4;0.10156220525060396
5;0.09840466252205438
6;0.1814775954045995
7;0.16026208338221884
8;0.16605132247780865
9;0.16919278467211873
10;0.15210357844683095
11;0.08867930201495236
12;0.09964142488281263
13;0.09237388201762896
14;0.16248804091073785
15;0.17335822128508183
16;0.03408652290838612
17;0.07993059286565643
18;0.08068437914362488
19;0.18698854889196018
20;0.08956588814629447
21;0.180489889208968
22;0.03351349866634823
23;0.13552007855201256
24;0.059690672739414335
25;0.10646529285689206
26;0.1546557832112798
27;0.06649920917016616
28;0.18880730385120822
29;0.12360397551484702
30;0.16930408019443738
31;0.10221868349724783
32;0.12591991798134167
33;0.17331590280402112
34;0.18745542791345726
35;0.053729423062645124
36;0.00500680099111599
37;0.18287871264005842
38;0.02749122754140028
39;0.0527114485818778
40;0.09054763327698973
41;0.036020825220731204
42;0.10871478617936725
43;0.06611395686850825
44;0.1698729262654393
45;0.18553312522497425
46;0.09421239777144418
47;0.06388653801014976
48;0.1300421481596544
49;0.13939577993287708
50;0.015112355668325896
51;0.17973485380608464
52;0.01727461531319956
53;0.18727073744153258
54;0.18473210529169493
55;0.1951004600236586
56;0.18610166271112186
57;0.044266284115450305
58;0.14967947300842385
59;0.027688922298879915
60;0.044372737074945115
61;0.17775669471858357
62;0.15758219723141048
63;0.015346792690649202
64;0.07792727480695885
65;0.15407931793396665
66;0.1569650721987855
67;0.07559260938485675
68;0.15284247880268928
69;0.1408834954309203
70;0.11746983606690563
71;0.07743722402481759
72;0.012508289972464538
73;0.029952404464084915
74;0.19928141082533884
75;0.18928520684859027
76;0.08482943378768369
77;0.08532302927192897
78;0.17146376854249762
79;0.012588992180250447
80;0.05066872317326419
81;0.03271628249612368
82;0.03453836328687689
83;0.16031575045858223
84;0.17713957017923299
85;0.07103496316521496
86;0.01993038191091734
87;0.027639186374119818
88;0.19251234708367737
89;0.001005880009235316
90;0.10382166611005138
91;0.1727668216322359
92;0.10723141692732996
93;0.11748471487811302
94;0.1409802167095738
95;0.1796348856356358
96;0.1333758152317463
97;0.13244868347259928
98;0.009763247090917316
99;0.014687434167507219
100;0.1881778637292437
101;0.03811308437908421
102;0.1503398630731899
103;0.05796670986443713
104;0.1525369855319587
105;0.03285069478191192
106;0.11483414292422345
107;0.06822699159150902
108;0.05142649233943706
109;0.13945962142100285
110;0.1263747610796304
111;0.1608246029284831
112;0.12160042466518611
113;0.04587497930292148
114;0.08487084307661681
115;0.06980425482318979
116;0.09463258715002239
117;0.11461120487767262
118;0.06619574836348999
119;0.17685721475902486
120;0.1826813623859757
121;0.1730299912193493
122;0.1788245157830446
123;0.17953500593381608
124;0.1497344031565003
125;0.003440589442335207
126;0.07279242036694429
127;0.1772154626508803
128;0.02748659903751989
129;0.029257089059053866
130;0.05433882744725678
131;0.12460093378430413
132;0.024718218286066598
133;0.11357143502602987
134;0.05263126308235866
135;0.046010608847158845
136;0.04257532895831853
137;0.14455340791440777
138;0.0990553308831183
139;0.12529835608433013
140;0.18118162314696903
141;0.023638328664139552
142;0.18795393815772143
143;0.13388552341283877
144;0.0490871149030194
145;0.17599766582203458
146;0.11275411170476235
147;0.08734261599158999
148;0.12241617204587965
149;0.17484054855566808
150;0.08224130990497525
151;0.151484365630117
152;0.027780984196838165
153;0.19417917058081136
154;0.12737611569861582
155;0.12660153090738843
156;0.039801128918189876
157;0.06633026759208903
158;0.05195098493333131
159;0.12221744835246103
160;0.16730863744989638
161;0.10908612455821723
162;0.009854904903660457
163;0.046022930125470034
164;0.024699328811239353
165;0.17520656311591387
166;0.08024245091794824
167;0.12587770818798766
168;0.08684085890799519
169;0.01944111215754525
170;0.18445933971922673
171;0.17053408905407216
172;0.015927170031469106
173;0.06676601746140468
174;0.06329464777097
175;0.07905710799518212
176;0.0069512730575431725
177;0.032665802100626994
178;0.18858835981764477
179;0.007767693849101232
180;0.0239540287272074
181;0.004610988273457162
182;0.007769837422910886
183;0.19393081675640578
184;0.10145758409281302
185;0.05125116397578875
186;0.06144948319395929
187;0.09250444529211328
188;0.19843060349919095
189;0.11016853283432104
190;0.029106892497491144
191;0.16695303341262183
192;0.04381047670151637
193;0.007446501766916369
194;0.15813093104494888
195;0.08487476220584261
196;0.1220488991663436
197;0.0390611712479543
198;0.1248948803129758
199;0.10407951555028866
200;0.06565716807560236
201;0.08198603652069508
202;0.07592450439001389
203;0.05555289659260592
204;0.12461854011709626
205;0.0390367857859663
206;0.09141292746145575
207;0.08625935373968115
208;0.1654740918113796
209;0.018091281885476398
210;0.16451730830750888
211;0.039757370541186735
212;0.1622438443184786
213;0.14595569589370308
214;0.03239367044577031
215;0.059473280984713585
216;0.00010484781048722969
217;0.16303442850292033
218;0.10300745650685628
219;0.12801746904055375
220;0.16872264159865166
221;0.07178527918939936
222;0.09525410459825756
223;0.02356963643698187
224;0.10399192167624603
225;0.12433976502361095
226;0.02862436087606506
227;0.13229992077475347
228;0.16957798796320248
229;0.19457739999693757
230;0.19591730637828544
231;0.14726090514002899
232;0.04018133819375709
233;0.01760147094997151
234;0.025317120108507063
235;0.16879974350338114
236;0.05275714976981543
237;5.251471984928369e-05
238;0.11113913978375661
239;0.12932589848319365
240;0.10333774785850476
241;0.004120940063046841
242;0.17004824668672197
243;0.08544862477159348
244;0.10920628185269032
245;0.05324317216603456
246;0.06278231634313414
247;0.05867625549144
248;0.16038144083783096
249;0.17536100552065823
250;0.05527945135586057
251;0.1543015966413225
252;0.1518426455433782
253;0.1808261437193154
254;0.13648379995971752
255;0.11654329253860951
256;0.10826259194945194
257;0.18510705726004223
258;0.1668471265563697
259;0.14872280768402157
260;0.17897128648847094
261;0.05560437463404238
262;0.08039216838195846
263;0.024436382918480715
264;0.17758917103681016
265;0.007846670372761766
266;0.024583811786007482
267;0.11126263353426935
268;0.14892207655818576
269;0.1135325898061605
270;0.01662787692487642
271;0.1290207280823541
272;0.13244812468460634
273;0.1256366254596968
274;0.09736337985891677
275;0.00909365259190078
276;0.17179808586086898
277;0.07113613526713512
278;0.0779613659736226
279;0.11486825004354875
280;0.19429859391314477
281;0.004900689314362827
282;0.17528949991065812
283;0.07401774780754065
284;0.1523981621980747
285;0.044959585232858285
286;0.03796416763847206
287;0.18343347563382742
288;0.08983024007231284
289;0.16092101933339267
290;0.17107981444756593
291;0.1857175357753724
292;0.055947582897063586
293;0.13204451230692324
294;0.1004841989458642
295;0.11910228047826801
296;0.11327875483857858
297;0.04257286145361808
298;0.15686301816361062
299;0.05663739855506818
300;0.13804017750888506
301;0.14592750130488902
302;0.06936272024206724
303;0.09413454540476232
304;0.06984734789671494
305;0.1764887945286241
306;0.09674467384214953
307;0.08196030058107634
308;0.10298269046795856
309;0.008051026022244145
310;0.03841949536678946
311;0.153194109377049
312;0.002722330990567912
313;0.11032745309568757
314;0.07435256924279779
315;0.19063955993318327
316;0.1404148133032269
317;0.18054301695811656
318;0.1501023921952312
319;0.19530772430155918
320;0.14671650993794533
321;0.02638500237589632
322;0.15717942175685234
323;0.0702997516936931
324;0.045124919927258804
325;0.18136890915508252
326;0.17416768360622029
327;0.17506684341025747
328;0.08988104290107615
329;0.1013562152108592
330;0.09748007010595615
331;0.09904067087055264
332;0.057563961182527934
333;0.06921452090203313
334;0.17870292991748252
335;0.1540949256855332
336;0.1396748293402663
337;0.18033274747171865
338;0.05536353257392619
339;0.1303480120890584
340;0.028049377324143632
341;0.11444436043675908
342;0.09749111440461425
343;0.1186173602478141
344;0.04056582320585263
345;0.008830229414979263
346;0.10410496061404109
347;0.04410579044281407
348;0.033818142171605524
349;0.13527454031843225
350;0.1670654380196729
351;0.15386378870005876
352;0.1668722965790904
353;0.0885930496677526
354;0.17315670302153255
355;0.19372424671661892
356;0.17495405621037174
357;0.1512929341005792
358;0.18012358021092248
359;0.06497723587988512
360;0.16458191147764545
361;0.17780550493251202
362;0.10724681750222986
363;0.11937096454606806
364;0.1667268180831467
365;0.1616656764447021
366;0.02326883672934861
367;0.04824785340077627
368;0.01862289287207355
369;0.18399973290524246
370;0.08760781055247586
371;0.031757578248033005
372;0.020887248210465705
373;0.18493990542822625
374;0.13850085294059286
375;0.0020733729827243862
376;0.1502236439764405
377;0.03857996738826104
378;0.0959494897622658
379;0.16656779688664636
380;0.09611778388426535
381;0.1623203901888497
382;0.0948549346201246
383;0.0492640744480402
384;0.00710299982408491
385;0.11241100888467709
386;0.08512835758424822
387;0.17731229236210616
388;0.04930597753282349
389;0.14808961313802202
390;0.006771909789339259
391;0.11682445998196732
392;0.07949485419421864
393;0.15699157831951996
394;0.05085820454507992
395;0.053499350412321324
396;0.14333521808231858
397;0.1042238840954915
398;0.08318038869386164
399;0.13025723029035516
400;0.06199229603969528
401;0.17070498844693327
402;0.04151470048363366
403;0.10684782537091973
404;0.18141193825369634
405;0.18599189663853144
406;0.13589615255644422
407;0.06477763539512771
408;0.057302750278518055
409;0.1333462912874028
410;0.01852560787152926
411;0.10585872717473606
412;0.09126674008659363
413;0.007891607501046094
414;0.10551413975779039
415;0.17448579406504583
416;0.13532636278927676
417;0.17596612988297186
418;0.0505995556821532
419;0.1564316969700448
420;0.05516838278999417
421;0.08746264273042995
422;0.04297429373028572
423;0.18050248445782902
424;0.170466518232714
425;0.09892271345130721
426;0.03209841670370326
427;0.04182003815227902
428;0.016991258236480688
429;0.18813708983533758
430;0.0014470816832304223
431;0.09392023389549185
432;0.1389159408143877
433;0.09226639933809383
434;0.020672670172844045
435;0.029943981047617044
436;0.14010322877701084
437;0.165102932050983
438;0.010954665056924218
439;0.10027249213818196
440;0.13595939013751054
441;0.16519542583405644
442;0.034409518741068394
443;0.034157760378983396
444;0.08868529993037395
445;0.02824049089534828
446;0.1664145337321991
447;0.02664295948574884
448;0.1370235363172175
449;0.03480883630742342
450;0.19846032452016824
451;0.06758433742907499
452;0.04482395768609102
453;0.15219105070457803
454;0.07405011177125753
455;0.17249851766549454
456;0.14580161406681477
457;0.179580695159075
458;0.18546770178438032
459;0.15844226267443073
460;0.07628818660941833
461;0.03082185098506407
462;0.07851717539880732
463;0.1186493340215284
464;0.03388484095665203
465;0.05712644688390692
466;0.18475538293833726
467;0.16556308317828938
468;0.05362528054703582
469;0.12701498217903376
470;0.16311456736809665
471;0.06844005951861575
472;0.1867680974596751
473;0.1783377309020958
474;0.11529548211798074
475;0.18411413521694628
476;0.1385891817085632
477;0.12264187607967575
478;0.057023225061469396
479;0.15626034802497962
480;0.1663571244997419
481;0.09329304639721168
482;0.11498856587958217
483;0.012703573254926104
484;0.19872070518596818
485;0.16048943675873653
486;0.041768971915598876
487;0.039543664589619845
488;0.09685955145631507
489;0.1632407130389735
490;0.014232012868884581
491;0.16875967479348117
492;0.19522182569675342
493;0.02402385882827105
494;0.052037295430552334
495;0.16508036003168908
496;0.1301469808946488
497;0.05815018228220024
498;0.11426453826486403
499;0.17904065959430893
500;0.052210758183901154
501;0.15076790711319416
502;0.022227164409599622
503;0.07133851628039478
504;0.051545192127499195
505;0.03939979912373368
506;0.19924412245748013
507;0.044269990494688494
508;0.1948885222141933
509;0.036985241097519904
510;0.16268448293940405
511;0.04401934082289785
512;0.17680456723950777
513;0.16842576631423412
514;0.16398210834377547
515;0.05434419861665696
516;0.012720342594318602
517;0.037844825817737876
518;0.07406567745555133
519;0.169603758529089
520;0.19751243333443902
521;0.1545890565635425
522;0.12330462856170091
523;0.13485849423750215
524;0.00747937620482797
525;0.14510317938585945
526;0.025323779424422568
527;0.17338032162437397
528;0.19364053214427132
529;0.07763392698433356
530;0.03210702290317833
531;0.010478348899638768
532;0.09698416160773987
533;0.039509986937933485
534;0.15060166573548509
535;0.10973906181398574
536;0.043216900492933745
537;0.03220912211751086
538;0.16656515867970778
539;0.1093005400160239
540;0.03943190186849588
541;0.1893242108944046
542;0.05993754983930175
543;0.12320291107647077
544;0.0010794241140565709
545;0.07229705651080387
546;0.13195066249882237
547;0.18276483686384948
548;0.07623574805227551
549;0.18907793532952527
550;0.024165910936645066
551;0.071424316002157
552;0.1156221719126809
553;0.013003239746999863
554;0.020131577877314146
555;0.09569173047388607
556;0.1728033244461995
557;0.1456400513609145
558;0.1572833433794781
559;0.02486348360016273
560;0.0578754716227147
561;0.19809514732695888
562;0.14306506315007644
563;0.12863616244687187
564;0.17857392696336918
565;0.08704116055514562
566;0.19498406940113872
567;0.11385333822495335
568;0.1092805123306224
569;0.0004680287223093993
570;0.19724798218433848
571;0.14119476620897545
572;0.03702174973680921
573;0.18030615683181345
574;0.14432240703281995
575;0.1860589435326293
576;0.07140156702658966
577;0.1644851073508003
578;0.003917406274922231
579;0.0474501121479966
580;0.15051914169741906
581;0.09349580347272005
582;0.13691137800600625
583;0.17393230828629985
584;0.01934747003567743
585;0.13314862735142655
586;0.12225713474291851
587;0.18247258802336594
588;0.00014694809281301513
589;0.0074125718483048835
590;0.10072087920773104
591;0.15827731789483457
592;0.12050870178551461
593;0.019121543270811614
594;0.037683907199038164
595;0.18412483635157406
596;0.18675217892346363
597;0.044329459594827036
598;0.1631073635591044
599;0.02133823200647549
600;0.19555236650294794
601;0.1556312812258235
602;0.08403436597488652
603;0.07740055433634707
604;0.11725917391443264
605;0.15655865638515082
606;0.06189864354048609
607;0.18748441048117037
608;0.03870264486793425
609;0.07310732864505798
610;0.07331744702381708
611;0.12121522772217995
612;0.1467024675587469
613;0.19666873481755717
614;0.06464502466412096
615;0.10172975051802136
616;0.024928840562949573
617;0.1743976209806668
618;0.17017923216294747
619;0.006480407070741445
620;0.08309017520316274
621;0.10542573833564417
622;0.041997260249356155
623;0.00016382085168480389
624;0.11693796021862186
625;0.16031118507804148
626;0.1652239195637932
627;0.13709410446786466
628;0.0714749849112554
629;0.03507599654491651
630;0.0304334977147259
631;0.1757168947246576
632;0.12502142569142588
633;0.011772510655709346
634;0.016878788990482476
635;0.04495576055712378
636;0.09545908246671271
637;0.19139667691361364
638;0.0708053458341011
639;0.016536741284902946
640;0.18991087833287496
641;0.14643173075618449
642;0.15723455734323996
643;0.06753211485327275
644;0.054313125902496706
645;0.09136915795084442
646;0.1050477138993917
647;0.07632021545461648
648;0.09154718015915563
649;0.08132682219162664
650;0.05616440034693074
651;0.09659369484403452
652;0.17350663747790523
653;0.07562833435028848
654;0.08425074414986407
655;0.12252736598735399
656;0.08341273984640206
657;0.15737781996878697
658;0.0685746303700026
659;0.06980495694622424
660;0.13172305286943078
661;0.009682642553832688
662;0.16948154407829072
663;0.08819902684138992
664;0.1756110809943043
665;0.10457723043077836
666;0.13091847373250584
667;0.16995089361203117
668;0.12358778186655812
669;0.09481199136470489
670;0.15771319203645484
671;0.08732219578766592
672;0.012049911470986885
673;0.18163212546379431
674;0.11800344324713792
675;0.08121748609494722
676;0.1067190664817162
677;0.10107773759703818
678;0.05574485353357095
679;0.049945360269436724
680;0.14283274298854387
681;0.14076916555274718
682;0.08097878146293776
683;0.02362327970103404
684;0.09920180902434031
685;0.08836145206933371
686;0.17023386067106544
687;0.19954349915749225
688;0.010683022882949157
689;0.1774771720286994
690;0.09124108487487213
691;0.026669857238070672
692;0.08598413403624133
693;0.16264282619928888
694;0.074628235750252
695;0.024114233588284087
696;0.0834840846043513
697;0.00027050496487250885
698;0.15089924077948202
699;0.016478723486388836
700;0.17286774858381207
701;0.15648656992733198
702;0.07005275470611526
703;0.006306586919879531
704;0.07305279454281181
705;0.1450305034554876
706;0.1093136356998846
707;0.13468748886685783
708;0.08472124785496134
709;0.006404533148571635
710;0.1295598284542129
711;0.08555820287046048
712;0.19923871104870972
713;0.15870638810152732
714;0.1004799680346653
715;0.08348034307771489
716;0.12422706576363594
717;0.10257549420247483
718;0.05275925388629128
719;0.022069599944798735
720;0.07243742078903843
721;0.03509386039700895
722;0.14413276817572607
723;0.1658394491051548
724;0.02885230058970514
725;0.11041563684779612
726;0.15740632698299106
727;0.17180818626665367
728;0.11409090059006521
729;0.17814390022427923
730;0.054303106733937415
731;0.10172186399759908
732;0.16646398415857958
733;0.025615360601384675
734;0.06935554258510508
735;0.06299133060385352
736;0.025642504215796703
737;0.1860000558531761
738;0.1906445743167528
739;0.16590210089218016
740;0.0918756835221212
741;0.17961262493547683
742;0.14303593304965612
743;0.02909073417752328
744;0.10407871505780282
745;0.11438824157411771
746;0.057922333330713976
747;0.16342827059266776
748;0.028499204379132892
749;0.1439134076852062
750;0.06035904702758919
751;0.16538931796839368
752;0.11793219057329365
753;0.0113943820855966
754;0.00893400529077666
755;0.035362710960918455
756;0.018050502929379486
757;0.19851125684826115
758;0.021751835257204744
759;0.1348545224305767
760;0.01604054682602496
761;0.017155795570375453
762;0.0962046974552827
763;0.09609350322950344
764;0.07339231799506345
765;0.1494122555948898
766;0.08735681077915554
767;0.18975855109928974
768;0.034817786799131965
769;0.0015849658877432394
770;0.10327214114298962
771;0.1675142311109604
772;0.09994879497348884
773;0.19565554259273119
774;0.09509602589282029
775;0.09346901972865357
776;0.05182897313664334
777;0.02844467613310682
778;0.16170365901336536
779;0.00042939345301162835
780;0.0928861977605787
781;0.008131871758016263
782;0.13599461616052932
783;0.17223673978631437
784;0.19214326782240487
785;0.18049190502378068
786;0.12819702299889102
787;0.10373029916377999
788;0.1532558467113046
789;0.08001058180886918
790;0.09166766807303482
791;0.05751689086915484
792;0.05614059569652892
793;0.0323392122515719
794;0.10714357830353227
795;0.11588929629006534
796;0.09137167864907125
797;0.03829751706016531
798;0.11801527154959264
799;0.13402728169315725
800;0.1961976103966816
801;0.04825913857359898
802;0.10308416186954526
803;0.11773351619682049
804;0.009567656867075391
805;0.18277213342602106
806;0.001549444021879154
807;0.028909649981281406
808;0.058851109697289995
809;0.09881920534989752
810;0.0653752531072207
811;0.007291062200033372
812;0.09758456119296409
813;0.014523107849964379
814;0.19461911628212644
815;0.1652493891094349
816;0.14467867616776295
817;0.061479252660859185
818;0.16192147437900395
819;0.03044443447064922
820;0.03155975432663436
821;0.07217237743802463
822;0.1264600707766679
823;0.12898348300687554
824;0.04020654678525746
825;0.18480579813662332
826;0.08525203428658197
827;0.13024923554785273
828;0.13463559780235773
829;0.04426625271259215
830;0.19784815987202264
831;0.10863208686861064
832;0.1808538015893461
833;0.1506846942253892
834;0.07593885879610068
835;0.09075013463097102
836;0.12483388937204865
837;0.16854996837020092
838;0.0060186165839317685
839;0.04197492304631956
840;0.19083623236520456
841;0.069853761925495
842;0.1593397506874238
843;0.1812424777800943
844;0.06653552688401743
845;0.14581727154370094
846;0.067242355231616
847;0.059261956718493415
848;0.03075251356089861
849;0.18045114216970715
850;0.0797360824918128
851;0.1166037546565638
852;0.055428854422882326
853;0.18368775306509488
854;0.19867855993907327
855;0.03663663334434275
856;0.1340085928755986
857;0.059172295473553294
858;0.0723175177665835
859;0.0849211472061262
860;0.17690320452210628
861;0.19187371204552253
862;0.06758544660267378
863;0.05449350679065799
864;0.15814077875810148
865;0.033825631927946014
866;0.150249047014751
867;0.17723791502932196
868;0.1449272453065806
869;0.12772741761798537
870;0.1955325289722859
871;0.04585775670755537
872;0.015375597495515581
873;0.197188982246921
874;0.07445121086928073
875;0.06081861807482994
876;0.04807858588847287
877;0.10784314221818121
878;0.002206104008476073
879;0.0694934391834966
880;0.0684368118593998
881;0.18569712325236828
882;0.013933316721000333
883;0.17676046972570456
884;0.06319100881369184
885;0.19740458621313717
886;0.11160297588627664
887;0.1688640360252719
888;0.15278381142950548
889;0.053960314246645984
890;0.01475570945369753
891;0.17396884522959766
892;0.04227814710774236
893;0.12386766999545223
894;0.17164838596185342
895;0.18135242305053803
896;0.12475027850106227
897;0.01550603107454891
898;0.08193689038107413
899;0.19532260142974592
900;0.19879625766301354
901;0.1364275651060938
902;0.12968268759076634
903;0.1285133537715467
904;0.030881288947550847
905;0.18890520580326442
906;0.08304168609125062
907;0.07685374418315796
908;0.021714318169975023
909;0.006951857259316152
910;0.04632547108290772
911;0.08272122895423795
912;0.14925252524637428
913;0.1319409794865448
914;0.007576549491465534
915;0.18243655211034052
916;0.12063041644844899
917;0.038501794849275545
918;0.05450869676182777
919;0.16915333077724704
920;0.1614273498761598
921;0.07298752074752833
922;0.07784468124114532
923;0.19594100109735216
924;0.10809605255018538
925;0.14326812837422814
926;0.12372984906785206
927;0.014825028935134
928;0.03540685225113969
929;0.1537432171184618
930;0.1258341982753178
931;0.14176131073713163
932;0.1829463672832183
933;0.16634803011744478
934;0.1091210437489671
935;0.08163523324545541
936;0.09977079864244165
937;0.12994919681645234
938;0.05062030763347865
939;0.006336874699426365
940;0.1331733583576522
941;0.08874539792277075
942;0.09641147129844259
943;0.16022789804494042
944;0.12994094855652485
945;0.021467187631077203
946;0.08130933941877172
947;0.18234187430646945
948;0.16149604129800998
949;0.16622616558232003
950;0.16628923257574876
951;0.1418888795054368
952;0.14741265566973072
953;0.08128229071527493
954;0.11447576398676716
955;0.03726283303919409
956;0.03579580591831564
957;0.1967855597140023
958;0.14912873923293782
959;0.046074643073609624
960;0.033431817555227505
961;0.1809536872718791
962;0.1306420603355241
963;0.06998472628723687
964;0.07370717747954769
965;0.1943420577421744
966;0.14324159511637366
967;0.05059730153659532
968;0.10778930833553105
969;0.17111755004598192
970;0.1402645771137608
971;0.011312125861270884
972;0.06676158096449743
973;0.10174508516732494
974;0.08350766889828887
975;0.14167661098312997
976;0.08617677145956781
977;0.17491072446566658
978;0.05323883065222637
979;0.08682884154330353
980;0.1409306884848943
981;0.0758922279297138
982;0.14522764252716955
983;0.012576659118547396
984;0.18596925621858257
985;0.08678386131536003
986;0.10631687922198625
987;0.10971679891904157
988;0.06601385592191791
989;0.14169698275708625
990;0.19819259225053684
991;0.03640893841197901
992;0.18085221937305593
993;0.0660900004431265
994;0.02367454466425243
995;0.19683599664858475
996;0.07997989132508579
997;0.18949986095142257
998;0.07390951920013825
999;0.16658020802908566
1000;0.0579441808612154
