1;0.08566224943443523
2;0.08306492913699196
3;0.14108642666418222
4;0.12738255084899908
5;0.07819539200573694
6;0.02693165044508139
7;0.10173498179182568
8;0.17863107305478704
9;0.10639868397589101
10;0.10318047071328439
11;0.03665031586650167
12;0.030469963796266476
13;0.16698577555908078
14;0.03748157838095141
15;0.053428089090230536
16;0.10654222043772846
17;0.14798840582037912
18;0.020338629271609034
19;0.040073559014074306
20;0.1543095730479186
21;0.011929361330202327
22;0.16465299986097526
23;0.07813976801146537
24;0.025578337174723822
25;0.16315268851315667
26;0.1566787119969873
27;0.0651896668280046
28;0.05027631541519304
29;0.1840824680800559
30;0.024553916709394597
31;0.12917645831879507
32;0.044636683523656684
33;0.08768126936242307
34;0.0021560428062494144
35;0.19550134917317663
36;0.10482850831942236
37;0.06888818060972078
38;0.023960086164720163
39;0.03598815753568654
40;0.1420934375410878
41;0.010830481998016329
42;0.11627846055109284
43;0.08640125465296711
44;0.07046293913734136
45;0.14952243306016758
46;0.16700359596821063
47;0.010139472450177302
48;0.10123276295278161
49;0.04330051194461542
50;0.028112215096447235
51;0.1664062754711633
52;0.11809455899399733
53;0.1925905815066453
54;0.1280573866631693
55;0.178774152534683
56;0.15374595337434926
57;0.010916867558498567
58;0.000778658254709308
59;0.1454326353892184
60;0.09477140452793538
61;0.12835108764419909
62;0.04399384182860533
63;0.03487602386686093
64;0.004355786690031094
65;0.10691100748087322
66;0.13242231235463334
67;0.05434835475222775
68;0.10858272941223981
69;0.1323924204876112
70;0.08696453327485024
71;0.15935101502083251
72;0.08821135554577385
73;0.08608396085696096
74;0.11022533576008382
75;0.010215504208916993
76;0.10801510173542117
77;0.03281668758391716
78;0.06239774777269483
79;0.19032152685317733
80;0.10233631167873528
81;0.11350135357194949
82;0.13644426096581205
83;0.06358841811001713
84;0.12323048701677611
85;0.08139024111120413
86;0.008994758566467032
87;0.16513409611549013
88;0.11420109751740337
89;0.12589626348490648
90;0.193529462582796
91;0.03114242149919675
92;0.1904488330805525
93;0.14471208270157818
94;0.0317360064217731
95;0.002456254334387831
96;0.09904877895457508
97;0.1810997266227834
98;0.10070405753779561
99;0.14925441558710092
100;0.13505431200713167
101;0.17953071445062144
102;0.1774604521454136
103;0.02486144115190654
104;0.013076072591320443
105;0.1128048027027696
106;0.17404802872266803
107;0.1531555899212019
108;0.021928079016493875
109;0.11316902938180345
110;0.07628999392930494
111;0.10645138307497196
112;0.10197726595744135
113;0.15964264657193672
114;0.18316479035869526
115;0.011356705257933131
116;0.04820812650373727
117;0.186977468336674
118;0.014395536852075553
119;0.03482159466261164
120;0.17142537824849138
121;0.0015916109264004774
122;0.1274440283638267
123;0.11602230736055348
124;0.0543621114068045
125;0.05105382955357354
126;0.037039934628428764
127;0.07548019837710891
128;0.06425552607764355
129;0.05969336091314037
130;0.004354187683401656
131;0.0876382936446035
132;0.06000114103070786
133;0.18204333476579498
134;0.10484575744349818
135;0.14879177760830567
136;0.15314055207534694
137;0.07158978092873465
138;0.03879410368221912
139;0.04209942376131764
140;0.12336295885527232
141;0.08577938132936032
142;0.04886412860082295
143;0.0872397096287452
144;0.004400406855852146
145;0.05022256884318706
146;0.04646975951900496
147;0.19149622369974514
148;0.16604887272076752
149;0.13995848296659016
150;0.015645381843534856
151;0.08657618650717154
152;0.17372703862199518
153;0.14844299962747076
154;0.15052949413386485
155;0.19910310544223386
156;0.006904890055271573
157;0.11394924085754832
158;0.022695117328945004
159;0.03963005156778206
160;0.19455276973874921
161;0.08011436989223344
162;0.14791094480396674
163;0.10307422250429865
164;0.1564823685865205
165;0.029602422095669635
166;0.19933031763898276
167;0.006199862538134138
168;0.02715015899747175
169;0.13182950552227682
170;0.19517550416010515
171;0.1400015462043601
172;0.12647660584060563
173;0.15519787288631706
174;0.013482367263356655
175;0.06209806637595372
176;0.1743862890219704
177;0.017349340855906493
178;0.15594145124842085
179;0.07802861081782236
180;0.12481705113749264
181;0.17141520673611427
182;0.027801894933666096
183;0.16034300833935886
184;0.1815739184893726
185;0.13189150170552988
186;0.19695533089809078
187;0.05890039722063736
188;0.14355056631703672
189;0.013054941113487595
190;0.044185766229087944
191;0.1209380455419341
192;0.16908694933438034
193;0.10749861553541035
194;0.1821132344235721
195;0.05932451119334501
196;0.024653638804982482
197;0.06462185524867803
198;0.10614552868203803
199;0.14348378042960286
200;0.08807066732300224
201;0.0015656150590441565
202;0.00944319357266319
203;0.09900012053492944
204;0.1048565447764521
205;0.09663669243385059
206;0.12609282719846726
207;0.19046650073666857
208;0.03559086780373175
209;0.15233198941629744
210;0.1806623988214541
211;0.09681738167446206
212;0.11507671809459617
213;0.034893869201020423
214;0.19394383522224734
215;0.007351174029505226
216;0.06785871259363539
217;0.16063644403668287
218;0.02207651519990619
219;0.03949573674094116
220;0.16643558149905585
221;0.19028449090782115
222;0.020954116940023804
223;0.08056427849692989
224;0.1289448085257724
225;0.03668171512890524
226;0.046468693958942264
227;0.04838659224724491
228;0.013718719230614919
229;0.028447287140928857
230;0.13339378046660427
231;0.044613522361124085
232;0.19342511489184544
233;0.13308087980427533
234;0.09916753315130367
235;0.08820953106286758
236;0.041847858923915494
237;0.056974236105680046
238;0.17841670270777119
239;0.07532741572671156
240;0.1864219323177586
241;0.00627103490092289
242;0.08581003760391107
243;0.14780987449010402
244;0.07093594866269891
245;0.13210760938022886
246;0.1258838193996555
247;0.10274910778181588
248;0.01829375673989142
249;0.16175357838920354
250;0.192865257455352
251;0.13204434172481727
252;0.1781007299023848
253;0.10625396962116124
254;0.030964023817784982
255;0.017981928617232912
256;0.16108462086427888
257;0.0881350947220425
258;0.1455629857555565
259;0.015314843122057421
260;0.07708721511443367
261;0.16182131163520747
262;0.11774627263526952
263;0.059299633609916816
264;0.014343307498514691
265;0.03285674202717992
266;0.14663672770717726
267;0.08016991684155982
268;0.16446936253713296
269;0.12304757086988632
270;0.06982525094317422
271;0.12917802324234004
272;0.16306452668248375
273;0.08763725985098814
274;0.06286832811464267
275;0.15659698687654963
276;0.00798804929415231
277;0.09256598206000029
278;0.08597951613788535
279;0.1399056625446564
280;0.1256725095297134
281;0.19171479495132818
282;0.1632185890086166
283;0.07962266333732067
284;0.08938932089211829
285;0.1536580754650838
286;0.1876926474318751
287;0.10205496900530542
288;0.07436338127007776
289;0.1670779888680921
290;0.04708468656092686
291;0.042545361932139404
292;0.18363383128516897
293;0.05539809105451672
294;0.041927954492854004
295;0.15058834084207762
296;0.01741866406577999
297;0.1354604513181106
298;0.14713035616620077
299;0.054532131172221714
300;0.019470114458187183
301;0.14779919863383154
302;0.14765408704242847
303;0.13867035113561002
304;0.08193421744627852
305;0.05358452779122436
306;0.11720167455198555
307;0.021956732361658227
308;0.08496946300341922
309;0.11709729091645565
310;0.034286835437352316
311;0.027230801225971636
312;0.13497285870985826
313;0.056914047711003724
314;0.1614977148511915
315;0.09888010598176633
316;0.06847598843918437
317;0.13197433441667034
318;0.12639877793555016
319;0.11956710830455149
320;0.06656931355259331
321;0.1107636167221348
322;0.026196833543057754
323;0.011581165248577907
324;0.07485758262795032
325;0.14010598935447247
326;0.13678455097797745
327;0.13659559350335576
328;0.07874380063077985
329;0.12817180895167168
330;0.013302861462526261
331;0.06645368480574369
332;0.06027506285680384
333;0.09827440048504282
334;0.06339327109941931
335;0.022037371960710164
336;0.1285050841690459
337;0.006877869061478959
338;0.08021890843704493
339;0.1742569194320405
340;0.1944311749068841
341;0.05283188575480194
342;0.002993887529429551
343;0.04686852090976912
344;0.16559332445569963
345;0.09023667114472776
346;0.029225339229158067
347;0.032063075685991003
348;0.07267747647932339
349;0.08727027966428749
350;0.16737157103015898
351;0.036560646196833725
352;0.14672121863019238
353;0.09446254248546458
354;0.020260478188885878
355;0.030767403116847315
356;0.07819385993720765
357;0.130514880878121
358;0.14930285149596653
359;0.13888638497880842
360;0.09104252231302115
361;0.12921375346886793
362;0.0676958802869626
363;0.16007087872620673
364;0.09748073116413453
365;0.17843987031541816
366;0.06354493584013461
367;0.006246640983540531
368;0.062095760565420745
369;0.07377321424407308
370;0.002153287726746811
371;0.1103915018596577
372;0.15064311766087787
373;0.17198939087300288
374;0.024092341322562483
375;0.13809064114813216
376;0.11913534659907919
377;0.12049992960185106
378;0.0051025684624697925
379;0.04311286449543923
380;0.12436722642117898
381;0.06261692749895108
382;0.15041395380766687
383;0.08078080107445139
384;0.05299246870775598
385;0.18968376172179735
386;0.17360162967968357
387;0.05109157124804942
388;0.014634686042328938
389;0.04319339641902325
390;0.10734365918240985
391;0.10083287300462807
392;0.057444678425216215
393;0.04191150708018532
394;0.06347830469408189
395;0.019493909915837396
396;0.07512400444304229
397;0.046998068187354726
398;0.16383172035028995
399;0.07148020945463292
400;0.1912348250365396
401;0.19968038335247348
402;0.10382685946416477
403;0.011757859480674916
404;0.12360708090354078
405;0.026188033164498404
406;0.056538102447443575
407;0.09169606493530394
408;0.09929717551099762
409;0.00937171118819431
410;0.0023467239851131527
411;0.0025667543705704568
412;0.19580151814128977
413;0.09525762724043817
414;0.1462273482053892
415;0.16111244572736905
416;0.13885276927043314
417;0.09340136232648058
418;0.028256463709816118
419;0.0998971550911003
420;0.0105980039500845
421;0.17519704357428967
422;0.07296424923968539
423;0.11261824676272719
424;0.15509882076812231
425;0.08832322211850284
426;0.14621496762834185
427;0.08346681773042913
428;0.18430745359522027
429;0.1319335612912444
430;0.14721290569383097
431;0.12065673857055303
432;0.05818732707893977
433;0.07001681627777423
434;0.18366284785971937
435;0.10139293630127132
436;0.09603867544261005
437;0.1617227551294139
438;0.006127544011592834
439;0.12882296328582438
440;0.028095744283406134
441;0.11143440990327869
442;0.06837055435444064
443;0.1570197006630868
444;0.0224097263665771
445;0.07802868140486215
446;0.1545787869804395
447;0.0939300242323647
448;0.11221732396337857
449;0.17440589014664054
450;0.01587082845557881
451;0.09085271250467596
452;0.010933690747655178
453;0.049919958031488056
454;0.04906285803200938
455;0.09258233259915197
456;0.1224778620345147
457;0.022901670316258362
458;0.18590895380440653
459;0.12643433345408917
460;0.07211323876604896
461;0.02796000539722814
462;0.15990086314456542
463;0.09043338449463315
464;0.05348614460297479
465;0.05862251625947053
466;0.1731442880363927
467;0.15909389586250383
468;0.014366789497903954
469;0.13641397883146958
470;0.032736352457878586
471;0.14240339940354912
472;0.07594579703304088
473;0.08203275962415689
474;0.047924774845169375
475;0.13886061074949083
476;0.0894699431635875
477;0.04220677790284466
478;0.09451299375230676
479;0.13710125618663482
480;0.039554926661571344
481;0.15235227965551001
482;0.024134104368883746
483;0.18880675252849902
484;0.15358246784818533
485;0.02184052663049594
486;0.1408420239584189
487;0.11680853573114543
488;0.1536161408505975
489;0.06473165459997028
490;0.10987069153708028
491;0.16154277330508665
492;0.18155194073669376
493;0.102822124329307
494;0.19961421852627617
495;0.13906981600131627
496;0.0746570799154114
497;0.11605352211754046
498;0.14563885902607787
499;0.14931304723563854
500;0.14807297274333447
501;0.12428467130021321
502;0.05080733116388312
503;0.013284161010577633
504;0.14527939389863176
505;0.035533588408531845
506;0.1440029030131664
507;0.12639270463857427
508;0.13409785508573113
509;0.027654294898203438
510;0.13604772057792186
511;0.12972318801394886
512;0.10712753965243234
513;0.021518861081955866
514;0.00885867273150891
515;0.17879813914571027
516;0.05965466402413871
517;0.010115008020950467
518;0.18973215310835295
519;0.07253064044943539
520;0.00475602220450484
521;0.13137945411384472
522;0.01981549049866145
523;0.0015424485908680065
524;0.13256963648550787
525;0.05166267534388791
526;0.0222111073510459
527;0.11371323244418452
528;0.054160772903491416
529;0.07959770411005018
530;0.1450534996135453
531;0.10663061628727909
532;0.006790446792291416
533;0.013671887824306684
534;0.14247885427535473
535;0.1413191582235846
536;0.14143618620352033
537;0.08468733232651854
538;0.18558682380990843
539;0.054512530716948795
540;0.13848875967011334
541;0.016442758867931118
542;0.03645837780391348
543;0.15557880310082056
544;0.1023763477325117
545;0.019568161187964117
546;0.11744700325099565
547;0.11614164346539271
548;0.02704649037017324
549;0.1065998465594969
550;0.05337863237112992
551;0.03015870284936293
552;0.0708864041952717
553;0.11489345034716097
554;0.17590866127482632
555;0.19372408949112332
556;0.09825131701163226
557;0.17176541528672698
558;0.08207495343414395
559;0.1370535052567122
560;0.19984911568443536
561;0.08252640281966306
562;0.06762112021641357
563;0.1747303960616457
564;0.0697091081059363
565;0.02667530869217847
566;0.14686375009444108
567;0.07027134523945859
568;0.12171398389948936
569;0.08997081554710738
570;0.0962904291617076
571;0.09841201356849234
572;0.10138495094356333
573;0.017568698228195425
574;0.027686670603997366
575;0.03441963270353805
576;0.023340154404142322
577;0.10167205654118652
578;0.04001828031434862
579;0.1439374521063053
580;0.13945728447268563
581;0.1047331350156051
582;0.008531230258940781
583;0.03016305777546311
584;0.18837945077643847
585;0.18869537211780668
586;0.11518539721016643
587;0.17102144111854303
588;0.04906233135341423
589;0.11888033035150095
590;0.06232199390848958
591;0.010195418996471762
592;0.025245262020059014
593;0.02479868690542011
594;0.015350404053204071
595;0.023967200617142616
596;0.11157739572171753
597;0.17349840095476673
598;0.07041755992699215
599;0.035770607624858265
600;0.07178107315442579
601;0.044565813825726844
602;0.14902924738380985
603;0.16275463503042792
604;0.026656048819254565
605;0.10446021026274617
606;0.07323253207686689
607;0.11684382004681415
608;0.05168091070524803
609;0.14398579437543588
610;0.17254652103065968
611;0.05977332970120253
612;0.05529693029463265
613;0.103621808971168
614;0.03234267333643135
615;0.05422187987097145
616;0.09513631323507783
617;0.06679012273640177
618;0.172856661929617
619;0.03678186120444595
620;0.11160793426591009
621;0.031120488119957004
622;0.10173892574115961
623;0.07394728865414567
624;0.04316754506581395
625;0.0435978813986129
626;0.026126023574859072
627;0.08932344442075046
628;0.10575045951135259
629;0.16048669236254498
630;0.04711063442234118
631;0.014637994473316242
632;0.030802547002156525
633;0.011978784056510428
634;0.046862328824894585
635;0.16842729848325708
636;0.11731094309567756
637;0.14363995535435278
638;0.05501492160632129
639;0.05771941738551112
640;0.03691153908691034
641;0.05164504520187301
642;0.07180600796758752
643;0.14067536365307826
644;0.08628635661958683
645;0.1642622049871718
646;0.16666139827266613
647;0.07257910240411457
648;0.11631893630635418
649;0.10762060286655839
650;0.07531744582083795
651;0.18010687026942837
652;0.0453279407954138
653;0.19671033794888695
654;0.10377388658466613
655;0.0669061990861682
656;0.011352666291428637
657;0.18695216782250473
658;0.045058507723759994
659;0.021155582160445843
660;0.14880346260519675
661;0.1550069477328592
662;0.09098033627343444
663;0.08771047646331032
664;0.025077380418472874
665;0.14023205613437817
666;0.04303205810745117
667;0.07198246829400477
668;0.1934721419876284
669;0.10865325860173358
670;0.07807284958682592
671;0.17316039851074716
672;0.16255157336377246
673;0.167206749153354
674;0.05304320063105035
675;0.13722394213354172
676;0.18094193858735652
677;0.10570604987724559
678;0.0035704293542918155
679;0.025116253220046028
680;0.0017509983129993635
681;0.10684069321050182
682;0.11502850957236387
683;0.09715829812571136
684;0.18624140077022777
685;0.06862394600166287
686;0.0024566076885139676
687;0.09397311846574004
688;0.07431449671753317
689;0.02610062197492065
690;0.06330354739951394
691;0.01812215947517326
692;0.04977319081137202
693;0.19375389061043277
694;0.10627355964051077
695;0.07615735593319604
696;0.14503867283038704
697;0.002029169814756471
698;0.15844870464348199
699;0.03157624660743095
700;0.07047574441205189
701;0.06516403242014156
702;0.13677505806731513
703;0.03299700452989931
704;0.07321799137506606
705;0.028318174676797737
706;0.014303103659940098
707;0.056624045495422104
708;0.03165149729817392
709;0.08824416974667718
710;0.02470346554533436
711;0.14265866921672268
712;0.055238707216850584
713;0.05803680719787832
714;0.04048400823195167
715;0.18506359697689378
716;0.01564898235397494
717;0.07114827441748249
718;0.008993660941767767
719;0.03771139972836251
720;0.15895604829370824
721;0.1457053416550051
722;0.1926638966933256
723;0.14823067419077382
724;0.059589937779412065
725;0.11003313366888552
726;0.19469793921849332
727;0.07129550357829771
728;0.06643399904096181
729;0.02637801124023469
730;0.18374043965058504
731;0.07495672443003414
732;0.0653724236666564
733;0.0824336351884159
734;0.011104898901171657
735;0.15649132312089548
736;0.06894131955420489
737;0.1106126994235892
738;0.0021929914292498466
739;0.08095273744930727
740;0.012483092316435873
741;0.14676411244852602
742;0.005193841084332984
743;0.1477064127994641
744;0.04210827836311313
745;0.07637472263138192
746;0.09076236117429104
747;0.05832572189457921
748;0.16599407580557035
749;0.03354486844471758
750;0.05748362395255444
751;0.03976061570346759
752;0.06494229941488079
753;0.05754865215726679
754;0.028686346736198368
755;0.06064601313638845
756;0.007147774611771496
757;0.18843005164132923
758;0.1194546908360381
759;0.17581862494516798
760;0.0877256611304222
761;0.10012808834034946
762;0.1820539724429978
763;0.1462844170220012
764;0.14890590861933853
765;0.0013857175015600021
766;0.16832703955603967
767;0.08140470986227999
768;0.17270730835632928
769;0.07387814980083351
770;0.14217634239911797
771;0.09358975294156316
772;0.18581869265148984
773;0.19158696970156386
774;0.02868701329951369
775;0.10697803745307888
776;0.17519473203961322
777;0.1964066732737725
778;0.033563023732825784
779;0.06537000651479082
780;0.014990488397347224
781;0.15586057075284937
782;0.15718814483297017
783;0.16062404304710787
784;0.1763433561827663
785;0.09318099731504387
786;0.19935525977294788
787;0.17073312207714864
788;0.030800163286165572
789;0.19038094224681779
790;0.06244427975843406
791;0.11214447184092738
792;0.11294370413995408
793;0.14837061364168622
794;0.1061472307251435
795;0.18465665447003435
796;0.12145491996337372
797;0.13311992121637667
798;0.03209837572744472
799;0.04518759945909903
800;0.06425681167703527
801;0.15193290172689256
802;0.05128218938279747
803;0.10922763454073188
804;0.006624951907974075
805;0.1971355010037996
806;0.09833151562204848
807;0.17644822238325109
808;0.14407255540538247
809;0.18789959985543042
810;0.0953600443132458
811;0.14728490947300504
812;0.08355830968862435
813;0.11333087614408202
814;0.08334076186651203
815;0.11697465933396299
816;0.1942663883596033
817;0.08917425139067998
818;0.020145767697193208
819;0.037223773750639254
820;0.012992474529060584
821;0.028439812397741848
822;0.10679781715043427
823;0.05103347828928009
824;0.0229326533770464
825;0.06205720165340514
826;0.16960449129132535
827;0.039894058685877615
828;0.05539444692130871
829;0.1930904840420395
830;0.10188134344979423
831;0.11420169752355616
832;0.13565482664592313
833;0.07928501393545243
834;0.16796083713596363
835;0.13662094310617753
836;0.011516366821549906
837;0.06244076963369097
838;0.1804591315690737
839;0.16238551826512881
840;0.057199520600724245
841;0.1923450684643054
842;0.13225156697944526
843;0.050553816663271946
844;0.15719745267537544
845;0.174551964648895
846;0.011668099344726368
847;0.18627330997137792
848;0.012399142367879201
849;0.06798806874678154
850;0.04625958842645175
851;0.025146112147331735
852;0.15273206078149804
853;0.1281260362778637
854;0.08464037691365696
855;0.032768392312543915
856;0.10364037944988325
857;0.15099743005723834
858;0.06390557594929812
859;0.18373007596314017
860;0.10867397008495985
861;0.06649831162992963
862;0.14576507692267926
863;0.1970775539510246
864;0.09038302619456931
865;0.18796378193849972
866;0.05579048262363855
867;0.1492166596937152
868;0.05082417807703204
869;0.17283521496503623
870;0.045643079506504064
871;0.12000120597651767
872;0.14637279657101254
873;0.1331934769115898
874;0.14231142711282427
875;0.024535651320982167
876;0.15184723287021606
877;0.06540772020292414
878;0.004980822253442919
879;0.12211437231207725
880;0.0013807809023120177
881;0.11012865026658997
882;0.16613667880596406
883;0.05314929976433012
884;0.12102393564962366
885;0.1690701308558384
886;0.09951020024041018
887;0.07923515838776157
888;0.012430734194239857
889;0.16621988637917398
890;0.15182977899112726
891;0.03951590447776663
892;0.11213297500624819
893;0.12644512913285652
894;0.1390671694660102
895;0.11990464769200487
896;0.054835307038612946
897;0.13737229611469073
898;0.14902653847972747
899;0.03439293555681311
900;0.1900018385819375
901;0.131203980149721
902;0.05894212091765286
903;0.01601628491065621
904;0.16164323600548425
905;0.13359375915995536
906;0.13428574194737092
907;0.07342690317596459
908;0.14067530922424973
909;0.03965972498562989
910;0.10790627214786477
911;0.15989002459349586
912;0.10781555334590057
913;0.022494632483274435
914;0.14966935085447083
915;0.06502704187848687
916;0.11808679453864208
917;0.1370562555391671
918;0.06520895629079551
919;0.06339825842013909
920;0.07136630968920053
921;0.12173091246403285
922;0.11655990143271851
923;0.10863481070452614
924;0.0025794983941472617
925;0.12004205412996583
926;0.1511191531351721
927;0.17983575936722965
928;0.15779628474325794
929;0.16543443528074087
930;0.09209630290382227
931;0.15890456473273296
932;0.05094528918835661
933;0.11794126357908251
934;0.08505918081809688
935;0.051501261132933435
936;0.18528174769807415
937;0.056535778569407995
938;0.022537294812431566
939;0.19916605185098582
940;0.07590432616278803
941;0.04976132447510826
942;0.0012427239610373064
943;0.1956776313396572
944;0.18142740118314202
945;0.015847243299167202
946;0.08561678367491335
947;0.01378869540415728
948;0.1454639093399347
949;0.08639772883730845
950;0.04050728320949595
951;0.17619919062157785
952;0.19425489226364057
953;0.038610662722447224
954;0.0752570235703528
955;0.1890032633138455
956;0.1942423381637615
957;0.12089462022410052
958;0.11904106622223465
959;0.14285927033042795
960;0.1358819967870811
961;0.07975937503316675
962;0.03711023046018951
963;0.11503389535117495
964;0.14182028287733087
965;0.04654345492926686
966;0.18745678079872335
967;0.18660023205744164
968;0.09756998709269588
969;0.11086270630890152
970;0.18626214209127517
971;0.08789662882023326
972;0.14493556365559368
973;0.06468143851822572
974;0.061486591977005456
975;0.002068916130736409
976;0.16093703474775092
977;0.11969039631721293
978;0.010391106551184248
979;0.13450410979057362
980;0.054533479649111885
981;0.08280881798257443
982;0.12029124649932264
983;0.12056108609022467
984;0.09580028683165982
985;0.03843120876913719
986;0.08198962979378284
987;0.18023479328497238
988;0.0621310635167311
989;0.01636208023790897
990;0.060704756924766984
991;0.04356499792720847
992;0.0034228707017811555
993;0.19914334194257063
994;0.11072029291423931
995;0.036198413510981964
996;0.1261040893199235
997;0.05047866623056392
998;0.12567662842621632
999;0.1863216277510034
1000;0.13392410164707394
