1;0.13370201785297658
2;0.02396120507659696
3;0.10124099986746227
4;0.17943122846209597
5;0.12601402429500383
6;0.12250081471750113
7;0.07477635728963727
8;0.10841131337996011
9;0.05063427873203783
10;0.15208786635526472
11;0.11162898594037768
12;0.013037006317559486
13;0.12618931359889823
14;0.014357147194932529
15;0.009323311725538597
16;0.13222526576360757
17;0.021169976663407322
18;0.13636050658989093
19;0.061793806971700116
20;0.14235597868516972
21;0.11520043555548076
22;0.15870061884546624
23;0.12595255467614622
24;0.057233630244800354
25;0.09012422296739603
26;0.14132651056487747
27;0.16221474641349368
28;0.10803250639530688
29;0.07187666120515306
30;0.17283914239940046
31;0.0257116386370603
32;0.14861524662494063
33;0.07788849482550125
34;0.15319388458010086
35;0.11070956328331374
36;0.1482497771183936
37;0.1257393266264852
38;0.18761583096426268
39;0.179646776550232
40;0.0401804555080187
41;0.037154445498055334
42;0.032240350707694466
43;0.06659784484710687
44;0.14268336973382892
45;0.14040719233045645
46;0.02972464464617517
47;0.030255306068355248
48;0.12258296973189363
49;0.006593884333313805
50;0.1344558611102593
51;0.02074598841120159
52;0.13153315111073502
53;0.17082342721989233
54;0.027213105070182066
55;0.1176655501223471
56;0.018542720974509954
57;0.10335330955542939
58;0.011921562506435791
59;0.17185026121159655
60;0.06434845581837859
61;0.19289526830356774
62;0.14267750441844745
63;0.13772127610012716
64;0.03405565686467924
65;0.08913398904271169
66;0.12846605429526592
67;0.021384220255607846
68;0.08949036118089754
69;0.046790876144630934
70;0.12693858251891357
71;0.005427886996180309
72;0.12919132694995417
73;0.059354025077572065
74;0.04838841511084946
75;0.06753592242014388
76;0.0010737414180567173
77;0.12546658480157455
78;0.042209927682397556
79;0.1051543218508127
80;0.058602648787258786
81;0.05306922330938418
82;0.13403764518818775
83;0.003094938726827912
84;0.07353000483839285
85;0.061124781574897785
86;0.02094423406279873
87;0.04603063709483449
88;0.16076005970697635
89;0.17511870057864196
90;0.010165522273041927
91;0.05250335773080812
92;0.016695008596644856
93;0.1233740264696684
94;0.15740957629288016
95;0.19710315204162038
96;0.19647746604670147
97;0.16955236301789692
98;0.08303233977347098
99;0.06895521900581221
100;0.14793687892433524
101;0.011195980923807448
102;0.0354484790181971
103;0.0890759135064551
104;0.18125106576946567
105;0.10581805989911548
106;0.09544399018841804
107;0.1659288303254095
108;0.0328222385086457
109;0.06829184632277095
110;0.005106598080165204
111;0.09351467563024823
112;0.08637887220185297
113;0.12066326908825298
114;0.10710358267049597
115;0.11636434302012302
116;0.13082627343902056
117;0.026035043330110953
118;0.01648461434095676
119;0.13034431095852086
120;0.016750315153294882
121;0.12072597167165836
122;0.047740818968246605
123;0.12262160146396293
124;0.05337918944965123
125;0.14124118625921658
126;0.1827061875645233
127;0.07564231011545203
128;0.1213412638607656
129;0.16874551725636494
130;0.15461214139490131
131;0.06476521711243192
132;0.1478249567861519
133;0.18008232587674786
134;0.021728345868234668
135;0.15550742268585682
136;0.1325960053526272
137;0.009558659670355608
138;0.03504555780514076
139;0.0491362649210477
140;0.19698175856891928
141;0.060718870841988105
142;0.0271920449897741
143;0.020365911372895697
144;0.13019459576164766
145;0.006018369232418764
146;0.05516237062017271
147;0.14461540839672365
148;0.050985265934542556
149;0.08454583063903937
150;0.14387867791416087
151;0.1922751894479798
152;0.10124655444389144
153;0.09597561678490488
154;0.16538240637728838
155;0.12794207572106414
156;0.012167860492570948
157;0.07465078161401939
158;0.187563864199604
159;0.10580758751415467
160;0.0096146913437007
161;0.1162054094782665
162;0.14981497936020022
163;0.13699950633563818
164;0.04643350336458103
165;0.08894292171047047
166;0.059567820931622634
167;0.04463810209110879
168;0.19204407535302748
169;0.05114627898001267
170;0.07883312976976764
171;0.011332957951795786
172;0.041683432815904725
173;0.15698690515051555
174;0.07193651525978462
175;0.0464506811213177
176;0.08325691530637247
177;0.037852565531426734
178;0.04559401729995745
179;0.1730095754268329
180;0.10709215182814742
181;0.1226211754531555
182;0.09940662532729588
183;0.07538935862598911
184;0.14944913846403765
185;0.04293644772378467
186;0.1382762885853972
187;0.11568882185501295
188;0.06869292322238892
189;0.008288970827478015
190;0.14410275547359377
191;0.13627888907744837
192;0.12371686320362495
193;0.06632778671081563
194;0.19134954139881416
195;0.06471140475194355
196;0.12698729499932013
197;0.05415788112909761
198;0.10879703084334696
199;0.1773314044592024
200;0.11990189457449124
201;0.138209720470705
202;0.1705177060695229
203;0.14162711196420083
204;0.059413558437174066
205;0.027111358462421832
206;0.0791978748064992
207;0.011710912328558122
208;0.10980081748726017
209;0.04523698496789855
210;0.022797994014393086
211;0.16649833637362055
212;0.061732948383329794
213;0.16530714194737484
214;0.004624329790075788
215;0.026459309800872147
216;0.018038891652606637
217;0.02010976864211385
218;0.07030107275253171
219;0.19786705509892288
220;0.15540209514144676
221;0.053154131220684846
222;0.1319449585461313
223;0.044245979225164246
224;0.026380352999747905
225;0.08400720570214365
226;0.06477475217099071
227;0.0814962466419502
228;0.11651507278509772
229;0.145883681175523
230;0.14756501162707303
231;0.08324298219613567
232;0.09498662157830425
233;0.19716916638984167
234;0.008487384648396757
235;0.1591709200542123
236;0.03673785098588236
237;0.14321526024394535
238;0.07379805743030891
239;0.11129966578501552
240;0.13669289952120178
241;0.14400092616926582
242;0.08241146144457233
243;0.08774068764701647
244;0.19312401543877714
245;0.0630927502242099
246;0.06777637970224058
247;0.12883314197784682
248;0.13761471133152856
249;0.014655512396183701
250;0.04061762630097554
251;0.06437132921528792
252;0.05995022174479308
253;0.16506232889188688
254;0.09776290589978585
255;0.09155635896803174
256;0.09018129820979359
257;0.19522422980571452
258;0.13232461710341872
259;0.07280399553327266
260;0.04941205802832349
261;0.12883154159792418
262;0.09238856848782623
263;0.0847684295028532
264;0.0322696113278802
265;0.05074241609274843
266;0.07466676083679989
267;0.12797978089318574
268;0.04648495757656721
269;0.17015346373209417
270;0.12028201775263161
271;0.03890633317322925
272;0.08955251504568414
273;0.06500089167948675
274;0.12995779146688347
275;0.058052726902947716
276;0.004367806541780328
277;0.028816914900612
278;0.03602242264832938
279;0.12362112167668023
280;0.17778730732322306
281;0.06912460669895173
282;0.19478202834326416
283;0.11506927682046322
284;0.0037606646843581617
285;0.19261160748932418
286;0.06712830522237648
287;0.01666161107060964
288;0.14520475696473478
289;0.1296201744050701
290;0.027510396902512824
291;0.15740379494069212
292;0.0041912823582356045
293;0.1467835697327158
294;0.1407115090259978
295;0.17529856603968663
296;0.053205841177090596
297;0.08524882752511605
298;0.06660567531856763
299;0.17985209192683552
300;0.05109688265469048
301;0.18723560017135035
302;0.0052833944832408886
303;0.09875529726415617
304;0.09462242151771028
305;0.10338564471848977
306;0.17908474243097108
307;0.07778490792448363
308;0.0818925528596922
309;0.054972268072001486
310;0.062290350448378655
311;0.09471167493961177
312;0.02721422277438068
313;0.0697263685452416
314;0.04166579162053688
315;0.015650672132400834
316;0.012183447258454062
317;0.0022585918981143484
318;0.07090517269178445
319;0.18290331905054127
320;0.11962196089577737
321;0.07950690855979566
322;0.12651107025602615
323;0.12440982216517593
324;0.11237358291567008
325;0.11113702374477502
326;0.01857158928652285
327;0.16761753158073234
328;0.17570054250287637
329;0.12239991159219606
330;0.016383650162050744
331;0.07485923124227485
332;0.17885627329593312
333;0.05499434408958084
334;0.16909730634969813
335;0.12340189536426767
336;0.02193393978657168
337;0.06427209384116486
338;0.16017481104698106
339;0.13175316162796388
340;0.1529019106845172
341;0.08531360406835214
342;0.07789002340681819
343;0.08652174828949982
344;0.05889192533173618
345;0.026123556468385337
346;0.13428031413752387
347;0.17573259337276664
348;0.04037561296787365
349;1.1781873019423018e-07
350;0.12521821227363947
351;0.18079376336168332
352;0.11195181954875295
353;0.1782576882083079
354;0.06255694526291543
355;0.020861211770968335
356;0.053158350554728465
357;0.16764776689947014
358;0.02056227599666918
359;0.048586471900550654
360;0.1216932704683327
361;0.10691467454449313
362;0.06453823934200101
363;0.08018850035566594
364;0.09746433987588715
365;0.021571836215276852
366;0.1385670715033675
367;0.06576143250480614
368;0.18803703278102987
369;0.1633299430841047
370;0.046737198806637764
371;0.10724781902939116
372;0.1589981145102399
373;0.02878164618806205
374;0.11356469154741972
375;0.014679540119668122
376;0.15972864401914483
377;0.18745341389670211
378;0.10642355569704827
379;0.10866215780418927
380;0.11930328749890098
381;0.07357592334616254
382;0.07730924900213512
383;0.01996200439751319
384;0.08308544215132228
385;0.19975133239906473
386;0.0006867890322503234
387;0.09827711670211792
388;0.10089417800203587
389;0.16742510509878922
390;0.1808658670888008
391;0.07747671749583061
392;0.046474429429676146
393;0.19796932016363888
394;0.000982152801447711
395;0.0658179461276127
396;0.180320798441039
397;0.19955783782887856
398;0.028048314574180822
399;0.00058993280673314
400;0.07266424947835336
401;0.17129119289852646
402;0.1570835816423408
403;0.05470372207683949
404;0.0023071145063709997
405;0.16840908960063491
406;0.008964601245383763
407;0.02747380798792709
408;0.17526204071332657
409;0.10599785766393964
410;0.07104796765919777
411;0.1802090115899821
412;0.019197694684743527
413;0.0962020755240602
414;0.19714393396286342
415;0.19389233066071407
416;0.1933140941268291
417;0.18187626312124708
418;0.12270719474642003
419;0.15197197677855254
420;0.14670071953722472
421;0.06571325173794589
422;0.1788425238039501
423;0.1549074458133541
424;0.11389700925459936
425;0.163049184001873
426;0.021576582162735326
427;0.1573250963149948
428;0.026854479879616512
429;0.021425195162161948
430;0.08595001081409051
431;0.17845251758460265
432;0.05978605382321496
433;0.18421931176640408
434;0.08809794120628395
435;0.16069747697170253
436;0.06499224868728944
437;0.05782362014298206
438;0.06515629279041316
439;0.13340008410821438
440;0.05136424248056648
441;0.0715863881053007
442;0.13443205562776286
443;0.10941729211619307
444;0.06105836224564923
445;0.13530162236520302
446;0.038632845730158044
447;0.0950556406119836
448;0.1857429426349851
449;0.06176688334996505
450;0.0628586755824549
451;0.06875342534502642
452;0.17135814308554928
453;0.11513297710445979
454;0.050425059681365236
455;0.016830298725388795
456;0.08820556141910463
457;0.12431814560097079
458;0.05342976854227253
459;0.014223113610851823
460;0.1855316830555311
461;0.07701261922771652
462;0.16286424094240406
463;0.12553449357618376
464;0.025050538026920456
465;0.1415384869512923
466;0.00847556713699904
467;0.1383873412365235
468;0.1248621402727665
469;0.13985638316351154
470;0.17470913613052427
471;0.19843932384949234
472;0.13801664208522943
473;0.12534607186278315
474;0.10371937551726479
475;0.18988307562243611
476;0.1447358477362969
477;0.07103389809867766
478;0.16002000362679103
479;0.11464466814985218
480;0.11554948994224937
481;0.04430652416195633
482;0.03998791956717551
483;0.06827971520182673
484;0.08725312898414635
485;0.0324419092828504
486;0.039731642077500066
487;0.1311808426736379
488;0.04143687927493372
489;0.05659791460426267
490;0.1635030701590613
491;0.08090693606590799
492;0.14563628427977046
493;0.07083364404647714
494;0.017937516059300586
495;0.010042157821349873
496;0.018035715397008146
497;0.0647083554199943
498;0.15394964624392193
499;0.1983903358612941
500;0.027935635213697997
501;0.18207837404321936
502;0.16661940628307692
503;0.1391090242995756
504;0.098518891868364
505;0.13792309575875736
506;0.13845351169786477
507;0.0033358403245826286
508;0.09414006747736692
509;0.16037708455776814
510;0.010742353898400349
511;0.15560954344075217
512;0.09154683231557695
513;0.19198469438378507
514;0.1934483599012468
515;0.019365758347450912
516;0.05052987167244141
517;0.17181708677760274
518;0.14099294544119945
519;0.1817458049992131
520;0.153494930449403
521;0.1144395885413056
522;0.037177797600906004
523;0.031211752576597696
524;0.10835503666562296
525;0.014519156644101618
526;0.004862618470727354
527;0.023187913483424707
528;0.1334957037976907
529;0.1791636754179704
530;0.15581126969367587
531;0.09472184635630619
532;0.19363480181987675
533;0.1765433826557081
534;0.07445304923505923
535;0.07814203159858038
536;0.14714729277320435
537;0.053929826075098976
538;0.05174573184993656
539;0.14499681567736597
540;0.16641332020003913
541;0.04712117022542672
542;0.1839956344414139
543;0.05257730633216067
544;0.15632030263966432
545;0.1602354058201759
546;0.05103165435346999
547;0.1771478593199728
548;0.0025574073406843256
549;0.17599581533616893
550;0.12141476011510575
551;0.08586722967139185
552;0.0927669640659125
553;0.023532026056652458
554;0.030805467302869417
555;0.03793576086258182
556;0.1957427081879942
557;0.1476928889395206
558;0.025536879012514557
559;0.0868376203751746
560;0.0855454088153141
561;0.11367732090701195
562;0.012162168145102181
563;0.13399076213041608
564;0.1512038249946405
565;0.013734841412509358
566;0.011484782683486894
567;0.03589864112894919
568;0.19907096722288242
569;0.13643092539759002
570;0.0392556026161304
571;0.16097534270064548
572;0.10824379527269751
573;0.012933421226225672
574;0.05825646890102485
575;0.12872632634687303
576;0.11047510610552097
577;0.1334242461043445
578;0.10331262572225262
579;0.03855026832619746
580;0.16151993096358933
581;0.10361113492615692
582;0.15774369554529097
583;0.07269009816172234
584;0.1978435574744997
585;0.12710134796748432
586;0.01633371079300767
587;0.043388286086501186
588;0.18760216591333603
589;0.14260481810710832
590;0.18101627371660367
591;0.14113120390336395
592;0.0950631133580519
593;0.05214708535026176
594;0.19277463031611664
595;0.07481835631834269
596;0.07045466472243751
597;0.1947125393342967
598;0.12867289291183356
599;0.026039857116082966
600;0.02130643154169152
601;0.09660952266203703
602;0.16755033669813377
603;0.05128904475379153
604;0.1360138130202463
605;0.19216647781192184
606;0.1877797971306503
607;0.10385722424225992
608;0.07575064305268318
609;0.16493816889511337
610;0.08058374915987909
611;0.09825065583806761
612;0.14026428725898354
613;0.028700576315379745
614;0.17621385433421355
615;0.12962323944450954
616;0.11640414835127977
617;0.023275031621496668
618;0.14330766277135545
619;0.19665340402071768
620;0.11678742345393806
621;0.03444097547771043
622;0.14836928603379812
623;0.11712448944442502
624;0.19452384258448485
625;0.12963517356245757
626;0.013027177839042947
627;0.029104005814794023
628;0.09268065158026256
629;0.16819741504630809
630;0.12601181949217186
631;0.08732438400493488
632;0.196813782809856
633;0.11142010359121793
634;0.18413723803384138
635;0.06395826207699214
636;0.0020141355400245422
637;0.0939445675668178
638;0.15797033696122123
639;0.036639752110117565
640;0.07014395017680418
641;0.1834234921975211
642;0.1955141862658497
643;0.15894372722750258
644;0.14245243441941544
645;0.013868172570563143
646;0.13537129333723438
647;0.09060835145691755
648;0.020303454635129017
649;0.02719961904847448
650;0.17787058656385743
651;0.17793746604207147
652;0.009698340072858636
653;0.06387257973114964
654;0.19213268334818598
655;0.14240291839403874
656;0.024877654882165735
657;0.1800385234492042
658;0.08839469266802323
659;0.05303038781577494
660;0.01800169141355721
661;0.13903101113465227
662;0.03554783695716781
663;0.13936087678858308
664;0.1126105717865372
665;0.04011955157262832
666;0.1524335346697055
667;0.03580586305722049
668;0.1081014211696919
669;0.07055302180140728
670;0.10029542956458
671;0.13104355951616842
672;0.09972288425676208
673;0.19459773481674406
674;0.15435245003806286
675;0.19695587764833944
676;0.10484685737306998
677;0.14695051307561283
678;0.07652022195983327
679;0.011982785792453932
680;0.17025873096507232
681;0.04520452179931603
682;0.03198493604507826
683;0.11332527199474124
684;0.06148624599566199
685;0.13100850721032184
686;0.1466521594168281
687;0.07384924263256976
688;0.1447778646231875
689;0.1095639764662755
690;0.02813663159839941
691;0.12264540685378905
692;0.10007037487397455
693;0.1467067944999171
694;0.0016016107303986394
695;0.11394380345866478
696;0.18570086048443696
697;0.06788680729386791
698;0.12083437292475102
699;0.11847216105950081
700;0.018106027854735317
701;0.17492090775617214
702;0.08621211743606508
703;0.18962476221050248
704;0.05151750185464419
705;0.09077218188034337
706;0.0988735699426318
707;0.002773013015712778
708;0.05925101698470439
709;0.05528706378164592
710;0.037983435532299194
711;0.11676136661151429
712;0.017090332007844156
713;0.10289603589283747
714;0.03422906451860537
715;0.08544528608745222
716;0.040341518844073776
717;0.1734195616967951
718;0.12781472690204382
719;0.14229244734288485
720;0.16425739982468793
721;0.1978184487241359
722;0.09733161112051994
723;0.12900663195910747
724;0.004091066263977395
725;0.0023366748434235918
726;0.04775462252556684
727;0.06508858835383628
728;0.045811653293691634
729;0.08061894664686282
730;0.19606171848251353
731;0.08410404023203355
732;0.16111326968282363
733;0.19485988368169785
734;0.10356605748115358
735;0.0840300403841226
736;0.04101273833451349
737;0.12396701532822144
738;0.04587269792931488
739;0.12383090901896426
740;0.016355669766884517
741;0.1315592324289023
742;0.10295990027033897
743;0.03670823968166492
744;0.04225205967558257
745;0.18077925955596832
746;0.15074928112188457
747;0.19416865602300515
748;0.06771873785892527
749;0.01793025803184245
750;0.1681664326839721
751;0.04519486130931991
752;0.09001011427075707
753;0.04896441871076081
754;0.12782776191918138
755;0.014608613360329037
756;0.08295968194268333
757;0.10288655610650405
758;0.19941172723165396
759;0.14674839965995828
760;0.08768324300063945
761;0.1610841544584509
762;0.060270495565851116
763;0.17546473608217628
764;0.09125946909848687
765;0.1504148342778678
766;0.09878702474444825
767;0.012321295156658918
768;0.044030427100186835
769;0.13432479740558376
770;0.03022733899054113
771;0.02961838622258306
772;0.08804244970650904
773;0.19083470606878078
774;0.010148125209320314
775;0.019208632525471094
776;0.08961316649406825
777;0.02742537890388648
778;0.04901260404877581
779;0.1507546613849594
780;0.028918733214976136
781;0.021984728518298448
782;0.023390313957793476
783;0.12769042380777676
784;0.1255762079583525
785;0.029372373834700528
786;0.17495328571361815
787;0.06345310310883616
788;0.03204270586731504
789;0.02224134904782038
790;0.016343316096539162
791;0.004274952823674716
792;0.08915714221649824
793;0.0010509365427281204
794;0.06989034015021547
795;0.14556773822366784
796;0.1938888298497149
797;0.1432309177459248
798;0.03387903208109118
799;0.17514317319137113
800;0.1322337853760562
801;0.015103090958751599
802;0.1894887537451453
803;0.00813713471231521
804;0.08758665786351255
805;0.06713691504148733
806;0.137194479050242
807;0.16107439773984444
808;0.008186956460958196
809;0.17793650616454365
810;0.1443482449920408
811;0.16516937207920385
812;0.06590472630568882
813;0.008697557458737881
814;0.0790956765118474
815;0.12273276470494468
816;0.1639118849176599
817;0.0032525073136074226
818;0.10588299124008081
819;0.1645598979743078
820;0.1857787637363827
821;0.0044255922933092995
822;0.0006836474574634988
823;0.186134958281627
824;0.09544060021301991
825;0.011946052306511934
826;0.1996795870385203
827;0.07347032559939999
828;0.0032575879607904313
829;0.012478586132699943
830;0.05659985636529455
831;0.09811715193880653
832;0.031538193275711106
833;0.17295204835631992
834;0.08687375997757606
835;0.11667677708389755
836;0.1313882739655894
837;0.07745408216915889
838;0.19281367443405822
839;0.04901920946730505
840;0.0728840171371699
841;0.17300342896255713
842;0.07032323591502132
843;0.16519408558903692
844;0.18774574021590906
845;0.07091835539505287
846;0.16512154898514572
847;0.07156095341233062
848;0.12396367322693998
849;0.01967488276700855
850;0.0974680103829506
851;0.038329640420366955
852;0.038527385979753206
853;0.16481324521199148
854;0.14293116707558606
855;0.16125073507639684
856;0.03364195292825058
857;0.19966695665176398
858;0.1591815088652945
859;0.010707921654164787
860;0.15763569449419734
861;0.03188600485813033
862;0.006220137974969564
863;0.17667146973675316
864;0.16551201090259945
865;0.11295396630947765
866;0.06171023289101048
867;0.005766008299863424
868;0.14031956422347577
869;0.06442602318978033
870;0.003975716429742748
871;0.12001871479551166
872;0.1369903117264881
873;0.08968731506435844
874;0.027396665830276
875;0.08099673530337702
876;0.17567608867098308
877;0.040914700201587606
878;0.11735942506138713
879;0.019973244822667293
880;0.16916011401764441
881;0.019256587402210746
882;0.10807805340216592
883;0.059500866587877746
884;0.04468704935514587
885;0.15419202262972073
886;0.019072120995058197
887;0.1012335092775041
888;0.12821866086559727
889;0.08120312521439627
890;0.031264335229039646
891;0.033905038899953645
892;0.01936028749521448
893;0.08438805077729357
894;0.0340225149623983
895;0.10902497158928126
896;0.01973297437562842
897;0.10675034627869173
898;0.09698294107035813
899;0.19808841534811153
900;0.14370337670531705
901;0.02746558409154576
902;0.13397172553866066
903;0.09667443007251915
904;0.13366804555764833
905;0.1973216690066779
906;0.0425154809528101
907;0.12665687775332846
908;0.08863723961793615
909;0.05423406710608117
910;0.14076952707912416
911;0.03961611947406747
912;0.13182952511876228
913;0.030251214754382885
914;0.19273768698030405
915;0.19390654200894814
916;0.014633502921143828
917;0.15705075520386333
918;0.07918221407104767
919;0.03943141738227547
920;0.0581950055621642
921;0.17361897069513113
922;0.0630350365877366
923;0.02959700185800478
924;0.16501334908524282
925;0.16182026885348624
926;0.18334476522810683
927;0.0498468297691651
928;0.09916604885412
929;0.1412608168003415
930;0.08424664726378205
931;0.028456101524765565
932;0.06512141088611956
933;0.007333802754809594
934;0.03882723321161907
935;0.004575880923152154
936;0.1462560280339012
937;0.1535312017682734
938;0.006136850172411102
939;0.14891823469755305
940;0.16444226199583933
941;0.15375756839836868
942;0.03245926912435828
943;0.08198848474552095
944;0.16134305746870548
945;0.037191557253933576
946;0.07892280782567539
947;0.1825468325919585
948;0.07177692828733931
949;0.11250311683498451
950;0.13746527052667382
951;0.14249727396262996
952;0.1892510983837581
953;0.06934297904605238
954;0.19808871104777484
955;0.08002678760934277
956;0.06316854397134568
957;0.09299048730839868
958;0.132041328396925
959;0.10059986508364993
960;0.1312469803561926
961;0.007258524719059034
962;0.1282705898934717
963;0.057521649676975754
964;0.0007830294141497607
965;0.0630777048926001
966;0.012454494512029025
967;0.15352981026305912
968;0.09723279056400128
969;0.16943395754268856
970;0.1156200786627602
971;0.0006888091331383128
972;0.1787457792136126
973;0.05580448143697763
974;0.1965425191308642
975;0.03375252805261191
976;0.017517673052705775
977;0.07696709403455677
978;0.07478349204678532
979;0.15438346493793562
980;0.13272835207175956
981;0.054640227616422954
982;0.14567019115166813
983;0.18462627762532224
984;0.07781533871393641
985;0.08047087808195497
986;0.09766207640408138
987;0.08483126784002049
988;0.19164348179793178
989;0.14546709890938067
990;0.1728850249319491
991;0.13322959434831785
992;0.015449209284443266
993;0.19374394728031746
994;0.07585839319522616
995;0.08831505334572971
996;0.0016041156148000947
997;0.1586261767100361
998;0.10423354034481057
999;0.013260752281655819
1000;0.0698345783729685
