1;0.08763362128856207
2;0.05752027571924423
3;0.06372908194422815
4;0.18050569214986445
5;0.1470007504765809
6;0.04836498417357014
7;0.12850584625192826
8;0.09069593670766783
9;0.14637147378183177
10;0.11288657780477414
11;0.0021440656998849895
12;0.08249927556884154
13;0.04100351286590023
14;0.015982597526086727
15;0.09242697423643863
16;0.14953613664192297
17;0.1133712516604259
18;0.02190390981820689
19;0.05680818389958012
20;0.07990712033487307
21;0.12045038592586188
22;3.674984845043472e-05
23;0.1566728824898064
24;0.09451197546692172
25;0.004928045215762023
26;0.12900988230719995
27;0.03817624062002137
28;0.18015087899748977
29;0.11431740124100787
30;0.07022315784565468
31;0.048581131400735035
32;0.1644313166134429
33;0.06573578163474236
34;0.17102952671619592
35;0.1314028983434495
36;0.11306967631621966
37;0.014686088884166826
38;0.007895664247938484
39;0.13663739492777444
40;0.0251579193755523
41;0.17870154616093706
42;0.04124174174533053
43;0.1512884957202425
44;0.04841525083243368
45;0.06514555358312733
46;0.06585503454941004
47;0.02071582418695237
48;0.19943418246385883
49;0.022019872586056845
50;0.11253086112363456
51;0.1651694631150991
52;0.0890323849686801
53;0.09822217274894972
54;0.07809513221027556
55;0.0346589729413912
56;0.12768688246967985
57;0.03819353751565984
58;0.1758428113224295
59;0.11968071425333925
60;0.11752086316494602
61;0.04635869376768349
62;0.17894022396430423
63;0.03205670123636097
64;0.09641037569060117
65;0.15059830065580024
66;0.15584359289052652
67;0.061919281902518164
68;0.01769039310616489
69;0.060874706955890416
70;0.02063616326987701
71;0.1360661346649718
72;0.051884519141833764
73;0.172821601362495
74;0.1995818121268328
75;0.14441393361372282
76;0.1408644196429589
77;0.039994598626251036
78;0.04124905207515117
79;0.13823184588546827
80;0.1844959630280208
81;0.1774459227299983
82;0.012922109205811117
83;0.12553735232259303
84;0.05060859186269245
85;0.10755333091647722
86;0.14972061651013882
87;0.006017490415522531
88;0.016239472490517583
89;0.015488562645761261
90;0.16263750837832433
91;0.04535412103695609
92;0.14898877943206196
93;0.16543328039354332
94;0.04951673517164401
95;0.11695219255575398
96;0.1671287190098057
97;0.12017897431597613
98;0.18364467316190805
99;0.19572659073603374
100;0.0726312697523968
101;0.04101980125441194
102;0.07184132002714193
103;0.031562529012198914
104;0.006812600213000519
105;0.11551562399107432
106;0.09041804287110539
107;0.008577946336268695
108;0.03547641107362096
109;0.03422095660104527
110;0.03153566416879181
111;0.08855296982493573
112;0.08207788449655756
113;0.10010127389895299
114;0.05624059828170265
115;0.016247794222842196
116;0.05467305961625446
117;0.038354653963761504
118;0.12033417987128135
119;0.04431491759950146
120;0.05091001446406349
121;0.14669585049570055
122;0.04322947397403479
123;0.04933320596087703
124;0.11523506526925416
125;0.1886107021212608
126;0.12475140381682862
127;0.171477734935531
128;0.09116104967545494
129;0.016925293617330063
130;0.18880083532508563
131;0.041149669140331135
132;0.06775627116408074
133;0.03785741878025298
134;0.15720547102982674
135;0.17348186125772289
136;0.19044093284793864
137;0.046875387939020574
138;0.06635696784665386
139;0.15941270456458834
140;0.08096854148338394
141;0.11804816725996246
142;0.17732042497022638
143;0.040597831528336875
144;0.15913030128271244
145;0.17793067816943567
146;0.10160760152667483
147;0.046514358131783534
148;0.07039836414808409
149;0.017069728357612158
150;0.04411929417915894
151;0.09968313262551345
152;0.014597339310646351
153;0.11471636283195463
154;0.1648380437118005
155;0.17874116412876195
156;0.051972345745809535
157;0.0473338225611625
158;0.04657345187942228
159;0.11315642368930082
160;0.18366991417137382
161;0.016698018568780726
162;0.010193517004510988
163;0.08119902601356972
164;0.1582960688512771
165;0.07629184528607816
166;0.04169218228386769
167;0.09879825996318861
168;0.06310421233763606
169;0.027954238453334248
170;0.13005843652057933
171;0.16283814861969625
172;0.1015518731653755
173;0.1138559217066235
174;0.06122397405246809
175;0.09935920872452678
176;0.17896986929548397
177;0.004462984955762118
178;0.169180391495119
179;0.13879175566408528
180;0.18454119626550863
181;0.03991815999567321
182;0.10965792866082527
183;0.08161879875488101
184;0.04410148952678834
185;0.18365004201784446
186;0.06326062527531114
187;0.17397461419524068
188;0.017243422706622224
189;0.06630423351639061
190;0.009743854150703713
191;0.022118959166303378
192;0.17412141966809302
193;0.0655358906538113
194;0.17845440388384104
195;0.016688811852012233
196;0.002926764282731931
197;0.023720751190047597
198;0.12438065560709087
199;0.11178867306410341
200;0.006193329662440173
201;0.0519399235994654
202;0.11978990905562202
203;0.09379732851149272
204;0.11161444196751982
205;0.04438392886089335
206;0.1530567498994394
207;0.1545486207373221
208;0.119118844644997
209;0.037123543805114026
210;0.1341481451788736
211;0.07373531612444542
212;0.07084738037988503
213;0.1603798056879085
214;0.06452604426918394
215;0.018377719703021357
216;0.014472196552967144
217;0.03760300019920118
218;0.005760925331169942
219;0.1716354919576014
220;0.15935374796662327
221;0.07664331961741788
222;0.1121701850351017
223;0.025639330784702975
224;0.0252643962249703
225;0.0008510682146352533
226;0.0007544070089840816
227;0.16503266700595703
228;0.0038810875438573867
229;0.13507891726357543
230;0.0010251708876879207
231;0.1261022621705968
232;0.07640303984765476
233;0.01906988201064688
234;0.14760919633682654
235;0.07689869913269676
236;0.04594519884183743
237;0.013359167368421666
238;0.18935374567486674
239;0.01145841676204189
240;0.15954027979637467
241;0.13824211786577772
242;0.006151485937487555
243;0.02541170672988944
244;0.003287882303207468
245;0.08161730755303927
246;0.08108446998871043
247;0.18683239941685958
248;0.08591489148370142
249;0.13918827239224849
250;0.05890926577154396
251;0.057366241509080054
252;0.12209485450274589
253;0.06966041902585539
254;0.19446481366259855
255;0.04985625117335468
256;0.16328313863753183
257;0.1949044388071808
258;0.16283678116528105
259;0.0350896604299056
260;0.08115035615697067
261;0.12452849566592467
262;0.16585466348013134
263;0.11989434334267068
264;0.06272913941637755
265;0.10564426334034226
266;0.1194311540658334
267;0.11546953048499134
268;0.021296189666058108
269;0.11755024846999876
270;0.10599432767173694
271;0.04631297078188255
272;0.11361072088211238
273;0.19904366529236472
274;0.1868149711230086
275;0.024951785715074483
276;0.1029901520720698
277;0.17405485433042933
278;0.16383741043714695
279;0.03303418819955493
280;0.14227820952778494
281;0.07157234526197269
282;0.1825831771448941
283;0.18236413774682536
284;0.10057562469393744
285;0.1087425812957986
286;0.06119726792823735
287;0.1492722734608964
288;0.10356624070817376
289;0.10158857784541907
290;0.040521363261546366
291;0.036090282327364664
292;0.13257117056699472
293;0.050490023961502574
294;0.11134624826909018
295;0.1302636480785789
296;0.14731865613488537
297;0.1272257604610405
298;0.13752484665297257
299;0.043309871987855235
300;0.0058293400994986035
301;0.1861106036372948
302;0.08228364093316827
303;0.10750214047724763
304;0.0883182306589792
305;0.13773716046128903
306;0.0068185253081623825
307;0.08338548629701222
308;0.19529980677904352
309;0.04948518286595556
310;0.09575972327457134
311;0.13316490218204557
312;0.1606068905318146
313;0.16673488568293263
314;0.001188961731825411
315;0.19644274483644786
316;0.06692500647287365
317;0.1672175198741957
318;0.08323793267188867
319;0.07833778373200398
320;0.08569726381459881
321;0.08202294963072046
322;0.1020519790594008
323;0.11306647749161212
324;0.05999222728267786
325;0.13933620191576498
326;0.10882003325901082
327;0.13767329659326
328;0.10362309847511797
329;0.007700656331471745
330;0.05436577194440868
331;0.06828681426353982
332;0.0025213438055265106
333;0.18091707761516695
334;0.118219027207634
335;0.014426891933962495
336;0.08095471061528195
337;0.03698798923218125
338;0.05434131610862414
339;0.03555747382897996
340;0.1294747073533751
341;0.1941837630070549
342;0.013071148955675028
343;0.09713643841549745
344;0.1662986299298379
345;0.026219132601429607
346;0.13310451806148174
347;0.06488525838057589
348;0.14627482398736966
349;0.08258187836897701
350;0.15685861608556484
351;0.10276662006308071
352;0.006290787376981699
353;0.008546245329818226
354;0.1195362422501593
355;0.052816985015809406
356;0.012476732978943207
357;0.049544302987926114
358;0.16913582482848014
359;0.06595956007973607
360;0.11422660202719691
361;0.09397114857884528
362;0.06458532928071269
363;0.08877477103492773
364;0.16161052601084214
365;0.16503704337783565
366;0.03468748842622243
367;0.045345995283579965
368;0.1578711187481376
369;0.13791463064570803
370;0.18470375511472542
371;0.08216932429696358
372;0.08254062749385793
373;0.16085047499465766
374;0.08165573394451527
375;0.1995936148328219
376;0.01980663012137467
377;0.17974370344877375
378;0.0831429026606271
379;0.10615072403248466
380;0.056245294229388426
381;0.08034438310843228
382;0.08025042989298377
383;0.03294817060457498
384;0.08961767304939049
385;0.14634250971076795
386;0.1205132635106002
387;0.048273196703091895
388;0.1245801609204283
389;0.07353554086123418
390;0.10179732889498871
391;0.050049539511837375
392;0.16486502853541027
393;0.13389148199068626
394;0.11283931591078522
395;0.19658863289096973
396;0.09911721090604536
397;0.04626533683409398
398;0.15540378642356098
399;0.14364616448002251
400;0.1680518894872692
401;0.04527572690900594
402;0.02329856394696468
403;0.10020041496167942
404;0.18481013795821705
405;0.16572997092988284
406;0.1726737913684561
407;0.02210799270313393
408;0.04729574112763135
409;0.18911721907631382
410;0.05678170472099915
411;0.19070975026115175
412;0.12818604456549987
413;0.19942204033811034
414;0.127740177412732
415;0.15196955882446272
416;0.11499896806479709
417;0.016462111442489102
418;0.08580023769877797
419;0.17654374040962076
420;0.09598744146929893
421;0.14242204599665212
422;0.12590787252291882
423;0.13980876196870692
424;0.06596184297221189
425;0.06006495202588738
426;0.12861518797700575
427;0.12864151841103197
428;0.1432261516841921
429;0.018602011626319404
430;0.1468852633884061
431;0.17420726492407893
432;0.14605874095373816
433;0.11728668603884762
434;0.02147453447955048
435;0.07640491177994149
436;0.07741610361107346
437;0.1608807749261001
438;0.06035745841248872
439;0.11367859243116059
440;0.06419661227008176
441;0.025921271987947827
442;0.04421131480451177
443;0.13246319362837217
444;0.09057176421635177
445;2.586958145209817e-05
446;0.12318577674316966
447;0.03789807549868112
448;0.11248272443053259
449;0.17548832381416904
450;0.15578782583016706
451;0.15020615146917093
452;0.00946963365811533
453;0.16439171752377124
454;0.1288660633707365
455;0.06861429648977915
456;0.15832628607622387
457;0.010761569719845277
458;0.0073079201307128866
459;0.04931166845557771
460;0.03987989599014348
461;0.1354642404382684
462;0.001520971616657918
463;0.12431716477590876
464;0.06836514311818945
465;0.07945377930447971
466;0.004096945985172695
467;0.09476323863877234
468;0.19415609544918233
469;0.006704471708824289
470;0.19686361918509704
471;0.04855386948037706
472;0.029981265661747327
473;0.17557845666157257
474;0.03792610024238226
475;0.07673783918856791
476;0.14496042117697144
477;0.13957339217294504
478;0.19326554302856105
479;0.18338871645210472
480;0.02932012187139459
481;0.034194085380029236
482;0.19971397766003013
483;0.10793619069613587
484;0.022124749166663182
485;0.17225177714479256
486;0.09398445991205027
487;0.05493305804045188
488;0.051471943810781844
489;0.07543131484831259
490;0.06473665259147492
491;0.0928939269772253
492;0.10563065242670822
493;0.16703523540652077
494;0.018638091226006393
495;0.013101139656540008
496;0.13753005352342118
497;0.005502653495338428
498;0.1948223629611495
499;0.023240393539817907
500;0.14290977551327702
501;0.13346451254089584
502;0.15769319438871562
503;0.1420092145875734
504;0.17275740889928276
505;0.05095140183145119
506;0.16877060125980814
507;0.03857925024018474
508;0.16627938427628222
509;0.0818510302028893
510;0.09085520521383761
511;0.13540121995558177
512;0.17504962004916022
513;0.037728452134984436
514;0.17630076888910667
515;0.15587562230498334
516;0.16004226358031404
517;0.12722209230290715
518;0.10079258102165345
519;0.16340905985373894
520;0.11302011171625322
521;0.0874445972009605
522;0.07201942714931135
523;0.11954009231708423
524;0.17188311991905103
525;0.19499993233567187
526;0.11078739043748752
527;0.03452460137242754
528;0.14467877073587795
529;0.14801420253681696
530;0.020979963224879453
531;0.1150784106927125
532;0.01516526911678644
533;0.11513391257076722
534;0.11641250184356217
535;0.058436142968357224
536;0.1380006421060865
537;0.12390101730159589
538;0.0752796405973278
539;0.15657062251246945
540;0.12607347198807903
541;0.14577840496453892
542;0.024632260110202142
543;0.028900220864918547
544;0.1265886081719416
545;0.0763468041567736
546;0.15082271233485983
547;0.1022188604200986
548;0.16235642451641263
549;0.13879204039006562
550;0.1694340959065535
551;0.15071026102454252
552;0.1372093725261925
553;0.014614460313453105
554;0.17576248926103955
555;0.012457715322185271
556;0.009017776887454022
557;0.17969908760032546
558;0.09294011589708676
559;0.11881138646258796
560;0.18427323875680196
561;0.014520076535025229
562;0.04975935207620768
563;0.1024503069298341
564;0.06528682057132888
565;0.1425695020449493
566;0.172160818181003
567;0.1337405924060836
568;0.19851458515715997
569;0.1606850225653058
570;0.16147697698993657
571;0.013637827238292034
572;0.0008827766176455088
573;0.1897905309033006
574;0.02322555347887685
575;0.18030117257679562
576;0.0019935946399308956
577;0.18193584102520996
578;0.058543941218336865
579;0.061505327126947874
580;0.08796689290490341
581;0.011210041398674587
582;0.04980498924717933
583;0.1594783492629736
584;0.09538196991739259
585;0.013467117529069528
586;0.10897129378714482
587;0.18264684505496906
588;0.02957931032510144
589;0.10069045960282369
590;0.03356674570025549
591;0.0330346300463958
592;0.15978078821735975
593;0.14692574016748294
594;0.15566100314379083
595;0.027448212449275602
596;0.12855712222239568
597;0.06757803412895232
598;0.03450236590332745
599;0.12279854294760158
600;0.03794341893170183
601;0.026544457107804488
602;0.08361951009942813
603;0.12604045256943905
604;0.15979775799103546
605;0.06300804491856038
606;0.11314835592890804
607;0.1904157952725298
608;0.09827068383964332
609;0.005809752822738479
610;0.18045760422755927
611;0.1530037484103084
612;0.12952899676607563
613;0.13702419522851292
614;0.1348096681328341
615;0.0929903544155386
616;0.12389843269205059
617;0.0612875582271208
618;0.18382626470419403
619;0.0982065852545596
620;0.11618303592630067
621;0.0032103523917452084
622;0.16873157597283622
623;0.13984174436180127
624;0.054580763000642164
625;0.151177199175756
626;0.18469551668814488
627;0.02914968722244973
628;0.06225026067452131
629;0.18246725247793846
630;0.14877473019823614
631;0.06112266444376407
632;0.08922141294394559
633;0.029845338493904763
634;0.09514145424121899
635;0.055864803160832824
636;0.055188167139488424
637;0.17789310840792816
638;0.13628423084445415
639;0.02842631732313976
640;0.028601058792997104
641;0.07428980714532588
642;0.10787674178231169
643;0.10363825971308432
644;0.06018549541533927
645;0.07949606420358982
646;0.06243850093771519
647;0.0997543931291892
648;0.04360225734027026
649;0.05282942126647505
650;0.09890910961410877
651;0.10280980995529276
652;0.13145313882180573
653;0.11292711192531649
654;0.15368280508122667
655;0.05234242748296283
656;0.09392929758274496
657;0.1312184408387692
658;0.11047271688455576
659;0.1743855832966421
660;0.001959058871513997
661;0.16527829337661715
662;0.07480791918220005
663;0.13249181526121495
664;0.019793408370700386
665;0.15766765842072772
666;0.08070835816881768
667;0.17395979603539732
668;0.008197329752524829
669;0.15558633795374763
670;0.04760334727858498
671;0.19128224037012967
672;0.04615529961669447
673;0.15901591627600709
674;0.07796803692541372
675;0.1128841098061372
676;0.09265578049901864
677;0.02346006110299148
678;0.14613303974628902
679;0.10620857883040061
680;0.0950303902785805
681;0.07496696932481475
682;0.021021067615194067
683;0.04031214359545157
684;0.17933670263559487
685;0.14835892690761482
686;0.003507724387850586
687;0.13036810545567404
688;0.18731536212632394
689;0.043146650279383005
690;0.15784633294942307
691;0.059752683287584034
692;0.15646910634630812
693;0.19117990183765307
694;0.17793954046100494
695;0.16628083197144125
696;0.095984633280034
697;0.17603910418339364
698;0.19357263241986633
699;0.05830551843090923
700;0.0771506007117277
701;0.14993501034095638
702;0.09882377069335087
703;0.04369019020585823
704;0.16668614825351313
705;0.10683018220216162
706;0.05841641404999925
707;0.00670023315192252
708;0.11483921503080802
709;0.14960572881324113
710;0.13933244753540994
711;0.14308746014623314
712;0.16968369200264652
713;0.006205134857139672
714;0.00032144494605670373
715;0.029749739236913975
716;0.13688419676752864
717;0.09124155357116444
718;0.031532363000969066
719;0.1987469769119796
720;0.12272661297999116
721;0.16238670312114376
722;0.03042542761119631
723;0.16170539934846895
724;0.13765241238661674
725;0.05119070509760768
726;0.1325455711714908
727;0.08097254513986735
728;0.08748326149898805
729;0.1957111945263786
730;0.01251624631512014
731;0.06216090968863766
732;0.040250374786341706
733;0.11910759933866395
734;0.024334441189911862
735;0.09220375330054167
736;0.10544824460137668
737;0.1726232286921325
738;0.07670030219001676
739;0.11860678462361081
740;0.002310443341315871
741;0.10228788026776708
742;0.06424000069936296
743;0.07627800921246351
744;0.14880800909833503
745;0.19126051485146978
746;0.10223949207710235
747;0.06565477447215232
748;0.1406403999980884
749;0.0800360390181272
750;0.08733268611679988
751;0.07815832613254035
752;0.04074244589853702
753;0.19431712731438724
754;0.16305037581601878
755;0.12640176051046662
756;0.15457616954477052
757;0.12275181654907895
758;0.051671453238684543
759;0.021007248588071594
760;0.12640696829625916
761;0.0992945152479845
762;0.04603436979863367
763;0.18177164594279852
764;0.04920679500240275
765;0.07952630774905863
766;0.15148352105098456
767;0.18873939703782205
768;0.15221842687987336
769;0.035844036259353486
770;0.160738438419885
771;0.1398758450739872
772;0.11915935704835832
773;0.11046149835736321
774;0.1233888155594868
775;0.16682948270155865
776;0.1544004561997819
777;0.14068977648074418
778;0.0690694767812069
779;0.07741890538141678
780;0.08505125117167199
781;0.18630908066384763
782;0.044714061026240565
783;0.0488833140904011
784;0.005378018697450204
785;0.09863440789093592
786;0.12228864412377778
787;0.058589523105076174
788;0.15616019794241326
789;0.19895389325799273
790;0.019244522918303964
791;0.14847474808592157
792;0.024698233496710544
793;0.04038509610101833
794;0.0254015679966894
795;0.10615733083340012
796;0.034504424836687676
797;0.01624017118576995
798;0.19546494151156585
799;0.056453644293041005
800;0.13630852872520302
801;0.023215644278134096
802;0.19884654902376098
803;0.18148341824786543
804;0.03559648873703796
805;0.0038034929955309995
806;0.054095223673581154
807;0.15344544463865875
808;0.0496523161427785
809;0.16433380731997682
810;0.06095655360490822
811;0.11622371287833305
812;0.003674584265728287
813;0.19950723564911058
814;0.0908069828852794
815;0.06905913758823481
816;0.16928719563611594
817;0.17879229654595222
818;0.013638998603937448
819;0.15126229852534864
820;0.06575599432135708
821;0.14406555502271556
822;0.03560262173501114
823;0.17874994399077032
824;0.0021257372096180173
825;0.09225090880156517
826;0.01789321173365055
827;0.12615609962368612
828;0.15423219485797654
829;0.1404021696127572
830;0.11917188812452242
831;0.1275037336210176
832;0.013926873398668849
833;0.190732823801942
834;0.0677579737081898
835;0.17798917211922108
836;0.04800782843615706
837;0.09206575278536594
838;0.1530910460453534
839;0.12079193257123876
840;0.039789105534775285
841;0.10065236122572872
842;0.1729149713475158
843;0.1841792265210683
844;0.07948070751373487
845;0.1444369609414158
846;0.11936719520190504
847;0.08453143895951612
848;0.07073775873695871
849;0.014933860047854953
850;0.02347647831293429
851;0.11174249441529954
852;0.15085231102699762
853;0.015582526259562425
854;0.020916027042354804
855;0.19695882929940212
856;0.017182924167508353
857;0.03068716135506804
858;0.1323686423881564
859;0.0009249968800560727
860;0.15911768329441686
861;0.168559429357944
862;0.1260232175839532
863;0.06681777784162889
864;0.12836247708731005
865;0.006157926405928405
866;0.009808533634769745
867;0.1132379802496955
868;0.16855006179166387
869;0.09455960296661792
870;0.14613610796521168
871;0.06882985598006895
872;0.06735946214577025
873;0.0434245104755983
874;0.024358338268243764
875;0.14917119939849757
876;0.17587514110946723
877;0.0909944044483737
878;0.012815068106239403
879;0.1436063120201251
880;0.013539361637940318
881;0.14032011347007756
882;0.09882202213379315
883;0.04371265471623436
884;0.17655169955991545
885;0.14418452318675196
886;0.12331926639896651
887;0.055775381596534994
888;0.05710737496367835
889;0.059772505063816754
890;0.07293353864396693
891;0.04400240559756885
892;0.1655568549003733
893;0.1267087488508105
894;0.027070544275214627
895;0.11072924182719868
896;0.07516947958695315
897;0.01122627126130036
898;0.10419261295833554
899;0.09412037138735013
900;0.1434405727118721
901;0.02086899682674144
902;0.030415670253119823
903;0.12401726739180081
904;0.03196666134304445
905;0.05767839517963261
906;0.18060896944328564
907;0.1647989303289187
908;0.1335774777357329
909;0.015611063593521957
910;0.09134090733251657
911;0.013592667671393466
912;0.10591490152281424
913;0.024486318269729048
914;0.1845581932530308
915;0.07097054012134421
916;0.1770297730571013
917;0.08847366627007114
918;0.15647913236636696
919;0.04261981455069774
920;0.1343418103532217
921;0.05910810816773862
922;0.16741593600304683
923;0.15943606507974148
924;0.08020681246117436
925;0.1076500062818381
926;0.01105736113036655
927;0.05104039160010328
928;0.09084920142931577
929;0.07040805845363429
930;0.19642175256164252
931;0.18640458165924742
932;0.08903257850500862
933;0.07660308525572451
934;0.17227450271631053
935;0.13252914697457904
936;0.12911902055852295
937;0.019545650384054803
938;0.13506534262081596
939;0.12212706775634352
940;0.12123891850722766
941;0.12110498536464565
942;0.1367032531655473
943;0.1668646054504097
944;0.03517403266839947
945;0.009363674601762307
946;0.17967865528326898
947;0.18697438328711186
948;0.035463314061579765
949;0.0006656367299874733
950;0.07848791158221757
951;0.04247392120675258
952;0.12079167486430993
953;0.10151726523160165
954;0.08502063968547185
955;0.0943101946088117
956;0.05218861003525713
957;0.11680669546079098
958;0.106056554825937
959;0.16224754621313417
960;0.06268406138902509
961;0.13120951314509152
962;0.08973648069791787
963;0.1661508977451062
964;0.029545626427673024
965;0.09587676361219666
966;0.05983891906981931
967;0.11786993571207181
968;0.1488616288863784
969;0.14192801930736582
970;0.038903529826678086
971;0.055822124913215365
972;0.09431458469404691
973;0.19373574172725722
974;0.0669050194029888
975;0.1305702596862651
976;0.1530131863656185
977;0.1634655359772138
978;0.1353143549936328
979;0.05826555273807852
980;0.005348538638041678
981;0.13082615702869002
982;0.1415394630130325
983;0.027245408028459074
984;0.19984677582109608
985;0.06218789227550536
986;0.14907346089819407
987;0.029900501981446295
988;0.05760277055609302
989;0.18088659679147517
990;0.05209848041381218
991;0.08152710015838707
992;0.1360510797706475
993;0.03334614491985948
994;0.12241635492398817
995;0.12156090619295812
996;0.1385593904792012
997;0.17744041173323563
998;0.18137479561880782
999;0.1480770889528898
1000;0.055977579395757385
