1;0.0707178026553779
2;0.04922577364456148
3;0.011005727860537263
4;0.03544606503219815
5;0.03470027460184471
6;0.08507719826656272
7;0.03688642027853966
8;0.03789954306110717
9;0.09760600422536547
10;0.00685753077031236
11;0.0896134151126109
12;0.011762512543720616
13;0.0032446620598916677
14;0.024321256214822784
15;0.04908278697505966
16;0.06558334284961623
17;0.058398061059807084
18;0.03223885331437152
19;0.0885462553828804
20;0.035940430798846255
21;0.05996465270269424
22;0.05531066000133314
23;0.03067606829029326
24;0.006377816224013455
25;0.031951096130775195
26;0.003945678141393927
27;0.061390565236884576
28;0.07005960086453696
29;0.02266861921685087
30;0.09460126475079592
31;0.06973983655256102
32;0.04691847787202616
33;0.03829786077220615
34;0.05615397115890439
35;0.013486428683179919
36;0.09267806871067909
37;0.055460274993472905
38;0.09490221316858487
39;0.08989594852452926
40;0.06366067269852022
41;0.09243950337191165
42;0.0735600189211441
43;0.08991946564880635
44;0.02762154554711418
45;0.0408310949536844
46;0.004616918394640579
47;0.05227842586956433
48;0.051713969610251986
49;0.06248429695237399
50;0.08425423946761512
51;0.013575517930265624
52;0.05469351065867842
53;0.08262787996375831
54;0.09434584398810297
55;0.03741874836265592
56;0.05233216749310088
57;0.08677405987024926
58;0.0585025656642014
59;0.051336439482411844
60;0.08375484944000838
61;0.026142092119585503
62;0.04777815067709634
63;0.06701112016040597
64;0.026844559920434087
65;0.07333094503159018
66;0.018237917350879995
67;0.04554527311700657
68;0.06915801529642507
69;0.008457978323346016
70;0.024145648834201817
71;0.07426770046129597
72;0.07469407028651605
73;0.0863622969044139
74;0.02876082638037544
75;0.07420140369596649
76;0.09627135196994362
77;0.0755615691326283
78;0.02246272295376448
79;0.05973593621148256
80;0.02216991739386134
81;0.09910825687020686
82;0.011418313373921508
83;0.09057354704287202
84;0.07697165691221441
85;0.061477373961112115
86;0.07571585039106608
87;0.09744000217710806
88;0.04739007616951279
89;0.06238613407833704
90;0.07423980481972374
91;0.06919021932910395
92;0.017842972926771873
93;0.09442276324814641
94;0.004309280353675427
95;0.06419725591958263
96;0.08617463546209858
97;0.07366449732881787
98;0.05349873224716542
99;0.021809036649098
100;0.04522148730022241
101;0.04332214802693257
102;0.08624114047288065
103;0.003957412193523346
104;0.03444671302426514
105;0.01617525798665771
106;0.011243097759862132
107;0.03840256462733752
108;0.02253236827940046
109;0.013845830009674265
110;0.0359051188298131
111;0.08067260468669372
112;0.007379096462537549
113;0.09524745271551072
114;0.049606558787271084
115;0.04462186829457332
116;0.016639639894613558
117;0.03282173022796136
118;0.02234925852742872
119;0.048195037203527885
120;0.02375150500247
121;0.07061185232430567
122;0.08024747561688483
123;0.07705004549075548
124;0.02424805692056885
125;0.04271831866076891
126;0.05743396591828163
127;0.038230290401561076
128;0.03604438618357249
129;0.08376902364009044
130;0.04779089789544562
131;0.08130750460608537
132;0.009945719135850085
133;0.008552650102201497
134;0.07702474587042465
135;0.028002743170635072
136;0.0742601143644694
137;0.04245892292705733
138;0.04725251150782214
139;0.09509646229435142
140;0.0291805129999997
141;0.024664875588188608
142;0.05444380584057186
143;0.012348583394793656
144;0.04770978555395764
145;0.07533170515401749
146;0.08441830278445087
147;0.017756284522279033
148;0.03549361007586088
149;0.002948339471842143
150;0.08335498404283653
151;0.09196528615539967
152;0.005571776207638268
153;0.06839509890058951
154;0.07423378155983207
155;0.06130460220115759
156;0.04420336304601535
157;0.07229046893042602
158;0.06448238095114693
159;0.0044586939812849115
160;0.02734562622924086
161;0.09247852218214225
162;0.04636723659962766
163;0.07329842411394895
164;0.019246202391975987
165;0.03654457662879162
166;0.06632672994998438
167;0.04862722574492612
168;0.0004669322448058955
169;0.049204144591049284
170;0.09112661656478888
171;0.012758435529787615
172;0.03931109984422837
173;0.08721728907883551
174;0.019872239865287123
175;0.04102707876610709
176;0.06967808799629081
177;0.07479734573942995
178;0.07102827014326506
179;0.009243459033706736
180;0.06936019334149529
181;0.016479855264610755
182;0.09347650783345018
183;0.057379136109166985
184;0.08517116732331254
185;0.015052579473334339
186;0.0912148201862175
187;0.023530476125574396
188;0.024346426847953063
189;0.04515906458052541
190;0.06837431798079871
191;0.09952522790220915
192;0.03284244837236072
193;0.06410710566742504
194;0.0318009823516814
195;0.0811067707783318
196;0.06007903847696494
197;0.007724638922037341
198;0.003950223852016055
199;0.06865486431993575
200;0.0578210328899608
201;0.022151778634383414
202;0.09332077172970449
203;0.07833199442320612
204;0.04280733373722321
205;0.0249396120907327
206;0.07827551918150114
207;0.02726450619487654
208;0.06727916983240133
209;0.0022775636195212614
210;0.04398278470168652
211;0.042499600028669864
212;0.039836638948500605
213;0.006093663041371234
214;0.04167577046053364
215;0.029790819498928568
216;0.09722868996063772
217;0.0061956490049898455
218;0.040363165816695926
219;0.025797704698631185
220;0.017383414286910526
221;0.06330292779151202
222;0.0021121658697055624
223;0.08130724228208325
224;0.0811201511548384
225;0.06578045170912017
226;0.017354928223688948
227;0.09958840996405521
228;0.009483524526496125
229;0.015973964950259014
230;0.05914040637767309
231;0.053369441921433315
232;0.062332007279605396
233;0.02127418738961693
234;0.0272090463998957
235;0.08283633004006663
236;0.07198437793552037
237;0.020400274455566317
238;0.0913201330899499
239;0.06109421477984727
240;0.022631430199475756
241;0.03604139466252552
242;0.013907261516125348
243;0.026574211152597716
244;0.013388516047610733
245;0.07032433071835897
246;0.004672147768944812
247;0.07351793114777203
248;0.018040474029800347
249;0.024619949280184173
250;0.04301371882078754
251;0.00960863609437055
252;0.020745184929036077
253;0.0032333402533952006
254;0.020186534966434647
255;0.05555555311492186
256;0.0217733670264074
257;0.043372810183758576
258;0.050963190086562665
259;0.005943379792037251
260;0.06030364981754974
261;0.05528055309418498
262;0.08583394056146666
263;0.032955265263898324
264;0.036675155896395306
265;0.09770527000421442
266;0.045743849162096985
267;0.0913223478157512
268;0.003889218183413512
269;0.028568511175475465
270;0.09238560984625731
271;0.06962254129942406
272;0.08168284766317502
273;0.09023840964284034
274;0.016266640233101027
275;0.007183295884171526
276;0.03431477519061993
277;0.044235657656172926
278;0.07679485956687596
279;0.06073837714098915
280;0.07225837929155579
281;0.05346125567110899
282;0.04407437107498552
283;0.0025772930069115855
284;0.06950283278722745
285;0.08643762024305675
286;0.023430865821741656
287;0.04615814044854571
288;0.05528472813325226
289;0.08266750815169932
290;0.08176102893536095
291;0.04408123597044297
292;0.03706536497777065
293;0.01961984931855404
294;0.06979314468756909
295;0.041997840258758246
296;0.01804166445640424
297;0.0009367582821778853
298;0.07375136585013546
299;0.0729576728208856
300;0.0535512063690652
301;0.03138912647991831
302;0.0835984382166187
303;0.04023532857319137
304;0.007874262034138024
305;0.03325057892199281
306;0.0577886620284169
307;5.761742652221625e-06
308;0.061566515601636375
309;0.04502930241979908
310;0.014876141319266435
311;0.006358359467132347
312;0.040587396898806576
313;0.08583285442744731
314;0.016915326050086766
315;0.08189170607536574
316;0.026254335434053002
317;0.03986589614923663
318;0.0958296715147884
319;0.06039591927492754
320;0.05894858720605061
321;0.01740953732613806
322;0.01551929282640603
323;0.0343401722691588
324;0.0727627192516803
325;0.01699946645025955
326;0.08698815732766263
327;0.01545201487468878
328;0.0032698692957049084
329;0.030875742608113578
330;0.0646250879215081
331;0.022445814687927536
332;0.023892264991452562
333;0.06364495415095799
334;0.046347543151336226
335;0.06572458460693734
336;0.031900665510546745
337;0.027165664967824313
338;0.029414561518792882
339;0.018426729882317108
340;0.05177338899918407
341;0.05308270550441653
342;0.08228361455391373
343;0.025011446313788467
344;0.03264000012943085
345;0.05997575622761203
346;0.02765151171433026
347;0.06583121166311216
348;0.08126518072807573
349;0.03167442407654516
350;0.07648343751517697
351;0.08889017110060607
352;0.06221721440053815
353;0.08244210454804057
354;0.06481101806493006
355;0.04904152380691791
356;0.059483304679338135
357;0.06617607320274212
358;0.05952286159516595
359;0.026812681308423115
360;0.05504041820042537
361;0.038738352942388005
362;0.041790327994508526
363;0.09641392616730579
364;0.0978985692377725
365;0.007573070888002998
366;0.08341670826241905
367;0.061923668721044704
368;0.06903562303443576
369;0.02184588701999688
370;0.0029415734727468393
371;0.07440262100678044
372;0.0772186386317849
373;0.01700505711993484
374;0.08967270952765266
375;0.04927404241069852
376;0.02740001713216066
377;0.09341845156369828
378;0.03045039007670456
379;0.056434634127068145
380;0.03922966654525611
381;0.044241849610930986
382;0.047647154512171754
383;0.01900689114008952
384;0.08347288705383771
385;0.0802928224665099
386;0.09643985871146998
387;0.0890476346257298
388;0.030190460066431814
389;0.060642546606547124
390;0.009838932194217366
391;0.003381636746232497
392;0.05881534736717914
393;0.05773211734406071
394;0.04363444893288515
395;0.0433091106689919
396;0.08150799081696584
397;0.015081299870375542
398;0.022046561414090837
399;0.003403286868364353
400;0.06963665176524497
401;0.07540878630989885
402;0.07395294447819217
403;0.08251893581292134
404;0.025011019074900154
405;0.018520359430195633
406;0.035330645926437414
407;0.012865444267668835
408;0.08105050085593063
409;0.06797282262350579
410;0.06276846080253702
411;0.029371772172209723
412;0.021803574356157665
413;0.01354752217608466
414;0.05389868806792521
415;0.0267205893563401
416;0.06264784180714764
417;0.05043158691601294
418;0.042896645310126214
419;0.0029849878898840724
420;0.03833199868303266
421;0.03151298815550673
422;0.07082866743323239
423;0.04223431976134741
424;0.05034127879750652
425;0.07736776323315925
426;0.08367837123673015
427;0.0673514248716388
428;0.03558597169642385
429;0.06500602209226884
430;0.07565503494698211
431;0.07499933008466328
432;0.09952736883354057
433;0.039404668592434036
434;0.07920110189304327
435;0.014170656652728665
436;0.08699383544473539
437;0.018487214919548346
438;0.03552210894076251
439;0.08408955452960999
440;0.03914955095063258
441;0.039263875031689835
442;0.04438861640966144
443;0.07038343200021441
444;0.03169983208425731
445;0.0496599695484571
446;0.031748715628181094
447;0.008029354238181042
448;0.04774104507658525
449;0.09178226281187163
450;0.05711185820464985
451;0.07521896513039229
452;0.06163602598174015
453;0.03088943675287317
454;0.05748223014471365
455;0.03279090263584418
456;0.08641767000310559
457;0.06627763618629816
458;0.049659770633382276
459;0.019242661716252066
460;0.0675090418705078
461;0.020143199895757802
462;0.034643627808329594
463;0.0755506388823574
464;0.029681238192987694
465;0.057606937296049265
466;0.0868934881557508
467;0.05599818294750486
468;0.00035286727464816097
469;0.03376220378502078
470;0.08227069659794567
471;0.0070337955621542995
472;0.09804452995261247
473;0.08345570702168931
474;0.07445171356528058
475;0.07821255104205194
476;0.0039506198556579775
477;0.08719758183552856
478;0.011385490857827696
479;0.09872147582665453
480;0.09208117738264034
481;0.046358643618159195
482;0.08843044993748866
483;0.08213810396452163
484;0.04666615230006829
485;0.09029472474955622
486;0.07931424223022412
487;0.08719068014485602
488;0.07802180552590923
489;0.004831658009924989
490;0.014580320055344055
491;0.06550284598077141
492;0.09100148527918359
493;0.06863400868006642
494;0.015242482054758545
495;0.06206178959196404
496;0.06012934446289497
497;0.05023257411401397
498;0.011194031832743347
499;0.08078996403697408
500;0.021724673620238655
501;0.03820441932436202
502;0.008481452380787003
503;0.004068709122593173
504;0.01817276921648786
505;0.07004156619215972
506;0.04987255710801868
507;0.04187957397466477
508;0.031309517181242495
509;0.09155150067475704
510;0.07909019758905295
511;0.02109305418266885
512;0.07993403451484088
513;0.08671166819256824
514;0.04062073091353903
515;0.005221980276513683
516;0.06800995706171227
517;0.021614109216679323
518;0.043508832471313146
519;0.012758129964829458
520;0.056071104406216356
521;0.07249358514446946
522;0.07854567067986629
523;0.05442255187931631
524;0.07882693719989221
525;0.03981569845813622
526;0.019518288214681413
527;0.07703432789315275
528;0.04409602163264631
529;0.011334178273145335
530;0.03773654981704903
531;0.021620523286959584
532;0.026707504238434987
533;0.017237028127399825
534;0.028575383678207902
535;0.017220351950473944
536;0.017203640404758126
537;0.07377824795679098
538;0.012823125836826555
539;0.05531747163069296
540;0.03918081785911656
541;0.02010250209539928
542;0.0950089882596263
543;0.0480120174826154
544;0.021478987759323588
545;0.06302886210800013
546;0.011210704144793249
547;0.015460625234813442
548;0.042487408852701705
549;0.03767007087457015
550;0.030256363452200022
551;0.0781131567994015
552;0.012841701590010546
553;0.059962675583931604
554;0.08492138874377812
555;0.049810270404629015
556;0.007515044484683842
557;0.026637610271758407
558;0.09472686555614225
559;0.02845060985247935
560;0.04341627520208487
561;0.09879372124244765
562;0.07145842755351688
563;0.060785798407022265
564;0.06163611701840356
565;0.0621100030195027
566;0.03598777444149381
567;0.0630435314362857
568;0.03602898515357396
569;0.07016630086561966
570;0.05235634994570282
571;0.0868248425845082
572;0.06374742228101095
573;0.05516402279185045
574;0.06947903515409423
575;0.08908638985321982
576;0.07281599385828601
577;0.01577402661794384
578;0.07005601655457044
579;0.04332048965460633
580;0.03553035832979458
581;0.08203115640731759
582;0.04633595554024145
583;0.07602013689114902
584;0.03653122262753115
585;0.07337696921491282
586;0.014787044524575965
587;0.04468508677534921
588;0.001998326976946663
589;0.011307494909214856
590;0.04021829161343842
591;0.04972335582134371
592;0.020114854154349326
593;0.08974084708301289
594;0.009908497725317723
595;0.08544172662310914
596;0.03717211589840049
597;0.07475084305088896
598;0.017845909120377656
599;0.051760493418616584
600;0.015384251221645717
601;0.06544278045811291
602;0.014803548229861541
603;0.048424387211155745
604;0.08812715549005544
605;0.031735616574936724
606;0.05592560805210705
607;0.037058582197645296
608;0.028146494940059098
609;0.09287947699649036
610;0.03598180236270453
611;0.04911941701531225
612;0.04811465327179029
613;0.0810771258922532
614;0.08615172119212688
615;0.021776594488772706
616;0.030621593724131535
617;0.015058891171684907
618;0.0448976847972366
619;0.07167416441866054
620;0.05090087479368869
621;0.045980848532881625
622;0.08254741879293186
623;0.013383835270883404
624;0.011499028674094648
625;0.019365455573047387
626;0.013296920983954165
627;0.09034191969754013
628;0.02861263548950076
629;0.052702480467895475
630;0.050130351932206746
631;0.08242145401080282
632;0.08354587711061423
633;0.048952280004126505
634;0.022957582465190442
635;0.0971182963731991
636;0.03452461085491385
637;0.02246443965493169
638;0.0444704450822656
639;0.0005021362397730101
640;0.08770000474594408
641;0.09843119311368315
642;0.04711943136231901
643;0.05462126411482054
644;0.07413072765703617
645;0.052101611369766536
646;0.09290766249388675
647;0.09049204569186751
648;0.09726473690772904
649;0.07310050308360418
650;0.028851700257554947
651;0.05138502878861371
652;0.019087397845870747
653;0.085244902590232
654;0.08481377650406927
655;0.08477546893310509
656;0.04416826518066819
657;0.03376065419844978
658;0.07566620549016356
659;0.05040182900676432
660;0.021636078248338964
661;0.06829932998555238
662;0.008590645361513983
663;0.027618104669295575
664;0.07704335183931428
665;0.06248157363033813
666;0.07994132550657687
667;0.02287487463784467
668;0.02742144919705941
669;0.07957278956214321
670;0.027013074275090445
671;0.08384876614375568
672;0.08969482090865294
673;0.03479939483569551
674;0.08791821659683868
675;0.03888004103131836
676;0.07545454663080503
677;0.09929696087611943
678;0.01136106573909852
679;0.051603748424088464
680;0.06906327196694019
681;0.0260906135298155
682;0.04471156984538946
683;0.06625748684295349
684;0.08628570275094573
685;0.02164649362470268
686;0.009827144346252915
687;0.029967723407387438
688;0.0087086083150553
689;0.004366824057255725
690;0.09003744326265785
691;0.07573027670500784
692;0.09060300871712533
693;0.06093943694387638
694;0.019235768545155397
695;0.023937830684846274
696;0.0723923154145893
697;0.0974766521158094
698;0.03827515347037091
699;0.06493258705304132
700;0.005215684682391597
701;0.08595489255227985
702;0.09644854870133884
703;0.08354446282809122
704;0.08396414786923272
705;0.09893592197087987
706;0.062210251509190254
707;0.010833221718081144
708;0.07341669257288574
709;0.018897141201506443
710;0.047916331686276493
711;0.05295125084124395
712;0.09357965543118898
713;0.0032709639487040754
714;0.06842765557821054
715;0.05956949917405174
716;0.07537866528117709
717;0.09986747316937586
718;0.05629865685272509
719;0.0057125304566633455
720;0.042058814077929246
721;0.09644859605167391
722;0.08093640572653427
723;0.027643089548506507
724;0.01683230503610075
725;0.09506501870801387
726;0.005360851073763007
727;0.0242318032525503
728;0.05567874957874879
729;0.007109779428263963
730;0.007730126068134779
731;0.011959472498798019
732;0.06666829086071081
733;0.049041119283672496
734;0.008497025788057656
735;0.013819065238520657
736;0.05469237049175555
737;0.08284275292635801
738;0.032341907536243476
739;0.058796965329575214
740;0.0919687182859993
741;0.056365067949137294
742;0.021938734290256803
743;0.04138122743511962
744;0.024649841957066612
745;0.02965473342056474
746;0.014768281803615769
747;0.09295479501599313
748;0.01482910693381111
749;0.025988671354500482
750;0.026166299235746517
751;0.06656357494540265
752;0.042964434189320305
753;0.05349829294982886
754;0.07402395911763714
755;0.08154786333498383
756;0.0650845564629735
757;0.0714139106127418
758;0.008924222317637943
759;0.044934534804109354
760;0.005663043482444719
761;0.016929979980597743
762;0.0018552166257212123
763;0.07001653036285951
764;0.00023763374024968754
765;0.06803076223939432
766;0.0634386843003198
767;0.05629864243882178
768;0.016914362281176622
769;0.005234056403630694
770;0.035229917315974635
771;0.028930517401194445
772;0.05242201649428763
773;0.048869283802011276
774;0.054430962509544684
775;0.09056366920789949
776;0.0874729623340351
777;0.09501538088690958
778;0.0011114173430885278
779;0.05200312071778229
780;0.09204017383156873
781;0.03995763987549871
782;0.09370882306219926
783;0.04273231698834149
784;0.011324435949204403
785;0.041462438862625774
786;0.07409622239709525
787;0.08445648611143931
788;0.058824347871222704
789;0.09001892661694376
790;0.05921458152120784
791;0.0621620213042174
792;0.08015970664748714
793;0.03311960802755919
794;0.04892929884903377
795;0.06856418554492269
796;0.01610213215770584
797;0.019269860372716864
798;0.09502561397225713
799;0.06450849994862182
800;0.018175374784635944
801;0.08273817455637744
802;0.04286823343013374
803;0.0010794512595659444
804;0.0852940978372856
805;0.04561332919135422
806;0.0425958930665879
807;0.08844902142293329
808;0.038971704796931565
809;0.053088979586012365
810;0.07206229692118869
811;0.02799221795871313
812;0.037840103910498836
813;0.03364364246141532
814;0.05285850262600298
815;0.08540476432996302
816;0.09927499373059939
817;0.05828952148657444
818;0.026986665056863337
819;0.042936695273486106
820;0.08757986653138715
821;0.06362942738722654
822;0.017291712738764297
823;0.0637517357164172
824;0.012531311836327209
825;0.015804006739674692
826;0.04415182731205485
827;0.0695618567306505
828;0.015373125348775774
829;0.0013749285679454438
830;0.017463591117055113
831;0.050461291534941714
832;0.0798966727287983
833;0.0513715439472829
834;0.06066350453178293
835;0.06978564396755586
836;0.011887247669470469
837;0.05867272170156325
838;0.06142139848650752
839;0.02807935209733775
840;0.03954744788896523
841;0.008314311354763293
842;0.01633262275514913
843;0.03418309646978897
844;0.06823083973214415
845;0.07629779672716445
846;0.03177485892551076
847;0.07435155297230356
848;0.022162890943836
849;0.07816155808596525
850;0.04086947752239585
851;0.027653948124805053
852;0.05176976052330465
853;0.07913191419821333
854;0.002592946323401857
855;0.08981596577200762
856;0.09688352374211147
857;0.07546591361555945
858;0.024193168435978574
859;0.01833480273658783
860;0.007071905617577934
861;0.008447835579099472
862;0.06795706549563654
863;0.07204792730668429
864;0.07341256990049515
865;0.07167971622182147
866;0.011707156406477116
867;0.05920949351838417
868;0.06036896150926029
869;0.07587770584073003
870;0.08638870654464785
871;0.05021868443131339
872;0.02236490225017841
873;0.022727343845867054
874;0.09400225458515048
875;0.021240073929689754
876;0.045985499024752935
877;0.0682249598397733
878;0.06249406687083014
879;0.011858891989443744
880;0.05479313569740385
881;0.0018179435089423325
882;0.013504429627403136
883;0.0752769985879839
884;0.003076718612519647
885;0.06797415678157771
886;0.012606875909710415
887;0.004979156903625582
888;0.05136321373199848
889;0.0431596424424463
890;0.03883822383081317
891;0.08778309299933451
892;0.01667514549688116
893;0.030252589673468014
894;0.003401879005071651
895;0.03992548224184436
896;0.0948497472063891
897;0.07334029836323132
898;0.06610680430511794
899;0.062016721907157214
900;0.012371682846265986
901;0.03634476693612883
902;0.039657645033570776
903;0.033540357502770124
904;0.07618305536809669
905;0.07088553204064882
906;0.01675549802077665
907;0.05178690118461474
908;0.07371811656022287
909;0.06600210825510748
910;0.010570010398846141
911;0.026854767739963783
912;0.041726065919244486
913;0.06827319459290984
914;0.044185485135154745
915;0.03528988531150158
916;0.0951235003293896
917;0.05599796414654449
918;0.032767200282241817
919;0.09169564991697586
920;0.0063389148884297145
921;0.010724958417976405
922;0.07158460123891507
923;0.07710092732691937
924;0.026748871021223065
925;0.07433311097135674
926;0.04344736746034046
927;0.049653931588318836
928;0.006472942205629273
929;0.09625068754130853
930;0.042935069908543545
931;0.04918040046019681
932;0.08306686863475382
933;0.03263124170646901
934;0.09149145847865864
935;0.021802833670550116
936;0.02173151516001195
937;0.07027876463598912
938;0.057291846715651296
939;0.09730014788981488
940;0.05202973855890766
941;0.06711633853534245
942;0.060153400352255595
943;0.00352430701020815
944;0.0498508234942025
945;0.07183460375895322
946;0.03031893677981079
947;0.06377252623015593
948;0.07531955169646286
949;0.017561536211466913
950;0.00697192923925375
951;0.036326685546114526
952;0.06793279821199032
953;0.05286416359984916
954;0.007569286031409573
955;0.07784156325066201
956;0.0631989032379987
957;0.0450566510436949
958;0.014428803567592819
959;0.033930600391339605
960;0.033914608744655926
961;0.06850151787095313
962;0.05844127031263363
963;0.040616390370983
964;0.054113436606437484
965;0.08632729470902901
966;0.030266049349763603
967;0.022207427848150996
968;0.09497879859954239
969;0.02320972361202467
970;0.09963440437145749
971;0.07993015561169667
972;0.0456407438098614
973;0.09915958858996017
974;0.046269036485197035
975;0.02801976085542084
976;0.06352702389328019
977;0.06959389930437752
978;0.07666617907792905
979;0.04804284076314846
980;0.09761612980798899
981;0.033622788268861496
982;0.02343403935781481
983;0.05435799310372885
984;0.025979307015665132
985;0.02981474970096426
986;0.006779026794009613
987;0.01258763111772422
988;0.08127259997504027
989;0.020339110311610155
990;0.07491802463842989
991;0.028077980114454528
992;0.02968708826685509
993;0.08734627110871969
994;0.015141160670424992
995;0.07241746051169161
996;0.018764736607656297
997;0.040737401160456446
998;0.06304829387172926
999;0.07700149498564056
1000;0.06196934752182956
