1;0.028940269798747434
2;0.025771309967033897
3;0.021192389763842856
4;0.010500509147841331
5;0.09639578923814199
6;0.03624287137791744
7;0.0656948790182673
8;0.07532725869609612
9;0.09388997451080516
10;0.04626558145948161
11;0.038892869315521474
12;0.05990254165039131
13;0.025158568101351832
14;0.028449765620528145
15;0.019145752602812094
16;0.05909205033939785
17;0.05593723426893607
18;0.01671094844912512
19;0.08454207704942523
20;0.01966439558214026
21;0.028491950385135235
22;0.016266709677172187
23;0.054718495382261756
24;0.06831617698224063
25;0.08039254889700431
26;0.019085651463382803
27;0.027347087737304245
28;0.043126418851434936
29;0.06488533507463802
30;0.0889894650195399
31;0.079796057640711
32;0.011530905094035971
33;0.06385583582543745
34;0.03889787140084159
35;0.00703093379275136
36;0.09867911449282377
37;0.07247148260874965
38;0.09027846838812825
39;0.06822752970721391
40;0.004588147365927675
41;0.05781012111205017
42;0.09712336112428371
43;0.044249953264784286
44;0.06614647565281326
45;0.09086182277443833
46;0.04527742086360445
47;0.022914190975266913
48;0.0051706609828329865
49;0.006972125265597384
50;0.0038447975981158013
51;0.05841119053642907
52;0.08182056081421092
53;0.0188633034806063
54;0.03517198628612461
55;0.06196461373268772
56;0.07218049386090493
57;0.0641965137600957
58;0.008087438367472832
59;0.008676454898908503
60;0.031430767013697285
61;0.00988625558671643
62;0.003041112974302829
63;0.0990354448151034
64;0.0032451613086193713
65;0.05296966329959927
66;0.05403318171224362
67;0.042783486354117356
68;0.002130247330119861
69;0.08065792416967187
70;0.006206660628347194
71;0.0014214241424705177
72;0.06280843237066476
73;0.08666234862684774
74;0.07929660831881752
75;0.041324552206388754
76;0.06836129517899879
77;0.06356541325428659
78;0.09179826463707949
79;0.026312110356863618
80;0.08969620915245051
81;0.07334761899709746
82;0.017724887747210684
83;0.024244804281314914
84;0.0914941282542378
85;0.030613559806087976
86;0.05516345670697728
87;0.0877828615507089
88;0.08206665131863597
89;0.077616134340739
90;0.005160408616774859
91;0.014363585930665801
92;0.025709364262046598
93;0.07258576757064915
94;0.05796311954517757
95;0.007470547834596031
96;0.004443655909728206
97;0.0952453481718218
98;0.09238411949280895
99;0.024601414243763588
100;0.0373434978856433
101;0.07757110114625049
102;0.06418391897678029
103;0.04625880555610032
104;0.04987068382749615
105;0.002868375013312319
106;0.06050566113568884
107;0.04521446632817442
108;0.04813285508561221
109;0.022721317062832126
110;0.08487744442627188
111;0.03917692597474202
112;0.05275820756392938
113;0.072407630639336
114;0.08887204484884216
115;0.016884148088713736
116;0.0069349777900680094
117;0.05242445143477992
118;0.06680830331724408
119;0.05846858929592378
120;0.007172522510056712
121;0.0672927451725369
122;0.05268296871493197
123;0.032823726580638445
124;0.09205209584797353
125;0.04249477422951614
126;0.09297264448207732
127;0.06076957441223581
128;0.05747747467603416
129;0.004212869596987823
130;0.06252632140783458
131;0.08130070259699534
132;0.03824829117924231
133;0.0521085527829548
134;0.05125047367375322
135;0.05832814663106137
136;0.08271034220467322
137;0.06573770439333541
138;0.09962678943332975
139;0.07954691645736
140;0.020536568767232047
141;0.09221014554714117
142;0.0564386719714097
143;0.031407130227289526
144;0.022963894047181622
145;0.028101573339808717
146;0.039026160481269605
147;0.09865574805446546
148;0.06389203459268937
149;0.03110813767819346
150;0.0003369964002553072
151;0.04631966382692633
152;0.0492775003067967
153;0.09266023592360817
154;0.05214855907023119
155;0.029240879528048283
156;0.030730780674557458
157;0.06896882292965607
158;0.06442960602400963
159;0.038818801660632965
160;0.0013344276335796935
161;0.07879232205924977
162;0.0377670427473171
163;0.0800737501208374
164;0.09848390191706125
165;0.07262463656595351
166;0.08431522208132705
167;0.054128911985928035
168;0.05366927528770498
169;0.095867138915674
170;0.039336129371138166
171;0.09081756391304684
172;0.050886660847075806
173;0.05442460945758875
174;0.08889158071958214
175;0.04553781368744636
176;0.01738119546270629
177;0.03824101800915733
178;0.09062080212589452
179;0.08732616923709544
180;0.03486908671089826
181;0.056400130270201666
182;0.06797676084722398
183;0.006291754897723323
184;0.0018038409786627408
185;0.0901899127264057
186;0.014331917489806457
187;0.05017203649652864
188;0.06874468277031015
189;0.05375243960160301
190;0.054993184412125355
191;0.027076801273020357
192;0.09678124036601349
193;0.03196041331295194
194;0.08810527145995467
195;0.03241447573826826
196;0.07362749588478089
197;0.03933016530666072
198;0.010119331840121194
199;0.09952714619473313
200;0.01837949198227592
201;0.069536464604057
202;0.07338041461662355
203;0.018981281483137026
204;0.035641647544901414
205;0.09109366564256212
206;0.06245370718862915
207;0.09807598489288864
208;0.059125555315218827
209;0.028503687708112048
210;0.06375232696811103
211;0.010188516170167096
212;0.019392510259207265
213;0.054023228499890365
214;0.037132599579808905
215;0.012772574258006143
216;0.06044207245127386
217;0.08324893885922394
218;0.06718491604866236
219;0.08304152865517346
220;0.0011349745480597306
221;0.04542535424711835
222;0.06037504080293134
223;0.07334006733171279
224;0.018782340119312714
225;0.03937288625901878
226;0.01279796988935701
227;0.06886130262656424
228;0.05017777930965805
229;0.0152873608225354
230;0.011912688990450216
231;0.04429378142930085
232;0.046625596216123194
233;0.026210195565945185
234;0.0497012310517605
235;0.0766632252050935
236;0.04888893308799609
237;0.056189318986185566
238;0.020318789827812846
239;0.026373022428028116
240;0.07296215698333595
241;0.013279734094232798
242;0.009832402572594035
243;0.026267661482427363
244;0.04682452237776581
245;0.016616509433485204
246;0.012637267931323616
247;0.06195490853282749
248;0.06471832274443494
249;0.002957707723154868
250;0.015604413039455423
251;0.01808898550553928
252;0.07997215284602151
253;0.053559359804124664
254;0.0925653323503237
255;0.09045713247421115
256;0.03476115372034364
257;0.09889789668422821
258;0.014458312905929284
259;0.09716915126439872
260;0.03204992144089174
261;0.05647336331106548
262;0.08536785354246075
263;0.05221614012054318
264;0.08487766182018523
265;0.08761753975449005
266;0.04667406572370251
267;0.049812366860664405
268;0.07967177813037744
269;0.06923518650357129
270;0.07547720931614908
271;0.06282673671363584
272;0.03272674875580156
273;0.07396053259160766
274;0.0006696619847492591
275;0.07419201157689809
276;0.009849427437241643
277;0.013376530763574812
278;0.08602355600272817
279;0.0911149483807946
280;0.08917006995150609
281;0.03141439582654506
282;0.027686379248413884
283;0.05207157092768708
284;0.006113048683597089
285;0.07436638275185058
286;0.024023976429785866
287;0.08273160153620601
288;0.051348562569781014
289;0.023164873223712235
290;0.06303573256547443
291;0.09051459299155193
292;0.06584960107912011
293;0.04040288306918888
294;0.09015274081712957
295;0.034991439829411386
296;0.040381081358436335
297;0.06784306076661228
298;0.05308674757946977
299;0.0019032872600396546
300;0.039247865765180925
301;0.08102751927091444
302;0.04212062584924567
303;0.0659443446274028
304;0.03294313438057866
305;0.016033601154686463
306;0.0872829104820409
307;0.030466681848172618
308;0.00264190723807507
309;0.07944068346335324
310;0.049774486489557915
311;0.07237771013302839
312;0.01777954087749174
313;0.0033513000064120725
314;0.09022727003228755
315;0.09739981077036895
316;0.01543101703652562
317;0.08515492105042846
318;0.09723295467846817
319;0.08637915207423989
320;0.008727895415798282
321;0.03514950975548364
322;0.0625994970210201
323;0.06777855618236475
324;0.08570854991375428
325;0.06999453866391701
326;0.01016096287953604
327;0.0702390800465426
328;0.039855551555630746
329;0.0902141539603131
330;0.07062022209752702
331;0.07526689609843508
332;0.08112887757797692
333;0.014684017008019435
334;0.010307106528732424
335;0.04831531290787037
336;0.044325433748736515
337;0.0724126094951883
338;0.0872786251678297
339;0.07027299596666575
340;0.031021785674986892
341;0.007754743203471071
342;0.018786377341877082
343;0.06314595138955811
344;0.0404315326993725
345;0.06393090290399882
346;0.029831425208136322
347;0.03550237042634759
348;0.06048946276054991
349;0.011519450373574582
350;0.04448855884699804
351;0.06334528521995274
352;0.050501351585922616
353;0.023537307489358172
354;0.04654600064890151
355;0.08115069218976621
356;0.03575862122784568
357;0.020962673286400627
358;0.09604513314175421
359;0.06495301564504909
360;0.012424006268266674
361;0.018143204561871563
362;0.09234373479335332
363;0.07613356710128868
364;0.06914964808375487
365;0.0455775710784508
366;0.030558452332979092
367;0.032493976906992184
368;0.09856885345052409
369;0.07635698030494241
370;0.060343587206440355
371;0.09418030546468377
372;0.06313761856555943
373;0.09467746652258921
374;0.03157911796713691
375;0.029759264021191657
376;0.07218958987982815
377;0.0004547907633576043
378;0.012185120591554422
379;0.010889285203595323
380;0.025719243606484133
381;0.05652509088070228
382;0.061086361104352616
383;0.03553409654959482
384;0.09621739374626526
385;0.08959863183844852
386;0.058164084216406176
387;0.0011648591152727539
388;0.036618051070289794
389;0.06627282184457393
390;0.03992240231223226
391;0.03751176168742283
392;0.09931526558162186
393;0.0996976274473214
394;0.056818854723983084
395;0.005385958673448765
396;0.09336767272070666
397;0.08547850565700751
398;0.00804112894755199
399;0.005840810330616253
400;0.05921429925209468
401;0.02810575483063792
402;0.013374650994464499
403;0.06338676385195006
404;0.09199190801793805
405;0.08489448992179077
406;0.018836716438329393
407;0.051075528824444764
408;0.03658594823596711
409;0.017545195501149847
410;0.09574370685464394
411;0.09311111074497079
412;0.08630281510957304
413;0.025746489229939364
414;0.09635138468076056
415;0.015110168447213447
416;0.06250459496001527
417;0.00992647642911767
418;0.04731155804823877
419;0.056775037038798895
420;0.08945158700141748
421;0.09191394627620021
422;0.04080406538731001
423;0.0624705267916768
424;0.03110182200623598
425;0.02393826944611889
426;0.04234438609890391
427;0.08228337194209334
428;0.05368979085576106
429;0.04927055942008383
430;0.04221971120756776
431;0.09505188278042666
432;0.07851299703223952
433;0.0884243244321609
434;0.05842633876125217
435;0.0664526581403413
436;0.026523422038560663
437;0.0486716717354935
438;0.06092185308617252
439;0.041148445124143146
440;0.04004116426115926
441;0.06348799389940879
442;0.09934855682946649
443;0.018619728486903655
444;0.01235761908944516
445;0.08058797719568704
446;0.07762879979726743
447;0.028083903534952038
448;0.06364694967635258
449;0.021078222377937918
450;0.06761743586207432
451;0.03429704579670924
452;0.07958964735967812
453;0.02870003959760885
454;0.09702817539396744
455;0.0004424472663580037
456;0.01673392479981183
457;0.04286591842686112
458;0.05500844329750937
459;0.021875861329447188
460;0.05268523196674185
461;0.0511293322223437
462;0.0740197315341667
463;0.0600798097055294
464;0.08306187547545016
465;0.040578158622648165
466;0.09629351384646291
467;0.06602885740118603
468;0.04468306988690726
469;0.054906533055666056
470;0.06867098799249104
471;0.08848569952802007
472;0.08777607506288815
473;0.08335480047692954
474;0.008089251441158752
475;0.05175980924347037
476;0.01754824062911232
477;0.05464480068042026
478;0.05283663442352912
479;0.03115790386940992
480;0.004058041502771881
481;0.015700291039711867
482;0.07379489614078598
483;0.05243404603656904
484;0.09986593559042467
485;0.026592918997878513
486;0.028854355551377088
487;0.06154817753113382
488;0.02416764336294465
489;0.02742339248408864
490;0.02188927355326331
491;0.020044923399179883
492;0.0923181868158157
493;0.05937843534794553
494;0.0786734801621651
495;0.02753097395463934
496;0.04970893051010194
497;0.04073346973476832
498;0.0872918860496751
499;0.06738907946483948
500;0.04810295744062829
501;0.09876264732919283
502;0.0010738781793171671
503;0.09451592345188799
504;0.013165526021466423
505;0.039329986614717365
506;0.016786457824006097
507;0.004350815366003436
508;0.06509203567954634
509;0.013556072802856589
510;0.09540698753921124
511;0.017458543424427955
512;0.035322342771231384
513;0.009843142058106458
514;0.09081944802284497
515;0.019908533756322955
516;0.049561766729415015
517;0.01913387633984286
518;0.09715207289123663
519;0.03125939881082075
520;0.03900520303785309
521;0.06386505989685128
522;0.056336220219334154
523;0.062012876971441304
524;0.08066275108740571
525;0.05162633447931001
526;0.0013303128493205253
527;0.007648422329734373
528;0.020910493550561196
529;0.05124345130128391
530;0.06768594268095225
531;0.008802917013047617
532;0.09802344292890158
533;0.03494270709065896
534;0.0608568470557681
535;0.045319890231629315
536;0.053022346831963364
537;0.02127643714096389
538;0.0014075606817284259
539;0.008858972438332002
540;0.09047485793224269
541;0.08253378668604927
542;0.05198968172790563
543;0.005510478581779443
544;0.035390853272553695
545;0.04370683703451548
546;0.019618116990769166
547;0.03709655771842473
548;0.08796562333685337
549;0.006688348897019126
550;0.010348209775572083
551;0.007283502450055868
552;0.06965682873428751
553;0.04191488371768579
554;0.03334911243805701
555;0.09826427204821549
556;0.07750316992917573
557;0.08631884973979409
558;0.08586228251940603
559;0.07186131197513887
560;0.018179858450558573
561;0.000939779827870102
562;0.0617461229357078
563;0.08125316536411253
564;0.042487062356566255
565;0.0713139324924229
566;0.07119798156798578
567;0.09751833977034424
568;0.04472145613468446
569;0.05435679405148484
570;0.08832910875613775
571;0.053529124396318045
572;0.014189089721395222
573;0.01098716549329355
574;0.003720580879082225
575;0.07909817625670756
576;0.0421331739475159
577;0.06677499950315856
578;0.04094457228209976
579;0.09605955506608757
580;0.0816622884500973
581;0.08210334913898375
582;0.010734977868320485
583;0.04689384919094557
584;0.019051460601233795
585;0.006647354116803695
586;0.002396291590742195
587;0.048812532033938476
588;0.06576888912086373
589;0.01686250600340248
590;0.0010050752059545865
591;0.06917711834952325
592;0.06360644839468153
593;0.03310876469328283
594;0.06568001537398903
595;0.04912678013723895
596;0.05135910626181478
597;0.08928426454713634
598;0.08230737421743019
599;0.04175195858686425
600;0.040477050294938144
601;0.06898275196479675
602;0.0026316809922083077
603;0.0075277782458719085
604;0.07697554906453707
605;0.08914440922875033
606;0.02273738996208341
607;0.03715824596215896
608;0.07766549598015932
609;0.09221659957875357
610;0.0587176750415228
611;0.0752525414399109
612;0.033035476400745944
613;0.07155022939467652
614;0.014393234257897493
615;0.09722154119622874
616;0.0601205203514573
617;0.01844652674490559
618;0.016852625577062085
619;0.053040394830814214
620;0.09905945621547035
621;0.016427143953347347
622;0.07277638794665368
623;0.0444816960680659
624;0.08675841697284198
625;0.060324036377330685
626;0.04240060633755075
627;0.06298755142750258
628;0.05481519317792763
629;0.07068575211478388
630;0.0743726048540613
631;0.09630519836905767
632;0.015269360689868096
633;0.04735018145900306
634;0.015220384000058297
635;0.054795312731263236
636;0.006573887874242102
637;0.06080383881476762
638;0.05261575652070614
639;0.05431025899162259
640;0.0292818478577511
641;0.03758775536940592
642;0.033266530391709175
643;0.020989431726809504
644;0.09150826601185949
645;0.03638190689807202
646;0.04835967098245858
647;0.042375508338042926
648;0.04616702409928778
649;0.0639443812793255
650;0.020360994224612086
651;0.014430535454443184
652;0.09734236497382814
653;0.054334529465949105
654;0.028945674373870023
655;0.04221787567443783
656;0.03635915559833671
657;0.004753163421539319
658;0.07089200316513096
659;0.00819003461512481
660;0.05269722691304925
661;0.03908437561382749
662;0.03648334729307522
663;0.05065764399115013
664;0.02795366214900881
665;0.09785241090047178
666;0.01991942340682249
667;0.06522400112740347
668;0.016804689605341493
669;0.049713069996104246
670;0.07883773944014322
671;0.03430448567763812
672;0.010122472254674109
673;0.055044929319539075
674;0.01039787395014965
675;0.008803018451153421
676;0.02725924034463283
677;0.008888615567300473
678;0.034043355825588685
679;0.08014770440398294
680;0.05367752759788616
681;0.06831268827790278
682;0.0900920999134113
683;0.033952981834048414
684;0.02190186719740759
685;0.06746425464712204
686;0.0659546044841562
687;0.04933790420463785
688;0.08679635070505695
689;0.07569098216778061
690;0.056504934158219014
691;0.07056005400129864
692;0.02841702406107377
693;0.008648124311646811
694;0.07951600456082875
695;0.06351247185118523
696;0.02718843477632865
697;0.06908039308669865
698;0.0833827021952177
699;0.07859140564054931
700;0.004010526544190741
701;0.0028368773801356385
702;0.027295767161757523
703;0.026966815051225404
704;0.02062490313416342
705;0.00998296936654507
706;0.056263122036510585
707;0.04081399946893774
708;0.007718526836034245
709;0.06403861924018513
710;0.04458400196504774
711;0.004448384220551527
712;0.08458129625998911
713;0.07536543547098123
714;0.08938102101560744
715;0.08534144425816745
716;0.01639383339217988
717;0.09519119832505213
718;0.05647539275055028
719;0.04129504146548744
720;0.03733955644665974
721;0.07815456182902467
722;0.0002571402891046515
723;0.0836777808700772
724;0.020202180602313737
725;0.07014534136293869
726;0.09916765440307726
727;0.07859516542135374
728;0.043199710561923635
729;0.030633112131684792
730;0.0063189367899341604
731;0.024935410566319472
732;0.042594788101857156
733;0.06829837880691506
734;0.018628184436077312
735;0.008207285027970624
736;0.07056653519077057
737;0.013637208985373373
738;0.08102761414271581
739;0.08231902331801048
740;0.08622947053346734
741;0.06429847208525337
742;0.06193736954984844
743;0.09392940218701253
744;0.07749916212080564
745;0.04533612710254338
746;0.09101194323201171
747;0.045071629931188156
748;0.043586168545983066
749;0.017462669084606253
750;0.07477744183335445
751;0.07637700014661992
752;0.025897366285269497
753;0.004408831222375365
754;0.09878438973532383
755;0.04204251122923093
756;0.0805024939302322
757;0.08954929760691871
758;0.05365501514864357
759;0.07240658880949814
760;0.010109975563268937
761;0.06408256923844917
762;0.0657082456477063
763;0.02105428237199891
764;0.0010929187733629386
765;0.04791071874406754
766;0.08579027591975483
767;0.041058145855079234
768;0.04650095105982535
769;0.0885313906720028
770;0.005101526144273338
771;0.04811664713857649
772;3.348144400073805e-05
773;0.04388778085337752
774;0.05539503882912328
775;0.024402894426630063
776;0.018159295149845656
777;0.027053228576463775
778;0.0064603027921952055
779;0.0662623946057511
780;0.019683897869745483
781;0.08655084396064006
782;0.039024849742404215
783;0.05625245022623454
784;0.022001762352104406
785;0.005210988600998301
786;0.005780683410579002
787;0.02047175290837402
788;0.0555905571820199
789;0.06869708127216351
790;0.02392006594920462
791;0.09490018113118426
792;0.02298963703456979
793;0.05271090979153138
794;0.025068580729600554
795;0.06093843659366221
796;0.049964936933300785
797;0.012088076522571557
798;0.01999283164799124
799;0.0910528330138703
800;0.028552510674820255
801;0.05782987717476215
802;0.06860101119800131
803;0.07589749332055293
804;0.014805724355368878
805;0.048486669041182553
806;0.023967360144529926
807;0.08400304243317887
808;0.03730967009753435
809;0.09235590566513167
810;0.03168622113682127
811;0.08167092222472995
812;0.04493770737673769
813;0.011082400247410352
814;0.03844469515797492
815;0.08904746826625881
816;0.028808947187348524
817;0.07405998081467018
818;0.0730661730263279
819;0.0989638245664542
820;0.06477213902874644
821;0.053117685900066915
822;0.051290221837502786
823;0.012330700648184001
824;0.042911892554154445
825;0.015916311597110645
826;0.09640558602698811
827;0.048398347394850307
828;0.06383402844597659
829;0.062306187115226175
830;0.050481825537423475
831;0.02206450017334606
832;0.04694027165345269
833;0.008430103919624411
834;0.09909660291804549
835;0.04334441368275535
836;0.03474927963528617
837;0.08628533894007087
838;0.020680017922032414
839;0.050828199459258906
840;0.03198437220057276
841;0.023970058843219268
842;0.07208718714111594
843;0.06764405411579072
844;0.02753126723372389
845;0.06193448902328888
846;0.010216377199928794
847;0.09172221619910989
848;0.0771053434349902
849;0.08976508070939093
850;0.016942091335113152
851;0.03942738661905662
852;0.036463765142438945
853;0.03964107481968229
854;0.023327251235849555
855;0.03787940938621111
856;0.09995737043438922
857;0.09091228104020094
858;0.05478414393687379
859;0.06220343317428108
860;0.08239256959156753
861;0.05840445442249992
862;0.009495850659596706
863;0.047443546972520526
864;0.018046611180582428
865;0.07693845534198904
866;0.06410250804898289
867;0.0806174623522552
868;0.014468697750384951
869;0.0746624497806305
870;0.023362490600371336
871;0.08911662100556589
872;0.07409381585766306
873;0.06432907377370584
874;0.07199080728315012
875;0.035219023751416
876;0.0346412972076826
877;0.07178590276817556
878;0.07919331851068308
879;0.007492042688333367
880;0.04238308630403307
881;0.02983705801078447
882;0.03782287580815333
883;0.03237619582960728
884;0.0768503625957722
885;0.07441477615980567
886;0.07247509140809295
887;0.018296142594604548
888;0.07998916494320986
889;0.08709575849158169
890;0.030080979445111768
891;0.06594426009951268
892;0.04257487558281782
893;0.03309802138455133
894;0.07333279121539803
895;0.08072482423454472
896;0.09949749751809243
897;0.051535015961222445
898;0.007817919048660004
899;0.0704472424463737
900;0.062150038666124834
901;0.046953746047038364
902;0.06399930266355457
903;0.09402346946412268
904;0.04536934121413773
905;0.03340620500761734
906;0.022279798652530203
907;0.09269006144320095
908;0.021834887993849295
909;0.017745808387711816
910;0.007345337312364953
911;0.07656828781332142
912;0.0430808635900152
913;0.09810524084802924
914;0.08282052242841861
915;0.062257517965913445
916;0.07719203033832994
917;0.09897560999835137
918;0.05690587046874353
919;0.05592085856590965
920;0.002098872291709897
921;4.815279048461241e-05
922;0.07471250661798003
923;0.0341520874240264
924;0.042090521298975364
925;0.0027360705537324173
926;0.041321326583747556
927;0.027823508685899556
928;0.0643332259777413
929;0.041832606073458324
930;0.08598543976365525
931;0.09420788327554191
932;0.034834118088534274
933;0.01952585504407155
934;0.036337383573708075
935;0.056835833621161604
936;0.03521413134667944
937;0.01661577496194864
938;0.021998798996193336
939;0.08661884728282376
940;0.0007871508332876753
941;0.03523594358091055
942;0.021049054337705753
943;0.017214887949403523
944;0.035794566880093304
945;0.01387988910405249
946;0.05422245736826495
947;0.06876570348254778
948;0.006688879259564429
949;0.09881584304342299
950;0.09837523181540814
951;0.024834990308877092
952;0.09101489229536544
953;0.03638773438484864
954;0.08979738340189586
955;0.019548005600314257
956;0.0917947722386018
957;0.04974024083887414
958;0.055097934994622615
959;0.06534515265089257
960;0.020386114308806914
961;0.053705538001371414
962;0.028229858585731116
963;0.09415206902105915
964;0.01881884237439825
965;0.0018667166594373064
966;0.060092319492272644
967;0.04170790115216654
968;0.0008964289342133336
969;0.010256467805409942
970;0.09667454135339913
971;0.09184125688253231
972;0.05990638892752962
973;0.08092087902062733
974;0.08401280959068926
975;0.07696486951471497
976;0.04686066222770058
977;0.020528913457726672
978;0.07401509286574813
979;0.08277934905478246
980;0.006546078712032866
981;0.023516053281593688
982;0.025158412096028617
983;0.05515875954312574
984;0.0056079823363681565
985;0.04064810148678884
986;0.06344087663608285
987;0.025783189147958453
988;0.08337636085978924
989;0.03385515859332459
990;0.0004598832796492314
991;0.02985205031705849
992;0.03300142686761467
993;0.01596494517382352
994;0.059624824098610585
995;0.07973710220350973
996;0.0026221822576568024
997;0.0853626834254047
998;0.05967463909082428
999;0.022441017512335338
1000;0.08706087061348579
