1;0.058361629522905835
2;0.08188219844116865
3;0.0012730168486333017
4;0.015428667762686555
5;0.05232583849557853
6;0.03859255279462213
7;0.09742507039231368
8;0.013054074903596991
9;0.08896893554103573
10;0.04294958764545281
11;0.0375751345619219
12;0.0648498265208338
13;0.06044424578871498
14;0.03086022365072838
15;0.08456124787555783
16;0.0980922160947333
17;0.0741036910112715
18;0.061573922523669146
19;0.0873228512228596
20;0.08245435793613802
21;0.012909549513676
22;0.042246885392104055
23;0.08709944757540328
24;0.004867878781780888
25;0.023875098788429996
26;0.0028608334448757657
27;0.006508581057625618
28;0.05528586590814097
29;0.08216830569384072
30;0.012494233217157058
31;0.042844313595637035
32;0.02793509850526398
33;0.09206205930301006
34;0.038970970784048424
35;0.088391689378994
36;0.08214228984071593
37;0.012700484240075327
38;0.06799608535426896
39;0.011272187504232978
40;0.07906971056493516
41;0.09067855917718098
42;0.06457387585243209
43;0.018656199927897122
44;0.08659887428766685
45;0.05358775430148202
46;0.012767683457372225
47;0.05764494077600401
48;0.06949054258004127
49;0.08712346637922015
50;0.03379894125206232
51;0.02336778867009297
52;0.05360375036190099
53;0.09526312268447776
54;0.04586978337175062
55;0.0491051021415047
56;0.07218905224772523
57;0.03839607475542744
58;0.011636533967680197
59;0.021067785545495557
60;0.047804535354044456
61;0.09743090329953413
62;0.08997217408724045
63;0.07558074008940685
64;0.03770144959604563
65;0.01568020979969025
66;0.03339710524662094
67;0.03949689539026924
68;0.04255163008279636
69;0.04363340810325204
70;0.026620406898595697
71;0.09799771927466076
72;0.02918643054334058
73;0.04325424770537465
74;0.043472439366702545
75;0.018840339708230326
76;0.0815177324732903
77;0.05108044827003925
78;0.030787570856816816
79;0.01392445962127361
80;0.0263822129712464
81;0.08812461598335339
82;0.055109615093199005
83;0.03174358375215003
84;0.0272500048874348
85;0.05319618971735377
86;0.09685864726082019
87;0.03450334606446744
88;0.09451235550641818
89;0.045404338814575534
90;0.015909263372884043
91;0.02764468189032795
92;0.047492214261657534
93;0.040291253710791224
94;0.06776761219594245
95;0.06266245374274015
96;0.07880080143514656
97;0.022197267582148385
98;0.040604631091567395
99;0.0696565668734311
100;0.002270092890515063
101;0.01211247175922241
102;0.06775386767758877
103;0.015560660677718774
104;0.09808010777699677
105;0.03023258040694581
106;0.04371390459077449
107;0.013468876255220398
108;0.05760308953259979
109;0.09173935208090318
110;0.045959986737775384
111;0.08469906909485354
112;0.08217295994999259
113;0.09154501276815531
114;0.06832193077706249
115;0.02232391265913375
116;0.09684738275104071
117;0.08754701379943937
118;0.03289117813596594
119;0.07056776805685724
120;0.030616556175515165
121;0.005180256025354157
122;0.027753769542190533
123;0.0738560578213359
124;0.09631322730766519
125;0.07096425156034801
126;0.03831305404594901
127;0.04512134135756321
128;0.05167947596753484
129;0.009338845653679007
130;0.02495691201554251
131;0.06558487135086614
132;0.0796606433193988
133;0.08048107481866965
134;0.019917321787786015
135;0.0265026063769225
136;0.09588044789631413
137;0.03289461290547859
138;0.0850034148254395
139;0.06676756698162466
140;0.0855055005838366
141;0.02830226695640986
142;0.08621156959292177
143;0.030990386281918404
144;0.07290948575507841
145;0.0635340854167729
146;0.09986895441585945
147;0.015700873288814598
148;0.0010513320222759193
149;0.08083423380389773
150;0.013882316262947848
151;0.04856144516501122
152;0.0442834598261817
153;0.03373220610072175
154;0.0443153608984144
155;0.01014168987451698
156;0.03573886102836972
157;0.06109698432293292
158;0.015273866378793645
159;0.0002972558305324502
160;0.0218356404315449
161;0.008845488946638525
162;0.03596136102273219
163;0.002925036444252094
164;0.01130359565667316
165;0.02432066790787729
166;0.0012553311580224436
167;0.007728345479539933
168;0.009366076807769264
169;0.060338752059002576
170;0.0336401129813232
171;0.08003365795779832
172;0.08054075937961647
173;0.06247365479704245
174;0.05674776326318798
175;0.08296615175665033
176;0.051051087678757136
177;0.0583413860031959
178;0.08791912707003974
179;0.07688656333021486
180;0.014088764175546054
181;0.04015191003208051
182;0.030517876314477024
183;0.09482274697902084
184;0.04250697740473881
185;0.08650629313231692
186;0.06273138567510951
187;0.043749529183016646
188;0.06836192241520031
189;0.09013669248282771
190;0.03421865400562142
191;0.05324531458013287
192;0.0036261107783496453
193;0.08782954628490239
194;0.04030034225149692
195;0.06668212240569953
196;0.015528833227321338
197;0.0028128543331510606
198;0.02557524806023355
199;0.09426922048242169
200;0.010128224100808426
201;0.09490760442654372
202;0.042285622833976425
203;0.050200528317469954
204;0.0768522641940984
205;0.07321715237827148
206;0.001240354998737081
207;0.008769323536567675
208;0.011436988956414262
209;0.026011348949788005
210;0.09973771717847169
211;0.06781785656395338
212;0.06407344814810101
213;0.05337351069967951
214;0.029482069202482364
215;0.03609664774925186
216;0.08329929760007468
217;0.0955731584220059
218;0.06610178051388625
219;0.09176391987467813
220;0.01222238156459844
221;0.019172357254829287
222;0.0644538433270133
223;0.03261011177390379
224;0.07229631577196902
225;0.08457765340876397
226;0.01980345462594061
227;0.07761055458165635
228;0.007358421484395916
229;0.09009806388413094
230;0.09719335170444078
231;0.056119105021966834
232;0.030972203588267466
233;0.06926201937138592
234;0.027476302910820562
235;0.05152759125983149
236;0.016669293451874647
237;0.05401895913587806
238;0.08877410904003402
239;0.004637966707413755
240;0.005459665901611389
241;0.035511796940471206
242;0.0373377513487092
243;0.023097293583307213
244;0.08111805923202206
245;0.018752634532904836
246;0.080913115978626
247;0.028755950019255197
248;0.020242856180071156
249;0.01015544482300832
250;0.06256616768359928
251;0.007823475318040996
252;0.025981829468751296
253;0.0755174085954211
254;0.07233362797811672
255;0.08392255683959707
256;0.0907201795887285
257;0.016693195627486113
258;0.09543455563713427
259;0.08759137605973577
260;0.07184063426509645
261;0.07471927932176557
262;0.013565421176533421
263;0.08489996488331836
264;0.021154243694942468
265;0.03082441694644794
266;0.014198484290628477
267;0.0018192846164776346
268;0.053424009651067916
269;0.06461903443253568
270;0.056363580808154984
271;0.06536038825821372
272;0.015152278503650774
273;0.08398009144047326
274;0.08465152669671734
275;0.06614797137939232
276;0.057490299291402404
277;0.09233740021468466
278;0.02794930308967617
279;0.06888076773670637
280;0.023686689404314443
281;0.02792113030651383
282;0.014508630171925241
283;0.010590157382476918
284;0.0583595556609315
285;0.02402034875107999
286;0.048193863828962825
287;0.007984457193213713
288;0.09935413809047317
289;0.09177970333344054
290;0.002424738011211991
291;0.07996055796712558
292;0.09643648460555254
293;0.00989115884410654
294;0.09880608110780802
295;0.09201198001880025
296;0.07877358583489362
297;0.01767113970598484
298;0.013074188020294553
299;0.0030614085223718
300;0.04796233674946187
301;0.044752756091066714
302;0.09739091601666006
303;0.05096806923811697
304;0.0832844127461266
305;0.09711373144959728
306;0.03722759793661791
307;0.06224761368323511
308;0.04810135449901492
309;0.08700932018784382
310;0.07865331519799346
311;0.03162874118198922
312;0.09988902190422373
313;0.004619509205017536
314;0.018247635621100013
315;0.053257795530752175
316;0.09525262785997629
317;0.05532108009461735
318;0.019885569429929518
319;0.06825734676464561
320;0.060542528628222764
321;0.09994671555362172
322;0.012404465740872728
323;0.09964579221857779
324;0.029469545180368362
325;0.025713633225982135
326;0.0638567338671889
327;0.007968694310792668
328;0.04900703641488409
329;0.01770033913138247
330;0.018895846322211307
331;0.038413897760510345
332;0.07280574629593532
333;0.015321799140398652
334;0.09404387839420063
335;0.016728818006376524
336;0.03338224789814949
337;0.004641059067901343
338;0.048436723201844806
339;0.031109600156113207
340;0.042106915867872775
341;0.09787728242535076
342;0.03560455610563116
343;0.004216029961090129
344;0.09631955742310244
345;0.029220399965372557
346;0.06463879496497528
347;0.04524410824148161
348;0.09559185875991527
349;0.0013706793265791828
350;0.08862834871302389
351;0.06989468968610558
352;0.0428076727131673
353;0.044572914164700585
354;0.09343861322969158
355;0.050219087645003116
356;0.05153362097598862
357;0.07383272499366332
358;0.00031453287857150517
359;0.01579845612448624
360;0.027048327878224088
361;0.04232502423617021
362;0.05861485624533618
363;0.027795292197420773
364;0.020982012985811118
365;0.07998874605993553
366;0.08247386536154644
367;0.06534071847692301
368;0.05986062418899381
369;0.04805961097539307
370;0.011532879933739205
371;0.08750978726181483
372;0.09922078382315329
373;0.015145904476575357
374;0.021565775347274996
375;0.03254213602131758
376;0.06354970386498703
377;0.023579824628557046
378;0.02251296635089869
379;0.02068730532374813
380;0.06713163300411702
381;0.09705115970618833
382;0.09171138043387865
383;0.0788425051863182
384;0.03404748704708299
385;0.0812813819388107
386;0.08886307792195511
387;0.0284547192087707
388;0.016246595978849566
389;0.09077558434802911
390;0.05389061249036309
391;0.014011796332285765
392;0.033118374973178114
393;0.03272787633118146
394;0.015333173500148201
395;0.011782975307022093
396;0.035256439772675674
397;0.03812735278978187
398;0.08444676410212068
399;0.08177280160505579
400;0.08389410581600548
401;0.0520917072370393
402;0.06167485703706538
403;0.0705454587825061
404;0.03986047077598768
405;0.029395796686506093
406;0.013716220619836073
407;0.02332751869672517
408;0.06277946035854744
409;0.0018821997195790808
410;0.07786931629701695
411;0.05350219600358132
412;0.06980092937185875
413;0.09363414867051115
414;0.03529123016859508
415;0.009108709196032983
416;0.07903003449540574
417;0.019192078256716996
418;0.09933907874216143
419;0.06156952091950212
420;0.0425206347218001
421;0.03477056810650294
422;0.008784979423867778
423;0.07239276459812748
424;0.005261829215812319
425;0.024632649420878616
426;0.025318377689302396
427;0.009725839630690082
428;0.03102661227095619
429;0.0356927413716182
430;0.05063784498769354
431;0.016661249771704145
432;0.06726850167763153
433;0.05440739005814047
434;0.06225575589278777
435;0.06975558756678032
436;0.08550720833504422
437;0.030051374050023685
438;0.038874287116718954
439;0.0069143219123316895
440;0.0948378707533853
441;0.07498286703153599
442;0.058960107234578674
443;0.06713950594284387
444;0.006356714873571734
445;0.06854659570728108
446;0.0540282588690457
447;0.0824018558810232
448;0.042223279171433696
449;0.007965880056662877
450;0.012960486017935625
451;0.08381506328408928
452;0.04610041362863261
453;0.09846387489561641
454;0.05502239586683694
455;0.031670752923158706
456;0.05477565404343032
457;0.04850062877268847
458;0.0601454613919338
459;0.07112363430428513
460;0.07038723565407978
461;0.027826928828823084
462;0.03491653532638921
463;0.08707789792772415
464;0.07272417048807556
465;0.04160077455637051
466;0.053888207557977
467;0.08298147572386658
468;0.0046647629279953475
469;0.061983451626415935
470;0.08208016803353982
471;0.08730000586069177
472;0.053414027703675995
473;0.011212895333611073
474;0.07639836124072114
475;0.07967204368798646
476;0.05185812752283946
477;0.08839914756039419
478;0.06772309876531017
479;0.011134134519014705
480;0.0952949198024123
481;0.059273577547139945
482;0.05315515678209877
483;0.04146634298142143
484;0.02695029527592692
485;0.0010971629624497714
486;0.025554459875333637
487;0.07289794017980811
488;0.05284876926244528
489;0.099356763914372
490;0.06768025689414041
491;0.07288338520877656
492;0.0420055107648191
493;0.09053079519634373
494;0.0666265673747335
495;0.07013831262352763
496;0.03411924797733642
497;0.06645338071572925
498;0.045473044831729426
499;0.049431447794469265
500;0.0843190234816146
501;0.091644582580291
502;0.056223120875681154
503;0.06626923660961669
504;0.06888306139444199
505;0.05181167609623458
506;0.03226538897840047
507;0.011337528019865107
508;0.0758458735972707
509;0.04275782355807931
510;0.06244134981551633
511;0.018036274787700323
512;0.06109754579537753
513;0.0882116434845488
514;0.02973364812660303
515;0.08869597333631778
516;0.07261031711613918
517;0.046223750888921104
518;0.02506488053118342
519;0.05808320682969897
520;0.0351732756125927
521;0.05952949972028779
522;0.08147931080554359
523;0.0006471649379419797
524;0.09542632683822833
525;0.0748544404195146
526;0.04468220921837329
527;0.00384823023722336
528;0.06752440740213149
529;0.06754854604521485
530;0.05558670998998273
531;0.07121668323030589
532;0.03447369439905044
533;0.056482133966778716
534;0.06973583198826395
535;0.08157927827906944
536;0.017879417705562475
537;0.09047599317361255
538;0.06995346136415745
539;0.06662287238522444
540;0.03651000466888712
541;0.08273954153934324
542;0.029826295709579266
543;0.015606842564752199
544;0.06243528944270106
545;0.06443270234131115
546;0.09251857221857232
547;0.07756673018269282
548;0.08368893767600771
549;0.006941803684102388
550;0.07433109298476655
551;0.06383403939635587
552;0.09500689758533522
553;0.04014335445932842
554;0.025567617915370246
555;0.04776641035270203
556;0.09308978652857576
557;0.07101113744840867
558;0.06384992867635424
559;0.09741068442934388
560;0.08096582890646481
561;0.01252591759424121
562;0.0018672958798906182
563;0.054076650720401825
564;0.062078901939165515
565;0.0324130387609736
566;0.08781553781851394
567;0.0842929992097917
568;0.05474709850070935
569;0.026432086072807462
570;0.010097710659041227
571;0.06219819731386326
572;0.04001278089552965
573;0.047875914334939075
574;0.08093610745586907
575;0.003909380834169696
576;0.056054924996454064
577;0.012853335456309413
578;0.07123273185770367
579;0.07132729448406279
580;0.04496770642509279
581;0.0668215895535193
582;0.02623164309821926
583;0.029698280335748187
584;0.024488412024941366
585;0.05345780760672525
586;0.0008910751455256772
587;0.07110157814451833
588;0.0513609072800823
589;0.037538828014358205
590;0.08268856483130071
591;0.05793682604959641
592;0.02805035954757572
593;0.00600810876100083
594;0.02597153216913638
595;0.029658163597130006
596;0.09673921162195263
597;0.0789738668474319
598;0.020040856313090594
599;0.027827576612838714
600;0.026453767291940034
601;0.06854627356615667
602;0.00856683712079125
603;0.044231673655079455
604;0.08344914513139054
605;0.08591485031034102
606;0.03952356375880409
607;0.07491027107243801
608;0.018855351026222867
609;0.07653691290329698
610;0.09385213091685635
611;0.011605872900629767
612;0.07288054856768443
613;0.09968383651914252
614;0.014418519180871637
615;0.04625609094163235
616;0.0459116686562329
617;0.08737634570038663
618;0.025318302596675713
619;0.08779832367541118
620;0.03592732688217565
621;0.015368096035474522
622;0.09527447547982286
623;0.06460117706594047
624;0.025093874609383594
625;0.05652669765037876
626;0.009479122174279209
627;0.0004740484078417429
628;0.077773430149267
629;0.019591144259390337
630;0.061598194002342066
631;0.0028143568612917116
632;0.0445831101516968
633;0.06004517849951371
634;0.06912120373776372
635;0.045769104482477556
636;0.07934817202054129
637;0.0653627312366891
638;0.08518598877131683
639;0.03714318214782784
640;0.01573908264510363
641;0.012598645294806156
642;0.06769505900421195
643;0.0824902069514241
644;0.030089167398544482
645;0.019339497150132404
646;0.06609410614946917
647;0.0024422407145654693
648;0.027897437315802767
649;0.0691864149375158
650;0.03776380011525096
651;0.07489826417460055
652;0.08476882074417091
653;0.07295189438778292
654;0.03429778172725569
655;0.035649685430080805
656;0.08768816173819234
657;0.045646893603691854
658;0.0766157402491163
659;0.051328163897337
660;0.04216927602997583
661;0.08807687685706012
662;0.09346127384779844
663;0.07148410160575229
664;0.043007941844782474
665;0.010745583538873671
666;0.0025568065736784277
667;0.08879012530987462
668;0.07141085621533813
669;0.00778729471080658
670;0.043470642064536824
671;0.048156719632240934
672;0.07511322227104088
673;0.08851499188780335
674;0.09318995932413258
675;0.018154233080911363
676;0.08363620479715705
677;0.05386910982924464
678;0.08074904289046851
679;0.09781239870504603
680;0.035455672477448255
681;0.09029463704977753
682;0.09049640830622527
683;0.021174620039471514
684;0.025444437778776776
685;0.020985159288467947
686;0.02811897528859596
687;0.03771295564349495
688;0.09954041246014754
689;0.0906785244295875
690;0.05555716717596585
691;0.04168251818557603
692;0.0231503753780856
693;0.059140952034058926
694;0.052569201584178576
695;0.009230020412578232
696;0.04862832386246475
697;0.09240205142212116
698;0.07058162990377177
699;0.040911879281310175
700;0.026341959136149874
701;0.005437007202695066
702;0.07261919436969541
703;0.02091047464858511
704;0.02399586708145146
705;0.05259345136457283
706;0.04863452042209723
707;0.023005537312847248
708;0.001493597924029655
709;0.08410921754956112
710;0.0394984194791006
711;0.06623683679390902
712;0.09441662364624748
713;0.08216804226214898
714;0.05900787239151195
715;0.013278992933689816
716;0.04116370845391724
717;0.09375553772153
718;0.056329458004439996
719;0.00338821578199231
720;0.01892499319067661
721;0.071270397123795
722;0.04142834615972198
723;0.04545026080512027
724;0.0712027756958489
725;0.007449169679426848
726;0.001142134336993761
727;0.09391694496096818
728;0.05699485418755676
729;0.05550956375753799
730;0.08223008808648863
731;0.053929172663026485
732;0.0514595488932475
733;0.008466319537714595
734;0.04487066738046222
735;0.04645401190813795
736;0.020046126308136337
737;0.08382683239253498
738;0.05651813053980145
739;0.06368570023288125
740;0.07008405638660402
741;0.07671882261536733
742;0.065084620605121
743;0.017591837154242975
744;0.06912495733097335
745;0.06048749138921621
746;0.08361238625704887
747;0.04774528485063208
748;0.017615076549475663
749;0.08146014551736785
750;0.015274552547449494
751;0.07028679588015517
752;0.08816037868549856
753;0.011635398754716099
754;0.058970190068220574
755;0.058416929037626734
756;0.08561139415359044
757;0.019438371298830404
758;0.02636189917523394
759;0.022305871023314508
760;0.08890578791880893
761;0.04350146827237214
762;0.04684425212363891
763;0.054699935399399935
764;0.061787914591122775
765;0.023559465430182627
766;0.049570722313694304
767;0.08599916989132185
768;0.022891142407037657
769;0.060223108608218945
770;0.0918359672132053
771;0.09824106676866481
772;0.0278648866955208
773;0.09681979262113133
774;0.04448857898304653
775;0.07889445326518518
776;0.09251385620750639
777;0.02553783680271341
778;0.02967015138884308
779;0.06803186992865934
780;0.09897321520433029
781;0.07434307662967511
782;0.0014595432743527816
783;0.07062852503072171
784;0.06421199852112706
785;0.011776731291128129
786;0.06369548945251445
787;0.027522712108765904
788;0.02803657671759672
789;0.08898171791107434
790;0.0733952839362017
791;0.0817353991618086
792;0.033276873648389826
793;0.045382528127681336
794;0.013088410063805135
795;0.016133799470908896
796;0.08104302596548063
797;0.009699083890587157
798;0.011064723553023693
799;0.06151355879062366
800;0.031835271014937584
801;0.02747931990888657
802;0.013759797165679311
803;0.05400184263983049
804;0.06203162871290612
805;0.01367177010886771
806;0.025648866619909907
807;0.09624462452684457
808;0.0065474807434928286
809;0.008675833343792993
810;0.01663736002098757
811;0.07843308038015455
812;0.08022761194043021
813;0.001277993206715944
814;0.015143532466128007
815;0.03266144062620705
816;0.08923062676549211
817;0.08851816009952565
818;0.005357358147981717
819;0.07403655809094876
820;0.09844249815629785
821;0.04834985366883901
822;0.007866742273616001
823;0.09033491561069806
824;0.02851080193150232
825;0.07910250634867554
826;0.059778818848438275
827;0.06434922446258061
828;0.08018771679009584
829;0.08902905905955504
830;0.04050851841634432
831;0.020662692256262195
832;0.04804531286921551
833;0.04665667599925675
834;0.046304844155169916
835;0.039255174784084246
836;0.018601145207572025
837;0.0999510876574376
838;0.024393849018479075
839;0.04664968031723689
840;0.03899547461385037
841;0.0698981580490995
842;0.0800309998079766
843;0.02158505570050462
844;0.0614602459278816
845;0.0190491306596158
846;0.05206112023826051
847;0.0900233052198049
848;0.04671724828658015
849;0.026640275213909628
850;0.06615660331972635
851;0.007808025003082176
852;0.027996173285354788
853;0.09798383694848911
854;0.05076030812274906
855;0.023244955285653703
856;0.058036928467280306
857;0.06009499750028292
858;0.03649444267974663
859;0.020495929116476932
860;0.0019693388591876418
861;0.009003758864760403
862;0.0412438893615713
863;0.048015836595770356
864;0.030177880168560912
865;0.036165080059427306
866;0.09428571263532656
867;0.08996927921990092
868;0.022615892129098848
869;0.040362651310978354
870;0.03131864144312985
871;0.03089738420264995
872;0.0005112145232125997
873;0.03358543828244437
874;0.07196006263804772
875;0.00540811716611952
876;0.09844068967186664
877;0.08073158231970778
878;0.025706084405552845
879;0.07317811451148956
880;0.025640782632934768
881;0.02704967963841233
882;0.05418580317341635
883;0.05525935979549715
884;0.07775627708942898
885;0.0034218684116283818
886;0.05020893535739262
887;0.03736221420889372
888;0.035075279743808974
889;0.060968201834085536
890;0.06110727930282122
891;0.045911446809211866
892;0.0033058914039168054
893;0.07973182247933505
894;0.03143255759714179
895;0.06287739435290678
896;0.05689979785183513
897;0.08678897715205362
898;0.043768393709074455
899;0.09954689391217296
900;0.09353390422029201
901;0.08118211921618003
902;0.007788760037476095
903;0.017865971361503818
904;0.09398230665600815
905;0.09260057563682382
906;0.006471141452807716
907;0.0005127481014672975
908;0.08918547330442336
909;0.031769746563770795
910;0.026951677402470533
911;0.07777187777671016
912;0.0013212978895134177
913;0.08683163890521947
914;0.0899422600360888
915;0.022188336614524143
916;0.004642804951253743
917;0.08212552292014907
918;0.09171988846532558
919;0.08115493791105605
920;0.031569860119534686
921;0.008891493281866092
922;0.027007148996611698
923;0.06686210794883486
924;0.0723511498432443
925;0.0016618538452149113
926;0.07541493024333684
927;0.03632462211330717
928;0.08955743246149546
929;0.06787819758579217
930;0.07356371283841233
931;0.06285236000601413
932;0.039904509370638275
933;0.04233895516581676
934;0.032940260502631526
935;0.012749262512021565
936;0.0929254000608045
937;0.03591540751571084
938;0.008255813870004458
939;0.07536356579693147
940;0.026220364006866573
941;0.05972059667467422
942;0.028595392453898708
943;0.0691260818554316
944;0.08386795623370798
945;0.0912786117623585
946;0.022786153193106385
947;0.04397569801742049
948;0.019418052570244815
949;0.07474176467864838
950;0.06497343007165488
951;0.04112438658063298
952;0.08611946236640576
953;0.0014079235482740149
954;0.05922369480881826
955;0.09796342989012594
956;0.0425858490636038
957;0.057897392805817655
958;0.05570377702681986
959;0.005715875915146396
960;0.05064606874041575
961;0.07769892315528558
962;0.08149424377230062
963;0.01530408205517918
964;0.08237819785912093
965;0.0431948270467581
966;0.03160692440285578
967;0.018268650426331124
968;0.05646867194462231
969;0.012249766103022908
970;0.010379641037329357
971;0.08479727622772144
972;0.08733723840191172
973;0.04909493012113578
974;0.044675848857547454
975;0.06970459189274643
976;0.0898890999268373
977;0.06708488508051162
978;0.07499395353187029
979;0.013817552779150444
980;0.07521199056896255
981;0.028777872551734987
982;0.09598459297731199
983;0.04728393175309155
984;0.04007944503229075
985;0.04796444621163074
986;0.09817462267670667
987;0.04975065918922847
988;0.08873785588839983
989;0.08509020730370172
990;0.05579347273131311
991;0.06246191021979696
992;0.0026903663404723166
993;0.013306041203283915
994;0.08952247331794735
995;0.08426669145395171
996;0.06495112191600229
997;0.033331151987230315
998;0.024598322797707753
999;0.04071944637510028
1000;0.03864440593320714
