1;0.06069162003117482
2;0.09528109832971043
3;0.06092415137286409
4;0.09123684804891397
5;0.03542190699091235
6;0.07717245936211065
7;0.049782393907356
8;0.003750716469737492
9;0.0665493148026176
10;0.09170798358637157
11;0.0704983831985214
12;0.02726896115220483
13;0.030940206642774817
14;0.02511288680347771
15;0.03687046352299574
16;0.060983053155691636
17;0.010119451408643787
18;0.07484742898114476
19;0.089390024161127
20;0.019361404346993728
21;0.09152208814271148
22;0.07248633930671465
23;0.018170135202356576
24;0.0023318170036492726
25;0.020214962201820244
26;0.04469181217887269
27;0.041879831367429426
28;0.05289534847808433
29;0.05787580269742039
30;0.055190613759886854
31;0.016882259284527214
32;0.012312045960858909
33;0.00024797210243000524
34;0.03954864858606986
35;0.007713313833279534
36;0.08720398967516281
37;0.08351217405000962
38;0.0044647204141741725
39;0.023419845992128197
40;0.028383878775909567
41;0.06260637379255667
42;0.034833413541004325
43;0.06168999087113293
44;0.05607788828704599
45;0.009717949823743667
46;0.02042917817873069
47;0.016364924945936356
48;0.08167733874670419
49;0.04175277350754491
50;0.05813104833894363
51;0.006696862004779036
52;0.022066520949000204
53;0.020274601904941694
54;0.09795117430285255
55;0.031189603771144048
56;0.02816240096615308
57;0.031423561402504165
58;0.07279200916150515
59;0.009254803050093009
60;0.015064818679891612
61;0.06074810219882213
62;0.00516282726851709
63;0.0792362288154535
64;0.028189643892763874
65;0.02104690973641541
66;0.012570145876474115
67;0.08084314582239932
68;0.01829015991310451
69;0.012037850853562883
70;0.04424794633006547
71;0.0577650081448024
72;0.07504577365080052
73;0.033446688750320364
74;0.018410752530819908
75;0.04360480488364289
76;0.08610130425819501
77;0.04688560116064311
78;0.09969760542975278
79;0.023037083930371616
80;0.020761911700986724
81;0.04303859502404345
82;0.08853695753158791
83;0.041827729022671505
84;0.06780438209790042
85;0.0522362404306542
86;0.09155564482112781
87;0.059991807042611714
88;0.08516851880499199
89;0.0388850814752709
90;0.09168266590297772
91;0.09589131038191127
92;0.017440555351114006
93;0.05867662780668403
94;0.040460542725367234
95;0.013413188512018804
96;0.01725047749207781
97;0.015099257265565847
98;0.03874007970736651
99;0.06087211000521862
100;0.025083801269877526
101;0.009874436577662404
102;0.023754375263361063
103;0.018410115426002783
104;0.07096043416276601
105;0.03540510764969664
106;0.04087798492515037
107;0.028014709663392447
108;0.0765761138737335
109;0.06301513156123759
110;0.06647569687989799
111;0.003974384423281763
112;0.03484519536374716
113;0.02078419438192938
114;0.01335920953415324
115;0.0865484221046778
116;0.016577130417079235
117;0.048579289376228275
118;0.016115244011349294
119;0.010616705907012426
120;0.05491785932410788
121;0.08898717914450312
122;0.09612057870633033
123;0.07437028140178586
124;0.06481950706678884
125;0.03864789869942973
126;0.06974352995068495
127;0.040521822091141184
128;0.049252277742467626
129;0.027188870192877114
130;0.014266754751645006
131;0.007224923689793106
132;0.09102599017015589
133;0.03617908554485606
134;0.04535963236839729
135;0.07202108111329106
136;0.023104403895805627
137;0.09431540570299685
138;0.07160254791636654
139;0.004355625298614651
140;0.020076573388642285
141;0.01987111882943674
142;0.06637371568810681
143;0.041509494222654965
144;0.07399361801098701
145;0.0074744041896973815
146;0.08181619350622109
147;0.03339153995436669
148;0.07867084303158982
149;0.027469984597833064
150;0.00840189539760271
151;0.048700436971294114
152;0.08125726379202179
153;0.08684572565329343
154;0.05492264095948838
155;0.078681406739152
156;0.07879394604848172
157;0.09090526282408169
158;0.09651789358158641
159;0.021984720836138005
160;0.011908872393687743
161;0.06615325317792524
162;0.007537458113012241
163;0.07952831253142048
164;0.0013471351948042389
165;0.020880833694381075
166;0.029086487207905288
167;0.07562418811109445
168;0.043240009215566394
169;0.09527782870878715
170;0.05795639116957721
171;0.06171970484855227
172;0.02774485888506665
173;0.08746789236206026
174;0.08426174843590228
175;0.06983421229580257
176;0.004773619493993908
177;0.09148251781507583
178;0.09899920186077941
179;0.056548101133882145
180;0.01298270554554476
181;0.08885970409725412
182;0.08573788522135858
183;0.05060301000424742
184;0.08326670267620635
185;0.06872431431880163
186;0.06788554020754192
187;0.0438033360861475
188;0.09595000487779462
189;0.05968931871829755
190;0.05753360875807359
191;0.007983192345955082
192;0.07059163620974099
193;0.007244522750417426
194;0.044007729607208196
195;0.0910172708987973
196;0.0019784447884865553
197;0.03435096205563864
198;0.04379236981173271
199;0.07727686016845715
200;0.013264578933038963
201;0.008731626245475854
202;0.0676055216251077
203;0.012607493322740804
204;0.062145844018627716
205;0.08051570306595042
206;0.07062762989166389
207;0.0009260154257770049
208;0.0799316697910203
209;0.0737063548940509
210;0.09818437406303676
211;0.05312263520980636
212;0.07796727418793029
213;0.08365827663535447
214;0.023704413635017654
215;0.08545866497899403
216;0.09904868885665387
217;0.010573979289372815
218;0.044169778801882824
219;0.036431234312751706
220;0.06739468613191345
221;0.08833106961151756
222;0.015816013946547504
223;0.08582006587403042
224;0.07790584082721047
225;0.020712151634492183
226;0.09065585370886076
227;0.09621567854654883
228;0.06508557657496392
229;0.012996633749174969
230;0.08424231891355953
231;0.08626455376952796
232;0.0014285171143869292
233;0.09479599723582709
234;0.061385747118533784
235;0.021205570948343813
236;0.0028375698395624264
237;0.030120966622867208
238;0.010905589822301599
239;0.07791795541109497
240;0.013333894155424832
241;0.07550133022991384
242;0.07688594918300679
243;0.0922275296993968
244;0.026468478196447178
245;0.04232821460673474
246;0.07461603141888505
247;0.061412421676604025
248;0.08665507074966661
249;0.08566346116192437
250;0.04432181746280948
251;0.08469084931672977
252;0.026695289286982483
253;0.06065917215282465
254;0.08710493269533777
255;0.06265077462667713
256;0.03781227856811074
257;0.015763942097723794
258;0.08738396066989729
259;0.04215736331095207
260;0.07584877262558462
261;0.04928386294347176
262;0.05666004617367733
263;0.030531428062871093
264;0.07298735008165637
265;0.045593248850293366
266;0.007684672886353472
267;0.07374007495122405
268;0.01840368343087261
269;0.013477145490300768
270;0.06554333628776919
271;0.07674832611292658
272;0.06352351972594208
273;0.0007931032277625039
274;0.00736941337571001
275;0.07741247383993961
276;0.06592830159647269
277;0.008798839421866012
278;0.040763113536188625
279;0.0173735692551942
280;0.049266236865730895
281;0.09572584292186136
282;0.07300615361716103
283;0.07370152834626113
284;0.06939832396269623
285;0.035190686205119164
286;0.0680222788427373
287;0.011971981680896006
288;0.06374916694084258
289;0.008622613843469252
290;0.01713035050674481
291;0.043245072891776405
292;0.08941343949323405
293;0.043435367031978395
294;0.055136968374753896
295;0.05933019071477257
296;0.02953229812263607
297;0.0005502779746172082
298;0.04778874058212577
299;0.08374243839530697
300;0.028917502741080972
301;0.055426574210251926
302;0.07821921820620535
303;0.037257669388364535
304;0.06146034908695783
305;0.0011793149680456305
306;0.05030747797132651
307;0.085667479199426
308;0.0615028065837148
309;0.02924210792640818
310;0.05194877551098018
311;0.015407034721174606
312;0.09661120985953525
313;0.007523627058289273
314;0.05449225662453031
315;0.08475809943386142
316;0.04408568395813416
317;0.0724414542882579
318;0.022238488296675296
319;0.053578760119567116
320;0.03857937513219051
321;0.008793127560343362
322;0.07011446501184561
323;0.07142964552018505
324;0.06224098193608573
325;0.0632287952853159
326;0.07035318059332674
327;0.09551001610567061
328;0.034951360285312184
329;0.07479148894716658
330;0.09917984477168024
331;0.06602543780759015
332;0.09783761125271902
333;0.011718328630584541
334;0.01774249823593257
335;0.05839147856653474
336;0.004771695057176151
337;0.09014191903577647
338;0.0801885784044937
339;0.051260014962338354
340;0.060504270329918335
341;0.07563532957458521
342;0.08038333275933617
343;0.08561910286914404
344;0.0015935741541309501
345;0.03756054963630784
346;0.04204019488096583
347;0.05099917783796997
348;0.047863828632830833
349;0.028788074717213664
350;0.005827153496682247
351;0.08688235591377971
352;0.041164123316601825
353;0.012804150788589853
354;0.07956611985758949
355;0.054705300335536326
356;0.016606652325628857
357;0.011864747387752495
358;0.09730026546075538
359;0.087172244599686
360;0.050382229913717595
361;0.09209085743554012
362;0.062387474880900795
363;0.004782068530095152
364;0.017551194500688063
365;0.06784505125498752
366;0.08195887902431248
367;0.08617861394224421
368;0.057484270786015604
369;0.019778163926890358
370;0.0195749447695455
371;0.09309033548326516
372;0.08983471309251233
373;0.08542233574917082
374;0.026141219836120923
375;0.08919196198786554
376;0.028136453191057145
377;0.026790741353963612
378;0.05947702065966947
379;0.035367152724647515
380;0.050954573881898335
381;0.0638103999830892
382;0.07822324077642322
383;0.09888519467949648
384;0.020631861800939136
385;0.05640248299585176
386;0.09660642065583872
387;0.09003606387874315
388;0.07322340082874168
389;0.008537916385665135
390;0.06601246975914188
391;0.027152224819640903
392;0.06613404808061533
393;0.018871979958113873
394;0.06610345737988019
395;0.01414728318567936
396;0.015538772388828538
397;0.027552416828619378
398;0.021277981440665384
399;0.030445844435141603
400;0.06000170150418779
401;0.07596460868728655
402;0.01838013176816321
403;0.01250043045377397
404;0.023784335257342016
405;0.06799762868301289
406;0.08303273462300227
407;0.0630286155853476
408;0.03229208808504441
409;0.0739869860619139
410;0.058184406031665525
411;0.0875673955009913
412;0.020069408888793994
413;0.0861279623887413
414;0.09377594863903574
415;0.08184243743771605
416;0.03444727040581722
417;0.046585319585029566
418;0.058946747634214584
419;0.03482284185339859
420;0.017102551054088113
421;0.02472194603101451
422;0.06082078327533518
423;0.015166770211461312
424;0.06602460203997969
425;0.039248063860554364
426;0.010797984338985812
427;0.02147200692014466
428;0.024591512057544607
429;0.002446290497005377
430;0.09008543563344801
431;0.04432116183522079
432;0.09861259006364158
433;0.05547229202302961
434;0.09552079910633392
435;0.002370147223646968
436;0.09142734259738339
437;0.08493070642820882
438;0.0703219156829684
439;0.052870619858870926
440;0.09647177008165014
441;0.06510707992426908
442;0.06642368208582117
443;0.09581226800421357
444;0.044303359760985074
445;0.05447810453570523
446;0.0025154306724579634
447;0.025829864602633024
448;0.06553482369342313
449;0.05708454264654192
450;0.0674851305171184
451;0.08539908884491479
452;0.04155641646847896
453;0.0017542409870668241
454;0.0957475127977974
455;0.011828066710403252
456;0.03069576904654562
457;0.024269867357448884
458;0.047616689688978746
459;0.08672439531011511
460;0.050902475873701836
461;0.006881433693657346
462;0.015475505256475543
463;0.0986372911749369
464;0.04699879665158666
465;0.019489407895091872
466;0.031039459306732298
467;0.060245098252386435
468;0.062412114772374475
469;0.08769260080812828
470;0.02963093144162158
471;0.09318917212053879
472;0.07770499246413444
473;0.09367821609846747
474;0.08712792883666584
475;0.09224361831062873
476;0.05534001188558185
477;0.0639364485370083
478;0.06735261409829761
479;0.009060391186805817
480;0.04091910893435829
481;0.049922072639862015
482;0.0763970656572028
483;0.02087418075089631
484;0.08903467588602057
485;0.052147725688177264
486;0.011798141626059057
487;0.09591366986974538
488;0.0956414722938496
489;0.07795887552506978
490;0.020304791526504152
491;0.0912338029735666
492;0.0857536596195622
493;0.0763841615114548
494;0.09210755109415314
495;0.02746143352201315
496;0.025896924671683363
497;0.04146225881646895
498;0.008877686228735337
499;0.09919621183514764
500;0.02237913130960192
501;0.04205789996373574
502;0.002833777050880004
503;0.07075311181573284
504;0.02470803050405005
505;0.03056893127673297
506;0.014689597137083277
507;0.09376614222343055
508;0.022889796424434353
509;0.04553929567457126
510;0.0709986836883759
511;0.009973743482301789
512;0.013675041090757824
513;0.01494568231351099
514;0.05962518001700752
515;0.09229903239130137
516;0.011502360377415822
517;0.00932109178800682
518;0.06866446624779646
519;0.048415920861269716
520;0.019752164066733437
521;0.027382569397287504
522;0.09238280574276193
523;0.09688840112961539
524;0.012268048430930434
525;0.0822399800473855
526;0.09795527955146736
527;0.026715240147936803
528;0.04667624143355719
529;0.07936486672448795
530;0.06671790590980335
531;0.08014286698986291
532;0.02609856442262666
533;0.07282423247244331
534;0.04747751988994556
535;0.019749027625044904
536;0.0823105558938552
537;0.029565056087584963
538;0.015406351116179174
539;0.04555367187419147
540;0.026465448893848133
541;0.022150460890394255
542;0.08312690288593695
543;0.02287667253442587
544;0.07546056356368118
545;0.08004700509809105
546;0.02837533900971392
547;0.0011875227485080076
548;0.026059342369190875
549;0.06089883194006921
550;0.014028242990045993
551;0.04539905510044419
552;0.08122054720178591
553;0.0788287240685643
554;0.0991956984239831
555;0.008315478003740384
556;0.007065240472881107
557;0.07818922133141268
558;0.08534011393587847
559;0.07839107123472708
560;0.003311169377282142
561;0.07892796906026187
562;0.04644023521137197
563;0.02686633520198657
564;0.03324718522407083
565;0.06647454928321023
566;0.0829258446749635
567;0.09847154518206597
568;0.039478331657519454
569;0.08292875200995684
570;0.0191641732774175
571;0.003102094214588691
572;0.024798811130661225
573;0.054919765853093605
574;0.09138181951281464
575;0.0817429578134824
576;0.041039577309217805
577;0.02174453391268154
578;0.07519383147641193
579;0.04718706372364913
580;0.029150175128502098
581;0.037831412493758876
582;0.006706296007060453
583;0.07553094526407991
584;0.043856231704244034
585;0.030617566979406086
586;0.00539486032534614
587;0.06868062526477732
588;0.03357804621121443
589;0.07541576539599347
590;0.0617242254503286
591;0.001820961179145364
592;0.03730028624442782
593;0.029967024791492648
594;0.01142053371350904
595;0.04763854150739877
596;0.09244702730787988
597;0.033723893090496414
598;0.046355247330125096
599;0.009337201148333963
600;0.04097081125695262
601;0.03980542948569907
602;0.01953981010590984
603;0.09035767308754312
604;0.002491666632877554
605;0.0690395748656489
606;0.07983954352504251
607;0.02266922941745131
608;0.04690664672828937
609;0.06355821757812677
610;0.08860327474644904
611;0.02103390976694738
612;0.038478094443003145
613;0.04479078984931976
614;0.06631939870601905
615;0.02659644558949159
616;0.05828452423655284
617;0.0034869986653605967
618;0.061558829133025156
619;0.084300929175796
620;0.06304048534487845
621;0.08160463979425095
622;0.0709010789797136
623;0.019832738663897412
624;0.07169953376191401
625;0.001026522390264406
626;0.08883606941501314
627;0.018626256389394504
628;0.04568483905220321
629;0.09155850894606411
630;0.017147454634142113
631;0.07954961087257065
632;0.05769440199768322
633;0.02047616077121213
634;0.07410598135606518
635;0.003845317801776471
636;0.09210851773963658
637;0.09457371605473608
638;0.029861546065186817
639;0.07724836085652163
640;0.021199465803085737
641;0.0991173785893736
642;0.03662458084357397
643;0.09784547455635888
644;0.036476278411878886
645;0.06557103567400925
646;0.07754118940748789
647;0.03855838149516604
648;0.04944241010162749
649;0.00042629485788870937
650;0.00800952919785909
651;0.09423747667662474
652;0.020841262425288044
653;0.05637634864178438
654;0.021199053085631504
655;0.06974613558130667
656;0.05398245393241004
657;0.060149163750671225
658;0.08128324246337988
659;0.003356673090233109
660;0.0006684059238930674
661;0.0995016563538612
662;0.0395040215855226
663;0.06640963673599734
664;0.052053836430455164
665;0.07845749212175379
666;0.09736761869934948
667;0.026110474342407722
668;0.06388614344364427
669;0.05438749504830307
670;0.07320621357994762
671;0.00010968881322149794
672;0.015743970458720714
673;0.012543016698557542
674;0.03643972646550541
675;0.08062098657898113
676;0.08226502093969928
677;0.024216803846509927
678;0.05031072818793898
679;0.07615265202996462
680;0.07212506480875547
681;0.001614405039881972
682;0.04377734034749889
683;0.021756305388593133
684;0.09200980314488566
685;0.08318153591811653
686;0.01914001640504902
687;0.0017819931626194552
688;0.03238085245406241
689;0.02826871623352605
690;0.07238486777694209
691;0.05154209801613779
692;0.08169287457073837
693;0.06099689112365778
694;0.0772130194677843
695;0.02698614014743489
696;0.0949029689548284
697;0.08308965903504939
698;0.03397162552293186
699;0.03131157505980094
700;0.08206419782597373
701;0.052550541178931647
702;0.08104653061779643
703;0.030213454626496983
704;0.09427430671077751
705;0.01839514334461132
706;0.03892558108086978
707;0.027951253336469885
708;0.07713648524259607
709;0.007137846368697621
710;0.05795697330343004
711;0.02647004306861306
712;0.03281945308698147
713;0.028388222451573897
714;0.02979904980808239
715;0.030400212744994062
716;0.09555231130584001
717;0.040661179130973196
718;0.012447015234591574
719;0.09880427589131013
720;0.059164140280827296
721;0.04043094211245124
722;0.0027395868351836384
723;0.08466200644233665
724;0.0720406679422345
725;0.0034998040735579883
726;0.011474646160254965
727;0.042075371021776754
728;0.09598150053265947
729;0.09781604801505572
730;0.08755751763666035
731;0.04211253647336341
732;0.08118384722901062
733;0.0991015052626164
734;0.027014585895545264
735;0.09124789834289347
736;0.010674536402122604
737;0.09699125496575801
738;0.006827541649272306
739;0.08171436241383971
740;0.09135794180024887
741;0.008262359834287126
742;0.020972923914254607
743;0.018958382295823265
744;0.06324756430292652
745;0.09246107443580576
746;0.09652967079494261
747;0.09847599834210786
748;0.06352815666961031
749;0.018018481787694253
750;0.09109158199726405
751;0.08569025673383288
752;0.07914367446882122
753;0.0008322754513521492
754;0.08485571208285991
755;0.03085609077189957
756;0.041754810510666186
757;0.02342019891154149
758;0.009960398810227856
759;0.017841881107056368
760;0.09673103562789226
761;0.0500991328223138
762;0.07483013610141741
763;0.09837661424086586
764;0.041053234735011934
765;0.03503958939335361
766;0.03849700429468152
767;0.024570284854001624
768;0.047552584558508165
769;0.005022242707981939
770;0.04755195388928255
771;0.014162073811357034
772;0.04632471632586484
773;0.055281014140682365
774;0.024625506905521535
775;0.004444770921387109
776;0.017934144335114467
777;0.024155109252101528
778;0.06491919280801747
779;0.09889893297457933
780;0.04443432596522741
781;0.039628217018578826
782;0.08487915120840715
783;0.05263423773453309
784;0.0697296303794934
785;0.054724937020584966
786;0.0029218513254313573
787;0.014955129370273513
788;0.03326493962109193
789;0.00845698153152491
790;0.06639629784097337
791;0.032720567467383
792;0.03429241781036548
793;0.08611873453063765
794;0.007183591142536827
795;0.05464226572762078
796;0.03485399174541659
797;0.002561377068506221
798;0.04047864630753174
799;0.055761423329797215
800;0.029494675253386827
801;0.05655089620467351
802;0.059793883826701616
803;0.05830124511601187
804;0.0843593827926579
805;0.05649007389797413
806;0.019661714940550593
807;0.04276347966722728
808;0.06338593250095349
809;0.06652551787529135
810;0.09508675877656804
811;0.010843924314430133
812;0.08842057450219658
813;0.030877786257455256
814;0.03389411765234142
815;0.07327954975469224
816;0.02615737453397279
817;0.03960662540608968
818;0.09952139657663182
819;0.05211723165971145
820;0.033360201246091285
821;0.09652025248755869
822;0.0379084728792115
823;0.04400096629945105
824;0.015017410598775172
825;0.039239096337131574
826;0.016132592203436404
827;0.014389181471255353
828;0.08404220057597885
829;0.07648970845996476
830;0.06617722941751888
831;0.08500224787368921
832;0.02809891936677286
833;0.07230670218926104
834;0.08231769385878676
835;0.08075937544496255
836;0.042642568883357004
837;0.017068945278654914
838;0.08745566797491007
839;0.05634479522599111
840;0.09955309052307172
841;0.03504011947917616
842;0.08363795812647923
843;0.09172972834387855
844;0.053687241773101926
845;0.03139620509953008
846;0.015139183876361428
847;0.053508685876822115
848;0.059934235116447014
849;0.04456651809177025
850;0.029220181973312498
851;0.042695190619577376
852;0.017500922179124002
853;0.08505294359143989
854;0.048051362186162884
855;0.08463307876221995
856;0.05434034432098303
857;0.053117156566492754
858;0.00869349145592423
859;0.07360565761545877
860;0.07130117124405241
861;0.07914979265820038
862;0.09643999247774641
863;0.0984222535289987
864;0.0829836251531814
865;0.0351985708300685
866;0.04548688526664749
867;0.008110098176714564
868;0.09824384279570426
869;0.07357692864577679
870;0.009652584911031027
871;0.09819676376241165
872;0.054842369360922905
873;0.09584823847936425
874;0.01665870792683958
875;0.00830696795350736
876;0.03392335061408156
877;0.0412894620164936
878;0.05118031642705942
879;0.015063452239891396
880;0.013449407669175085
881;0.08494303607745098
882;0.0373214167353143
883;0.07021556680752016
884;0.04160238544249726
885;0.03758713776553821
886;0.026822376538080107
887;0.06549303392126266
888;0.09465800757683575
889;0.06009089658371824
890;0.02928818732962765
891;0.059277075346767565
892;0.0020390758862897317
893;0.025451553265550677
894;0.060960819420471414
895;0.08741305162537265
896;0.07294619784765483
897;0.02761289582010522
898;0.09553076316882804
899;0.03404736608777258
900;0.015687863260741376
901;0.07304331887589727
902;0.03738598376443871
903;0.06186354839958058
904;0.04578800194670832
905;0.062372023413063
906;0.014604270655712605
907;0.05245252057476261
908;0.02377002155545005
909;0.03176226651985793
910;0.09041314505253367
911;0.009134316243799024
912;0.06779161134495502
913;0.06256388218685664
914;0.026889472964892726
915;0.03196240656956847
916;0.09666004516133596
917;0.025030103759723234
918;0.07998943154788629
919;0.07997730697012888
920;0.09165585900907311
921;0.08206317405638174
922;0.08856057847081145
923;0.06647270375215134
924;0.08821332789610958
925;0.046943434496869635
926;0.045361823323356844
927;0.08837032523282203
928;0.08955757305568156
929;0.052691068442279956
930;0.014169188338728801
931;0.06042025648125369
932;0.09085629617663485
933;0.053318637787171545
934;0.04072491824771457
935;0.0872058769530003
936;0.09487615239414379
937;0.021806800901201153
938;0.07289965281714582
939;0.038621870130728125
940;0.04039817235325091
941;0.046015247827487976
942;0.03325628454260232
943;0.03262567929380831
944;0.01943402470678142
945;0.06316899588663671
946;0.01812774349934083
947;0.08972971081171455
948;0.04870183034541497
949;0.013759695927872607
950;0.08491290784223235
951;0.06182249614185066
952;0.05334453050663438
953;0.054918676894658194
954;0.0753753317556877
955;0.08418089785531321
956;0.0677815399248177
957;0.053436374903432594
958;0.02067911780581997
959;0.01146443425310636
960;0.0006810674928257598
961;0.0017624834498117916
962;0.026043235470908588
963;0.07875716602771049
964;0.016808799771348328
965;0.010303746571032446
966;0.015683190941793792
967;0.056540358328197586
968;0.02906172372542051
969;0.006597529980922257
970;0.05278525118202673
971;0.08531449632322295
972;0.04513553145872856
973;0.010267598453428917
974;0.09255706423423883
975;0.040836200740096744
976;0.05158409829042781
977;0.002708784228217265
978;0.06554735562481794
979;0.012634931230483471
980;0.07652536953473954
981;0.0448120897038289
982;0.02585309363114088
983;0.09633343181276736
984;0.03672524859861627
985;0.04983894757523353
986;0.01646943814245252
987;0.0338200473228211
988;0.07866798124245479
989;0.07459727652146249
990;0.06668944509951834
991;0.09560652193064155
992;0.058923103680976086
993;0.02204514304973089
994;0.08218637610574629
995;0.028128221192418913
996;0.05031663828819343
997;0.0998923110663239
998;0.09084017522688466
999;0.0037325183957522268
1000;0.07582834535827582
