1;0.02908125928880232
2;0.07419763099744378
3;0.07056482650535156
4;0.02284836740511701
5;0.08353119289934124
6;0.05937840622015
7;0.014540021986802931
8;0.09790586312736359
9;0.009046844835371904
10;0.0966337499238798
11;0.02961110823754455
12;0.08916873333959874
13;0.05868521235863412
14;0.061639242552020794
15;0.032306020056358666
16;0.09854864632292772
17;0.0018671611227038644
18;0.038087666348847055
19;0.012221898011806433
20;0.01864853239579649
21;0.057591072842821216
22;0.07240512822499424
23;0.006136745283367384
24;0.042625353542912525
25;0.07375706813759846
26;0.058416977859724065
27;0.043374531312203896
28;0.030466749574296917
29;0.020172562385812456
30;0.028172786693421183
31;0.019453929892423595
32;0.0645078586025891
33;0.05880907808650748
34;0.0799842997863567
35;0.06851209580202389
36;0.006461174465479114
37;0.0739033446013715
38;0.014721087831397195
39;0.04224702288913379
40;0.024016979167990893
41;0.03185091730005381
42;0.019993311468741407
43;0.07200540329024856
44;0.05207708252118697
45;0.07644678371301707
46;0.04525061994943628
47;0.0664969623864003
48;0.02284349733459398
49;0.08002808719657108
50;0.07171277722162891
51;0.09091761156472371
52;0.05193308424965934
53;0.09298019392102323
54;0.05560434328463011
55;0.03280682335232345
56;0.03404457961658158
57;0.08607636102787809
58;0.010264376040097702
59;0.055603719849002836
60;0.08645174857425801
61;0.04566486638013774
62;0.01740280210564258
63;0.007579762660082013
64;0.08113359318602544
65;0.06102617834050127
66;0.010467575872709202
67;0.08814351201090581
68;0.0013642218476683456
69;0.09273628012703357
70;0.027977837050565016
71;0.05535505784124742
72;0.067172634676691
73;0.09127837455000236
74;0.01352141792244418
75;0.07852018594891293
76;0.007874605361633346
77;0.09770793982258472
78;0.06537032051394019
79;0.09502581984560186
80;0.027883894129979016
81;0.09848544635913939
82;0.03551768061401178
83;0.01844606489172598
84;0.09559091077620874
85;0.052642658000199766
86;0.05698785472261308
87;0.026881644747324598
88;0.025013137248073438
89;0.08504468864389363
90;0.05574955544823761
91;0.0803414991358053
92;0.08861149124109707
93;0.014491741593918995
94;0.01777950837878356
95;0.01764586600362731
96;0.03671598906306002
97;0.09697674522389564
98;0.07944706876108167
99;0.07193218236492828
100;0.09449219982181672
101;0.01311833226690311
102;0.014366102624935363
103;0.08341634030977259
104;0.09376840233174875
105;0.015907878737409686
106;0.09913011967706079
107;0.05186597934943532
108;0.07155490513458546
109;0.05246221084197589
110;0.05207128078595951
111;0.06371404681559793
112;0.027117290485380887
113;0.09087297560074847
114;0.030515320470473797
115;0.09456733002705235
116;0.09264356036098864
117;0.0006128200600830414
118;0.03972969011916788
119;0.07719113725756975
120;0.054100334094256575
121;0.030629975251474095
122;0.08265155169665263
123;0.09566068942388666
124;0.012245003215685913
125;0.05443491897021945
126;0.05831361835296017
127;0.0031028625168180502
128;0.06655283932667845
129;0.05147139061516323
130;0.0731090735161322
131;0.01458143709012123
132;0.07744596781746815
133;0.06211013879211337
134;0.0905326677201615
135;0.09832341458300352
136;0.058453620859299
137;0.06962708794142457
138;0.06339967595793962
139;0.07788945151170595
140;0.022917751319676206
141;0.020406507702299216
142;0.09755664191915159
143;0.007435853760382683
144;0.03572171644859109
145;0.03114286588546843
146;0.027037455617083705
147;0.006047026241781817
148;0.08976571440104632
149;0.014892315995185902
150;0.09013302565902842
151;0.07085681533512934
152;0.09761103001232818
153;0.07745566885941818
154;0.04619500444578063
155;0.0516416431224929
156;0.014852067586100493
157;0.061881522499264145
158;0.08783504378330599
159;0.03660902440570775
160;0.0928484765297863
161;0.033585256106271645
162;0.0806100549849127
163;0.017325749449796247
164;0.05888875134865954
165;0.015235109049553565
166;0.09571043512040713
167;0.01986755553004297
168;0.012584846710521826
169;0.04910721698104223
170;0.08923212324109166
171;0.07930320072087602
172;0.08029017443462143
173;0.08908700053522829
174;0.09636959621819201
175;0.09364911449994771
176;0.07272153592675938
177;0.05192234637826251
178;0.011265057319182425
179;0.07238749360423978
180;0.07202125673131266
181;0.010681093417855815
182;0.043558809714420665
183;0.009557798577765397
184;0.0650175984102193
185;0.05006343745606078
186;0.09374628692052223
187;0.018225473971823527
188;0.005553552855077082
189;0.03302724368037402
190;0.058497499565997785
191;0.06724471248785688
192;0.004030706308428844
193;0.01755275799332188
194;0.08902131750303596
195;0.06046727724775402
196;0.09401523210618432
197;0.060160128698047405
198;0.0331732206967014
199;0.023412891950426895
200;0.0765672508026011
201;0.015251910886364219
202;0.06516816824651359
203;0.0330212919949791
204;0.09847117239284696
205;0.0619312060056793
206;0.03799325423337011
207;0.08907316102051244
208;0.0043562529296778734
209;0.023290335186507805
210;0.00555428002477405
211;0.012471651585530609
212;0.011488892108804405
213;0.061712583509647125
214;0.009027868499420832
215;0.0035888052540111073
216;0.057287014607759916
217;0.08147467186590128
218;0.02312908078813608
219;0.043298650708527044
220;0.02079561318586072
221;0.0012216064161495567
222;0.0035100836730125986
223;0.08890645249512093
224;0.0660849863427806
225;0.0452961469417276
226;0.05265906886174857
227;0.0504989085289567
228;0.0428845098627101
229;0.07026355674614794
230;0.0008265679294848782
231;0.0653624119228832
232;0.04774485795168287
233;0.0888062957428682
234;0.0634321038814062
235;0.03349034160879947
236;0.002844359114628237
237;0.013300555939251613
238;0.06769082643438602
239;0.06481344029544843
240;0.0721073727492541
241;0.026201840661717657
242;0.005813164379151936
243;0.09747689983286062
244;0.07911941491158246
245;0.09098201660351611
246;0.013988749795702617
247;0.0038052180582495154
248;0.046383947578737476
249;0.02332986259862037
250;0.052363283625688276
251;0.03229369918781292
252;0.055604222784429204
253;0.09305840914192509
254;0.04433214931476579
255;0.08498126281654092
256;0.07345634654003258
257;0.09677543988616057
258;0.017627885388039333
259;0.09482111302336486
260;0.03412687202756768
261;0.03142844903622181
262;0.08363619519313474
263;0.09781966797787403
264;0.009824596063233793
265;0.03361145867184819
266;0.0285524550041423
267;0.07941366045257234
268;0.07372433932332788
269;0.07168551745854083
270;0.09777194475126974
271;0.05411029114979391
272;0.06393177619749374
273;0.0848360358242116
274;0.0004237852925910168
275;0.04400958794259313
276;0.08758635116619101
277;0.07122375418172257
278;0.08061757835385776
279;0.004276192272264512
280;0.0009396380164065854
281;0.055598851401181565
282;0.04805032924866605
283;0.09668327883161038
284;0.02407510384636673
285;0.09283418090463356
286;0.02364512187020078
287;0.07746021528899447
288;0.09932056524284069
289;0.0032243598348496772
290;0.05215619843463625
291;0.08244016950673977
292;0.05924915576443827
293;0.07118541728963304
294;0.05962252691751274
295;0.03576368304269264
296;0.08936594358329351
297;0.02346261784115542
298;0.01798736273089139
299;0.03913012735782091
300;0.08264066675316385
301;0.02472496451637355
302;0.08519874181032808
303;0.014625021036276687
304;0.041569762514054524
305;0.019705866030609465
306;0.0035395668010873463
307;0.04840360105754317
308;0.06657012051648885
309;0.04938352443822441
310;0.011488582128402447
311;0.09086505451102735
312;0.006769610094274648
313;0.028404823874908527
314;0.03270672919332001
315;0.09983033175252422
316;0.058229860182009596
317;0.09810067722654173
318;0.013498339687291694
319;0.03047873771225489
320;0.08332245731039484
321;0.06368711428054304
322;0.07682416737895684
323;0.015353103626132292
324;0.0520040992124198
325;0.04292079517983748
326;0.03732997792213579
327;0.07117899512968603
328;0.0749527359352881
329;0.09713062301302704
330;0.07725387326560818
331;0.025729447232439473
332;0.06130638238975782
333;0.07809866925872552
334;0.07560939214866379
335;0.007123204317590371
336;0.03614407868043068
337;0.04061108370819042
338;0.017966933189043677
339;0.08089631300692461
340;0.07928356517419154
341;0.046888981356030625
342;0.01462443124113625
343;0.020512821889406896
344;0.00822717293165245
345;0.049986838390099646
346;0.011035970153302356
347;0.08953638473680696
348;0.07598143835877563
349;0.022288886024257062
350;0.09622956756370923
351;0.04848009212156108
352;0.07629919030038726
353;0.024708714565365775
354;0.09284956594472281
355;0.004313645025610358
356;0.09069067201899739
357;0.037730014076340315
358;0.05658909222930517
359;0.026786073606092132
360;0.057109258329144055
361;0.07997018647901147
362;0.08066737023197602
363;0.04166700812762985
364;0.009618755594389695
365;0.058152313398022876
366;0.005441296978968214
367;0.056992105511727426
368;0.06423564659919259
369;0.0007178997856029379
370;0.023696795834080575
371;0.03656409095484
372;0.07842151184427626
373;0.035452114658242044
374;0.02776033518744089
375;0.038807671850516014
376;0.023189635104096263
377;0.04800084741689384
378;0.018201776216163524
379;0.023575523468161552
380;0.06945945044599505
381;0.08175059158133172
382;0.05466596745823993
383;0.05092569663837572
384;0.07900472118507623
385;0.09404568324038873
386;0.05521021968023531
387;0.06757441168025344
388;0.08305462994604651
389;0.052100125262531764
390;0.02660359678201826
391;0.03366012292834021
392;0.06780864221708886
393;0.04518733265472309
394;0.034083180096221244
395;0.05027901006757939
396;0.01451333280532301
397;0.09238385257327264
398;0.019654989423608174
399;0.09357394083123802
400;0.05634579738669271
401;0.05444004195582659
402;0.011340487994325433
403;0.07188459910107355
404;0.059215974534004436
405;0.03546572206317794
406;0.08744201700442224
407;0.04484563831835347
408;0.0006450115087509701
409;0.09481879682790556
410;0.04521424436009848
411;0.02566894919725482
412;0.03658444800389509
413;0.004354096639321792
414;0.020320775584925056
415;0.05210826622011022
416;0.07645890473840251
417;0.07196625119870904
418;0.0933191774535311
419;0.051661867617358484
420;0.039965598216413656
421;0.06934941534958368
422;0.03828223822846077
423;0.010005324298700614
424;0.02778069415350709
425;0.05113914243429715
426;0.004984284931255201
427;0.052045779969310625
428;0.0005328962838680673
429;0.06482643878091292
430;0.062040158074314504
431;0.02522181932991474
432;0.08276835353092987
433;0.0638183156094785
434;0.05657161910410488
435;0.024965088189881992
436;0.03324030991259829
437;0.017730878043911102
438;0.09707890422885038
439;0.07219020702653954
440;0.08548927935753306
441;0.05628352669144865
442;0.07538067509685442
443;0.05203943066142365
444;0.018757810423530363
445;0.0033816555164829956
446;0.025317851590712648
447;0.06669325947733334
448;0.07352915565740918
449;0.003146268487325188
450;0.05443803492447459
451;0.050471062655236945
452;0.08874495535574055
453;0.07801073906128976
454;0.04914731849566792
455;0.07381517517996532
456;0.09077035469879005
457;0.023182881999094285
458;0.09665153874796656
459;0.029866611186024752
460;0.07439585434173959
461;0.042004423971315145
462;0.04657068422507119
463;0.0026257815651492436
464;0.06424681599929982
465;0.09051087574694783
466;0.0002294525481518761
467;0.08176613988936574
468;0.05448149235401141
469;0.05781542389778105
470;0.02582345476333413
471;0.008594964928530803
472;0.03540568197894496
473;0.0001512596249015119
474;0.07125916641416893
475;0.0879271850762796
476;0.05153323319264125
477;0.05034460267601473
478;0.007576750572255698
479;0.016271614665878988
480;0.06199544623958894
481;0.011642557865202253
482;0.052076142592600884
483;0.053706532071947734
484;0.07832709798153688
485;0.06180693149683706
486;0.09188910590563142
487;0.043866557030072986
488;0.06243137981364675
489;0.021475421944324214
490;0.019589919309292582
491;0.07625360526574325
492;0.06039201552987074
493;0.06801737528127673
494;0.05835281383817858
495;0.07858195606794052
496;0.040893343704110977
497;0.08439458088385579
498;0.02645984013927344
499;0.06038584842077946
500;0.08067313148286019
501;0.004776606117753057
502;0.0496531287463364
503;0.09127183088240665
504;0.08006350999714186
505;0.043184586283116305
506;0.01247160595856387
507;0.004049048314711146
508;0.056805904769233785
509;0.026523058841713187
510;0.026990206926703154
511;0.04138236371735152
512;0.0753505376043498
513;0.0024120512477320832
514;0.07072973326401615
515;0.04699390278072893
516;0.020340721882413804
517;0.08189277529782342
518;0.056554035883412894
519;0.08073518976055082
520;0.05093812628734519
521;0.017540118661800386
522;0.029312048508543076
523;0.08214027458267749
524;0.0917402382681794
525;0.07940129120123707
526;0.0027574431723449647
527;0.0016044790624902606
528;0.0335399790633728
529;0.09783031151562907
530;0.09267767284108511
531;0.004874609398226793
532;0.06455274405798547
533;0.06405924738845575
534;0.03147595536843728
535;0.09139619560366098
536;0.03432824503907226
537;0.029970477942754693
538;0.07606525744423585
539;0.02892069253398898
540;0.061495873959068886
541;0.0786398870814942
542;0.09312698518212364
543;0.013043893090414406
544;0.02188078001717796
545;0.036822841666732185
546;0.009696385220725202
547;0.003195505061892401
548;0.06670415992807953
549;0.04448030840816464
550;0.0627798916000151
551;0.04988320950200206
552;0.04352675853740726
553;0.09678642848084124
554;0.06628632447996013
555;0.04805039563272948
556;0.08439573412219979
557;0.06247715874151044
558;0.0954894836096255
559;0.07206413642162045
560;0.0327395563210441
561;0.04290440395545178
562;0.0945455460968068
563;0.011499605600743769
564;0.033263892929682536
565;0.053796420658764325
566;0.007268086654588279
567;0.039481763426531806
568;0.023540729806785666
569;0.051377805772589935
570;0.03247755924728612
571;0.08172609325164462
572;0.028893237032762475
573;0.04948776763533095
574;0.030262934968452893
575;0.05343945476395804
576;0.05644172055511987
577;0.010298110095637825
578;0.03214225533477969
579;0.08779426709246052
580;0.08004485698868292
581;0.06020021391752666
582;0.022674119247982783
583;0.09633531966284925
584;0.043125402422995
585;0.014184308387754842
586;0.08312977269267338
587;0.04471226361784514
588;0.0802039817146203
589;0.07419328104831731
590;0.026472442309668123
591;0.03612966510855742
592;0.09116525034748327
593;0.048877307298223864
594;0.04572357510939641
595;0.03047304086867325
596;0.08816726494064939
597;0.06319838234359897
598;0.07419701928916032
599;0.006706422971548387
600;0.08145491171752142
601;0.05666257514404678
602;0.050722782123836054
603;0.008961617324883943
604;0.08569351322833511
605;0.013388204633071844
606;0.05811155711051161
607;0.013459630796311807
608;0.001988053069012896
609;0.09414423494440936
610;0.07145110823038352
611;0.017357742391376652
612;0.004727688487935977
613;0.04722707219749414
614;0.00820971727192722
615;0.0441214204859976
616;0.04138709183711847
617;0.09427479610662232
618;0.07913362839342072
619;0.09617239368761732
620;0.002361655140716601
621;0.05223741406039556
622;0.00782056067297895
623;0.00812795131883114
624;0.04140650480363992
625;0.014074386529093564
626;0.028693611112137085
627;0.006449577440689469
628;0.08514562691449007
629;0.09593951658563155
630;0.09778976306944745
631;0.07667271574569112
632;0.08982519542862179
633;0.06817995924246655
634;0.0011915516793812976
635;0.03875170327553539
636;0.08073367695391853
637;0.06321695455803283
638;0.047380428942100164
639;0.08907987565577034
640;0.03128539007298821
641;0.038321513596718176
642;0.09714971195418079
643;0.0743593573959239
644;0.03735129036084045
645;0.07578581201532146
646;0.017813518465387614
647;0.07255936992895379
648;0.04913662376522138
649;0.016940255503710745
650;0.0276319773520464
651;0.004108628894931277
652;0.03226457223983638
653;0.045247038698349396
654;0.0965948575578026
655;0.07725326311610953
656;0.08383427160029178
657;0.06122792053249623
658;0.07465204272457225
659;0.0695901057980583
660;0.024010565519729667
661;0.08552841671191766
662;0.007962151285872588
663;0.06920098391713347
664;0.005001268164535999
665;0.03874191425594256
666;0.03641852477057779
667;0.019678419333040764
668;0.04951455612403716
669;0.01862808448687039
670;0.09330108561211539
671;0.09834950541902499
672;0.08525395541836409
673;0.006230004052629146
674;0.02117196148728824
675;0.002294997229162321
676;0.05728877762572691
677;0.07627366564637754
678;0.035697676488736084
679;0.04871644469796256
680;0.06017497746006026
681;0.013338598463612163
682;0.0054514053125303665
683;0.028748178325073006
684;0.06818525634870953
685;0.035805830367054384
686;0.0635430418077709
687;0.0464578242813643
688;0.0515497897869334
689;0.06113882723484311
690;0.06834338950484059
691;0.05131737888691377
692;0.09353451155177997
693;0.0040530739369529665
694;0.05367562501190004
695;0.08391181714184788
696;0.024724731733315432
697;0.05211487702133527
698;0.09778641847764236
699;0.04859927182142311
700;0.03840493615475862
701;0.005776021959521072
702;0.09508274164460113
703;0.07783428391721851
704;0.05372940277150215
705;0.013493817542277653
706;0.02856206380054699
707;0.08454063344785119
708;0.05485537084643027
709;0.08997442368529657
710;0.09406511585917185
711;0.06971437571425808
712;0.08940957044254082
713;0.09114598666306016
714;0.06270395583232634
715;0.07577570242030467
716;0.026927081899959807
717;0.0002835820886463392
718;0.05492897401260623
719;0.05610245685996132
720;0.08278946957808513
721;0.03466441467186698
722;0.07313300231052083
723;0.021354410851867758
724;0.04435866211415893
725;0.033803704082804586
726;0.0490619065574178
727;0.06519531781902019
728;0.025318800016533895
729;0.0133110230989417
730;0.08945046676150556
731;0.04582790855743494
732;0.06943345617788364
733;0.007551145228270495
734;0.08240440368130075
735;0.007047450526140287
736;0.03018810624840749
737;0.07995464438666783
738;0.06301689923567498
739;0.09791351146365537
740;0.06184892204756048
741;0.046443281227555734
742;0.002962499029139565
743;0.07813112848258906
744;0.05727744857367898
745;0.026963518402243238
746;0.08704835007280846
747;0.07041614520462978
748;0.08102601506827428
749;0.04165259609676395
750;0.07144238315734605
751;0.048586335828457575
752;0.0629760467287434
753;0.014822661237366808
754;0.03490757044510442
755;0.057857142637491366
756;0.08118649906727719
757;0.014364421876241706
758;0.08162756017976623
759;0.025754793577159873
760;0.08460599636739181
761;0.03700970945680311
762;0.07488340177423884
763;0.08245914459339632
764;0.010649887771827038
765;0.03268698781030632
766;0.04092235879594228
767;0.035315991732910904
768;0.08829273330266954
769;0.053768532083624976
770;0.01599669388718942
771;0.04969590014516404
772;0.06102244016866089
773;0.025780052349710227
774;0.07715284683793802
775;0.06539980103100622
776;0.013813816656365309
777;0.004223797911791105
778;0.03461357432218337
779;0.0680978640613847
780;0.06391880910782598
781;0.05421566879148372
782;0.09938726407810376
783;0.016648441164046467
784;0.06575553564085072
785;0.07945869249484389
786;0.06488880189568522
787;0.015569211456426769
788;0.07117187650466054
789;0.05795396413383455
790;0.020701210417813476
791;0.015181590995510908
792;0.09707131267803094
793;0.033801849967545976
794;0.08334675984433564
795;0.0636206355328484
796;0.07692933910889281
797;0.0742369591639626
798;0.09324068535959429
799;0.041911754866976084
800;0.010976786530552486
801;0.07367068581888785
802;0.02434786321708592
803;0.09059001233501973
804;0.055648994634754534
805;0.07822328741641493
806;0.06885056281126214
807;0.020522236438887776
808;0.011995856631000624
809;0.015588008337012427
810;0.00010526046109846643
811;0.012122063297014318
812;0.026970137132750507
813;0.018406941934483313
814;0.0753059520193391
815;0.09035011470779444
816;0.08749593847652391
817;0.07413004990189392
818;0.0973586368078257
819;0.07651659673329107
820;0.09321512384205351
821;0.07570774631870843
822;0.003981016621497935
823;0.031980379154486906
824;0.05843946211089887
825;0.011193575539490264
826;0.010732091191190075
827;0.054950028940197765
828;0.08960293632801009
829;0.09158929352825314
830;0.06330496409789813
831;0.04026771412097488
832;0.04811466700566772
833;0.06914133874383589
834;0.03594051056057538
835;0.09990659105514271
836;0.0722463830919099
837;0.06649109811829665
838;0.036141184292603636
839;0.02730513518896235
840;0.08644757084434483
841;0.09036987060732514
842;0.042700955197937644
843;0.08308558071256326
844;0.06694722286750986
845;0.053892626421130144
846;0.0635763857089672
847;0.06317485978391969
848;0.08126411498135401
849;0.05113236015054032
850;0.014078542387426863
851;0.07574375257600938
852;0.07344938136010827
853;0.0863242800147798
854;0.044430486563339255
855;0.054453393073422986
856;0.018531111638560315
857;0.021377477152855453
858;0.025107237937456495
859;0.05582354212727142
860;0.0173220889804954
861;0.07330889995551364
862;0.0057911969472254745
863;0.033009991544826214
864;0.062118139121126084
865;0.03575989870805917
866;0.04411888997543434
867;0.048098903200538994
868;0.08524576240362167
869;0.0866736169633116
870;0.0848432270631942
871;0.09883416518395408
872;0.0008274750545978704
873;0.0079142642015559
874;0.0636023555049925
875;0.07103004173645495
876;0.07496136454323017
877;0.014377749416726282
878;0.08232347421036815
879;0.07957324168172442
880;0.08480424118085106
881;0.03454118894869298
882;0.08716754352994023
883;0.07674977635532663
884;0.010884999161369646
885;0.016593929737804405
886;0.08827565199365969
887;0.032035264337223084
888;0.032250056006400685
889;0.018090854800095525
890;0.03661741611567607
891;0.08428262483174474
892;0.09239911431795299
893;0.044707611655331714
894;0.07579520253942199
895;0.07096161031118091
896;0.06653243649498981
897;0.09512817480467148
898;0.08336154864980483
899;0.049343534000656844
900;0.03541829267825114
901;0.043570977727807075
902;0.09202803545917469
903;0.009152352040021993
904;0.0011381029494224482
905;0.02942286958836733
906;0.07563076881244757
907;0.00021026881393451104
908;0.06390955768685867
909;0.05888268148610362
910;0.08159867439027334
911;0.09630739302723686
912;0.05926564361355422
913;0.07795146672287157
914;0.07939380774607226
915;0.032808194056041386
916;0.08980548609604239
917;0.0010749756835390478
918;0.05322496605851329
919;0.09924236775871959
920;0.09679885474396058
921;0.01630660481182339
922;0.09715598205900973
923;0.06352034127836162
924;0.015554439088380934
925;0.012904818952542153
926;0.0420260575669707
927;0.02052278392588234
928;0.06540486446547454
929;0.04509037706944211
930;0.017981918515084617
931;0.04411070030771406
932;0.006673019977722128
933;0.04140454707637142
934;0.07072194886173273
935;0.0803464902113407
936;0.09340843542863492
937;0.022402673782492746
938;0.08418960343444597
939;0.028296621952661895
940;0.053615025644724416
941;0.016075901897444768
942;0.0739882594929786
943;0.00031355495463398776
944;0.02370946385969719
945;0.07031864569284488
946;0.007450503164913292
947;0.07241930806785883
948;0.03235598017566412
949;0.05960738952386721
950;0.03270031470586726
951;0.06021626113519579
952;0.032800248939181445
953;0.056263008131132344
954;0.012400064510683552
955;0.015028540910592848
956;0.05150380517219606
957;0.020584798953200745
958;0.008194499084397655
959;0.02756467154562965
960;0.05497883562652348
961;0.06964744835913117
962;0.06905233035651138
963;0.049474034161925175
964;0.006906125777331018
965;0.007239760295453435
966;0.07971393456468083
967;0.06789726836093737
968;0.041219395053145085
969;0.02272220341530995
970;0.09827267211206081
971;0.07292796888540258
972;0.07626210548933418
973;0.09545444715178114
974;0.0419516733279075
975;0.025127955347495803
976;0.09420443490509697
977;0.08708160425278076
978;0.014679654319986203
979;0.03606228491062544
980;0.06154961077480728
981;0.03504956121602002
982;0.07620759469753464
983;0.06529156623580827
984;0.013821929570864144
985;0.03468872870669093
986;0.054267733937310825
987;0.04252925187969773
988;0.05825634866201865
989;0.05598958042050931
990;0.026149109780464943
991;0.03626499002531271
992;0.03130247432331255
993;0.00044798845360014553
994;0.057811639320615255
995;0.03233145538911066
996;0.09703646808206039
997;0.009341457124832276
998;0.002728301478652562
999;0.01861410316097231
1000;0.026043128067139855
