1;0.03156877073349296
2;0.07701016419709567
3;0.03781458790474526
4;0.07084383069930715
5;0.03559629278425883
6;0.029830156173565714
7;0.05376832862566286
8;0.029833889235375867
9;0.08926370353564582
10;0.006604828641463512
11;0.05791953680432632
12;0.021639907356284252
13;0.010920279476976658
14;0.04188103794592185
15;0.04999516255160418
16;0.02617494304783509
17;0.003068785997912582
18;0.08431418511115446
19;7.521952017494061e-05
20;0.05341510394294344
21;0.06400174529040414
22;0.06947945570640439
23;0.027531350460742912
24;0.041714269494699065
25;0.06690741290810163
26;0.0920032637693553
27;0.03000456674999227
28;0.09386993779114237
29;0.021647227501889854
30;0.0578957090989828
31;0.006905661177145895
32;0.08446467542557756
33;0.07196131601725668
34;0.06826349272639995
35;0.05669056272596262
36;0.07047486457264025
37;0.00765686993599889
38;0.03636199512255345
39;0.06304164982299008
40;0.019514975023299654
41;0.03299700317509661
42;0.026090581545745575
43;0.01759940900138467
44;0.08781159758895422
45;0.07272989481347243
46;0.07149718981065205
47;0.0943653354913295
48;0.05657106556620472
49;0.03626921256248784
50;0.042604605095899174
51;0.09412761264375485
52;0.07208871140962862
53;0.0001817939970874316
54;0.09997863385941874
55;0.003461068105151488
56;0.005032643153088268
57;0.02262594600277721
58;0.003302424715796515
59;0.014851181470039299
60;0.011830440432469181
61;0.08806193354294228
62;0.09728288333922548
63;0.057978891610341116
64;0.0762646826902555
65;0.07699409044867464
66;0.013114087419757793
67;0.019969315014768885
68;0.06632948810471623
69;0.023713499041264442
70;0.08532995041508667
71;0.050672826672164994
72;0.08275717347220413
73;0.07610427194517955
74;0.00478491138241105
75;0.0694803751795108
76;0.08659781361906005
77;0.026903199654832302
78;0.06595364334672242
79;0.0012972025878041694
80;0.027897534513693457
81;0.05877695447849234
82;0.023427781147420692
83;0.0538226190940968
84;0.005796250484689614
85;0.033126015750418805
86;0.03313308326807525
87;0.03058535291096989
88;0.05049468211565794
89;0.04864854245558819
90;0.005927920905970119
91;0.046813015467441633
92;0.014577823739893704
93;0.08001130136003652
94;0.046388897692199504
95;0.006604608820645341
96;0.01309609682519245
97;0.013876312773611545
98;0.07305050730844755
99;0.009816426411070856
100;0.05789040004188409
101;0.02699560190827447
102;0.009123471663086136
103;0.06106511855411767
104;0.07589007525931413
105;0.09098915343299395
106;0.0045885551045437125
107;0.0007178099458317044
108;0.01918941238994032
109;0.09202515802172435
110;0.09143680679491067
111;0.06310333356461585
112;0.04405804545947911
113;0.020713458920429306
114;0.06711970988227704
115;0.04510120686043803
116;0.005206305436611602
117;0.018722367010491413
118;0.03253936047442078
119;0.03334663657589048
120;0.05605344110164284
121;0.08292180781025338
122;0.047775556311582604
123;0.053420401979813695
124;0.07178430277090748
125;0.057488250797584885
126;0.019162389830618954
127;0.04160669311835233
128;0.023344094814178665
129;0.018500611255427124
130;0.08437816021974749
131;0.036450662630962596
132;0.029731598977113773
133;0.004881733754812934
134;0.07426308176931413
135;0.0081002620263816
136;0.09169228358131942
137;0.05121018357604238
138;0.05424492267979894
139;0.08599946254616216
140;0.08533851314902857
141;0.035505320332899507
142;0.08132714707697475
143;0.08112911162814893
144;0.0210858826942682
145;0.07054638100463327
146;0.06301710874419955
147;0.03502251551569998
148;0.01430157918044357
149;0.009507252132731292
150;0.04284297395791551
151;0.08170160999739501
152;0.0939371938549437
153;0.03330581303190035
154;0.02726751394153375
155;0.07547352931920204
156;0.05941355057585801
157;0.0038391133558070448
158;0.00965258222826283
159;0.04854039186917239
160;0.004371936995882709
161;0.025212827570210417
162;0.02068157521878532
163;0.09015373113072384
164;0.019311494197486224
165;0.02983979604404413
166;0.057946636967164046
167;0.04855112273822716
168;0.08099547385057039
169;0.007674653499865725
170;0.04088639415068715
171;0.09662409342822842
172;0.0477507950976577
173;0.0061494506348726335
174;0.09801543689851515
175;0.06484890858737609
176;0.07758584254451986
177;0.0217591705973498
178;0.07669380318743843
179;0.06817493207005164
180;0.0013075306790948371
181;0.016939584438810218
182;0.003776023471284229
183;0.0647616415652515
184;0.018166233132736232
185;0.07178014148421484
186;0.02994408743606558
187;0.03949176900671311
188;0.05437487036819455
189;0.06099959747284627
190;0.016092169742832008
191;0.08960773162864273
192;0.09865693305225459
193;0.07271055293196307
194;0.07463430444568774
195;0.06971329643478873
196;0.08347719522564315
197;0.08253358529656618
198;0.05522559057406778
199;0.029070775916843306
200;0.053841526396097295
201;0.03393527868022981
202;0.06595558551458476
203;0.09765812037953742
204;0.014860389560886157
205;0.00641891753909597
206;0.06517066699881623
207;0.045655980360621067
208;0.005155575319153028
209;0.04842284082986418
210;0.07240341833802087
211;0.03135418305401997
212;0.04182771312557931
213;0.006775205619335068
214;0.055218192995476784
215;0.06813176948071668
216;0.04349719303031087
217;0.07850384383556124
218;0.08764117690148315
219;0.05607504837972175
220;0.005908150528045508
221;0.01450988701193261
222;0.0862146506536035
223;0.016128910701973344
224;0.08026393238421312
225;0.06205491555430558
226;0.05186869215500705
227;0.05098877409610786
228;0.06856724310813793
229;0.06363690964329936
230;0.03331744433369093
231;0.013739579305755645
232;0.08604272999331754
233;0.01605894818885989
234;0.09736447571199652
235;0.046163408580808224
236;0.04958148294172247
237;0.09748660162295249
238;0.02759393279993823
239;0.0512351624037424
240;0.029917639670321485
241;0.004814071043370782
242;0.010283698969474087
243;0.006366833135247996
244;0.03947366242137998
245;0.030394294509403966
246;0.04569991133021361
247;0.07429798660909646
248;0.08619103456816873
249;0.0324267933190082
250;0.0020679329281382943
251;0.021602589360498515
252;0.09115175735468886
253;0.0038250363568670953
254;0.017046747801765582
255;0.03310582584647703
256;0.03237706155073521
257;0.012538145947629142
258;0.05235176848190867
259;0.060484519073593215
260;0.09586831185794326
261;0.003704853266838426
262;0.0888687549129638
263;0.0787515105233243
264;0.019594217760949974
265;0.026376014932977546
266;0.08195929769966045
267;0.060808968375075635
268;0.0011652709244639348
269;0.06885227758905955
270;0.0014313715515573368
271;0.07943943813959653
272;0.07226202927128778
273;0.08025764353507103
274;0.06813928996688207
275;0.07492423347132254
276;0.025310022640994724
277;0.060768689478353816
278;0.059031386475753504
279;0.02513810214837915
280;0.05575934820966321
281;0.014011726226523148
282;0.006319309786649397
283;0.034808737746758724
284;0.03018288627610487
285;0.0019463362289469212
286;0.06466446002729608
287;0.06782649879039217
288;0.0968477406911292
289;0.023634901621342054
290;0.03204891798166826
291;0.06898850789112891
292;0.07411448775876263
293;0.04227770450741341
294;0.07846811560630751
295;0.060420217564675666
296;0.05089419225096973
297;0.04720194461865168
298;0.036351355020551944
299;0.04700463394275324
300;0.0490083465360687
301;0.038036084104146495
302;0.06085607213883078
303;0.05622353261057981
304;0.010624954790482977
305;0.01659552344367481
306;0.03961353030021665
307;0.0893721651452384
308;0.0017312045269553544
309;0.004484122744407837
310;0.09719261704298177
311;0.016226579006938913
312;0.02686156440487062
313;0.033947683945700316
314;0.005115309430785687
315;0.004075735428331762
316;0.09711457113744461
317;0.0701910941915753
318;0.04793103130984551
319;0.09232578998881624
320;0.02382422867331903
321;0.018987411723818903
322;0.07540061009830817
323;0.05029838202471429
324;0.08177863285981364
325;0.04918089077952259
326;0.029150980043699117
327;0.09861700411585296
328;0.0066982795936837095
329;0.05411846149053459
330;0.03975057206046785
331;0.03745128902480851
332;0.09865581780632067
333;0.0911321398173747
334;0.08938539885671103
335;0.015121195540542655
336;0.08379726743832726
337;0.013705785224950529
338;0.01903462188608748
339;0.05454233949950776
340;0.09954462107687949
341;0.09632940512351396
342;0.04392220105568922
343;0.01047898026409072
344;0.03666135306345438
345;0.07677385125490852
346;0.08714905320370112
347;0.06375575639098639
348;0.042743010871730505
349;0.08666029294086133
350;0.07056179149998414
351;0.020447628292935217
352;0.008524706184479258
353;0.06210124848145004
354;0.06678673237062964
355;0.033882271245204834
356;0.0016432240149696798
357;0.07553311163574702
358;0.04783614062475122
359;0.06814307533608865
360;0.028320857905247677
361;0.029101894967119103
362;0.08861203997898298
363;0.062031617423464115
364;0.03322665789400538
365;0.09476584477430315
366;0.05219903982815386
367;0.07315098475386096
368;0.09436318566029872
369;0.012887265688861184
370;0.0881119005823029
371;0.0389587177275571
372;0.058781054475036704
373;0.09198975206583675
374;0.014557236635000682
375;0.0718530564994645
376;0.0724531894319447
377;0.0008347232491877077
378;0.04723739150709932
379;0.049376708673147696
380;0.07509366374939648
381;0.03337191104157845
382;0.03284889839931239
383;0.05212281695387849
384;0.03253250060053834
385;0.033322740036170605
386;0.04963043510957748
387;0.0007813303361571378
388;0.006655795333847081
389;0.015544298999871876
390;0.0005072025096367173
391;0.0958541415291702
392;0.038467706212987174
393;0.03220792690127505
394;0.09660650054539383
395;0.008407586137378187
396;0.026511406172951404
397;0.004667906674194267
398;0.09840258829288946
399;0.08992912696873875
400;0.0242244431958607
401;0.01647491534880732
402;0.01473003744743452
403;0.06727298288018611
404;0.08246939347816454
405;0.09081643414349641
406;0.07001909613259764
407;0.02790396013819726
408;0.09135987355074374
409;0.05430745818492534
410;0.0167703773441121
411;0.04583186606620968
412;0.06982761647054352
413;0.08121770488749283
414;0.09315102527367741
415;0.029094499999080793
416;0.08215367724065054
417;0.022896450348774966
418;0.013250387818347975
419;0.09752813741675191
420;0.0022480622302136545
421;0.022296125443793537
422;0.049238305603252944
423;0.07957491215714446
424;0.058098361655730735
425;0.0361505845701255
426;0.03539264836278965
427;0.050100183737032344
428;0.0855319665144648
429;0.04361120864854954
430;0.05477986501095618
431;0.044311557673143515
432;0.02274794963195932
433;0.07216871640620827
434;0.08690011953899213
435;0.07111044492214612
436;0.013596192644256024
437;0.026676978991427847
438;0.06414285177451694
439;0.024437069472338358
440;0.00764046742516683
441;0.04035694763202688
442;0.07718395849509226
443;0.027025795792988208
444;0.0815357170170433
445;0.09263991328487532
446;0.01290371904749883
447;0.04903504912050512
448;0.03456089732791039
449;0.0643984040282705
450;0.009192492392545283
451;0.05559244015325946
452;0.02796077263293935
453;0.03018739523454791
454;0.08828704971273804
455;0.07985105422304606
456;0.017461893385126492
457;0.033447956448888864
458;0.03719976686951611
459;0.05681502316968867
460;0.058540391213199365
461;0.08969632611058725
462;0.08837690754768178
463;0.09522167995462942
464;0.09065099615016188
465;0.03629471772025041
466;0.08188636412144232
467;0.01595899179528102
468;0.06378320643059436
469;0.05243767687679923
470;0.05661549988289245
471;0.06151029897884073
472;0.04158177971292248
473;0.09967649926232824
474;0.07047170931194738
475;0.036268859840557055
476;0.09239805431584253
477;0.00029740739144992203
478;0.09420503605942983
479;0.0774288216834448
480;0.061844901204376995
481;0.07794898057462178
482;0.03381540392356991
483;0.020167100871240053
484;0.09041925330880633
485;0.0900023435892291
486;0.03492321518017399
487;0.004312738568343621
488;0.057981796783398945
489;0.014046849507926562
490;0.05603733742940875
491;0.014325339124646931
492;0.06045095476776753
493;0.0671936411670065
494;0.0044114863958728545
495;0.01156980940324799
496;0.08030119242559895
497;0.05343408798220414
498;0.08001454904164401
499;0.04267282022099245
500;0.019879208084570135
501;0.09096595626416243
502;0.0877557813308018
503;0.09212681958843232
504;0.08787532475038086
505;0.04322990929610454
506;0.09616650424691636
507;0.06029483924935295
508;0.0358252250101496
509;0.047431582528221605
510;0.014041540110839058
511;0.01817144344812135
512;0.09023478337494482
513;0.07808645025222997
514;0.0026075310988392555
515;0.011299193903252914
516;0.0739520764374352
517;0.028352023343644207
518;0.017448503951418528
519;0.07483423852419771
520;0.06335053165822667
521;0.030683311677169124
522;0.04209933634961889
523;0.053577115716175065
524;0.08245576690392555
525;0.026309005464121737
526;0.0575119853938208
527;0.0705665620855582
528;0.043273777287070894
529;0.024948118397103192
530;0.012878024297379477
531;0.07788304027618696
532;0.03846901324775788
533;0.045554629556090166
534;0.08796614634316173
535;0.05189907836484201
536;0.05090197950604363
537;0.019332610487977887
538;0.0058568918046004725
539;0.0430927963854599
540;0.05000769484824502
541;0.06241473619383704
542;0.042070811683207525
543;0.06783468580215017
544;0.031195222773384358
545;0.07595071050660951
546;0.03789448634537589
547;0.09900639038199406
548;0.07725057105501772
549;0.04941601369759701
550;0.08759789071216306
551;0.08396573351495644
552;0.08425235429029287
553;0.06902498496119273
554;0.04624560487502016
555;0.08098651268143264
556;0.02019602759349558
557;0.038329159918288884
558;0.08200168802872528
559;0.07019267533913814
560;0.007131119916373063
561;0.042936777626035184
562;0.019660452500450933
563;0.056948419021969836
564;0.03907048062746543
565;0.08701907315597596
566;0.02191504880842503
567;0.07782684020571556
568;0.0703661212653428
569;0.03237476299403408
570;0.010061295017521212
571;0.024522556929716912
572;0.017338857178686974
573;0.04582358102648496
574;0.08572975554399881
575;0.04826409669916483
576;0.04990006088527554
577;0.09155604041228958
578;0.00609227041586019
579;0.046272256328849175
580;0.06139243522479716
581;0.05441576544533488
582;0.041385708373536716
583;0.09750801357827756
584;0.09420830758679093
585;0.020230254168531636
586;0.09656647359131154
587;0.0817605813312134
588;0.03616376474588239
589;0.07557049012844688
590;0.05850934030522923
591;0.07723718125927559
592;0.03194232201827764
593;0.04743227103692979
594;0.006653746090522272
595;0.06702022848429084
596;0.009150954819714873
597;0.02797202082659872
598;0.07767798082229338
599;0.014782134721043528
600;0.07239333534780178
601;0.0037724871745672853
602;0.0839732078822492
603;0.038327754063761266
604;0.05119163987644783
605;0.077497260900532
606;0.03370897979725331
607;0.010428289444801531
608;0.09768682576514867
609;0.05375681058800911
610;0.038892705834585074
611;0.022683035983803102
612;0.07284991895039696
613;0.0267383481302496
614;0.03735776075501597
615;0.025330857153854792
616;0.016912103535932612
617;0.06982397725583099
618;0.04218082512010876
619;0.077996308335002
620;0.036788596026948554
621;0.08728531720139421
622;0.01699610441613426
623;0.06283451674842376
624;0.07619200141115634
625;0.09858555622379274
626;0.05866224217324863
627;0.04513341251567976
628;0.05131336443302323
629;0.05397762525928021
630;0.011159197378112475
631;0.045347029850383
632;0.06450137665202392
633;0.08752760839955198
634;0.0008040136259117703
635;0.040403076231613294
636;0.0028078176403677603
637;0.09939461973218365
638;0.09915283783966646
639;0.027605219847102347
640;0.0005820745158477081
641;0.006993956370601418
642;0.05797192121459465
643;0.034370512679845325
644;0.09398932759042976
645;0.08276091851562156
646;0.06667098219373511
647;0.08349358420641174
648;0.0027728836000289084
649;0.03601893516179194
650;0.030215275814211007
651;0.08331597250606629
652;0.04600044954993261
653;0.04896406741380219
654;0.02779561749989028
655;0.031798806668223545
656;0.08475651180816698
657;0.010311022182844465
658;0.0855108244345549
659;0.004066265363263655
660;0.024415759565585927
661;0.014623873066967564
662;2.882782638869985e-05
663;0.021133002599707008
664;0.04769734137340484
665;0.050465063820583606
666;0.04755843603532606
667;0.051257693822231956
668;0.05200559456850751
669;0.007092554331691869
670;0.09544085131258233
671;0.03426866412629827
672;0.04431590088205404
673;0.0852153287615071
674;0.059239092266671504
675;0.0664186534089332
676;0.08392862785996563
677;0.01837897451306828
678;0.014307017528959565
679;0.050960491404506196
680;0.027995000150037076
681;0.040187679435917736
682;0.06260873108965306
683;0.01742868712600466
684;0.09555518159616401
685;0.07079141096202234
686;0.006078245101272639
687;0.040983669051415
688;0.024318636581112663
689;0.018632244752411743
690;0.050242828263025965
691;0.07572733965959928
692;0.07981127581443496
693;0.006150526310026827
694;0.017315308746182433
695;0.044744014123146984
696;0.055917715997163435
697;0.06529486939967305
698;0.0031900904701573475
699;0.0041281245985070325
700;0.03659288623012502
701;0.016815505316455183
702;0.027316907143303804
703;0.06479121123879532
704;0.013185698486113284
705;0.021813919314771293
706;0.06598591331679031
707;0.052205793394688275
708;0.01940773988948218
709;0.050321910124382134
710;0.07746048835881145
711;0.04074111320109959
712;0.05313016183264155
713;0.0714260528913953
714;0.06115840692231692
715;0.0998588848322703
716;0.06597905830114308
717;0.08291014759346207
718;0.0698245136315313
719;0.03394274923932833
720;0.03751035190676556
721;0.01097917842311873
722;0.01825813986860091
723;0.08306870852182334
724;0.07556419050540643
725;0.03384725277303471
726;0.05861299696540511
727;0.08680102225343134
728;0.009128480174805975
729;0.08704445012206863
730;0.03454827910588829
731;0.018862515167134577
732;0.053081033065494845
733;0.008245988849535191
734;0.09152734743666384
735;0.024433991196222984
736;0.029931476776514556
737;0.009741902737757813
738;0.007335587524491694
739;0.05674715013408397
740;0.010264185312138518
741;0.018107548089717162
742;0.0469758720077345
743;0.013047057395343587
744;0.0011786131370153609
745;0.03243295265091998
746;0.05669727456688687
747;0.09688576992839643
748;0.09274031427431333
749;0.060197912580518924
750;0.04911644763306183
751;0.02002245583429473
752;0.04070659746136268
753;0.07497306726694254
754;0.07624020366079028
755;0.0037239910377746214
756;0.01955331633430092
757;0.017279324531515185
758;0.08180855903041667
759;0.06520452483875658
760;0.056519829590496985
761;0.040413517061555805
762;0.019215194718924168
763;0.07573972076049795
764;0.07800903981740936
765;0.08991093138925654
766;0.08626906952270692
767;0.04484901563477894
768;0.09043476864764319
769;0.059573858686363904
770;0.03555387168819098
771;0.09743351533610368
772;0.026779612304141078
773;0.02084121205594356
774;0.09954975459410047
775;0.07704409484533692
776;0.0948584562571741
777;0.010887260671365341
778;0.04165069867814837
779;0.08110290708443264
780;0.004709770017499959
781;0.027101353947724706
782;0.05348820371503408
783;0.07049150664592276
784;0.06903309490326692
785;0.058131587618690354
786;0.08110219904892238
787;0.04097192694782973
788;0.07786115012989203
789;0.09883792469869757
790;0.025617352473312607
791;0.0487570264518781
792;0.04703754931941049
793;0.014240077794458307
794;0.07914121574471208
795;0.08077290603987253
796;0.05753774762636052
797;0.01662753780448153
798;0.02274596255027125
799;0.07360632795412336
800;0.0847886205178732
801;0.09998824077243815
802;0.09949490459965556
803;0.08620802789667889
804;0.03776382547238412
805;0.09419774667181109
806;0.028843649067165078
807;0.049878500808657425
808;0.0488761803887977
809;0.002006216002153538
810;0.08595665275274161
811;0.07175150689079333
812;0.06881388285118144
813;0.06295092165144828
814;0.002875735535013513
815;0.09980929927534991
816;0.024985742773310973
817;0.07340190864297368
818;0.029042923417639824
819;0.022193315571630623
820;0.05800561108955678
821;0.06727106380279327
822;0.01224699598706145
823;0.018092028985255616
824;0.0932768876991318
825;0.09090642924590835
826;0.02933238058663077
827;0.07438509933490746
828;0.07121927176863345
829;0.060292713174469326
830;0.032733054517796935
831;0.04035473751388206
832;0.08885359647675566
833;0.08111683001686638
834;0.09066003392599206
835;0.02030402615741446
836;0.0829309329193292
837;0.04127135025583996
838;0.043653358848440196
839;0.08426206485673614
840;0.05307405868803479
841;0.07303858836301173
842;0.04470691067896424
843;0.082694274392969
844;0.024984188415752718
845;0.004049468670932421
846;0.07697828011442807
847;0.07863622924426929
848;0.05409561184608644
849;0.03679002734532982
850;0.053969076157480145
851;0.07265968267374535
852;0.06540499153493552
853;0.06973619150421163
854;0.03913839986555706
855;0.030526247764441784
856;0.0721097785290216
857;0.03691696841873772
858;0.04099132527383276
859;0.09144590870125216
860;0.0120923947212225
861;0.019642812458368877
862;0.0660953514299394
863;0.09102132596079605
864;0.08640615191594542
865;0.021630925549920944
866;0.019298060291979436
867;0.04208179054327837
868;0.006401885835016297
869;0.05190405456960622
870;0.08075981876379205
871;0.07616925364171519
872;0.08772107889137618
873;0.06684861792128319
874;0.010089443903907692
875;0.009460780983783624
876;0.012658292867595978
877;0.016269478244653423
878;0.06712826551703796
879;0.07259448550999419
880;0.047820146844973925
881;0.045677540994178506
882;0.06239097552563936
883;0.051801042641719114
884;0.0350607497530012
885;0.004817439278639191
886;0.028907767134785312
887;0.03674325619277646
888;0.09348592134359311
889;0.08943512379007762
890;0.06278594439391
891;0.08495553070518806
892;0.09423985389660666
893;0.04842861661638183
894;0.09083007400362747
895;0.03235051106871203
896;0.08123854487388281
897;0.011664677845902438
898;0.00955086851058642
899;0.059223924990447034
900;0.013702853917350766
901;0.007284359801544327
902;0.09047828567245005
903;0.08772769982709358
904;0.07579131256871718
905;0.014667363581512483
906;0.09913508151541471
907;0.00985592644221317
908;0.01969836174573594
909;0.015084639518043919
910;0.04662855217441832
911;0.01476169655561801
912;0.0022685339112232363
913;0.023552055394871974
914;0.0005864748739251247
915;0.04823589123856166
916;0.012376055891644434
917;0.006380328238703714
918;0.09437235561846957
919;0.06189698625843785
920;0.09540010652847657
921;0.06300034445179392
922;0.07708768767272924
923;0.04309236565673116
924;0.07182082635366747
925;0.07378297947938973
926;0.05074640860694031
927;0.007553236272343289
928;0.04556225518049828
929;0.038996070218940006
930;0.005986447652486071
931;0.09143431877330631
932;0.08325115207149689
933;0.02229347135696256
934;0.07552070861686
935;0.018444803942320655
936;0.025484082389592957
937;0.06435661457302992
938;0.05119741373907886
939;0.056300997373381435
940;0.09572680654238813
941;0.0063425514001922536
942;0.060837896479337496
943;0.04479703583688173
944;0.08078822949677705
945;0.05988976932259108
946;0.025358978090115794
947;0.0013374535898154295
948;0.055620176689906334
949;0.03423792872968129
950;0.0598821511370694
951;0.06168863563168081
952;0.023532757242067714
953;0.08462774947246425
954;0.054325746634675265
955;0.00649701839982515
956;0.08339793015956588
957;0.08100816923178006
958;0.049778373763963574
959;0.09621338072395849
960;0.0722015375095001
961;0.07366587274430494
962;0.058096098117015806
963;0.050472999535258835
964;0.03196216629916626
965;0.050867332766862
966;0.07327256874953818
967;0.01355240999639672
968;0.061178406089036255
969;0.07747416086549858
970;0.001756185897632745
971;0.057022196854060826
972;0.06722574977314626
973;0.0615466323364733
974;0.053206850947092356
975;0.046807144869673904
976;0.04053736020963566
977;0.0742771988921007
978;0.04212710155204517
979;0.06225378706079039
980;0.01710418194524225
981;0.036625354490212425
982;0.009990821586062138
983;0.02890453502663717
984;0.024740188202182267
985;0.07423660677817534
986;0.0893275199885947
987;0.05824481352207922
988;0.005643525784829784
989;0.030381544843824382
990;0.02232537142068084
991;0.08430009229895738
992;0.0498212753153124
993;0.016721955396725087
994;0.07658436667903255
995;0.05230859821886902
996;0.05786861541293658
997;0.060302598738732255
998;0.04040464685056643
999;0.01921996126063702
1000;0.04677334398195912
