1;0.03538056554718242
2;0.07783880399712265
3;0.09493655690835084
4;0.08822990637580419
5;0.0755440167109288
6;0.026990249703802385
7;0.053958223841538734
8;0.04593075516596834
9;0.08069145754154294
10;0.022466675522596003
11;0.06972160012416838
12;0.029704462704413504
13;0.07952324061383846
14;0.05259011061735328
15;0.028982692631281216
16;0.07963791375058521
17;0.047330997913688694
18;0.024839689724024606
19;0.09043254693798265
20;0.030231687193843906
21;0.040709866902359275
22;0.013273116030457522
23;0.0401790350206363
24;0.06490653480615836
25;0.03840194749859917
26;0.019502196951404406
27;0.0016636542499337216
28;0.03852034367675762
29;0.0068465435202383134
30;0.07733678568249415
31;0.09607965025065272
32;0.048102213106948094
33;0.07555202332646135
34;0.041097869431421824
35;0.04066858659316724
36;0.08513238415862712
37;0.02576308171628392
38;0.06118233591792363
39;0.017697991445569772
40;0.044076646257059905
41;0.05517354450094484
42;0.04426162684648202
43;0.08043884159584491
44;0.02794475267409893
45;0.03183138173762733
46;0.07461286743553609
47;0.03208217419335759
48;0.032064295017702395
49;0.008154399455566508
50;0.013341974092734044
51;0.0007209078588550022
52;0.06577742828881243
53;0.09173123902229824
54;0.07271810658140673
55;0.046673149461856925
56;0.06094924212738945
57;0.05320934099023596
58;0.047968835643211416
59;0.009189398845893638
60;0.0015120115128220868
61;0.0962937577612527
62;0.016867033309221437
63;0.07195923736695309
64;0.08143348478751897
65;0.03615386398995442
66;0.031840365946515695
67;0.063836748502614
68;0.070839581261149
69;0.09674185397099527
70;0.0022728670868252146
71;0.01463231442529659
72;0.08592215477541054
73;0.01259853273410947
74;0.08808348825372779
75;0.07220876331362612
76;0.06331286007340588
77;0.05643475402282906
78;0.056741280024692246
79;0.0705211163247644
80;0.07311404531519274
81;0.01245332078757695
82;0.09625792261754335
83;0.01275432083639625
84;0.060641025765418737
85;0.06663890453494269
86;0.03604653992425305
87;0.02713629781976581
88;0.08354567921241984
89;0.029456362758157797
90;0.024921594212578935
91;0.04548876526090742
92;0.0931475517010565
93;0.042254308599222884
94;0.0973077623875114
95;0.09308125556555193
96;0.07966107074566683
97;0.04384246481838925
98;0.07274401932731031
99;0.04301745311566242
100;0.004667122594395634
101;0.002672623877786651
102;0.096464999128666
103;0.035456292456071646
104;0.03753588509267606
105;0.06431777977161253
106;0.056629892572420876
107;0.04680274994749217
108;0.04005760371971097
109;0.005348512263325023
110;0.025132308833896513
111;0.05616394848940074
112;0.06099065699466795
113;0.00018963272782300812
114;0.06415428698922637
115;0.009212723812014557
116;0.06566750718955483
117;0.05807048233709586
118;0.0453529594967638
119;0.0739052884597996
120;0.036732832608918964
121;0.008590091095991093
122;0.01979712345738941
123;0.005307485529265943
124;0.08378023426611184
125;0.059471005562144554
126;0.05373446625649512
127;0.08942354098479458
128;0.03172759015742597
129;0.02390186659500322
130;0.06567495026140441
131;0.05714367236599745
132;0.0307370820158294
133;0.06763580063672102
134;0.09961163585498223
135;0.05919076809979188
136;0.08230178824410217
137;0.06549653491437689
138;0.0625166994131248
139;0.042523599862311905
140;0.07242749827719272
141;0.09853544201902731
142;0.0928587261812232
143;0.019554337591061045
144;0.0007379624228203042
145;0.051124525245157676
146;0.03322583639780248
147;0.08198594173671085
148;0.006975868170083355
149;0.046961476230264976
150;0.022489274354565505
151;0.010793467501781718
152;0.07242323200593652
153;0.06418817534179264
154;0.059489999123041086
155;0.06487478717293327
156;0.007204994833999701
157;0.03918540914667096
158;0.05852852845898632
159;0.00017379116936622196
160;0.07420913911450372
161;0.035697141334924035
162;0.05616623165113828
163;0.038382057440206764
164;0.0002710958163056998
165;0.012661174022519019
166;0.02820198223837708
167;0.07973865593001193
168;0.06593131826000868
169;0.048648049570338636
170;0.017049297280258335
171;0.011475978459223836
172;0.00981167683920341
173;0.08120157380754603
174;0.032830486520818485
175;0.016909461223750977
176;0.026574397185742116
177;0.012562096136927527
178;0.040352261738868016
179;0.05694908862848134
180;0.04150086578737841
181;0.026665012670143463
182;0.06738488765777026
183;0.020341237122065228
184;0.09071230636863291
185;0.04448671649277439
186;0.038628920397534565
187;0.02251744207344586
188;0.08338291405562924
189;0.0015519619088221193
190;0.04458438726718403
191;0.06591885493339045
192;0.06548432029996558
193;0.06244624176039998
194;0.06211506801767345
195;0.05336777345648285
196;0.09406341928245866
197;0.09520619211047149
198;0.08280246954807041
199;0.03639972554457809
200;0.04872057447865091
201;0.032482903493334984
202;0.07542708463579177
203;0.08039908453837764
204;0.08786093119558265
205;0.052321763451680325
206;0.014041589688498292
207;0.030196385279765217
208;0.0795640539050806
209;0.04637018450299499
210;0.006419026182833876
211;0.0579973389527769
212;0.0018612821583188222
213;0.03028385115081608
214;0.011242923651284953
215;0.03275986572190414
216;0.08808337647552245
217;0.015259886286481629
218;0.02870690003599057
219;0.09432177432623107
220;0.07317456484829829
221;0.05321219410112607
222;0.09445032229670537
223;0.0925795905125415
224;0.08539929875503674
225;0.041626960171494504
226;0.03979935214704977
227;0.08234014155618724
228;0.03423686056059384
229;0.08756979017675842
230;0.003751824675303728
231;0.08473843940692172
232;0.09359280968916481
233;0.07750419091673201
234;0.05820217707277282
235;0.08741056902923348
236;0.0056470303875915786
237;0.045660508505410924
238;0.03132955171088388
239;0.024234337000748098
240;0.05732295715576499
241;0.07280159478234155
242;0.07941871144754081
243;0.03178413941458438
244;0.0458453993279664
245;0.03601188586911778
246;0.07991801129337334
247;0.055082275821804194
248;0.02731592254768336
249;0.07642855044246456
250;0.01652835082015012
251;0.027330177275703162
252;0.014516336336963276
253;0.07439141533626596
254;0.06811595142066224
255;0.032640920351962366
256;0.019511488177892323
257;0.087557245804395
258;0.055413292871299674
259;0.06817234697081617
260;0.004291053942119871
261;0.07692793744376179
262;0.024497136145971845
263;0.013382988808717645
264;0.09895727486416217
265;0.05946564254179276
266;0.04686290902330386
267;0.082611664441963
268;0.03403106763093094
269;0.06795302380062195
270;0.019689177616876843
271;0.08986338747423914
272;0.00037132823859609143
273;0.05845123056054238
274;0.02879388933269842
275;0.017828933922669144
276;0.0266567844408391
277;0.09149496693530926
278;0.02338270886063002
279;0.01475594836320452
280;0.01976388374203658
281;0.03899087364271734
282;0.007840670749731026
283;0.09188371621878524
284;0.04691543952182956
285;0.07614718385344195
286;0.08914425722694468
287;0.021034082157749236
288;0.08212910204160573
289;0.01708807680845914
290;0.08646951239176469
291;0.06321502097832757
292;0.09032456373927293
293;0.03598791622987303
294;0.022403852779519697
295;0.08584465940201665
296;0.09869354213579141
297;0.031773780469298345
298;0.016398905360814554
299;0.05534926816232656
300;0.0724385680457162
301;0.0663706469062893
302;0.011035853700816035
303;0.0652554810953231
304;0.05149336163873306
305;0.029558547765217182
306;0.009560042996264029
307;0.008520901158646866
308;0.09159739171613214
309;0.008431119117937314
310;0.025347838125305402
311;0.08720518188576626
312;0.09070157082659339
313;0.0617491285052921
314;0.08091372800966451
315;0.0871177833137427
316;0.028176770832046994
317;0.03931529003805471
318;0.05263343855975566
319;0.07879022771079827
320;0.08503491353075095
321;0.08978404134731005
322;0.028234970213306412
323;0.0339112776079627
324;0.03928287478835682
325;0.07119447695407853
326;0.0613424944808898
327;0.087635769765179
328;0.09089693759821643
329;0.08430702587853245
330;0.04886889531448573
331;0.006164969353824224
332;0.04469236524021917
333;0.09447584251195917
334;0.08860864287138401
335;0.029034752113633978
336;0.01262943376928919
337;0.028201849603573984
338;0.02795819280581995
339;0.06440039063445346
340;0.05982362303172178
341;0.07366231705282471
342;0.04724731580038778
343;0.0950679052756647
344;0.09560141471430493
345;0.004067013598784053
346;0.09653509490884188
347;0.08116343582351067
348;0.02214763174635851
349;0.03208342875101044
350;0.022826112131578747
351;0.043474921016118565
352;0.03570282947129288
353;0.09587955160890668
354;0.0972700754570251
355;0.004759070862700865
356;0.08950196647295033
357;0.028868189124600555
358;0.04026974810668285
359;0.03724032023906104
360;0.07732183553927689
361;0.0330593988983375
362;0.021430543771701494
363;0.0581314652186685
364;0.08142667925736162
365;0.03975055374636871
366;0.01830299796206163
367;0.04990987983928705
368;0.017746352433507164
369;0.019576734845306455
370;0.0424494883533324
371;0.02157911698205225
372;0.0874636343878733
373;0.042768139794803844
374;0.06867174261361923
375;0.02575603440609764
376;0.0505141757270023
377;0.07630593488810422
378;0.04191135936478994
379;0.05641536101970068
380;0.041813916026909585
381;0.0980947577154014
382;0.07337394768595
383;0.06673234763241213
384;0.021688657436619276
385;0.011615142673315572
386;0.051239760519015576
387;0.06702237214452099
388;0.06994779737616413
389;0.07357443095300557
390;0.054355039211324944
391;0.08371982640517928
392;0.034502637604970465
393;0.07150098619032773
394;0.010249448567001851
395;0.046606251236916564
396;0.011910546273830081
397;0.07923696394750267
398;0.08140477523801531
399;0.08224451227246897
400;0.007207619516303232
401;0.08977944770628771
402;0.046236975746190415
403;0.01017551363096505
404;0.016265834899467348
405;0.03675351779344745
406;0.06107516837607871
407;0.03365513005200772
408;0.008939173800750334
409;0.058425693486439605
410;0.05938021545955912
411;0.04218700996301644
412;0.05746987791686199
413;0.025012479413690548
414;0.030994716797297775
415;0.09468922166434639
416;0.05474463782133041
417;0.06456883131117569
418;0.07929643810572676
419;0.013555942113136044
420;0.028308001817766618
421;0.04810011114838787
422;0.046870458566572015
423;0.01761003917208468
424;0.01972488591870373
425;0.015350571432488393
426;0.014368423030697365
427;0.08468531950049761
428;0.019024784086153712
429;0.055520456163336396
430;0.0914528249818883
431;0.09096426034783621
432;0.08673467504599235
433;0.009879601077527023
434;0.05438961511259032
435;0.07767437182957837
436;0.03852729811152379
437;0.00012986889588195716
438;0.013656291609174455
439;0.03340643507751878
440;0.08848024457374735
441;0.048167325704097874
442;0.047330087579642535
443;0.01534256978012475
444;0.002699463917542544
445;0.05170984989994121
446;0.04793087373728935
447;0.09187768127822131
448;0.06660602790094379
449;0.00124034626887799
450;0.04289741802788366
451;0.028512579985659606
452;0.07622924291662958
453;0.037199745663007565
454;0.01308595189237296
455;0.05416353818314554
456;0.07696381126295561
457;0.09160078286955141
458;0.06551337525862376
459;0.05196452688749242
460;0.04347855221930137
461;0.026286963626662586
462;0.052261708440820114
463;0.032649014984336
464;0.000714688036565736
465;0.04281725348981912
466;0.016219713037120442
467;0.05691200825033974
468;0.07211181438719967
469;0.02527065051526174
470;0.04890640595608178
471;0.08391805238832184
472;0.07444268748727305
473;0.0002188495358561915
474;0.0029088465243601426
475;0.07075159044382325
476;0.0951867932108144
477;0.07185655999692715
478;0.07758074721602434
479;0.056762893781351
480;0.069939236316685
481;0.03273235722156439
482;0.04148204507925549
483;0.08847181081059256
484;0.07505136267261825
485;0.044906175466653146
486;0.03909424207219306
487;0.09499670079426381
488;0.0984929221712717
489;0.04274081415801431
490;0.02204539020473606
491;0.00795963223870021
492;0.020558344696204267
493;0.05295482499519724
494;0.06698119210764222
495;0.011526461520262722
496;0.08559719077661891
497;0.06068588997647256
498;0.08289691728734577
499;0.07602234816184253
500;0.059277032766233854
501;0.05618614447569903
502;0.06207714536491543
503;0.011614168249104174
504;0.017285785409655575
505;0.01869305293815319
506;0.023133636033052764
507;0.07694966029310057
508;0.0356054708491779
509;0.008656048613914847
510;0.04588682784088538
511;0.04082225173847064
512;0.05436202779952705
513;0.011143352438107624
514;0.000663051663101566
515;0.009240669467074048
516;0.009086551347858818
517;0.0017203236889450026
518;0.09046865691463218
519;0.02365616389639802
520;0.04844277457691609
521;0.08244195739776451
522;0.06655149511302802
523;0.08574538628328869
524;0.060861929201984334
525;0.0642927939576265
526;0.03606746248039249
527;0.08440725433463744
528;0.07952524279503109
529;0.08167773916556109
530;0.04360980168844489
531;0.0018507344506898172
532;0.027182118265890665
533;0.0542269912273504
534;0.00793367999992527
535;0.04374477121516073
536;0.02910486359401121
537;0.05647905800419104
538;0.04920862580507357
539;0.08789253502536003
540;0.050686334782546166
541;0.015816898924059342
542;0.07914281735384728
543;0.09199243091389968
544;0.02329319592317727
545;0.07599676785994823
546;0.08474532984076706
547;0.023897158506042394
548;0.030624466734004676
549;0.0317913693822176
550;0.02400106954197392
551;0.0417745468682066
552;0.06849123423439084
553;0.005087928430628008
554;0.02719851100638856
555;0.006945540394982086
556;0.06271881320645387
557;0.020957682182510665
558;0.004067040700814684
559;0.05678726555311201
560;0.03023338296377557
561;0.061508053804591234
562;0.06698831729728698
563;0.09742038207870002
564;0.08253588845891562
565;0.02906774388450153
566;0.07125457925520233
567;0.09924507498880596
568;0.08541385272114332
569;0.0966317661010642
570;0.0036059291259901483
571;0.09406200890047842
572;0.08645231144074905
573;0.047418257633318854
574;0.0899005954920176
575;0.07276893723947869
576;0.07562943575994892
577;0.06363948100049237
578;0.01964526694591582
579;0.0519990645667544
580;0.037305656045099146
581;0.0060875568528357855
582;0.05439926127672121
583;0.03974825149701944
584;0.020868977087105858
585;0.04120638735930197
586;0.08992080702491911
587;0.07994536097544595
588;0.04310450465634368
589;0.03564282511435912
590;0.0356893261270542
591;0.03242438565057485
592;0.047471690406540305
593;0.0728000120932034
594;0.08349242966479176
595;0.08175422267636559
596;0.07818159411304619
597;0.038451237204240984
598;0.08418004315077765
599;0.02115074205191855
600;0.027792683893506677
601;0.03539823718826131
602;0.0812987284634905
603;0.03631151905535577
604;0.0021378935777806476
605;0.07390166515981932
606;0.09291678173445501
607;0.05859711708325588
608;0.0861705362688325
609;0.004960117221811444
610;0.016272878078356114
611;0.031597770983653566
612;0.04287137736305943
613;0.07885760019961352
614;0.041679445193143864
615;0.0027730479820260116
616;0.06613798601687616
617;0.06745779233377067
618;0.039226115519901905
619;0.042636359398599166
620;0.06754442816808028
621;0.09580734019059484
622;0.08525293457741247
623;0.008147273237880349
624;0.0620043597530198
625;0.0812350567387029
626;0.09845879233376317
627;0.05346291023347419
628;0.04972156038447816
629;0.08324850216724643
630;0.042930671140249066
631;0.07115980197054288
632;0.06790853553649867
633;0.02684431946870798
634;0.015065892366108792
635;0.019777520735604816
636;0.08682748436781401
637;0.06942322361615545
638;0.08911225059004668
639;0.04303548772503954
640;0.09661432396091285
641;0.07291093921223382
642;0.029612786261168835
643;0.06094983556525797
644;0.04073580383836981
645;0.0656243521040185
646;0.06505700701967201
647;0.014439280468961159
648;0.09827209768677705
649;0.05684135159922188
650;0.06097038441370124
651;0.04537828153673077
652;0.046206361251856114
653;0.09901781225254208
654;0.09940635142981281
655;0.09701993468379733
656;0.07370090090013452
657;0.09893865952793848
658;0.01999710020509106
659;0.03186378574764365
660;0.01883767977369777
661;0.06412139070434424
662;0.06189392307958045
663;0.011838208927911521
664;0.057809490751125396
665;0.0018254860246886162
666;0.03316443804880068
667;0.04120171933722645
668;0.08657916084695838
669;0.09649600905110814
670;0.027888072846503534
671;0.082730983771515
672;0.08485428443159954
673;0.05361782063685847
674;0.03131159095965474
675;0.02012547817821706
676;0.06221051318972688
677;0.07242703935031601
678;0.05258538254440912
679;0.03572777336633335
680;0.09975400359995919
681;0.0690704352819525
682;0.08368877821787572
683;0.015710540811535802
684;0.07592376686979901
685;0.07804017796683545
686;0.010167825533846054
687;0.07185170157665692
688;0.02224176953123429
689;0.010090219665589284
690;0.07070869507198536
691;0.06693954817726896
692;0.031576159862696844
693;0.006586032265900488
694;0.019407636747033653
695;0.00980329817439667
696;0.08981406611107418
697;0.0895781061287582
698;0.057620470587208705
699;0.02644852146022038
700;0.00965873377846459
701;0.008131658997375935
702;0.05875799204010364
703;0.037867218758181234
704;0.026405500225332945
705;0.03470050106685207
706;0.01294820464459935
707;0.03365425109761996
708;0.08304787605608305
709;0.0013406941810722218
710;0.010955429571811004
711;0.04251987646644802
712;0.0281461556594913
713;0.010009737240861861
714;0.012900165850128077
715;0.0446417045610705
716;0.014278724938700405
717;1.7676984764536387e-05
718;0.09966382155818074
719;0.0495070082566522
720;0.07608494054955282
721;0.031025467165025623
722;0.023572295523569566
723;0.09372080126121755
724;0.041880857605675226
725;0.06190280595715453
726;0.03870169698455292
727;0.0818450772085947
728;0.007015695227980645
729;0.06474052006993818
730;0.041175578254448064
731;0.04434347812434585
732;0.09783523335372751
733;0.04498469161248843
734;0.0477201492539477
735;0.05296932995108722
736;0.007531101222299497
737;0.09978031587398563
738;0.039336358044685486
739;0.09143799001048412
740;0.0634733045779173
741;0.0029418257435803066
742;0.04742901484689417
743;0.06870005885915537
744;0.08694531966596206
745;0.015698819199603586
746;0.015220358496617748
747;0.0464717188185762
748;0.0783009212989233
749;0.09265624104771363
750;0.02996154762456975
751;0.03506157036741544
752;0.09788509642186477
753;0.05090864909871439
754;0.022116810350517324
755;0.07170111086448956
756;0.06446743142228639
757;0.09853049861353244
758;0.0974235734200809
759;0.051007832826449655
760;0.0937934995731215
761;0.09341461838376201
762;0.06070553772485568
763;0.0794228194404526
764;0.0684376633526041
765;0.07271546413558326
766;0.033535231356955054
767;0.0559329352183661
768;0.02134818660351794
769;0.08927374296371973
770;0.033243307401179034
771;0.02093789392540535
772;0.04180064259611759
773;0.0704839218581662
774;0.03889854681333981
775;0.005414999632183693
776;0.05805008406384926
777;0.053950116547186934
778;0.017580476074939733
779;0.03979715933188602
780;0.028353620440773098
781;0.07858999765421652
782;0.03548239445671617
783;0.09638116211977338
784;0.016826003349351304
785;0.0657800447498863
786;0.050565130269911655
787;0.06812238415841176
788;0.014142159298241109
789;0.030938042062540173
790;0.09728894939284391
791;0.046380584110955886
792;0.026761140557617625
793;0.017054507237500693
794;0.06614865041653445
795;0.09821102512975072
796;0.007818209470973092
797;0.08809681279782305
798;0.04040630545600136
799;0.06982514125875426
800;0.07338078686113463
801;0.0681699645439093
802;0.09810115485046023
803;0.0412474984556063
804;0.03451573147099768
805;0.01496610361610683
806;0.024536911756115633
807;0.08591819917441107
808;0.06779268125600359
809;0.03651853290287327
810;0.009521676921936041
811;0.07129617371532472
812;0.08705590177213668
813;0.06804294995201823
814;0.011613713080783294
815;0.06094229828050214
816;0.011317995690181727
817;0.025106635367698384
818;0.09339220534137942
819;0.08212966105909954
820;0.06110328400117047
821;0.011232245565635568
822;0.09420558330062184
823;0.010787687930830337
824;0.010146026618737992
825;0.05280465989417519
826;0.05699729795324007
827;0.053234098343628744
828;0.09369546223941042
829;0.033809078014479035
830;0.021066612678839348
831;0.05212431839178614
832;0.0944299734132966
833;0.005457647280141542
834;0.02569848254569206
835;0.030884139596478455
836;0.023083624119225078
837;0.049219945253841546
838;0.06737822042545415
839;0.06452262241334612
840;0.01703039517226426
841;0.012280459542429146
842;0.0734860414107292
843;0.036434490391668295
844;0.05182105182865927
845;0.07812413464017354
846;0.020969157509489224
847;0.09511635640939509
848;0.0689757406258376
849;0.07059816321036842
850;0.07732104019220588
851;0.06354200776421666
852;0.0316809118466752
853;0.03963773098887651
854;0.019941475213361027
855;0.03451986806371484
856;0.06773398603994067
857;0.018461666621698902
858;0.010101977974410448
859;0.06958570124205045
860;0.09376147577015648
861;0.026462257214305365
862;0.05557296168568718
863;0.012426224478176118
864;0.06920656170302099
865;0.06900745034028971
866;0.05338799677293249
867;0.01756223485276943
868;0.05337692043066549
869;0.04403077883504164
870;0.062076096340055925
871;0.09345949230880246
872;0.011000750582960163
873;0.03943732150933345
874;0.06593720197182408
875;0.059275973355417046
876;0.0676450332522376
877;0.06513341223564492
878;0.08070831747295182
879;0.09666082199821366
880;0.056718050432697634
881;0.047785053503379187
882;0.0012177602028301537
883;0.047228074479017425
884;0.03918817557642678
885;0.07798036324519228
886;0.014409915316244238
887;0.015534736938886086
888;0.08306516006401955
889;0.05818343021468303
890;0.09741615263352071
891;0.09382703882591126
892;0.04485004641788653
893;0.08702139611995274
894;0.058054279269237834
895;0.05687759379363853
896;0.07816573793868278
897;0.058955947953926204
898;0.0811578266204852
899;0.06800904501487721
900;0.0985700631739902
901;0.01911966392702931
902;0.03658635733876534
903;0.039865871187086566
904;0.052641301236049036
905;0.08115553939828485
906;0.08610166393529879
907;0.04966024652363404
908;0.0114460516302903
909;0.03976988976011819
910;0.016573227060183382
911;0.012887325040778753
912;0.02287160184681507
913;0.08309758393001415
914;0.0636936633174096
915;0.05553953267160734
916;0.04931106390497341
917;0.07112859495107579
918;0.02919832915596844
919;0.09634451786558322
920;0.0950013108427341
921;0.08594520187555808
922;0.040901241966526884
923;0.09151397296868574
924;0.00413003733515549
925;0.07376814869435613
926;0.0674778338474049
927;0.004784954874628489
928;0.0957439775808582
929;0.0063707339179668206
930;0.08280647483658475
931;0.05207438715483625
932;0.09604673049877804
933;0.060302338825556336
934;0.03242798004073105
935;0.05889892755512913
936;0.040446962261131716
937;0.08173764150658128
938;0.05060930715451365
939;0.07146190296881019
940;0.049728163279218876
941;0.02809560890950831
942;0.05462598378155286
943;0.030592966349931163
944;0.09194879114803939
945;0.06143068653297706
946;0.0538487431018965
947;0.06837781481060438
948;0.05132581133097633
949;0.05099511872409937
950;0.009044686594956542
951;0.014745405113361011
952;0.003941949445303717
953;0.06210420716405534
954;0.0825224800358366
955;0.008314406235602635
956;0.04090480136069852
957;0.059518889214814956
958;0.054326315343177126
959;0.038814989560826386
960;0.0053492196181454624
961;0.09417031683523192
962;0.05497082704722248
963;0.04192937774239376
964;0.004704582304233807
965;0.0003080804388148617
966;0.06399905058844402
967;0.025198970686275093
968;0.05993669208994027
969;0.07976094378729387
970;0.08305821072815621
971;0.09509523499445782
972;0.09450166899942546
973;0.04106153595458757
974;0.0599418532227361
975;0.08027241239335584
976;0.06927733618709275
977;0.0065337168369796195
978;0.03438968279277859
979;0.05907200935819621
980;0.007691692657234517
981;0.009314334798001134
982;0.07919423796303243
983;0.03680097784461891
984;0.0180442777890365
985;0.05632267689637929
986;0.06110024573247158
987;0.060124073613758135
988;0.07105336667883681
989;0.0931137032044128
990;0.039441300024579795
991;0.01453077276699094
992;0.023462724285827786
993;0.001670960930862342
994;0.00513887630746841
995;0.09086011313083148
996;0.0018355633917356063
997;0.05152299554997041
998;0.049365259840197996
999;0.09297710100871412
1000;0.09394403250605374
