1;0.08357890733605727
2;0.006319549923095836
3;0.025629979856469854
4;0.014560987649886881
5;0.07027982612407208
6;0.061916520121162937
7;0.03829217372657177
8;0.03676150890196589
9;0.052342385230868795
10;0.08638888952244006
11;0.06772010412856774
12;0.012524422588607177
13;0.0742181780489004
14;0.05126985046622687
15;0.0648579340616987
16;0.039154416526991635
17;0.08551097199527635
18;0.07344757187030347
19;0.078785599320414
20;0.06431555659166151
21;0.07247406483721021
22;0.04526431440256215
23;0.014623310877870322
24;0.07208140849260863
25;0.0888616541517159
26;0.008046373260010465
27;0.060135666260854315
28;0.09155623789527009
29;0.055316769108216896
30;0.014670515469413038
31;0.036237675126531546
32;0.08131664700518598
33;0.043384292141279195
34;0.022655119049536133
35;0.07721844905787273
36;0.05456105876265921
37;0.09108944398536833
38;0.09512986919390011
39;0.04837203830609878
40;0.034714586296453055
41;0.08482801211426852
42;0.048324361318492375
43;0.014463960839307689
44;0.05459293929086315
45;0.03480421957862021
46;0.005715523556313063
47;0.07597626516946171
48;0.002138742600928556
49;0.05343801839447283
50;0.025367424554330387
51;0.06865311888214011
52;0.03641933591688976
53;0.08766450845181699
54;0.016067513011197788
55;0.08352583020531403
56;0.012735708475461639
57;0.022711785509975324
58;0.09402263516154583
59;0.08596448400170655
60;0.061416363823441913
61;0.019790894080478086
62;0.06324374846734836
63;0.05781719089876724
64;0.04941617677164184
65;0.02022972251812044
66;0.09382897267772433
67;0.08206299262414063
68;0.07079984935510603
69;0.009068013578264634
70;0.033975800470335805
71;0.046310496563093356
72;0.04259704065752008
73;0.04305248059322059
74;0.039296202952645826
75;0.03633856518845054
76;0.07529974168324179
77;0.09075952029100587
78;0.08673813348748438
79;0.05993771799726527
80;0.039688380169484144
81;0.08340326264064975
82;0.024232000707619196
83;0.07766316559919727
84;0.06994318054697088
85;0.07104840917987758
86;0.09677038620787581
87;0.014072261926977437
88;0.041846091144821844
89;0.06909205316943523
90;0.09708850118908822
91;0.04104461460707031
92;0.07539245906703745
93;0.015435763870482745
94;0.029138698353589055
95;0.06065533493976438
96;0.08995297741550308
97;0.017420453302058724
98;0.021638743378063232
99;0.04178150913205761
100;0.052536429104813626
101;0.00181046711866546
102;0.04440464570677838
103;0.04939501573360664
104;0.0002061718052487449
105;0.005392700087312397
106;0.06880225848933022
107;0.06355150486719427
108;0.007715310733295667
109;0.011297346219957094
110;0.05068481705388539
111;0.024675137003933246
112;0.0688699442683421
113;0.08546462446620577
114;0.029541125654825764
115;0.028579904081756015
116;0.021077311088617514
117;0.03606982039007028
118;0.07136067795841487
119;0.07343923968535845
120;0.027065614312381393
121;0.08242058974285077
122;0.02062421429439978
123;0.0010533125577965596
124;0.016466725810294625
125;0.08088540571702764
126;0.07853653301457125
127;0.08881182858904539
128;0.024579686981307827
129;0.057950117880126634
130;0.03350889813430341
131;0.02873084849507921
132;0.09883590657123165
133;0.08103440648349575
134;0.0205052645382139
135;0.03360991181721678
136;0.05229742082001537
137;0.07656216648606988
138;0.019354119727861732
139;0.03987473480235154
140;0.0773630065260419
141;0.09959411816455743
142;0.05704556871710936
143;0.06637351071748682
144;0.0817583395505335
145;0.09257156649381039
146;0.07877847093476291
147;0.050970061154871904
148;0.08058721742552127
149;0.044449928006996854
150;0.010236344688739352
151;0.04693143795901236
152;0.0781931538190812
153;0.022773812070765488
154;0.08760730637342878
155;0.05253919394272319
156;0.07801353650692777
157;0.022459261718255887
158;0.015084387662769195
159;0.0508999975662527
160;0.045264676338583804
161;0.08024627470998043
162;0.08656018421659689
163;0.08424036373353493
164;0.08770253941068688
165;0.03467964009491185
166;0.0461466027984169
167;0.06679474255666186
168;0.003113120166291772
169;0.08454917194955555
170;0.0880578939479871
171;0.0012832349837303637
172;0.0597744564090543
173;0.037094975072567475
174;0.037628336883413355
175;0.009410878924343403
176;0.054230526247286595
177;0.02531012452909405
178;0.05926181869874739
179;0.09042900819295828
180;0.0813930186541989
181;0.06235991019405549
182;0.06978996456857302
183;0.054934080031522385
184;0.05754160782039175
185;0.015068393697810501
186;0.002153784288857208
187;0.0812499437286194
188;0.0685250601318179
189;0.0489726807708621
190;0.09193913528018428
191;0.057317265727542824
192;0.01340495847773009
193;0.040028104296467484
194;0.002071882155903604
195;0.03269065144293514
196;0.024875511597088496
197;0.03661586699140026
198;0.009045204540902463
199;0.03039795515430327
200;0.06081711320908761
201;0.04536850680918621
202;0.058689004311465356
203;0.03503451597530798
204;0.0009074033368946188
205;0.06818340545163429
206;0.026203183007714504
207;0.09093919265828115
208;0.017284939404606403
209;0.020359331443108343
210;0.05291643153631727
211;0.026289297337269913
212;0.08968402879434649
213;0.08601230055065075
214;0.05506747190663809
215;0.018992399860085163
216;0.09327812479784321
217;0.09622180672251174
218;0.0725423994902666
219;0.05471200613500859
220;0.06914630495353467
221;0.022891299739376814
222;0.07441550001400705
223;0.01441018604298141
224;0.016932640647880814
225;0.08904583616773198
226;0.050189080380429955
227;0.013285773636007026
228;0.08970788565065202
229;0.003619594424597916
230;0.08346778888405627
231;0.02813074968146978
232;0.040254460775755785
233;0.08013336073963033
234;0.0713624284503339
235;0.025206535081048965
236;0.02361170533424736
237;0.005387186576912506
238;0.015337690135974746
239;0.07496218999159507
240;0.07527090967054505
241;0.06934781031820413
242;0.05767479852895409
243;0.026261963765815622
244;0.00022796263975313205
245;0.003878852024788948
246;0.07533362044274276
247;0.09838426746579808
248;0.0026545881632504265
249;0.07356070744609594
250;0.017167870567477372
251;0.044620869761457474
252;0.04778831251559808
253;0.040267881749318224
254;0.040078139139913704
255;0.05528845923555921
256;0.06090456573441754
257;0.033746347632601315
258;0.022984459884346133
259;0.05463887044060237
260;0.008824917210436567
261;0.03808984333283823
262;0.04112792328189813
263;0.09831367014065721
264;0.08600674240552833
265;0.03494162059071417
266;0.0035689386175226435
267;0.02628346886950328
268;0.008971525768803367
269;0.07115717405584952
270;0.058497768420847945
271;0.06341851862552648
272;0.0726100030858277
273;0.07283471213265554
274;0.08423039934167569
275;0.09223094965467575
276;0.04983293778174666
277;0.05408229608051973
278;0.043431080486109025
279;0.0304695388132635
280;0.008942993425697366
281;0.017015400745101317
282;0.034648687036721575
283;0.0042590486932103655
284;0.049460197802021204
285;0.050488998584047054
286;0.045869299644859654
287;0.07145779225959707
288;0.048886047140314394
289;0.05840106023466786
290;0.07737024765227363
291;0.08130547603744631
292;0.0722409240232021
293;0.02443223728107287
294;0.08152402990571428
295;0.024980305919654534
296;0.003465046163708208
297;0.05070273613731226
298;0.06828114234437466
299;0.028585712261004093
300;0.024579246021977853
301;0.044021377312219126
302;0.042065170135835356
303;0.014601296736942361
304;0.0728541613919409
305;0.07474018980861556
306;0.09216222343056497
307;0.04323323919247275
308;0.08646899916773448
309;0.04028126583254704
310;0.08271906147140673
311;0.008601790843027224
312;0.01645687949217479
313;0.04170312376272774
314;0.0050308785852909545
315;0.09001857619933351
316;0.07576396577799499
317;0.04015181398514272
318;0.008698895436863852
319;0.02514095798133389
320;0.004863082605031899
321;0.06742879626897984
322;0.05610882484305191
323;0.032805204952180735
324;0.05581354041240412
325;0.06066430890684941
326;0.06057123723348215
327;0.06221819834003366
328;0.0588231610187558
329;0.06833151884073076
330;0.03461806603057001
331;0.04174061636127464
332;0.07742236189656566
333;0.09892175950863241
334;0.040019589734091254
335;0.015964561470660422
336;0.037269913740800846
337;0.07465623002223569
338;0.009927305440561541
339;0.022090102599880913
340;0.033859895463567706
341;0.052072902218762034
342;0.030034505409397883
343;0.05503802073259445
344;0.09561048532308838
345;0.0015228764951708109
346;0.05230788053704799
347;0.08405544721655911
348;0.08007445450915118
349;0.07345289983029127
350;0.06029272985641243
351;0.019384217060890264
352;0.06523306811760353
353;0.06776641570901976
354;0.02110056190985754
355;0.041153160306423076
356;0.03029738932298052
357;0.009461386104344894
358;0.09171288854781856
359;0.06909661953426804
360;0.03512326901560545
361;0.07119332062833882
362;0.08423499275577839
363;0.09635268231269732
364;0.09362841580163189
365;0.048347295229473945
366;0.08402944130728215
367;0.01493745426867279
368;0.02330209684433281
369;0.0868614149839474
370;0.006131330487766207
371;0.001660486304086173
372;0.05665113546511294
373;0.09213706441484895
374;0.09218297963539962
375;0.06496775603383938
376;0.010773454999056999
377;0.006068293881584952
378;0.07053664423022278
379;0.0712032803250103
380;0.03379261912862326
381;0.019421967431657305
382;0.033823921343796685
383;0.09029603421698629
384;0.09772676302015369
385;0.06863400005754039
386;0.039565670789048435
387;0.02351524773928425
388;0.023652229955208073
389;0.04154263650146242
390;0.0923062411753889
391;0.025093250783993007
392;0.053362783978011
393;0.02875997635892993
394;0.07577296464749575
395;0.01533953863759553
396;0.0811601022894385
397;0.033789238712087645
398;0.07343121706265539
399;0.04850555011968549
400;0.035295652869904305
401;0.07202906395241658
402;0.08929973000870647
403;0.08455534511513978
404;0.048481240343159086
405;0.07834121125592822
406;0.05702657948780442
407;0.020608611330173533
408;0.08864131186292655
409;0.07199210702520059
410;0.035288232134137176
411;0.055736079002417754
412;0.0038519329659082225
413;0.03337614006065438
414;0.007201532740322003
415;0.06455571850185535
416;0.019118065231037287
417;0.005282179952327082
418;0.08031747905021594
419;0.09019061602953492
420;0.0005062660267521002
421;0.0303468799372867
422;0.029903579962887495
423;0.07313005274002332
424;0.026296925990396916
425;0.06851694127491413
426;0.0252526292114045
427;0.03668399405582983
428;0.009752709966574402
429;0.08764395388340246
430;0.035590760299846085
431;0.07003691730829574
432;0.08113959031704542
433;0.0032894262417392907
434;0.007211419950362685
435;0.08851148708468412
436;0.012415511082516519
437;0.008355756764394751
438;0.08943159288522529
439;0.0018142806362709597
440;0.03770484582345384
441;0.08595951002634081
442;0.021400895477824946
443;0.09107421230209012
444;0.0908771576103581
445;0.06928170894088846
446;0.06791546312983897
447;0.0027984630650293996
448;0.027476750419618935
449;0.08847132946935721
450;0.05953681945518313
451;0.0613301337953453
452;0.0399008036528615
453;0.030864330814391827
454;0.0663654894300361
455;0.019231200516780823
456;0.09950238244374114
457;0.008076121458765606
458;0.05610295714387296
459;0.0741912344862648
460;0.07463291600340628
461;0.018788341787579578
462;0.0923668835575473
463;0.03504554017194924
464;0.05515383117505371
465;0.09589645711838875
466;0.06804414621540329
467;0.019838006022982968
468;0.04085800484965089
469;0.09921210719866204
470;0.06859319645002927
471;0.06620666254251918
472;0.06381142582010108
473;0.05599192433918822
474;0.03670470193440704
475;0.09706970589183594
476;0.04960144629433665
477;0.0392160049099651
478;0.09785110473426745
479;0.042610022478745783
480;0.08798989188606757
481;0.06681856586126095
482;0.08251187211551018
483;0.09961596272840488
484;0.04631470140413754
485;0.09495193350736032
486;0.01605118900400462
487;0.062031228137229194
488;0.02362219033008274
489;0.06098083601127294
490;0.0054801165304702365
491;0.05660253512962554
492;0.0330346357801034
493;0.07253654595937038
494;0.037691497847305105
495;0.016713342091628194
496;0.0037374264113812063
497;0.019041179338241766
498;0.022372151426482967
499;0.021402304240400818
500;0.036350528159234764
501;0.07452226833292212
502;0.07152225657760826
503;0.014818142432767523
504;0.06322368528184744
505;0.027383692654479864
506;0.04180675360285362
507;0.06536855749606006
508;0.058109076487668034
509;0.030124115286002617
510;0.06602868613302361
511;0.024889336205838466
512;0.07416683239141887
513;0.0009735413526218983
514;0.06161184916964059
515;0.0019515879895643075
516;0.09302844842077829
517;0.04899011148299668
518;0.023418184662731434
519;0.005856816086291284
520;0.06233181961790207
521;0.09201735077072223
522;0.0727637956178544
523;0.0408554147910191
524;0.013755595419203515
525;0.007451557664462094
526;0.0559227951784208
527;0.07728908224192185
528;0.02010078552678628
529;0.05349951094291211
530;0.026088381775781502
531;0.024964639905724242
532;0.07181156647106134
533;0.008438614267669953
534;0.05242333633473826
535;0.09308849405660218
536;0.04414491842001204
537;0.07342394259428861
538;0.049698035843993904
539;0.08677858727447582
540;0.0587247158644385
541;0.0657932239998915
542;0.07952772305155277
543;0.0911924162177371
544;0.07374226965284363
545;0.07834286172136445
546;0.09751749326897656
547;0.05419208568636689
548;0.030423946773925938
549;0.02597859723952898
550;0.0575612189583361
551;0.041816784208268135
552;0.003997954194886255
553;0.04630337349921383
554;0.01916719680568856
555;0.06754689298021137
556;0.06077222944680032
557;0.09214989217274236
558;0.019561820529682486
559;0.0011066604478743637
560;0.05365061477671367
561;0.09625092874525079
562;0.05031625668141713
563;0.03422515665171707
564;0.004517095633498569
565;0.07563083945581493
566;0.07845914082910974
567;0.08677233730126618
568;0.013627183089060213
569;0.062370427010098206
570;0.05163401604269923
571;0.007809359973886987
572;0.09619020545004839
573;0.09605669324517578
574;0.0878392240715857
575;0.029775240775989333
576;0.0940987643742869
577;0.06454911937173878
578;0.09350989804555715
579;0.098410423686741
580;0.05415676574887754
581;0.024594090290537954
582;0.015413759473916168
583;0.013197340788614155
584;0.06858166826555501
585;0.05911040526980982
586;0.07692480979422858
587;0.06791445078360346
588;0.022700528917160415
589;0.012752379613641118
590;0.046122674477048486
591;0.017664162895450652
592;0.05339413118144444
593;0.09555938580339428
594;0.07414685924273713
595;0.07396278778274501
596;0.029065995843749273
597;0.026292610901412175
598;0.05381071081034736
599;0.09497341202453209
600;0.07892802617632558
601;0.015282073624116066
602;0.016941051948379172
603;0.068373935184344
604;0.07691677806934728
605;0.07972197933492306
606;0.007559286763786166
607;0.02754409430897613
608;0.09269519450728297
609;0.0579725895718825
610;0.048478291050221015
611;0.01416409160679849
612;0.02255103136283969
613;0.04427519882832792
614;0.03742629324087134
615;0.0856919459970771
616;0.07693598310540997
617;0.06600806611691633
618;0.0611162867906555
619;0.03437679448778559
620;0.03150461037584077
621;0.0019684930230410513
622;0.05553579031236916
623;0.04960950938393428
624;0.00802580682657833
625;0.07740020928650507
626;0.02339435463264994
627;0.06253893794467295
628;0.06702429957477203
629;0.037692839595840404
630;0.08793479033024482
631;0.0676521448882356
632;0.042497277000882155
633;0.0682760189477809
634;0.06258006822766886
635;0.08454234783122522
636;0.04086257500447979
637;0.00093639253873683
638;0.0639381012710236
639;0.03256299286341544
640;0.06749701916733572
641;0.03702569363544239
642;0.08118189174552176
643;0.043638677165948284
644;0.0763315505264856
645;0.035023860969716936
646;0.0012501385387282738
647;0.07805325291576101
648;0.005771515840667163
649;0.05051409056279127
650;0.04813882170422554
651;0.0623863881262178
652;0.03391712803232806
653;0.054938110437290945
654;0.0781145942129926
655;0.035885906454689136
656;0.06465041737438985
657;0.06835964160683082
658;0.08286822283108203
659;0.0025476011468598793
660;0.026485877711960915
661;0.008105488976507869
662;0.037436814153953946
663;0.021516877010920577
664;0.06476337300202299
665;0.05841038274875792
666;0.05212629678437161
667;0.09038398376505834
668;0.023733538021151992
669;0.0682480594628667
670;0.05395713336703665
671;0.08206008427522238
672;0.057364509429328685
673;0.041987683090294596
674;0.04873875004353842
675;0.0016563570849787435
676;0.014524509779985928
677;0.06372887608424416
678;0.055727426414073127
679;0.07980276981084858
680;0.047440582786536935
681;0.014561247820234647
682;0.07931339086019186
683;0.03578709361997747
684;0.008280273686347995
685;0.02470950078957497
686;0.07418500146403074
687;0.047698302241395776
688;0.06170675218778911
689;0.04642609710007011
690;0.006755506633959119
691;0.008442685798172912
692;0.06283841031463404
693;0.05859516296386563
694;0.08633481788563646
695;0.0018382583216578153
696;0.05459179585682972
697;0.048834410520849574
698;0.07784844975337665
699;0.01821826043999285
700;0.06734942143716909
701;0.03902434498744585
702;0.0103005687795103
703;0.09308731342318483
704;0.034281721967668925
705;0.02167127804670446
706;0.06886842632267506
707;0.04190115057685361
708;0.08795229787589907
709;0.01726731904178567
710;0.03542706759934405
711;0.02052929292112381
712;0.00646098375225378
713;0.004658045336586147
714;0.029239062954363182
715;0.03317080788320194
716;0.05968032606071715
717;0.0844307139224566
718;0.012106314123033524
719;0.0027946444414418295
720;0.05444473520363655
721;0.020376014528865217
722;0.06994452985261264
723;0.05176988960875865
724;0.07616997283613336
725;0.0001481682779875482
726;0.04563994284005545
727;0.006278809138806241
728;0.026118150232074457
729;0.07211205285842857
730;0.0405646027312036
731;0.08358884283933907
732;0.09859727104558025
733;0.03251927973275886
734;0.061854501394197174
735;0.06847372537238337
736;0.011453920600713508
737;0.048985952721645826
738;0.0036500947323146685
739;0.039595871436838403
740;0.05092634431902219
741;0.06540604037698193
742;0.07768835032844658
743;0.0018825640531577427
744;0.010411001055576652
745;0.06626046212736876
746;0.08601329888204777
747;0.008933346971887968
748;0.06747773903785252
749;0.07704372084834381
750;0.07590533783466082
751;0.02987136706988285
752;0.02157884717010754
753;0.0426355516903422
754;0.029061239115495265
755;0.036802479433406365
756;0.08399931975416527
757;0.09042798474802306
758;0.07566506739856982
759;0.08708008902936161
760;0.0024337155675958734
761;0.09324881360035331
762;0.07879012572024885
763;0.04985079494584149
764;0.08644945948551643
765;0.06634241787046492
766;0.0201265966210767
767;0.03933887562671006
768;0.02091161584823118
769;0.03389127987260123
770;0.06873613814433119
771;0.008919809626140585
772;0.09891111405661554
773;0.09514556731422813
774;0.007510154819977322
775;0.0831393041189295
776;0.08323700317525032
777;0.04507360926123915
778;0.03449454556126719
779;0.051528204194410634
780;0.04205554996913442
781;0.07643010522161886
782;0.01927577200156784
783;0.09416777013211583
784;0.06718909116515104
785;0.009273577333419524
786;0.07181064546734738
787;0.0795014062600202
788;0.09071794488863993
789;0.09991096390619464
790;0.08519111214900221
791;0.08718932669093973
792;0.09524407824865189
793;0.09046792965134003
794;0.014635950047295366
795;0.06609449347909645
796;0.03763775088411197
797;0.0023860813687383575
798;0.05873057744016477
799;0.06090526333905897
800;0.026289918208593045
801;0.01709383751126572
802;0.06563965132449812
803;0.07878867771543362
804;0.022034257525287117
805;0.07685862479643138
806;0.03624133997937903
807;0.09245364909528266
808;0.0437761684541843
809;0.03605650019996465
810;0.07844477700175145
811;0.006974682666838806
812;0.0758056411634155
813;0.07166478465628993
814;0.038918386757580206
815;0.021892321693036655
816;0.03639621428298392
817;0.04956489295722438
818;0.07183575751987613
819;0.09589835853390007
820;0.023131674283394268
821;0.007480105476922761
822;0.09695923134130414
823;0.008634472354192268
824;0.01438388272160105
825;0.05998250433820632
826;0.04099906507804734
827;0.059355443927943834
828;0.07449160293517408
829;0.03271991948209938
830;0.04561965186758371
831;0.07098024167783444
832;0.06735630076143684
833;0.01302927871984423
834;0.04865941284064776
835;0.015435517337505545
836;0.06244383829790428
837;0.09058762680480906
838;0.028782582529814627
839;0.042488742964157625
840;0.041636295070207524
841;0.0798657581618672
842;0.01465025550459087
843;0.005553240726257381
844;0.04211223893002434
845;0.08977751078061846
846;0.040915055829307004
847;0.09587833170801946
848;0.08058991795628476
849;0.01670781095247238
850;0.038924359146245806
851;0.08717745781250034
852;0.08488777861557366
853;0.06326995016241652
854;0.01940919234634383
855;0.07001726436317292
856;0.09084290088617132
857;0.04401754240650041
858;0.03975139951872575
859;0.07956766551421693
860;0.02985500422553742
861;0.05946466267627794
862;0.07721921994037956
863;0.08327544127810088
864;0.029941233049493
865;0.058660260956598334
866;0.017594112836152042
867;0.02389632976822429
868;0.08284040321577402
869;0.07952492794661409
870;0.057221075769752175
871;0.0065585218150608585
872;0.08282810919764898
873;0.008899109493722501
874;0.0010885999690254278
875;0.060964202237403564
876;0.009742183111850045
877;0.08683628630226099
878;0.030411550173423087
879;0.09089288874123258
880;0.079054639527048
881;0.08674463144479067
882;0.08607570533916457
883;0.0391803185992356
884;0.07633101731898734
885;0.07561601478895967
886;0.01001494993736074
887;0.06741051015274699
888;0.04702115775058089
889;0.04980458691143652
890;0.0030174994445937076
891;0.06726742202165452
892;0.07256080737191124
893;0.026940313465119173
894;0.06288056729262866
895;0.055594738544366584
896;0.03532643293653126
897;0.03403308950509618
898;0.09730441296880132
899;0.04580910794834911
900;0.04123896494456314
901;0.01805116372730753
902;0.010506410534298183
903;0.08941245609748634
904;0.09864173024460708
905;0.09967281209360496
906;0.015226723469860537
907;0.09097522305292333
908;0.016351412834457246
909;0.03056042768072692
910;0.0885566063669398
911;0.04669713010570047
912;0.0805309621999404
913;0.016523165549480356
914;0.08562926395218422
915;0.04722546134834993
916;0.0835674708058849
917;0.030807814007938295
918;0.012139781006885553
919;0.0951475775264354
920;0.040354499908468455
921;0.045384027304231404
922;0.04327219260532229
923;0.01919856483080622
924;0.08755893021985434
925;0.07959388664804073
926;0.09571325705921535
927;0.07919904539071924
928;0.012066817329511271
929;0.03934573217438955
930;0.02451150251799841
931;0.003540604299507122
932;0.06998135081156
933;0.021912397958299502
934;0.0634222753119342
935;0.06110755347024613
936;0.009874592911880987
937;0.0602890462170555
938;0.08473523477468015
939;0.03146705450991668
940;0.09405540577665401
941;0.04405159939692729
942;0.05138149366581951
943;0.034771664289325946
944;0.06344114262745741
945;0.08500342874941527
946;0.06189502241340107
947;0.015325869401207216
948;0.013984620214123967
949;0.02648470935739026
950;0.019193355621440256
951;0.04987433933870366
952;0.030239678721119913
953;0.09092864034831333
954;0.06635605236162666
955;0.043675572476513075
956;0.024463591547397835
957;0.0863690813391268
958;0.023867912331521468
959;0.08486882178489333
960;0.012668439556508605
961;0.05467453152374091
962;0.07328608578986447
963;0.05999578054033529
964;0.055780082624343114
965;0.0942407048060752
966;0.09713059772959069
967;0.006592761598277164
968;0.04108503855809299
969;0.031808002127560846
970;0.001997233304747226
971;0.06633132954835194
972;0.07065607282073265
973;0.0016243816793426015
974;0.06035129710848885
975;0.04544690357567663
976;0.06987551159056693
977;0.09782715809062904
978;0.008232857304924767
979;0.004207012894052331
980;0.05468901496376909
981;0.09804092274358658
982;0.05203918976676028
983;0.06886570679297349
984;0.08355289932224622
985;0.056813901983350436
986;0.07395816435561484
987;0.0918701921790945
988;0.08337994082234784
989;0.07700748185543366
990;0.0368731155287584
991;0.08771528621973268
992;0.02375949168865458
993;0.05526087763820922
994;0.09495967009088137
995;0.0709555814660446
996;0.044118618868216164
997;0.014441746128474398
998;0.014717679818908369
999;0.08485711629049886
1000;0.06049836858675572
